1.790662957268795985e+00
0.000000000000000000e+00
1.400740000000000041e-01
0.000000000000000000e+00
1.451780000000000171e-03
0.000000000000000000e+00
1.802988277074527301e-01
0.000000000000000000e+00
2.876129379916785717e-02
0.000000000000000000e+00
7.517865298914807280e-03
0.000000000000000000e+00
0.000000000000000000e+00
0.000000000000000000e+00
7.583966891067572824e-01
0.000000000000000000e+00
4.633489724192159542e+00
0.000000000000000000e+00
2.914781148064282679e+00
0.000000000000000000e+00
