9.376827930706816971e-01
1.438321893215235327e-02
1.396999999999999909e-01
0.000000000000000000e+00
1.399199999999999966e-03
1.055999999999999647e-04
1.850495474831456433e-01
2.666668707069355399e-03
3.255902504606712766e-02
1.384574309801235841e-03
8.525800000000000045e-03
7.255999999999998562e-04
5.300000000000000266e-01
4.000000000000001471e-02
4.659612904990962368e-01
3.184621897269362956e-02
1.949082020151877925e+00
1.834016870390167697e-01
3.105164006230341833e+00
2.490735174001985630e-01
2.841901232338925887e+00
2.329428259262606715e-01
2.897322072540537530e+00
2.378155779583046581e-01
1.551221348899359809e+00
2.152795238579995052e-02
