5.035338005878135792e-02
2.248421211726327456e-03
3.852383889076006762e-02
1.785822674559492743e-03
1.990413337181869829e-02
5.567574958141810080e-04
4.374835782117399152e-02
1.083976971493682352e-04
1.062437071354387086e-02
3.725636105166004537e-04
4.005915300726189399e-01
2.861490785633971079e-01
7.144781585340275187e-01
4.299394298497875577e-01
1.339538205770010038e-01
8.613638015373240031e-02
1.946964020728076949e+00
5.171654401004753820e-01
1.131439427742150450e+01
1.691873561675226068e+00
1.363668243372331279e+00
4.508426119302905710e-01
3.464545719979585381e-01
1.434188095486802761e-01
1.023030049677090503e+01
5.259029859980409727e-01
9.312243080950841190e+00
1.658014610528869281e-01
3.660407779408204387e+00
2.762090473456971229e-02
3.606858853398013487e+00
5.255252782037551224e-03
5.502107968809189842e+00
2.754529843738947985e-03
2.177913263056853665e+01
6.816560186730482584e-01
6.899544693991005673e+00
3.235247598775604742e-03
2.523885376695467753e-01
5.449248569178745654e-04
4.516999456341511454e+00
9.895758755353891711e-01
9.550823837655290083e-01
3.078164696427831415e-01
2.025025658679784790e+00
6.754371049649902092e-01
6.064962070487873724e+00
3.388770806075335762e-01
2.093179083639422622e+00
6.994268266160904579e-01
4.157233057459454706e+00
8.635051623069611715e-01
5.249605645847720048e+00
5.158175617531800539e-01
2.576991263258131770e+00
6.457557564777280934e-01
2.111816792348331084e+00
8.840992083436188809e-01
8.672005029516141050e-01
5.034598981550939545e-01
2.945561529182960214e+00
1.667940981144917290e+00
2.748725239943516918e+00
1.258473670929175947e+00
