5.196914473217738306e-02
1.479176474762284406e-03
3.669929821910471179e-02
1.509734158949303578e-03
2.078732365694110906e-02
4.465180462511264873e-04
3.600827951975358460e-02
1.051515139830752613e-05
1.099475527644508573e-02
9.584034665966981197e-06
1.274224148980800164e+00
5.450989181797645244e-01
6.416957877336204596e-01
3.046937409299840249e-01
1.048304412376036138e-01
5.084551279235569043e-02
1.807771731357618705e+00
5.384265257788973802e-01
1.075545210087607906e+01
9.487535419206700738e-01
1.582700326471385477e+00
5.313895615270934902e-01
2.927425757998982636e-01
9.812476663679871314e-02
1.076661601297751680e+01
1.289857929377879742e-01
1.033635467233158600e+01
2.723872083476792105e-01
3.605093674106986334e+00
1.014535929267631337e-02
3.604915100483933266e+00
7.999461069455012299e-03
5.552842552063687265e+00
5.779934302515754574e-02
2.301544831384915568e+01
1.275542997024362024e-01
6.957046838998198091e+00
9.119438327985730786e-02
2.520980933972257199e-01
1.295821264868400385e-04
4.903918150583414182e+00
4.253062056656014556e-01
1.175432346612477641e+00
4.669401859230668528e-01
1.715690958639603192e+00
6.634971736944574872e-01
5.849616687776800994e+00
3.187297920473099455e-01
2.210307803267688609e+00
4.907023442331798213e-01
4.017288919635932487e+00
5.692559833111618950e-01
5.576414120616481007e+00
3.335764519405318707e-01
2.539399223593606258e+00
7.699286251766418454e-01
1.223548991829076282e+00
9.028546418126339734e-01
9.259081495698116004e-01
5.197291468654391400e-01
3.028223736870199634e+00
1.959327308255355948e+00
3.293281458137246265e+00
1.211316002515046453e+00
