1.299741718040492522e+01 1.299585944230460299e+01 1.299810503544358653e+01 1.299807819383928020e+01 1.299633927654137722e+01
1.456017792707855385e+01 1.455712027715418522e+01 1.456151338212163893e+01 1.456144648416768561e+01 1.455805643408814731e+01
1.608897193446259877e+01 1.608447043754490480e+01 1.609091619191899980e+01 1.609079665112986390e+01 1.608584020967754924e+01
1.758451433004342235e+01 1.757862338907087718e+01 1.758702991799340154e+01 1.758684569027588296e+01 1.758040480944803008e+01
1.904753360655829297e+01 1.904030584547230021e+01 1.905058447759666151e+01 1.905032410514292707e+01 1.904247774241354918e+01
2.047871999173029067e+01 2.047020693341645270e+01 2.048227152394968442e+01 2.048192444852805849e+01 2.047274882387294781e+01
2.187878249845237733e+01 2.186903383059395622e+01 2.188280188278445593e+01 2.188235848430858255e+01 2.187192617507848880e+01
2.324843717094695350e+01 2.323750028741451246e+01 2.325289162220747130e+01 2.325234122748610588e+01 2.324072391565871598e+01
2.458832885660463674e+01 2.457625021961852596e+01 2.459318762794088897e+01 2.459252119330367492e+01 2.457978684616995579e+01
2.589910169046142130e+01 2.588592577019261753e+01 2.590433390870922281e+01 2.590354133478046705e+01 2.588975737533931820e+01
2.718139018119491723e+01 2.716716052701823259e+01 2.718696710097626124e+01 2.718603994895127940e+01 2.717127000572927287e+01
2.843580942148496149e+01 2.842056818752315550e+01 2.844170329065696023e+01 2.844063347129787545e+01 2.842493901295172520e+01
2.966296170318365455e+01 2.964674978594897681e+01 2.966914601117341732e+01 2.966792610016041110e+01 2.965136607758119780e+01
3.086344146866179727e+01 3.084629825786889512e+01 3.086989013568552664e+01 3.086851239209405406e+01 3.085114452712458899e+01
3.203782380034962785e+01 3.201978727834014649e+01 3.204451145361264253e+01 3.204296813123657728e+01 3.202484851059737991e+01
3.318665415229565951e+01 3.316776090799789500e+01 3.319355662692629494e+01 3.319184059566548228e+01 3.317302274137914253e+01
3.431050758745986684e+01 3.429079313424472986e+01 3.431760221184284632e+01 3.431570729008179654e+01 3.429624191615592110e+01
3.540995827074421243e+01 3.538945728342635277e+01 3.541722388272394539e+01 3.541514503991933793e+01 3.539508004745387382e+01
3.648553418146288152e+01 3.646428123161962986e+01 3.649294990458928822e+01 3.649068251007594199e+01 3.647006515296470042e+01
3.753775895670918317e+01 3.751576379137546269e+01 3.754529050510870292e+01 3.754282295875650988e+01 3.752171304820197406e+01
3.856966611670389966e+01 3.854683859604470086e+01 3.857703139867103204e+01 3.857452085965191202e+01 3.855266630395554017e+01
3.958169030191049131e+01 3.955788821504911112e+01 3.958860782684642743e+01 3.958623488540013824e+01 3.956329937898620841e+01
4.057426525563911923e+01 4.054941078646470487e+01 4.058047750154499766e+01 4.057829783717827610e+01 4.055413368609729474e+01
4.154769195797592829e+01 4.152180289840076455e+01 4.155295424199340459e+01 4.155121100700604586e+01 4.152558164826992027e+01
4.250248228232140946e+01 4.247548473409763403e+01 4.250654846135869036e+01 4.250538382534500670e+01 4.247808031453907773e+01
4.343904992759539851e+01 4.341084641735166372e+01 4.344165172512132500e+01 4.344120210433251117e+01 4.341198561778179510e+01
4.435774762097770463e+01 4.432827608713623135e+01 4.435865907766454086e+01 4.435906273917312603e+01 4.432772473827001392e+01
4.525894211776761011e+01 4.522815423746031627e+01 4.525795134187146829e+01 4.525935598825392958e+01 4.522568873489230867e+01
4.614304100688053012e+01 4.611087166536531612e+01 4.613992538545137734e+01 4.614243455423410722e+01 4.610626068173875325e+01
4.701037756109277410e+01 4.697678506785968011e+01 4.700493697053865105e+01 4.700868174677938072e+01 4.696979191070423809e+01
4.786134239236390187e+01 4.782620912528278723e+01 4.785330982099862496e+01 4.785844076305998840e+01 4.781662497474467699e+01
4.869623119544674239e+01 4.865956212722280583e+01 4.868545691428179367e+01 4.869206854852463096e+01 4.864713525088624380e+01
4.951543901771866985e+01 4.947720684253185652e+01 4.950175890253377275e+01 4.950990612686953085e+01 4.946165808095935290e+01
5.031935671984633274e+01 5.027941901874738306e+01 5.030241707271383689e+01 5.031229853491010573e+01 5.026056454789077321e+01
5.110813975776111562e+01 5.106640747694915916e+01 5.108780573840324735e+01 5.109963348911983161e+01 5.104418559342730788e+01
5.188226762682487703e+01 5.183865645711226477e+01 5.185838192716822448e+01 5.187205996775286820e+01 5.181290363508793462e+01
5.264194690975855195e+01 5.259646945079839497e+01 5.261433847851537848e+01 5.263006367662097773e+01 5.256686497344900744e+01
5.338748658156947613e+01 5.334007650073553464e+01 5.335589905450250825e+01 5.337391477056377198e+01 5.330656402389388404e+01
5.411922765748264652e+01 5.406983112363309374e+01 5.408356899489685787e+01 5.410378412871699538e+01 5.403210338582142214e+01
5.483711370276380137e+01 5.478586396748673337e+01 5.479725699090464985e+01 5.482007120958343194e+01 5.474387784701222159e+01
5.553472672395533749e+01 5.548199445428456045e+01 5.549065930336144703e+01 5.551547252472736460e+01 5.543497171614311725e+01
5.620427179454785716e+01 5.615039288457927569e+01 5.615591907165011776e+01 5.618302105868693985e+01 5.609863085081975953e+01
5.683781366645650479e+01 5.678407156166652214e+01 5.678534804549952497e+01 5.681436715124359438e+01 5.672725735194150332e+01
5.742830555130535686e+01 5.737576522388819456e+01 5.737127878781095802e+01 5.740177643061770851e+01 5.731395520898047380e+01
5.796888091657782383e+01 5.791948002179054811e+01 5.790772448766079350e+01 5.793907796120141995e+01 5.785190762908393936e+01
5.845410899542672212e+01 5.840968284688987211e+01 5.838912591694595022e+01 5.842040174134573505e+01 5.833620909825651069e+01
5.887977857525473269e+01 5.884249130559518903e+01 5.881117519650386782e+01 5.884160127458629574e+01 5.876343225877700149e+01
5.924273060756327425e+01 5.921499596133457288e+01 5.917126023309268135e+01 5.919983269437505413e+01 5.912994923665039693e+01
5.954112142817038489e+01 5.952489111722275084e+01 5.946720786083841404e+01 5.949310811314787628e+01 5.943448642444560903e+01
5.977433597926523134e+01 5.977135181457496316e+01 5.969830412466615854e+01 5.972048152011667810e+01 5.967649203730432816e+01
5.994186059137527423e+01 5.995480823708605556e+01 5.986431921941502310e+01 5.988205961614241346e+01 5.985547392364924235e+01
6.004500131189701051e+01 6.007548171234910228e+01 5.996640236955436620e+01 5.997910046243339366e+01 5.997240564810538643e+01
6.008530823987880609e+01 6.013461594002649946e+01 6.000580106795419510e+01 6.001276471926744449e+01 6.002837474178158317e+01
6.006440112205407900e+01 6.013409377948349288e+01 5.998428942483848658e+01 5.998501299149635457e+01 6.002552084329438031e+01
5.998451899870737236e+01 6.007560530413221045e+01 5.990409939717179810e+01 5.989829974849237004e+01 5.996581270435858357e+01
5.984855579917446988e+01 5.996139136397000868e+01 5.976800242871521363e+01 5.975550288236699714e+01 5.985154692696669088e+01
5.965917656301979832e+01 5.979462101225174564e+01 5.957895258958959772e+01 5.955956118260501597e+01 5.968514551882033459e+01
5.941930775211633176e+01 5.957804696349034401e+01 5.933926232449748284e+01 5.931284619118483192e+01 5.946980068896635174e+01
5.913219173977541487e+01 5.931468111386772790e+01 5.905290127650712861e+01 5.901917376383574521e+01 5.920797783794141367e+01
5.880103493714193519e+01 5.900718508116052874e+01 5.872219991503023806e+01 5.868158448314418507e+01 5.890295750024213817e+01
5.842838320674626118e+01 5.865862573501698307e+01 5.835080220377101057e+01 5.830299441444617514e+01 5.855761755198788876e+01
5.801804376246028028e+01 5.827196210482759398e+01 5.794139305555522412e+01 5.788687246543045717e+01 5.817483304694961532e+01
5.757245453765854393e+01 5.784982295908020689e+01 5.749737367738251947e+01 5.743570012697988858e+01 5.775715982193489850e+01
5.709484059287088087e+01 5.739505792162269415e+01 5.702093723076397680e+01 5.695255691579928481e+01 5.730742957044463282e+01
5.658810675639032439e+01 5.691051472063214334e+01 5.651516339740766881e+01 5.644061006436024286e+01 5.682832611650382404e+01
5.605464103742452409e+01 5.639899652873054947e+01 5.598292860848623320e+01 5.590225639223591969e+01 5.632248125218965384e+01
5.549690491315010377e+01 5.586284481942858804e+01 5.542681387765108525e+01 5.533998090134006986e+01 5.579218222336383093e+01
5.491769451150432957e+01 5.530407477835434804e+01 5.484883201519510010e+01 5.475631500875008584e+01 5.524016584401381635e+01
5.431939394015894607e+01 5.472527707116410056e+01 5.425160752352816473e+01 5.415400835151053371e+01 5.466827896170902079e+01
5.370370073716712511e+01 5.412896154485780897e+01 5.363698803385926794e+01 5.353469567685214514e+01 5.407818818621899482e+01
5.307314956043849463e+01 5.351645722789488246e+01 5.300758587830095081e+01 5.290061169551336206e+01 5.347270419665733243e+01
5.242940545050493739e+01 5.289027396297499450e+01 5.236535126552696084e+01 5.225378412969318731e+01 5.285310990212672522e+01
5.177445903788601811e+01 5.225150909981092440e+01 5.171101093988697528e+01 5.159572314525134118e+01 5.222161649184630505e+01
5.110963728744783907e+01 5.160236578186475498e+01 5.104755862130309652e+01 5.092839551174395041e+01 5.157947215797936735e+01
5.043678189986005833e+01 5.094403009264275539e+01 5.037586089253840527e+01 5.025298932497221926e+01 5.092822736827611863e+01
4.975731273644088049e+01 5.027842425967738649e+01 4.969721711619866511e+01 4.957087472811786455e+01 5.026970353206541375e+01
4.907234472487497356e+01 4.960659896358665577e+01 4.901355961358020608e+01 4.888405483269573182e+01 4.960503899431459018e+01
4.838338293721052707e+01 4.892995445634539919e+01 4.832613090941287481e+01 4.819356772020790203e+01 4.893511875127427402e+01
4.769156075907002901e+01 4.824981289781187144e+01 4.763529281800474280e+01 4.750032352335152552e+01 4.826127690798885794e+01
4.699829584117289727e+01 4.756652214346370044e+01 4.694273932365455693e+01 4.680571614711479356e+01 4.758499266397199534e+01
4.630393107002826270e+01 4.688209495347312128e+01 4.624942996827575570e+01 4.611009800943723747e+01 4.690675138721734783e+01
4.560958439932918651e+01 4.619677235414728500e+01 4.555609475164611410e+01 4.541480124668881757e+01 4.622794609359792162e+01
4.491613800422400971e+01 4.551165722686628357e+01 4.486372982747583649e+01 4.472039561119164830e+01 4.554885578089687925e+01
4.422439443480062238e+01 4.482741901881891522e+01 4.417321029255681708e+01 4.402791955267066726e+01 4.487088545032458597e+01
4.353507940961247158e+01 4.414493898983911180e+01 4.348469808882752830e+01 4.333807780912886898e+01 4.419439644088314623e+01
4.284870390421288988e+01 4.346471664024766568e+01 4.279903901356912854e+01 4.265148519078235978e+01 4.351999940351520024e+01
4.216605560393357877e+01 4.278752793955784739e+01 4.211715083688292083e+01 4.196866749299141475e+01 4.284845850355424091e+01
4.148774053450304677e+01 4.211395801298133534e+01 4.143954341561764210e+01 4.128972680894045055e+01 4.218015029312534381e+01
4.081416279811367787e+01 4.144441975470243023e+01 4.076654871484543463e+01 4.061574199276326880e+01 4.151584572552604868e+01
4.014527525843633526e+01 4.077940383034339078e+01 4.009844883444589669e+01 3.994710017189214568e+01 4.085600462229308505e+01
3.948188260516494097e+01 4.011936924265972948e+01 3.943577463270976580e+01 3.928402751102727564e+01 4.020056615681203738e+01
3.882424322794118865e+01 3.946456241540651888e+01 3.877903816308609208e+01 3.862680900872425127e+01 3.955019264700452197e+01
3.817265659872776240e+01 3.881557202706410692e+01 3.812832961662626730e+01 3.797602224302904972e+01 3.890531206058310687e+01
3.752754157009227498e+01 3.817260252790976693e+01 3.748403474195917795e+01 3.733164204992400670e+01 3.826621067267873855e+01
3.688907257833865572e+01 3.753568699780190343e+01 3.684660279641002489e+01 3.669395147921184730e+01 3.763336321032205944e+01
3.625768107553458464e+01 3.690514117840402264e+01 3.621588656366943582e+01 3.606315809328688715e+01 3.700683152548371879e+01
3.563336742466132279e+01 3.628142334478813069e+01 3.559233407949272276e+01 3.543960483734363720e+01 3.638662726667553216e+01
3.501640595881974605e+01 3.566457251729065803e+01 3.497599233226873139e+01 3.482351454018341741e+01 3.577336415520505852e+01
3.440694986980648906e+01 3.505499475558745104e+01 3.436714145689565214e+01 3.421498119810615179e+01 3.516691905308522337e+01
3.380499311353555214e+01 3.445246493352194506e+01 3.376576124889732000e+01 3.361411017697147940e+01 3.456758946910956354e+01
3.321084077626663600e+01 3.385739027270260237e+01 3.317215536652797425e+01 3.302097459358110143e+01 3.397533411812001702e+01
3.262424095155880366e+01 3.326973257168152998e+01 3.258608166420106755e+01 3.243572190960116330e+01 3.339053407693445763e+01
3.204573250861874101e+01 3.268977246097229283e+01 3.200806779698640980e+01 3.185824600557478448e+01 3.281310025107946160e+01
3.147521034979870791e+01 3.211730114206279296e+01 3.143808749633643629e+01 3.128886224902781166e+01 3.224329347918425981e+01
3.091235950818440159e+01 3.155254915455849130e+01 3.087592677623299409e+01 3.072760158038037659e+01 3.168090420498843685e+01
3.035775789218395460e+01 3.099561680842645828e+01 3.032159105315407999e+01 3.017432440793997017e+01 3.112618221971903765e+01
2.981117772156811796e+01 3.044641250596652782e+01 2.977549054440264342e+01 2.962923718169545495e+01 3.057918241309412011e+01
2.927273763173279875e+01 2.990490887320664726e+01 2.923741177603055164e+01 2.909208713406200530e+01 3.003971674467958053e+01
2.874222603011770616e+01 2.937141106379869981e+01 2.870740131611672297e+01 2.856314172935896423e+01 2.950805805069811782e+01
2.821978084470929105e+01 2.884578924692121760e+01 2.818535819375674478e+01 2.804223861676411644e+01 2.898399660091269325e+01
2.770535701819076735e+01 2.832799785540778359e+01 2.767137305819223059e+01 2.752920617373739631e+01 2.846768963788026241e+01
2.719884816756721690e+01 2.781807568490172855e+01 2.716539418687339946e+01 2.702430317550480865e+01 2.795906945431699242e+01
2.670042423598300729e+01 2.731585025291538216e+01 2.666730483882833269e+01 2.652741227614572139e+01 2.745824123549355633e+01
2.620997133260362943e+01 2.682145595232658053e+01 2.617723457819173660e+01 2.603832648545583694e+01 2.696506237634910264e+01
2.572729756843894933e+01 2.633483023163275405e+01 2.569505536985970195e+01 2.555718209546624209e+01 2.647943100246695991e+01
2.525248771151305860e+01 2.585585079651358242e+01 2.522060192748568141e+01 2.508380731362268889e+01 2.600133965771440714e+01
2.478537604053074972e+01 2.538462728870893059e+01 2.475395751414952272e+01 2.461832307882292881e+01 2.553094382773501891e+01
2.432605331572161944e+01 2.492103615431253871e+01 2.429496946872758301e+01 2.416050701611902696e+01 2.506801579054129903e+01
2.387438955264995855e+01 2.446494604049364696e+01 2.384362120281754471e+01 2.371044259107632257e+01 2.461254266098783461e+01
2.343031423088676846e+01 2.401633744346243660e+01 2.339992403291607204e+01 2.326797436276880404e+01 2.416451038832073195e+01
2.299372866710048768e+01 2.357516960016430474e+01 2.296364273497926689e+01 2.283302342585480460e+01 2.372384792717884849e+01
2.256460417606233193e+01 2.314131000881573641e+01 2.253490712693811204e+01 2.240548619366590444e+01 2.329049447259222205e+01
2.214276691259513541e+01 2.271483214607842882e+01 2.211354247322852018e+01 2.198533557979268238e+01 2.286430116429415804e+01
2.172829311450150769e+01 2.229559415781912790e+01 2.169945939186919404e+01 2.157252853587663211e+01 2.244534707785466310e+01
2.132105502701833544e+01 2.188346847613937740e+01 2.129261730674225461e+01 2.116683406310805537e+01 2.203349402487866726e+01
2.092095525936345268e+01 2.147847489303261881e+01 2.089277786998055930e+01 2.076831829044450117e+01 2.162855736426203990e+01
2.052776322257064834e+01 2.108035652897408596e+01 2.050003429181891335e+01 2.037685795717586501e+01 2.123059061713840023e+01
2.014160550848527009e+01 2.068920437170005755e+01 2.011423814095805085e+01 1.999229829355172328e+01 2.083949277381413623e+01
1.976234608207379750e+01 2.030490536785509548e+01 1.973526224979957178e+01 1.961462404231386003e+01 2.045516105131247642e+01
1.938982694483565083e+01 1.992742829065117860e+01 1.936311591585885594e+01 1.924374100493748685e+01 2.007753588581764959e+01
1.902401405334891393e+01 1.955656542470659787e+01 1.899769853362562344e+01 1.887957594016797458e+01 1.970650637332806099e+01
1.866477182667750512e+01 1.919228662974008515e+01 1.863881884932748179e+01 1.852194034814074897e+01 1.934200705416178323e+01
1.831208220001884968e+01 1.883447470237704735e+01 1.828647639986739293e+01 1.817083451099692226e+01 1.898401915188102862e+01
1.796581309685184280e+01 1.848312413219847627e+01 1.794055193839425755e+01 1.782616316355292696e+01 1.863234840323535835e+01
1.762591557231448292e+01 1.813810858435981288e+01 1.760094810798598530e+01 1.748782288316957434e+01 1.828696418222515518e+01
1.729220917572996896e+01 1.779938113510617725e+01 1.726760274352465530e+01 1.715571972663260070e+01 1.794780783391302847e+01
1.696469061775115250e+01 1.746676680619159683e+01 1.694046165143611660e+01 1.682980539023730415e+01 1.761475969063427272e+01
1.664325419130780404e+01 1.714026546739458468e+01 1.661936717656133311e+01 1.650990997839650731e+01 1.728776371118285127e+01
1.632779359168015176e+01 1.681977539116871512e+01 1.630427943518087730e+01 1.619598926379065063e+01 1.696675358619568286e+01
1.601824138443697265e+01 1.650519864832215333e+01 1.599505888295092149e+01 1.588796258625287017e+01 1.665158339390966802e+01
1.571448232031115744e+01 1.619641748170057127e+01 1.569165243782088481e+01 1.558574432696404344e+01 1.634217485861180208e+01
1.541642554379073715e+01 1.589336981407286586e+01 1.539395999897285527e+01 1.528922499132980306e+01 1.603852418619836584e+01
1.512403946079402672e+01 1.559597939093700880e+01 1.510193206251037346e+01 1.499831395920507404e+01 1.574050504459595956e+01
1.483718984091551008e+01 1.530416736225354413e+01 1.481542651430827995e+01 1.471295344721777631e+01 1.544802928727446911e+01
1.455581053592128704e+01 1.501783999284811166e+01 1.453441075758408907e+01 1.443305186532638373e+01 1.516102956159710224e+01
1.427982528517356009e+01 1.473694621364495028e+01 1.425876062687996004e+01 1.415853598678630476e+01 1.487941542756500723e+01
1.400914170483311771e+01 1.446135515774048130e+01 1.398840345646454963e+01 1.388930075973890332e+01 1.460309463954342135e+01
1.374368436893380085e+01 1.419101527036533916e+01 1.372327149240738287e+01 1.362526263630121903e+01 1.433197661445134230e+01
1.348335347067203749e+01 1.392586437373367936e+01 1.346327861108169088e+01 1.336634591496097002e+01 1.406602467940960999e+01
1.322807727651639986e+01 1.366581348611723890e+01 1.320834923463109511e+01 1.311247067442101333e+01 1.380512402726808041e+01
1.297779677797883302e+01 1.341079502760287667e+01 1.295838845729014466e+01 1.286355678513068668e+01 1.354922680676986069e+01
1.273240859188824814e+01 1.316069244816480932e+01 1.271332425290724899e+01 1.261954366491849377e+01 1.329827950381309876e+01
1.249185444036486992e+01 1.291546463250604404e+01 1.247308551585950376e+01 1.238032890576239176e+01 1.305216781831032158e+01
1.225604158966091184e+01 1.267501047529930425e+01 1.223759116875123709e+01 1.214585961501707168e+01 1.281082922438761607e+01
1.202489740205196078e+01 1.243927423261524012e+01 1.200677217184022005e+01 1.191602956842322492e+01 1.257420390508112362e+01
1.179836317159904979e+01 1.220819473723147652e+01 1.178056098953052810e+01 1.169080077999226930e+01 1.234219441044985643e+01
1.157634631653386847e+01 1.198167726040312608e+01 1.155886496561018362e+01 1.147007148466046900e+01 1.211475253292765863e+01
1.135878923232882265e+01 1.175967230874558567e+01 1.134163130349152482e+01 1.125378714373067979e+01 1.189181435521945751e+01
1.114562962615164210e+01 1.154210103801165843e+01 1.112877831105090287e+01 1.104188694724137498e+01 1.167328916271424610e+01
1.093678161774993818e+01 1.132889438913696623e+01 1.092023873613164042e+01 1.083428674880742015e+01 1.145912845112124501e+01
1.073217941865979164e+01 1.111998958291999884e+01 1.071595257714965044e+01 1.063092062785414527e+01 1.124926456477541059e+01
1.053176927560571308e+01 1.091531137878142133e+01 1.051584366612664923e+01 1.043172622598445010e+01 1.104361797976814152e+01
1.033547626812686460e+01 1.071480774384475154e+01 1.031986060984288933e+01 1.023663654891661601e+01 1.084213410834557756e+01
1.014323765177697823e+01 1.051841332617295599e+01 1.012792997331390588e+01 1.004558338477818324e+01 1.064475042617803524e+01
9.954994516772980973e+00 1.032605778631672777e+01 9.939989069148674972e+00 9.858503991857373805e+00 1.045140207063985471e+01
9.770682616715046009e+00 1.013768325481163224e+01 9.755970564726235139e+00 9.675340456314442505e+00 1.026202777897734109e+01
9.590239803683815012e+00 9.953224227277143399e+00 9.575814860801708406e+00 9.496023244401266439e+00 1.007657338467285513e+01
9.413602364407720913e+00 9.772629539340632832e+00 9.399469240627038147e+00 9.320501467054258526e+00 9.894974646984564970e+00
9.240715511695247741e+00 9.595832542356143691e+00 9.226870461752879393e+00 9.148711190317840192e+00 9.717180763164144253e+00
9.071522853790572327e+00 9.422783149067825548e+00 9.057962729581664263e+00 8.980599758852946479e+00 9.543128562521291158e+00
8.905963747133208486e+00 9.253418719222565869e+00 8.892685596025334149e+00 8.816106899405800945e+00 9.372768015812546594e+00
8.743983732035330192e+00 9.087688107575267793e+00 8.730984017437558364e+00 8.655175225126670924e+00 9.206038765890591336e+00
8.585528550105589574e+00 8.925535826573685938e+00 8.572804141228282049e+00 8.497753221249002564e+00 9.042892458330296535e+00
8.430545640353219738e+00 8.766909278986261711e+00 8.418093095278988969e+00 8.343786698362519516e+00 8.883274464765795742e+00
8.278982130469030309e+00 8.611757401160231140e+00 8.266797309523214565e+00 8.193223039941921471e+00 8.727133011624854220e+00
8.130789273483649993e+00 8.460027497061560098e+00 8.118867757655971573e+00 8.046012317279132020e+00 8.574421663321977860e+00
7.985914717138501651e+00 8.311673406037717982e+00 7.974251952429586510e+00 7.902102194071590091e+00 8.425092680402672229e+00
7.844303793041939699e+00 8.166642273364233873e+00 7.832894698341498874e+00 7.761436994309513615e+00 8.279082841787307245e+00
7.705907254026667097e+00 8.024881310804744317e+00 7.694747772683472320e+00 7.623982622521982222e+00 8.136359984250688626e+00
7.570673319234371590e+00 7.886342410013869930e+00 7.559758498726004916e+00 7.489683433623981479e+00 7.996868142475619834e+00
7.438569023886492992e+00 7.750976184289037896e+00 7.427892883597414730e+00 7.358484745115560166e+00 7.860553972232455777e+00
7.309562285583955266e+00 7.618752489209884793e+00 7.299118805534008381e+00 7.230348570324822255e+00 7.727392381530608922e+00
7.183579788291821089e+00 7.489611428853971908e+00 7.173366200701824624e+00 7.105240446648630304e+00 7.597329595943095093e+00
7.060569792295468439e+00 7.363533704825753645e+00 7.050579720976061893e+00 6.983085979792820197e+00 7.470313854123333819e+00
6.940498759205897095e+00 7.240429375532313472e+00 6.930755922195251273e+00 6.863874531048640648e+00 7.346315725911935601e+00
6.823332198925167624e+00 7.120298447096502059e+00 6.813814945722864280e+00 6.747541276563844725e+00 7.225273311729226933e+00
6.709049003497350228e+00 7.003073603397517388e+00 6.699740621589277190e+00 6.634043228247758606e+00 7.107176828896321297e+00
6.597570795319483317e+00 6.888747889911673639e+00 6.588479280271188898e+00 6.523356205842126165e+00 6.991973993995500791e+00
6.488846808667682708e+00 6.777256894240412777e+00 6.479989459936508212e+00 6.415409724524619328e+00 6.879625136255275386e+00
6.382860500788813063e+00 6.668526061882974254e+00 6.374213206225391559e+00 6.310158780416516677e+00 6.770059936664875266e+00
6.279606432444748698e+00 6.562562358518219341e+00 6.271158793259015596e+00 6.207592887703198947e+00 6.663248387175506160e+00
6.179021691284292572e+00 6.459306443988864110e+00 6.170732174339971898e+00 6.107673882061755322e+00 6.559190007483835849e+00
6.081025746304450585e+00 6.358721831766337651e+00 6.072931759444398558e+00 6.010398558078361653e+00 6.457826976137419628e+00
5.985636623405913959e+00 6.260763842541090973e+00 5.977732169827765674e+00 5.915663735866447226e+00 6.359135477381026469e+00
5.892813672812568626e+00 6.165423794195540097e+00 5.885055794992529954e+00 5.823447407157771316e+00 6.263038113237906934e+00
5.802476807414993942e+00 6.072670630041644202e+00 5.794874496264559305e+00 5.733741900087712118e+00 6.169509713589688360e+00
5.714608106867872017e+00 5.982458837112360150e+00 5.707155519131322130e+00 5.646497542797980884e+00 6.078563391496225599e+00
5.629218360566552448e+00 5.894756315774555055e+00 5.621912006010037821e+00 5.561682096609573023e+00 5.990140314450357550e+00
5.546218009249057168e+00 5.809516023449694977e+00 5.539047264770917245e+00 5.479261943328962658e+00 5.904200728908593376e+00
5.465645462192428639e+00 5.726738974306610608e+00 5.458603834467311344e+00 5.399241061778909945e+00 5.820749396300790579e+00
5.387382100443327992e+00 5.646328880373213899e+00 5.380473143620744914e+00 5.321506515163092921e+00 5.739675554479850561e+00
5.311465631059477666e+00 5.568310502848809129e+00 5.304683863490777362e+00 5.246082630045936668e+00 5.660989142998737123e+00
5.237816271819142777e+00 5.492626457091461134e+00 5.231154713672292900e+00 5.172931787745818966e+00 5.584676968416272480e+00
5.166405961087671805e+00 5.419290045865186478e+00 5.159868414937617942e+00 5.102005336760586651e+00 5.510723388382237076e+00
5.097248469173096375e+00 5.348212567020602215e+00 5.090836024409179039e+00 5.033311358463227414e+00 5.439068545689074163e+00
5.030274501536315945e+00 5.279394378398727383e+00 5.023980749123790446e+00 4.966779855961902967e+00 5.369673266564803704e+00
4.965493480983463215e+00 5.212803716746527982e+00 4.959306978448278613e+00 4.902415165031172251e+00 5.302533922116847265e+00
4.902872269210593714e+00 5.148439093733072625e+00 4.896787904447974960e+00 4.840188511886099221e+00 5.237602251016897803e+00
4.842357142123164593e+00 5.086234484044902970e+00 4.836363117541022660e+00 4.780041551766811558e+00 5.174875923909517894e+00
4.783934895839267121e+00 5.026201483892575261e+00 4.778024562554374910e+00 4.722000984753210950e+00 5.114343361177703606e+00
4.727594825226894670e+00 4.968267301728386265e+00 4.721758720081373539e+00 4.665977494905898304e+00 5.055947001789953710e+00
4.673291202897622121e+00 4.912439490288838861e+00 4.667531670421741552e+00 4.611995989836039200e+00 4.999681180131271496e+00
4.621033789689825255e+00 4.858709758000387957e+00 4.615320843417189067e+00 4.560002430984146038e+00 4.945498525874064910e+00
4.570749945603684417e+00 4.807008999410466998e+00 4.565100862705695484e+00 4.509986547912466115e+00 4.893395225276528926e+00
4.522461446531043983e+00 4.757362013873792428e+00 4.516871060778703928e+00 4.461923851671650176e+00 4.843339735610707741e+00
4.476122031287920855e+00 4.709721049478657662e+00 4.470583605418159578e+00 4.415809447234629204e+00 4.795315017250034728e+00
4.431731393099031635e+00 4.664068268906373937e+00 4.426230513226837360e+00 4.371596498531694408e+00 4.749301292620312864e+00
4.389268443652176721e+00 4.620377962654921511e+00 4.383786364612115349e+00 4.329303123882624504e+00 4.705284037856398704e+00
4.348684578153734215e+00 4.578633251956008010e+00 4.343250584679754667e+00 4.288864834271260307e+00 4.663234369649727817e+00
4.309982694182451723e+00 4.538815558601474009e+00 4.304570428928744086e+00 4.250280443370438199e+00 4.623148852706528089e+00
4.273156407158578141e+00 4.500916655440438952e+00 4.267747457594163407e+00 4.213548255143670929e+00 4.584981468456379439e+00
4.238166784308408985e+00 4.464895959687215310e+00 4.232774917763471478e+00 4.178629334654118566e+00 4.548711935474496038e+00
4.204998279616229517e+00 4.430779323750739351e+00 4.199617075564221480e+00 4.145515986252118701e+00 4.514353787093766890e+00
4.173620121212590739e+00 4.398521336575965002e+00 4.168266558078660644e+00 4.114182416907963713e+00 4.481861934953741411e+00
4.144072935287113069e+00 4.368135524157535698e+00 4.138688958506219429e+00 4.084610542207574468e+00 4.451295160045096289e+00
4.116301739777012081e+00 4.339564996423484367e+00 4.110887850601868898e+00 4.056787324482661106e+00 4.422555570874855846e+00
4.090293909827955154e+00 4.312815411778576191e+00 4.084880803401508942e+00 4.030722648289155607e+00 4.395649094684434210e+00
4.066035327580867609e+00 4.287847271198275578e+00 4.060605819745975786e+00 4.006396663673099212e+00 4.370541497632007832e+00
4.043530941003298018e+00 4.264653574432976768e+00 4.038056476981001452e+00 3.983777317121989903e+00 4.347241666179034070e+00
4.022751797679555708e+00 4.243237937040646557e+00 4.017237091887471578e+00 3.962871406100473948e+00 4.325743611857113535e+00
4.003708570470664085e+00 4.223599297442430789e+00 3.998114237444956753e+00 3.943632833705269736e+00 4.306034156309454630e+00
3.986339182916107671e+00 4.205706314643679278e+00 3.980712376064256208e+00 3.926096884063185577e+00 4.288111624815281964e+00
3.970686818292698650e+00 4.189558312133977225e+00 3.965003998613524150e+00 3.910208798513447714e+00 4.271919943694504340e+00
3.956717906043615951e+00 4.175138134100026654e+00 3.950970557633353142e+00 3.896003902855687429e+00 4.257499760385136334e+00
3.944420212880037191e+00 4.162435029655047636e+00 3.938596091976732883e+00 3.883449068315534713e+00 4.244794964257701864e+00
3.933796621106818936e+00 4.151461136669762908e+00 3.927895115347423527e+00 3.872534716589144388e+00 4.233819790354992563e+00
3.924829650965208749e+00 4.142171627220885277e+00 3.918857933518981262e+00 3.863257805958983937e+00 4.224590718362776443e+00
3.917495083978697945e+00 4.134571814310517013e+00 3.911441538075778546e+00 3.855601950924573806e+00 4.217075594483016943e+00
3.911828255033185986e+00 4.128664796947496107e+00 3.905660212541629761e+00 3.849568774107257507e+00 4.211255099333567564e+00
3.907796481065798133e+00 4.124427303005305134e+00 3.901501777202966981e+00 3.845137205261942359e+00 4.207143985182815626e+00
3.905429242164845327e+00 4.121867971083143622e+00 3.898992163140322820e+00 3.842314594548599249e+00 4.204706484496314012e+00
3.904682776541305689e+00 4.121000484027203647e+00 3.898107635401804494e+00 3.841079870993748369e+00 4.203969963843118052e+00
3.905550115091693808e+00 4.121768119712870160e+00 3.898848132194450145e+00 3.841441909253200393e+00 4.204939615648797258e+00
3.908045364524534993e+00 4.124193015195039891e+00 3.901191106433766986e+00 3.843422650780227823e+00 4.207566563669145943e+00
3.912151777937133534e+00 4.128270784412830352e+00 3.905148067920996002e+00 3.846968081101798109e+00 4.211859132131825056e+00
3.917865354657837695e+00 4.134021310761274215e+00 3.910713673170516991e+00 3.852091664886140521e+00 4.217822728339081451e+00
3.925206655751258378e+00 4.141440195488869769e+00 3.917898018059011722e+00 3.858809547979491494e+00 4.225466668828952166e+00
3.934167775002959555e+00 4.150480898111909234e+00 3.926680420288319429e+00 3.867109746845720952e+00 4.234762488993938589e+00
3.944747680802775491e+00 4.161194197509291648e+00 3.937064652749909133e+00 3.876986505293562590e+00 4.245719858218047982e+00
3.956935081352947137e+00 4.173535065699606861e+00 3.949065004090323239e+00 3.888452864766933192e+00 4.258345992418321124e+00
3.970741583935564645e+00 4.187528115189976141e+00 3.962660490303649752e+00 3.901519773741636943e+00 4.272646385084151177e+00
3.986145553271945641e+00 4.203166869236397041e+00 3.977859710295061468e+00 3.916153937555851172e+00 4.288596727122129693e+00
4.003185173761679927e+00 4.220458021444539298e+00 3.994653589413532657e+00 3.932378701417874822e+00 4.306210352450417389e+00
4.021833410651560747e+00 4.239371074255354088e+00 4.013065785467242463e+00 3.950163402784414579e+00 4.325482779676388390e+00
4.042091442016531921e+00 4.259936757224093817e+00 4.033101516722907398e+00 3.969523991921681816e+00 4.346425162860451330e+00
4.063996065534122515e+00 4.282149697872623229e+00 4.054741336309379385e+00 3.990481965644068651e+00 4.369027342617163079e+00
4.087521479661512025e+00 4.306017174763186794e+00 4.078012129970193023e+00 4.013053802996019215e+00 4.393298618411427547e+00
4.112687564186698452e+00 4.331538423956803108e+00 4.102898504533629698e+00 4.037200957044188243e+00 4.419274902496146851e+00
4.139506454408185654e+00 4.358741128171640611e+00 4.129408198094452587e+00 4.062939732914511382e+00 4.446904251183251056e+00
4.167968217762157757e+00 4.387603845322598062e+00 4.157561152875678623e+00 4.090275530883069166e+00 4.476195253989018852e+00
4.198047062876908875e+00 4.418138129720764695e+00 4.187354166944612821e+00 4.119247327232136158e+00 4.507215287652688751e+00
4.229794319509109890e+00 4.450394610856823085e+00 4.218794337652853166e+00 4.149820173014184377e+00 4.539911964958154300e+00
4.263200226298788031e+00 4.484303607019157312e+00 4.251881377133451601e+00 4.182041490890477498e+00 4.574338612815894933e+00
4.298284217730527601e+00 4.519884091494231093e+00 4.286629048652374152e+00 4.215881879549748135e+00 4.610448101835627810e+00
4.335070315816210496e+00 4.557166765435946232e+00 4.323056037182683831e+00 4.251368983363722265e+00 4.648263316309327209e+00
4.373524407565948735e+00 4.596189710427079689e+00 4.361152593312774606e+00 4.288503713703899933e+00 4.687795452675299401e+00
4.413677627188861585e+00 4.636897651889511529e+00 4.400922314997690599e+00 4.327299674721614586e+00 4.729055003908031019e+00
4.455525945130723642e+00 4.679338743802043510e+00 4.442393691221048435e+00 4.367745441232317560e+00 4.772041496531435278e+00
4.499105575567139859e+00 4.723520277653339150e+00 4.485595819012497820e+00 4.409875785833764716e+00 4.816798066671408307e+00
4.544425172015379211e+00 4.769462862960459404e+00 4.530514083865419650e+00 4.453687555766181028e+00 4.863303089673003399e+00
4.591466194392786804e+00 4.817136803103721832e+00 4.577140911593940764e+00 4.499201977609053493e+00 4.911607295106231064e+00
4.640253421891627816e+00 4.866554264455668743e+00 4.625525040117126174e+00 4.546406203238645638e+00 4.961668349392946098e+00
4.690832036095970992e+00 4.917762757409032126e+00 4.675649943238178174e+00 4.595346062027335421e+00 5.013525973950483383e+00
4.743178964708297585e+00 4.970765400083384300e+00 4.727551106664932945e+00 4.646039651760096589e+00 5.067174292576843264e+00
4.797332003005119638e+00 5.025591397701592911e+00 4.781212217674597476e+00 4.698443070521735265e+00 5.122640319383197749e+00
4.853323361538083525e+00 5.082224840492440165e+00 4.836659667284536113e+00 4.752622424960371461e+00 5.179912354676006636e+00
4.911083562742875053e+00 5.140654224401494332e+00 4.893924279325836402e+00 4.808588480256278608e+00 5.238997786059386819e+00
4.970696413050540663e+00 5.200954571128831638e+00 4.953016162371637776e+00 4.866323838963745985e+00 5.299957651332494635e+00
5.032160619509422617e+00 5.263090580563093646e+00 5.013948951382363184e+00 4.925869014509829391e+00 5.362767337017798397e+00
5.095479995798322115e+00 5.327110225152692280e+00 5.076717229938317644e+00 4.987214255486599690e+00 5.427468629665736621e+00
5.160709353637500385e+00 5.393011510915767026e+00 5.141336328942744949e+00 5.050427599492751440e+00 5.494051944480812466e+00
5.227798876598213518e+00 5.460830872957751048e+00 5.207887860525481472e+00 5.115469097882598959e+00 5.562558121518528687e+00
