5.151925266807015624e-02
1.984584885069583336e-03
3.725951664700810628e-02
1.385403591871421994e-03
2.096264260953304565e-02
9.774482337178336169e-04
4.398037752382386728e-02
2.526813533928920662e-05
9.015736752780150604e-03
2.373887481964482424e-05
1.061578645837352841e+00
6.018107670564945000e-01
9.124472806846721795e-01
8.360472564367940618e-02
1.433639834777941657e-01
7.854498992464156726e-02
1.858231349108099950e+00
5.881020001211243464e-01
1.083466550758519809e+01
6.026156488638703124e-01
1.175550787014628007e+00
6.581558987947726536e-01
1.524640766974182104e-01
9.506004035677330377e-02
9.243560073493132023e+00
9.711971373982795919e-02
9.279765539835077348e+00
8.918786412320130197e-02
4.372601853428402130e+00
2.909179082276316594e-02
3.645903508195811327e+00
4.281315006118768807e-02
5.502380437605631336e+00
3.191075136320573567e-03
1.896666636216944468e+01
6.746104883710790645e-02
6.904645910945871101e+00
1.127165238176700696e-02
3.077486143313223899e-01
2.618460224057651093e-04
3.589942112081390579e+00
3.210746120693486194e-01
1.017277820793177190e+00
4.131043496514357205e-01
6.135073888993763935e-01
4.708323832053745717e-01
6.221021686518173333e+00
3.154645551317231122e-01
2.805820805017376518e+00
5.383618355113980458e-01
4.152162388794064185e+00
5.993539450945274405e-01
5.368486055157783099e+00
4.026023977317749747e-01
3.176023890176461695e+00
7.081077542549171211e-01
2.168596142338545363e+00
6.309180626986837792e-01
1.250648587558329305e+00
5.307364968384183923e-01
2.817666773859760720e+00
9.519411435086427842e-01
4.586402521516978581e+00
1.388051601621598463e+00
