4.960135896786042886e-02
2.486934800442301956e-03
3.936844724665912454e-02
1.851564596160040375e-03
1.992550857669353817e-02
1.229898703692679099e-03
4.344697626378056510e-02
3.415332233831964732e-04
1.065929250350280619e-02
1.503966062302090055e-04
1.107749460820790066e+00
4.575193256222738758e-01
6.115419992628716717e-01
3.380630764669970700e-01
1.900463818480054579e-01
8.726263651460573756e-02
2.009197999230326381e+00
4.476702215855182798e-01
1.137633471870806900e+01
1.087108445459261663e+00
1.634388661195485870e+00
4.089720069845612094e-01
2.438618575433134095e-01
1.508899903914661944e-01
1.076614742803076652e+01
1.628217006897723085e-01
1.019495513270464926e+01
3.281235202814048457e-01
4.083072260217296190e+00
5.810130476108282122e-02
3.643095209524831013e+00
5.852292565125284673e-02
5.502551663941809501e+00
3.115665906740606745e-03
2.296000302944538518e+01
6.245405756973846506e-02
6.902627220164558430e+00
8.804422382350544571e-03
2.526438758763952519e-01
4.522625586000510764e-04
3.911360457998532159e+00
1.073417699245836632e+00
8.343188376706878184e-01
6.308865491246149482e-01
1.135210098646544097e+00
5.604133162076274655e-01
5.776200030529717644e+00
1.779067208703392355e-01
2.209951028455607425e+00
7.656099561750482341e-01
4.388599020778036319e+00
8.406830300070092798e-01
5.593560318912390805e+00
2.972663135858413797e-01
3.286511872051415484e+00
1.148649649545072204e+00
1.301051373634781294e+00
7.249198252721480440e-01
1.735079828351786757e+00
3.047637615697428304e-01
1.822361547142769211e+00
8.460227125776907942e-01
4.050388401428612895e+00
6.967738558346090461e-01
