5.292787785118998473e-02
1.504478611152651338e-03
3.802111744846449481e-02
1.470135355839431723e-03
1.946618894389535309e-02
1.166001923539548716e-03
4.376485469589839333e-02
1.105927202377894538e-04
1.071857986731081409e-02
3.526272296989629721e-04
9.707571607761213972e-01
6.083422884131052255e-01
6.083875116018171436e-01
2.920782011441273029e-01
1.313797393323845042e-01
9.440201190523708763e-02
1.515465765587517000e+00
4.156465751739740755e-01
1.187088499951197917e+01
1.297676727644431427e+00
1.605170795757501878e+00
4.358833421296299804e-01
2.463429086399722967e-01
1.361311181336531395e-01
1.075026383472552460e+01
1.671611691629473484e-01
9.165498289401183385e+00
1.141091022535728194e-01
3.667087466159910214e+00
2.943710894674378756e-02
3.614588684513161176e+00
8.855239954772029659e-03
5.501166961577242276e+00
1.970646357739325519e-03
2.150727793388374209e+01
6.644430964481902180e-01
6.908276509385743225e+00
1.239554108036237598e-02
2.526281535327749017e-01
5.652248171140022417e-04
4.029495909251032515e+00
1.011913606512254038e+00
1.234815159612177471e+00
5.396751243942167209e-01
1.127369152684197129e+00
7.413640617462483595e-01
5.983726340636552621e+00
1.794680377588091236e-01
1.979791382830655477e+00
7.250018071016681720e-01
4.180450475262820653e+00
5.508903576344132969e-01
5.482260812688407370e+00
4.497227435873564771e-01
3.495998237822651955e+00
8.415121196540829018e-01
2.068134993340459804e+00
8.429759655529878160e-01
1.782422986157452982e+00
3.091473318060520836e-01
2.136068381275665562e+00
1.134967637470073676e+00
3.928425872919254491e+00
4.494644356497127791e-01
