1.444187906393757714e+00
7.596164438418392395e-01
1.340191497013080602e+00
5.649491750057388240e-01
1.444187906393757714e+00
7.596164438418392395e-01
1.340191497013080602e+00
5.649491750057388240e-01
1.100000000000000000e+01
0.000000000000000000e+00
1.800000000000000044e+00
0.000000000000000000e+00
8.640000000000000457e-02
0.000000000000000000e+00
1.609739999999999949e+00
0.000000000000000000e+00
3.880800000000000360e-01
0.000000000000000000e+00
8.910000000000000142e-01
0.000000000000000000e+00
6.237000000000000099e+00
0.000000000000000000e+00
1.895467493607914111e+00
1.228522814152082920e-01
7.336999999999999078e-02
0.000000000000000000e+00
1.231999999999999851e+01
0.000000000000000000e+00
3.600000000000000000e+01
0.000000000000000000e+00
1.638460895314727850e+01
2.307820937054423094e-01
4.050000000000000822e-01
5.551115123125782702e-17
2.474999900000000169e-02
0.000000000000000000e+00
9.740601624110824730e+01
5.022615900353381235e+00
2.463902016558458252e-01
1.198670960962864435e-02
1.149852995399707201e+00
5.708331560868865062e-02
5.013765047614454318e+01
2.909618047716897582e+00
3.294518048035703917e+00
2.241570566852912338e-01
2.961000000000000090e-03
0.000000000000000000e+00
6.292000000000000370e-02
0.000000000000000000e+00
5.669999999999999485e-01
0.000000000000000000e+00
6.270000000000000018e-01
0.000000000000000000e+00
1.236399999999999999e-01
0.000000000000000000e+00
1.080000000000000071e+00
0.000000000000000000e+00
4.410000000000000031e-01
0.000000000000000000e+00
1.260900000000000076e-01
0.000000000000000000e+00
9.552822786588922099e+02
2.807133249258567886e+01
2.082837478366751593e+00
8.668800033947812733e-02
2.001547593236314704e+00
9.392205434070911851e-02
1.685766980943298421e+01
5.375370886263672876e-01
2.430000000000000112e-05
0.000000000000000000e+00
4.896861197718869150e+07
2.460771312292087823e+06
1.318282104199669469e+01
6.830827036642080907e-01
1.669655171172774089e+03
5.561139984864841068e+01
7.931000000000000549e-03
0.000000000000000000e+00
7.287227469748479791e+00
3.629865449778116870e-01
1.295099999999999918e+00
0.000000000000000000e+00
1.406249999999999978e-09
0.000000000000000000e+00
6.984999999999999543e-02
0.000000000000000000e+00
2.502057667207543190e+01
1.031211105033808639e+00
4.267068715736205922e+05
2.207548590656256783e+04
1.572999999999999954e-01
0.000000000000000000e+00
1.049511612739291304e+05
6.502924358071686584e+03
1.237486315319869590e+02
6.700207215256294369e+00
1.125000000000000000e+00
0.000000000000000000e+00
7.912003572152097775e+01
3.248190307368841623e+00
1.582740423816262046e+05
8.855388735252294282e+03
1.530075118929588696e+00
7.434625465884081574e-02
2.120523343675334218e+03
1.155078003366942028e+02
6.840000000000000524e-01
0.000000000000000000e+00
1.423274555185043482e+03
2.149314507929021900e+01
2.398209843494243643e+01
1.222448553504459801e+00
4.904639254948111484e+05
1.716641161663447929e+04
3.402075064422245987e+02
1.411196484123667538e+01
1.140128176350419596e+07
3.620281414814203745e+05
5.565285303031602962e+04
2.446205442204325664e+03
1.744016862575989979e+00
8.696627484801994212e-02
1.554008992089391361e+00
7.690752279677991188e-02
1.375000000000000000e+00
0.000000000000000000e+00
1.437937069162239512e+00
8.945137970345486134e-02
4.500000000000000111e-01
0.000000000000000000e+00
3.600000000000000089e+00
0.000000000000000000e+00
2.092489319519596158e+00
6.334340039900521191e-02
2.142873046287185446e+00
2.597735184155433585e-02
6.091965306076977171e+00
3.719443210286701995e-01
1.975164016049099303e+00
1.089526848777997159e-01
