1.350577525617281971e+01 1.350577558347274199e+01 1.350577524712574373e+01 1.350577537220081048e+01 1.350577536141259571e+01
1.351158131544733365e+01 1.351158261898156354e+01 1.351158127940601084e+01 1.351158177750386891e+01 1.351158173451739053e+01
1.351741803521406560e+01 1.351742095538191712e+01 1.351741795445164840e+01 1.351741907020570466e+01 1.351741897386303393e+01
1.352328528288661325e+01 1.352329045150909081e+01 1.352328513989654724e+01 1.352328711461684740e+01 1.352328694401126441e+01
1.352918293516636972e+01 1.352919097544720195e+01 1.352918271266215378e+01 1.352918578432184837e+01 1.352918551880427067e+01
1.353511087735839880e+01 1.353512240385545873e+01 1.353511055827352649e+01 1.353511496150368743e+01 1.353511458068150297e+01
1.354106900273969138e+01 1.354108462133974733e+01 1.354106857022747334e+01 1.354107453631127633e+01 1.354107402005019800e+01
1.354705721197228208e+01 1.354707751986927811e+01 1.354705664940563814e+01 1.354706440627372999e+01 1.354706373470006575e+01
1.355307541255839432e+01 1.355310099824052728e+01 1.355307470352964394e+01 1.355308447575851716e+01 1.355308362925982379e+01
1.355912351833689478e+01 1.355915496157644284e+01 1.355912264665749944e+01 1.355913465546872487e+01 1.355913361469519351e+01
1.356520144901558389e+01 1.356523932086401452e+01 1.356520039871586114e+01 1.356521486197721416e+01 1.356521360784254959e+01
1.357130912973821779e+01 1.357135399252553576e+01 1.357130788506700902e+01 1.357132501729495999e+01 1.357132353097722799e+01
1.357744649068306408e+01 1.357749889802129317e+01 1.357744503610737574e+01 1.357746504847106195e+01 1.357746331141333762e+01
1.358361346669106418e+01 1.358367396348171319e+01 1.358361178689565563e+01 1.358363488722218548e+01 1.358363288113307910e+01
1.358980999692121117e+01 1.358987911936648807e+01 1.358980807680816305e+01 1.358983446958920815e+01 1.358983217644324348e+01
1.359603602453134741e+01 1.359611430014891376e+01 1.359603384921956959e+01 1.359606373561919668e+01 1.359606113765704194e+01
1.360229149638236912e+01 1.360237944402352284e+01 1.360228905120708554e+01 1.360232262907075373e+01 1.360231970879935126e+01
1.360857636276427662e+01 1.360867449263528606e+01 1.360857363327645864e+01 1.360861109714114114e+01 1.360860783733367185e+01
1.361489057714235784e+01 1.361499939082895771e+01 1.361488754910812737e+01 1.361492909021348652e+01 1.361492547390924202e+01
1.362123409592211054e+01 1.362135408641687206e+01 1.362123075532210237e+01 1.362127656162267542e+01 1.362127257212680398e+01
1.362760687823148587e+01 1.362773852996398105e+01 1.362760321126016194e+01 1.362765346743854344e+01 1.362764908832167343e+01
1.363400888571921676e+01 1.363415267458883129e+01 1.363400487878416101e+01 1.363405976626506089e+01 1.363405498136283178e+01
1.364044008236802341e+01 1.364059647577929901e+01 1.364043572208917787e+01 1.364049541905439256e+01 1.364049021246687410e+01
1.364690043432161382e+01 1.364706989122199587e+01 1.364689570753050951e+01 1.364696038893469243e+01 1.364695474502570072e+01
1.365338990972448840e+01 1.365357288064433838e+01 1.365338480346339622e+01 1.365345464105067386e+01 1.365344854444698086e+01
1.365990847857354318e+01 1.366010540566836795e+01 1.365990298009463544e+01 1.365997814241600850e+01 1.365997157800640238e+01
1.366645611258068982e+01 1.366666742967540848e+01 1.366645020934513610e+01 1.366653086177637633e+01 1.366652381471086208e+01
1.367303278504562591e+01 1.367325891768079593e+01 1.367302646472272976e+01 1.367311276948301213e+01 1.367310522517181148e+01
1.367963847073803230e+01 1.367987983621792480e+01 1.367963172120408899e+01 1.367972383737567199e+01 1.367971578148799061e+01
1.368627314578818677e+01 1.368653015323089228e+01 1.368626595512562716e+01 1.368636403867386164e+01 1.368635545713659063e+01
1.369293678758623045e+01 1.369320983797515190e+01 1.369292914408265993e+01 1.369303334787640658e+01 1.369302422687286303e+01
1.369962937468854314e+01 1.369991886092552846e+01 1.369962126683557457e+01 1.369973174066838517e+01 1.369972206663710779e+01
1.370635088673098068e+01 1.370665719369108615e+01 1.370634230322317570e+01 1.370645919383499134e+01 1.370644895346826075e+01
1.371310130434865471e+01 1.371342480893630089e+01 1.371309223408242417e+01 1.371321568518171929e+01 1.371320486542403749e+01
1.371988060910158147e+01 1.372022168030809652e+01 1.371987104117405032e+01 1.372000119346042624e+01 1.371998978150706350e+01
1.372668878340589416e+01 1.372704778236829526e+01 1.372667870711372196e+01 1.372681569830097992e+01 1.372680368159634945e+01
1.373352581047002730e+01 1.373390309053106506e+01 1.373351521530818964e+01 1.373365918014786224e+01 1.373364654638384152e+01
1.374039167423562979e+01 1.374078758100501219e+01 1.374038054989622282e+01 1.374053162020144292e+01 1.374051835731567017e+01
1.374728635932291532e+01 1.374770123073953876e+01 1.374727469569391403e+01 1.374743300036361759e+01 1.374741909653775984e+01
1.375420985097992777e+01 1.375464401737516873e+01 1.375419763814390350e+01 1.375436330318745881e+01 1.375434874684537512e+01
1.376116213503558328e+01 1.376161591919754024e+01 1.376114936326840521e+01 1.376132251183051913e+01 1.376130729163643807e+01
1.376814319785615126e+01 1.376861691509477303e+01 1.376812985762567720e+01 1.376831061001157686e+01 1.376829471486821532e+01
1.377515302630489380e+01 1.377564698451802450e+01 1.377513910826962196e+01 1.377532758197058271e+01 1.377531100101718842e+01
1.378219160770468577e+01 1.378270610744471725e+01 1.378217710271239760e+01 1.378237341243149672e+01 1.378235613504189061e+01
1.378925892980335810e+01 1.378979426434465871e+01 1.378924382888972744e+01 1.378944808656781262e+01 1.378943010234839583e+01
1.379635498074150668e+01 1.379691143614867599e+01 1.379633927512870706e+01 1.379655158997064035e+01 1.379653288875834427e+01
1.380347974902270991e+01 1.380405760421936101e+01 1.380346343011798638e+01 1.380368390861906036e+01 1.380366448047928785e+01
1.381063322348585132e+01 1.381123275032395270e+01 1.381061628288008158e+01 1.381084502885261678e+01 1.381082486407713006e+01
1.381781539327941921e+01 1.381843685660913579e+01 1.381779782274565527e+01 1.381803493734579646e+01 1.381801402645060506e+01
1.382502624783770528e+01 1.382566990557779185e+01 1.382500803932968658e+01 1.382525362108433242e+01 1.382523195480753486e+01
1.383226577685862857e+01 1.383293188006722296e+01 1.383224692250931120e+01 1.383250106734316809e+01 1.383247863664278299e+01
1.383953397028319010e+01 1.384022276322894740e+01 1.383951446240321381e+01 1.383977726366600791e+01 1.383975405971777128e+01
1.384683081827634155e+01 1.384754253851001060e+01 1.384681064935251804e+01 1.384708219784628369e+01 1.384705821204144094e+01
1.385415631120921276e+01 1.385489118963547028e+01 1.385413547390299094e+01 1.385441585790946561e+01 1.385439108185251555e+01
1.386151043964255614e+01 1.386226870059212857e+01 1.386148892678846067e+01 1.386177823209655813e+01 1.386175265760303255e+01
1.386889319431136691e+01 1.386967505561338321e+01 1.386887099891543329e+01 1.386916930884878063e+01 1.386914292794295456e+01
1.387630456611051599e+01 1.387711023916503983e+01 1.387628168134872375e+01 1.387658907679324471e+01 1.387656188170585914e+01
1.388374454608138642e+01 1.388457423593214735e+01 1.388372096529805866e+01 1.388403752472962260e+01 1.388400950789558763e+01
1.389121312539940867e+01 1.389206703080662031e+01 1.389118884210560090e+01 1.389151464161771088e+01 1.389148579567376629e+01
1.389871029536238467e+01 1.389958860887568903e+01 1.389868530323429674e+01 1.389902041656569232e+01 1.389899073434815335e+01
1.390623604737964847e+01 1.390713895541109935e+01 1.390621034025699210e+01 1.390655483881928234e+01 1.390652431336176953e+01
1.391379037296187882e+01 1.391471805585894295e+01 1.391376394484622914e+01 1.391411789775161623e+01 1.391408652228269638e+01
1.392137326371147665e+01 1.392232589583015034e+01 1.392134610876465040e+01 1.392170958285367988e+01 1.392167735079442359e+01
1.392898471131370997e+01 1.392996246109152736e+01 1.392895682385611522e+01 1.392932988372529834e+01 1.392929678868694587e+01
1.393662470752838800e+01 1.393762773755732809e+01 1.393659608203735800e+01 1.393697879006670171e+01 1.393694482584838035e+01
1.394429324418196892e+01 1.394532171128130038e+01 1.394426387529010825e+01 1.394465629167062737e+01 1.394462145225705108e+01
1.395199031316010263e+01 1.395304436844919316e+01 1.395196019565360146e+01 1.395236237841488425e+01 1.395232665797395200e+01
1.395971590640064441e+01 1.396079569537163501e+01 1.395968503521760873e+01 1.396009704025525799e+01 1.396006043313568767e+01
1.396747001588714809e+01 1.396857567847742843e+01 1.396743838611593702e+01 1.396786026721888696e+01 1.396782276794788658e+01
1.397525263364267900e+01 1.397638430430715317e+01 1.397522024052018885e+01 1.397565204939797212e+01 1.397561365267893407e+01
1.398306375172385785e+01 1.398422155950710000e+01 1.398303059063383991e+01 1.398347237694381739e+01 1.398343307765393817e+01
1.399090336221531850e+01 1.399208743082348327e+01 1.399086942868668615e+01 1.399132124006115241e+01 1.399128103324908778e+01
1.399877145722445171e+01 1.399998190509693252e+01 1.399873674692957159e+01 1.399919862900275191e+01 1.399915750988627217e+01
1.400666802887637630e+01 1.400790496925720241e+01 1.400663253762938432e+01 1.400710453406429679e+01 1.400706249802797920e+01
1.401459306930916782e+01 1.401585661031813324e+01 1.401455679306424607e+01 1.401503894557948726e+01 1.401499598817238201e+01
1.402254657066928445e+01 1.402383681537279259e+01 1.402250950551895947e+01 1.402300185391535692e+01 1.402295797084867068e+01
1.403052852510720960e+01 1.403184557158876089e+01 1.403049066728063998e+01 1.403099324946777671e+01 1.403094843661255453e+01
1.403853892477328102e+01 1.403988286620366566e+01 1.403850027063455741e+01 1.403901312265715084e+01 1.403896737604198286e+01
1.404657776181369400e+01 1.404794868652083650e+01 1.404653830786011603e+01 1.404706146392428501e+01 1.404701477973299006e+01
1.405464502836664664e+01 1.405604301990512006e+01 1.405460477122702123e+01 1.405513826372636821e+01 1.405509063829572725e+01
1.406274071655863800e+01 1.406416585377879436e+01 1.406269965299156155e+01 1.406324351253314298e+01 1.406319494235061107e+01
1.407086481850089044e+01 1.407231717561757733e+01 1.407082294539304534e+01 1.407137720082316790e+01 1.407132768252460941e+01
1.407901732628590175e+01 1.408049697294675440e+01 1.407897464065033510e+01 1.407953931908019740e+01 1.407948884944763002e+01
1.408719823198408783e+01 1.408870523333746227e+01 1.408715473095852033e+01 1.408772985778968767e+01 1.408767843374903528e+01
1.409540752764055327e+01 1.409694194440302617e+01 1.409536320848565438e+01 1.409594880743537360e+01 1.409589642605423521e+01
1.410364520527191878e+01 1.410520709379536619e+01 1.410360006536961386e+01 1.410419615849595054e+01 1.410414281698137451e+01
1.411191125686326586e+01 1.411350066920143576e+01 1.411186529371502729e+01 1.411247190144182362e+01 1.411241759713810140e+01
1.412020567436512763e+01 1.412182265833979677e+01 1.412015888559027843e+01 1.412077602673194399e+01 1.412072075711841812e+01
1.412852844969057386e+01 1.413017304895722681e+01 1.412848083302458768e+01 1.412910852481069668e+01 1.412905228749957054e+01
1.413687957471233680e+01 1.413855182882538131e+01 1.413683112800515396e+01 1.413746938610486126e+01 1.413741217883902834e+01
1.414525904126002054e+01 1.414695898573750910e+01 1.414520976247434625e+01 1.414585860102062576e+01 1.414580042167151319e+01
1.415366684111732809e+01 1.415539450750519812e+01 1.415361672832695916e+01 1.415427615994062904e+01 1.415421700650606063e+01
1.416210296601937024e+01 1.416385838195516556e+01 1.416205201740750752e+01 1.416272205322106714e+01 1.416266192382314593e+01
1.417056740765000811e+01 1.417235059692609411e+01 1.417051562150758492e+01 1.417119627118885106e+01 1.417113516407184015e+01
1.417906015763920813e+01 1.418087114026548257e+01 1.417900753236321343e+01 1.417969880413874151e+01 1.417963671766701950e+01
1.418758120756045926e+01 1.418941999982655133e+01 1.418752774165226427e+01 1.418822964233065420e+01 1.418816657498657463e+01
1.419613054892822035e+01 1.419799716346514629e+01 1.419607624099193011e+01 1.419678877598684608e+01 1.419672472636866445e+01
1.420470817319536216e+01 1.420660261903668520e+01 1.420465302193616886e+01 1.420537619528920636e+01 1.420531116210902134e+01
1.421331407175073913e+01 1.421523635439311661e+01 1.421325807597324875e+01 1.421399189037652633e+01 1.421392587245828665e+01
1.422194823591665269e+01 1.422389835737989827e+01 1.422189139452326856e+01 1.422263585134182762e+01 1.422256884761932483e+01
1.423061065694641592e+01 1.423258861583298795e+01 1.423055296893568666e+01 1.423130806822971017e+01 1.423124007774457667e+01
1.423930132602189857e+01 1.424130711757586454e+01 1.423924279048689456e+01 1.424000853103371789e+01 1.423993955293343738e+01
1.424802023425110420e+01 1.425005385041654549e+01 1.424796085037778504e+01 1.424873722969369538e+01 1.424866726322963473e+01
1.425676737266577732e+01 1.425882880214462212e+01 1.425670713973138071e+01 1.425749415409319631e+01 1.425742319861863727e+01
1.426554273221899294e+01 1.426763196052831439e+01 1.426548164959045017e+01 1.426627929405684725e+01 1.426620734902507159e+01
1.427434630378281355e+01 1.427646331331151686e+01 1.427428437091511348e+01 1.427509263934779504e+01 1.427501970431018208e+01
1.428317807814587681e+01 1.428532284821086762e+01 1.428311529458049023e+01 1.428393417966509382e+01 1.428386025426922146e+01
1.429203804601106320e+01 1.429421055291282094e+01 1.429197441137436009e+01 1.429280390464116302e+01 1.429272898862892482e+01
1.430092619799312637e+01 1.430312641507073046e+01 1.430086171199479494e+01 1.430170180383921696e+01 1.430162589704496590e+01
1.430984252461635542e+01 1.431207042230192528e+01 1.430977718704783541e+01 1.431062786675071408e+01 1.431055096909941504e+01
1.431878701631224082e+01 1.432104256218480565e+01 1.431872082704515847e+01 1.431958208279280420e+01 1.431950419429820798e+01
1.432775966341713669e+01 1.433004282225592263e+01 1.432769262240176111e+01 1.432856444130578843e+01 1.432848556206862334e+01
1.433676045616993555e+01 1.433907119000710395e+01 1.433669256343362974e+01 1.433757493155058427e+01 1.433749506175676380e+01
1.434578938470974840e+01 1.434812765288253011e+01 1.434572064035543626e+01 1.434661354270618361e+01 1.434653268262504433e+01
1.435484643907358837e+01 1.435721219827586381e+01 1.435477684327822878e+01 1.435568026386713569e+01 1.435559841384967683e+01
1.436393160919403833e+01 1.436632481352735269e+01 1.436386116220711351e+01 1.436477508404101222e+01 1.436469224451816196e+01
1.437304488489695764e+01 1.437546548592092499e+01 1.437297358703895966e+01 1.437389799214588848e+01 1.437381416362678799e+01
1.438218625589916044e+01 1.438463420268132431e+01 1.438211410756009556e+01 1.438304897700782981e+01 1.438296416007812439e+01
1.439135571180610640e+01 1.439383095097121767e+01 1.439128271344400822e+01 1.439222802735835671e+01 1.439214222267851895e+01
1.440055324210959675e+01 1.440305571788831429e+01 1.440047939424904833e+01 1.440143513183194912e+01 1.440134834013561616e+01
1.440977883618547040e+01 1.441230849046249674e+01 1.440970413941613160e+01 1.441067027896351327e+01 1.441058250105583838e+01
1.441903248329129283e+01 1.442158925565293082e+01 1.441895693826644020e+01 1.441993345718588948e+01 1.441984469394190604e+01
1.442831417256405402e+01 1.443089800034520565e+01 1.442823777999913659e+01 1.442922465482732086e+01 1.442913490719034364e+01
1.443762389301786087e+01 1.444023471134844883e+01 1.443754665368905421e+01 1.443854386010895396e+01 1.443845312908898038e+01
1.444696163354164042e+01 1.444959937539246653e+01 1.444688354828442201e+01 1.444789106114232879e+01 1.444779934781446329e+01
1.445632738289683417e+01 1.445899197912486756e+01 1.445624845260454983e+01 1.445726624592687237e+01 1.445717355142976857e+01
1.446572112971508339e+01 1.446841250910819987e+01 1.446564135533755824e+01 1.446666940234738696e+01 1.446657572788170576e+01
1.447514286249594484e+01 1.447786095181709243e+01 1.447506224503806216e+01 1.447610051817154542e+01 1.447600586499843267e+01
1.448459256960456720e+01 1.448733729363538103e+01 1.448451111012489356e+01 1.448555958104738650e+01 1.448546395048696667e+01
1.449407023926940141e+01 1.449684152085325195e+01 1.449398793887879400e+01 1.449504657850081557e+01 1.449494997193070134e+01
1.450357585957988249e+01 1.450637361966438732e+01 1.450349271944013019e+01 1.450456149793308214e+01 1.450446391678690361e+01
1.451310941848413449e+01 1.451593357616310520e+01 1.451302543980658832e+01 1.451410432661828764e+01 1.451400577238424816e+01
1.452267090378665770e+01 1.452552137634150320e+01 1.452258608783089322e+01 1.452367505170088258e+01 1.452357552592032164e+01
1.453226030314603179e+01 1.453513700608660919e+01 1.453217465121850438e+01 1.453327366019315470e+01 1.453317316445912688e+01
1.454187760407260122e+01 1.454478045117753204e+01 1.454179111752530851e+01 1.454290013897273326e+01 1.454279867492860490e+01
1.455152279392615533e+01 1.455445169728261234e+01 1.455143547415533156e+01 1.455255447478008612e+01 1.455245204411814619e+01
1.456119585991364040e+01 1.456415072995656956e+01 1.456110770835844193e+01 1.456223665421601154e+01 1.456213325867611097e+01
1.457089678908682906e+01 1.457387753463767055e+01 1.457080780722803226e+01 1.457194666373913172e+01 1.457184230510733336e+01
1.458062556834002166e+01 1.458363209664488025e+01 1.458053575769874399e+01 1.458168448966341479e+01 1.458157916977064872e+01
1.459038218440772816e+01 1.459341440117502664e+01 1.459029154654414562e+01 1.459145011815566306e+01 1.459134383887639608e+01
1.460016662386236597e+01 1.460322443329996034e+01 1.460007516037444475e+01 1.460124353523300655e+01 1.460113629848394012e+01
1.460997887311191867e+01 1.461306217796372309e+01 1.460988658563416109e+01 1.461106472676041079e+01 1.461095653449918252e+01
1.461981891839765169e+01 1.462292761997971979e+01 1.461972580859985271e+01 1.462091367844815970e+01 1.462080453267210700e+01
1.462968674579179407e+01 1.463282074402788702e+01 1.462959281537780498e+01 1.463079037584935271e+01 1.463068027859425868e+01
1.463958234119521684e+01 1.464274153465186146e+01 1.463948759190171600e+01 1.464069480435742499e+01 1.464058375769628384e+01
1.464950569033510597e+01 1.465268997625616798e+01 1.464941012393038910e+01 1.465062694920362318e+01 1.465051495524544123e+01
1.465945677876267261e+01 1.466266605310338811e+01 1.465936039704543781e+01 1.466058679545454169e+01 1.466047385634308320e+01
1.466943559185076928e+01 1.467266974931134804e+01 1.466933839664891615e+01 1.467057432800962147e+01 1.467046044592221143e+01
1.467944211479161432e+01 1.468270104885030314e+01 1.467934410796107514e+01 1.468058953159862234e+01 1.468047470874498117e+01
1.468947633259445951e+01 1.469275993554012238e+01 1.468937751601801089e+01 1.469063239077915384e+01 1.469051662940020364e+01
1.469953823008325422e+01 1.470284639304748175e+01 1.469943860566936245e+01 1.470070288993415453e+01 1.470058619230091779e+01
1.470962779189435210e+01 1.471296040488305046e+01 1.470952736157602736e+01 1.471080101326939449e+01 1.471068338168186429e+01
1.471974500247417872e+01 1.472310195439869851e+01 1.471964376820782050e+01 1.472092674481099728e+01 1.472080818159700755e+01
1.472988984607688856e+01 1.473327102478468476e+01 1.472978780984113278e+01 1.473108006840292283e+01 1.473096057591706654e+01
1.474006230676203799e+01 1.474346759906686088e+01 1.473995947055667166e+01 1.474126096770448413e+01 1.474114054832701370e+01
1.475026236839226534e+01 1.475369166010387900e+01 1.475015873423706836e+01 1.475146942618784252e+01 1.475134808232359873e+01
1.476049001463093013e+01 1.476394319058439208e+01 1.476038558456460414e+01 1.476170542713551725e+01 1.476158316121286873e+01
1.477074522893981801e+01 1.477422217302426866e+01 1.477064000501886909e+01 1.477196895363788620e+01 1.477184576810768668e+01
1.478102799457677108e+01 1.478452858976380746e+01 1.478092197887444037e+01 1.478225998859069179e+01 1.478213588592524275e+01
1.479133829459337512e+01 1.479486242296493792e+01 1.479123148919855346e+01 1.479257851469253815e+01 1.479245349738457982e+01
1.480167611183261478e+01 1.480522365460845435e+01 1.480156851884878400e+01 1.480292451444239710e+01 1.480279858500410661e+01
1.481204142892653941e+01 1.481561226649122887e+01 1.481193305047070297e+01 1.481329797013712124e+01 1.481317113109911965e+01
1.482243422829390234e+01 1.482602824022343313e+01 1.482232506649556392e+01 1.482369886386892510e+01 1.482357111777931280e+01
1.483285449213786045e+01 1.483647155722576372e+01 1.483274454913795282e+01 1.483412717752291066e+01 1.483399852694630106e+01
1.484330220244356902e+01 1.484694219872666743e+01 1.484319148039346103e+01 1.484458289277455556e+01 1.484445334029112828e+01
1.485377734097590086e+01 1.485744014575958438e+01 1.485366584203634943e+01 1.485506599108722448e+01 1.485493553929178745e+01
1.486427988927703758e+01 1.486796537916016092e+01 1.486416761561719646e+01 1.486557645370966441e+01 1.486544510521073725e+01
1.487480982866416923e+01 1.487851787956349803e+01 1.487469678246057825e+01 1.487611426167351070e+01 1.487598201909240991e+01
1.488536714022709972e+01 1.488909762740138554e+01 1.488525332366270426e+01 1.488667939579079125e+01 1.488654626176073492e+01
1.489595180482593051e+01 1.489970460289953458e+01 1.489583722008909383e+01 1.489727183665141652e+01 1.489713781381664148e+01
1.490656380308866957e+01 1.491033878607482954e+01 1.490644845237219940e+01 1.490789156462069442e+01 1.490775665563558228e+01
1.491720311540890798e+01 1.492100015673256408e+01 1.491708700090909723e+01 1.491853855983681498e+01 1.491840276736503412e+01
1.492786972194342354e+01 1.493168869446368419e+01 1.492775284585908580e+01 1.492921280220835634e+01 1.492907612892202174e+01
1.493856360260984673e+01 1.494240437864205084e+01 1.493844596714138895e+01 1.493991427141178896e+01 1.493977671999061485e+01
1.494928473708428207e+01 1.495314718842166712e+01 1.494916634443273651e+01 1.495064294688895856e+01 1.495050452001945018e+01
1.496003310479893500e+01 1.496391710273394793e+01 1.495991395716507100e+01 1.496139880784459386e+01 1.496125950821922146e+01
1.497080868493975458e+01 1.497471410028495775e+01 1.497068878452311758e+01 1.497218183324379837e+01 1.497204166356020849e+01
1.498161145644404968e+01 1.498553815955267687e+01 1.498149080544208722e+01 1.498299200180954216e+01 1.498285096476976186e+01
1.499244139799812281e+01 1.499638925878424978e+01 1.499231999860524134e+01 1.499382929202015902e+01 1.499368739032982489e+01
1.500329848803487387e+01 1.500726737599324423e+01 1.500317634244159315e+01 1.500469368210682930e+01 1.500455091847441835e+01
1.501418270473145178e+01 1.501817248895691037e+01 1.501405981512345811e+01 1.501558515005108418e+01 1.501544152718716241e+01
1.502509402600682087e+01 1.502910457521343801e+01 1.502497039456415706e+01 1.502650367358228323e+01 1.502635919419875421e+01
1.503603242951943386e+01 1.504006361205921927e+01 1.503590805841555778e+01 1.503744923017510793e+01 1.503730389698448988e+01
1.504699789266477872e+01 1.505104957654611475e+01 1.504687278406577278e+01 1.504842179704703575e+01 1.504827561276173498e+01
1.505799039257304628e+01 1.506206244547870199e+01 1.505786454863669910e+01 1.505942135115584790e+01 1.505927431848744824e+01
1.506900990610667712e+01 1.507310219541155583e+01 1.506888332898168592e+01 1.507044786919708201e+01 1.507029999085564498e+01
1.508005640985801499e+01 1.508416880264650217e+01 1.507992910168310985e+01 1.508150132760154172e+01 1.508135260629490837e+01
1.509112988014684476e+01 1.509526224322988774e+01 1.509100184304999637e+01 1.509258170253274578e+01 1.509243214096587060e+01
1.510223029301805830e+01 1.510638249294984270e+01 1.510210152911561110e+01 1.510368896988443588e+01 1.510353857075870110e+01
1.511335762423916051e+01 1.511752952733354682e+01 1.511322813563506173e+01 1.511482310527802042e+01 1.511467187129058765e+01
1.512451184929794223e+01 1.512870332164449749e+01 1.512438163808289282e+01 1.512598408406007344e+01 1.512583201790322285e+01
1.513569294339997384e+01 1.513990385087977764e+01 1.513556201165066817e+01 1.513717188129977842e+01 1.513701898566028170e+01
1.514690088146628000e+01 1.515113108976731127e+01 1.514676923124457097e+01 1.514838647178642361e+01 1.514823274934489206e+01
1.515813563813081011e+01 1.516238501276314565e+01 1.515800327148296134e+01 1.515962783002684233e+01 1.515947328345712819e+01
1.516939718773811485e+01 1.517366559404871040e+01 1.516926410669399061e+01 1.517089593024289407e+01 1.517074056221145284e+01
1.518068550434081665e+01 1.518497280752808010e+01 1.518055171091313582e+01 1.518219074636890298e+01 1.518203455953422321e+01
1.519200056169725244e+01 1.519630662682524402e+01 1.519186605788081046e+01 1.519351225204914613e+01 1.519335524906111168e+01
1.520334233326897078e+01 1.520766702528137593e+01 1.520320712103987404e+01 1.520486042063526710e+01 1.520470260413462249e+01
1.521471079221833023e+01 1.521905397595208775e+01 1.521457487353327132e+01 1.521623522518376781e+01 1.521607659780149113e+01
1.522610591140602310e+01 1.523046745160470472e+01 1.522596928820149564e+01 1.522763663845342563e+01 1.522747720281020634e+01
1.523752766338862585e+01 1.524190742471552262e+01 1.523739033758024064e+01 1.523906463290276037e+01 1.523890439160839527e+01
1.524897602041615308e+01 1.525337386746707402e+01 1.524883799389784755e+01 1.525051918068745316e+01 1.525035813634034731e+01
1.526045095442957233e+01 1.526486675174538732e+01 1.526031222907295337e+01 1.526200025365781165e+01 1.526183840884438325e+01
1.527195243705836525e+01 1.527638604913724762e+01 1.527181301471190977e+01 1.527350782335618007e+01 1.527334518065037550e+01
1.528348043961801395e+01 1.528793173092746116e+01 1.528334032210644722e+01 1.528504186101439011e+01 1.528487842297710841e+01
1.529503493310757634e+01 1.529950376809610013e+01 1.529489412223107259e+01 1.529660233755116927e+01 1.529643810672980209e+01
1.530661588820713348e+01 1.531110213131577602e+01 1.530647438574071906e+01 1.530818922356959177e+01 1.530802420249745310e+01
1.531822327527538619e+01 1.532272679094888446e+01 1.531808108296813842e+01 1.531980248935446554e+01 1.531963668055034944e+01
1.532985706434707396e+01 1.533437771704485897e+01 1.532971418392154028e+01 1.533144210486978309e+01 1.533127551083741125e+01
1.534151722513056981e+01 1.534605487933742829e+01 1.534137365828198085e+01 1.534310803975610504e+01 1.534294066298369685e+01
1.535320372700527081e+01 1.535775824724186300e+01 1.535305947540097549e+01 1.535480026332799142e+01 1.535463210628773645e+01
1.536491653901920884e+01 1.536948778985222042e+01 1.536477160429789457e+01 1.536651874457138511e+01 1.536634980971901321e+01
1.537665562988641099e+01 1.538124347593859476e+01 1.537651001365754588e+01 1.537826345214104151e+01 1.537809374191531830e+01
1.538842096798451031e+01 1.539302527394436026e+01 1.538827467182758824e+01 1.539003435435787814e+01 1.538986387118019472e+01
1.540021252135209018e+01 1.540483315198341252e+01 1.540006554681605699e+01 1.540183141920642562e+01 1.540166016548030470e+01
1.541203025768628088e+01 1.541666707783740620e+01 1.541188260628882567e+01 1.541365461433215955e+01 1.541348259244284158e+01
1.542387414434009862e+01 1.542852701895299461e+01 1.542372581756706751e+01 1.542550390703892660e+01 1.542533111935291856e+01
1.543574414832003328e+01 1.544041294243906215e+01 1.543559514762473839e+01 1.543737926428628171e+01 1.543720571315094325e+01
1.544764023628336425e+01 1.545232481506395317e+01 1.544749056308600466e+01 1.544928065268690887e+01 1.544910634043001352e+01
1.545956237453574467e+01 1.546426260325270619e+01 1.545941203022274024e+01 1.546120803850393699e+01 1.546103296743327427e+01
1.547151052902851909e+01 1.547622627308427390e+01 1.547135951495190831e+01 1.547316138764835713e+01 1.547298556005131154e+01
1.548348466535625256e+01 1.548821579028875206e+01 1.548333298283307968e+01 1.548514066567632952e+01 1.548496408381948086e+01
1.549548474875409632e+01 1.550023112024459593e+01 1.549533239906578075e+01 1.549714583778659005e+01 1.549696850391532088e+01
1.550751074409524577e+01 1.551227222797583671e+01 1.550735772848701188e+01 1.550917686881774316e+01 1.550899878515584440e+01
1.551956261588834174e+01 1.552433907814929626e+01 1.551940893556856693e+01 1.552123372324565942e+01 1.552105489199496091e+01
1.553164032827488050e+01 1.553643163507179636e+01 1.553148598441456230e+01 1.553331636518076664e+01 1.553313678852073387e+01
1.554374384502663275e+01 1.554854986268736106e+01 1.554358883875872266e+01 1.554542475836542970e+01 1.554524443845282278e+01
1.555587312954300927e+01 1.556069372457443656e+01 1.555571746196191363e+01 1.555755886617122385e+01 1.555737780513970137e+01
1.556802814484850117e+01 1.557286318394306868e+01 1.556787181700939371e+01 1.556971865159631641e+01 1.556953685155611211e+01
1.558020885358999763e+01 1.558505820363211036e+01 1.558005186650836116e+01 1.558190407726272575e+01 1.558172154030025602e+01
1.559241521803424391e+01 1.559727874610641862e+01 1.559225757268516688e+01 1.559411510541369417e+01 1.559393183359124357e+01
1.560464720006512351e+01 1.560952477345403011e+01 1.560448889738286837e+01 1.560635169791092025e+01 1.560616769326627384e+01
1.561690476118112514e+01 1.562179624738335626e+01 1.561674580205841423e+01 1.561861381623193878e+01 1.561842908077806946e+01
1.562918786249258396e+01 1.563409312922035888e+01 1.562902824778019450e+01 1.563090142146733719e+01 1.563071595719204510e+01
1.564149646471915744e+01 1.564641537990572751e+01 1.564133619522520569e+01 1.564321447431811762e+01 1.564302828318374239e+01
1.565383052818703824e+01 1.565876295999205325e+01 1.565366960467658863e+01 1.565555293509290991e+01 1.565536601903596292e+01
1.566619001282643886e+01 1.567113582964098839e+01 1.566602843602079354e+01 1.566791676370531583e+01 1.566772912463621203e+01
