1.345587712464532260e+01 1.345587707610072670e+01 1.345587707152317947e+01 1.345587704670831464e+01 1.345587707438183145e+01
1.341194417538670969e+01 1.341194398142333100e+01 1.341194396313659709e+01 1.341194386401893901e+01 1.341194397455448950e+01
1.336820044666523444e+01 1.336820001076513442e+01 1.336819996967579627e+01 1.336819974699562152e+01 1.336819999532661818e+01
1.332464524133244588e+01 1.332464446737752439e+01 1.332464439443432092e+01 1.332464399918018039e+01 1.332464443996253678e+01
1.328127787019437811e+01 1.328127666250830252e+01 1.328127654870587726e+01 1.328127593213382340e+01 1.328127661972449403e+01
1.323809765158430629e+01 1.323809591497274951e+01 1.323809575135526551e+01 1.323809486500725541e+01 1.323809585344370099e+01
1.319510391096722834e+01 1.319510155075653124e+01 1.319510132842109407e+01 1.319510012414262334e+01 1.319510146712315191e+01
1.315229598057300642e+01 1.315229290264723083e+01 1.315229261274717665e+01 1.315229104270413352e+01 1.315229279356911363e+01
1.310967319905637751e+01 1.310966930989281920e+01 1.310966894364086244e+01 1.310966696033562862e+01 1.310966917204952509e+01
1.306723491118238911e+01 1.306723011788561983e+01 1.306722966655682328e+01 1.306722722284366256e+01 1.306722994797790882e+01
1.302498046753467342e+01 1.302497467786907492e+01 1.302497413280371674e+01 1.302497118190343350e+01 1.302497447262009800e+01
1.298290922424540206e+01 1.298290234666628784e+01 1.298290169927255455e+01 1.298289819478648965e+01 1.298290210282269541e+01
1.294102054274505420e+01 1.294101248642839685e+01 1.294101172818496259e+01 1.294100762410829830e+01 1.294101220076141701e+01
1.289931378953072993e+01 1.289930446440150646e+01 1.289930358685998257e+01 1.289929883759438667e+01 1.289930413370796281e+01
1.285778833595151305e+01 1.285777765271073747e+01 1.285777664749797822e+01 1.285777120786364058e+01 1.285777727381402258e+01
1.281644355800971447e+01 1.281643142816014702e+01 1.281643028698044517e+01 1.281642411222746603e+01 1.281643099791113727e+01
1.277527883617676707e+01 1.277526517204738177e+01 1.277526388668454160e+01 1.277525693250372996e+01 1.277526468732531484e+01
1.273429355522272921e+01 1.273427826999193080e+01 1.273427683231121321e+01 1.273426905484430094e+01 1.273427772770522814e+01
1.269348710405838787e+01 1.269347011177601736e+01 1.269346851372598017e+01 1.269345986957525874e+01 1.269346950886306757e+01
1.265285887558898636e+01 1.265284009119716124e+01 1.265283832481138937e+01 1.265282877104879766e+01 1.265283942462705902e+01
1.261240826657877179e+01 1.261238760593157338e+01 1.261238566333029887e+01 1.261237515750595151e+01 1.261238687270481229e+01
1.257213467752552027e+01 1.257211205740756732e+01 1.257210993079917749e+01 1.257209843094940105e+01 1.257211125455668821e+01
1.253203751254430465e+01 1.253201285068823445e+01 1.253201053237068763e+01 1.253199799702550976e+01 1.253201197527844180e+01
1.249211617925982587e+01 1.249208939436271315e+01 1.249208687672485496e+01 1.249207326491502279e+01 1.249208844349245062e+01
1.245237008870665640e+01 1.245234110044540898e+01 1.245233837596818560e+01 1.245232364723168494e+01 1.245234007124688702e+01
1.241279865523681281e+01 1.241276738428254767e+01 1.241276444554013381e+01 1.241274855992824477e+01 1.241276627392223908e+01
1.237340129643410158e+01 1.237336766446555636e+01 1.237336450412638200e+01 1.237334742220927630e+01 1.237336647014466351e+01
1.233417743303473912e+01 1.233414136275071371e+01 1.233413797357842512e+01 1.233411965645031749e+01 1.233414008170558951e+01
1.229512648885376080e+01 1.229508790398465123e+01 1.229508427883895649e+01 1.229506468812283870e+01 1.229508653348719527e+01
1.225624789071681420e+01 1.225620671603523348e+01 1.225620284787268588e+01 1.225618194572462372e+01 1.225620525339323841e+01
1.221754106839690124e+01 1.221749722972741914e+01 1.221749311160212947e+01 1.221747086071515831e+01 1.221749567228490818e+01
1.217900545455556305e+01 1.217895887878361627e+01 1.217895450384786038e+01 1.217893086745549347e+01 1.217895722392113633e+01
1.214064048468859625e+01 1.214059109976855666e+01 1.214058646127332963e+01 1.214056140315268451e+01 1.214058934490343411e+01
1.210244559707549783e+01 1.210239333203793066e+01 1.210238842333342646e+01 1.210236190780797116e+01 1.210239147462451648e+01
1.206442023273246100e+01 1.206436501769062097e+01 1.206435983222663388e+01 1.206433182416858685e+01 1.206436305522049857e+01
1.202656383536886686e+01 1.202650560152443227e+01 1.202650013285069974e+01 1.202647059768306903e+01 1.202650353152658802e+01
1.198887585134678524e+01 1.198881453099485661e+01 1.198880877276132928e+01 1.198877767645962500e+01 1.198881235103583798e+01
1.195135572964333193e+01 1.195129125617672017e+01 1.195128520213377854e+01 1.195125251122739307e+01 1.195128896386076356e+01
1.191400292181565668e+01 1.191393522972849262e+01 1.191392887372708920e+01 1.191389455530036656e+01 1.191393282269762999e+01
1.187681688196838437e+01 1.187674590685904619e+01 1.187673924285080673e+01 1.187670326454379754e+01 1.187674338279317432e+01
1.183979706672329968e+01 1.183972274529670266e+01 1.183971576733395992e+01 1.183967809734289744e+01 1.183972010191365065e+01
1.180294293519106397e+01 1.180286520526033556e+01 1.180285790749610619e+01 1.180281851457357334e+01 1.180286244031588794e+01
1.176625394894488252e+01 1.176617274943241931e+01 1.176616512612034349e+01 1.176612397957518752e+01 1.176616986072033910e+01
1.172972957199593047e+01 1.172964484293387422e+01 1.172963688842808239e+01 1.172959395812505612e+01 1.172964182828588520e+01
1.169336927077037025e+01 1.169328095330053152e+01 1.169327266205548277e+01 1.169322791841461928e+01 1.169327781058629689e+01
1.165717251408790922e+01 1.165708055046113500e+01 1.165707191703140211e+01 1.165702533102715321e+01 1.165707727758820234e+01
1.162113877314171084e+01 1.162104310671673346e+01 1.162103412575673822e+01 1.162098566891687312e+01 1.162103970163047784e+01
1.158526752147960082e+01 1.158516809672136638e+01 1.158515876298508296e+01 1.158510840738935777e+01 1.158516455740490336e+01
1.154955823498640655e+01 1.154945499746394866e+01 1.154944530580455186e+01 1.154939302408314994e+01 1.154945132193803126e+01
1.151401039186742281e+01 1.151390328825123177e+01 1.151389323362072048e+01 1.151383899895248852e+01 1.151389947457413676e+01
1.147862347263284732e+01 1.147851245069180770e+01 1.147850202814058029e+01 1.147844581425105659e+01 1.147850849695920061e+01
1.144339696008312224e+01 1.144328196868100811e+01 1.144327117335740596e+01 1.144321295451665144e+01 1.144327787302579758e+01
1.140833033929514073e+01 1.140821132838668639e+01 1.140820015553650535e+01 1.140813990655675880e+01 1.140820708897886604e+01
1.137342309760920855e+01 1.137330001823579906e+01 1.137328846320175657e+01 1.137322615943488202e+01 1.137329563328226101e+01
1.133867472461671788e+01 1.133854752890167106e+01 1.133853558712286080e+01 1.133847120445765100e+01 1.133854299664602650e+01
1.130408471214848731e+01 1.130395335329198048e+01 1.130394102030327907e+01 1.130387453516257246e+01 1.130394867201435360e+01
1.126965255426368273e+01 1.126951698653731881e+01 1.126950425796877653e+01 1.126943564730643388e+01 1.126951215455414612e+01
1.123537774723932081e+01 1.123523792598035698e+01 1.123522479755655290e+01 1.123515403885425812e+01 1.123523294164414388e+01
1.120125978956022728e+01 1.120111567116548557e+01 1.120110213870486326e+01 1.120102920996880158e+01 1.120111053286458436e+01
1.116729818190950674e+01 1.116714972382897209e+01 1.116713578324313971e+01 1.116706066300053024e+01 1.116714442998732792e+01
1.113349242715942111e+01 1.113333958788953737e+01 1.113332523518255890e+01 1.113324790247805218e+01 1.113333413696643248e+01
1.109984203036264105e+01 1.109968476943932991e+01 1.109967000070699150e+01 1.109959043509894805e+01 1.109967915992913134e+01
1.106634649874388288e+01 1.106618477673530343e+01 1.106616958816434959e+01 1.106608776972099406e+01 1.106617900716716996e+01
1.103300534169185099e+01 1.103283912019088753e+01 1.103282350805824485e+01 1.103273941735370656e+01 1.103283318912850497e+01
1.099981807075143969e+01 1.099964731236796212e+01 1.099963127303994526e+01 1.099954489115020451e+01 1.099964121840924136e+01
1.096678419961629558e+01 1.096660886796918533e+01 1.096659239790067808e+01 1.096650370639938998e+01 1.096660260974596746e+01
1.093390324412160552e+01 1.093372330383054702e+01 1.093370639956417811e+01 1.093361538051842352e+01 1.093371688000829955e+01
1.090117472223704276e+01 1.090099013891414792e+01 1.090097279707944544e+01 1.090087943304536999e+01 1.090098354819165571e+01
1.086859815405997765e+01 1.086840889430117585e+01 1.086839111161370752e+01 1.086829538563208963e+01 1.086840213541021782e+01
1.083617306180886075e+01 1.083597909318512897e+01 1.083596086644562462e+01 1.083586276203736709e+01 1.083597216489015835e+01
1.080389896981679065e+01 1.080370026086520063e+01 1.080368158695867820e+01 1.080358108812020568e+01 1.080369316196301810e+01
1.077177540452521498e+01 1.077157192473982761e+01 1.077155280063468012e+01 1.077144989183329216e+01 1.077156465405923846e+01
1.073980189447778244e+01 1.073959361430037696e+01 1.073957403704748437e+01 1.073946870321662139e+01 1.073958617070186428e+01
1.070797797031432808e+01 1.070776486112500514e+01 1.070774482785680348e+01 1.070763705439126845e+01 1.070775724350038161e+01
1.067630316476497754e+01 1.067608519887262197e+01 1.067606470680218145e+01 1.067595447955328858e+01 1.067607740614467993e+01
1.064477701264434195e+01 1.064455416327696291e+01 1.064453320969705530e+01 1.064442051496774511e+01 1.064454619439912619e+01
1.061339905084580870e+01 1.061317129214077681e+01 1.061314987442292868e+01 1.061303469896282436e+01 1.061316314609674549e+01
1.058216881833593348e+01 1.058193612533009542e+01 1.058191424092365018e+01 1.058179657192406964e+01 1.058192780113349407e+01
1.055108585614889272e+01 1.055084820476860052e+01 1.055082585119975569e+01 1.055070567628869682e+01 1.055083970146260874e+01
1.052014970738101063e+01 1.051990707443207107e+01 1.051988424930292076e+01 1.051976155653999001e+01 1.051989839108906821e+01
1.048935991718535199e+01 1.048911228034287646e+01 1.048908898133045575e+01 1.048896375920177881e+01 1.048910341606407925e+01
1.045871603276636463e+01 1.045846337056456932e+01 1.045843959541987367e+01 1.045831183283297783e+01 1.045845432447965173e+01
1.042821760337457526e+01 1.042795989519650135e+01 1.042793564174352383e+01 1.042780532802219362e+01 1.042795066646324287e+01
1.039786418030132431e+01 1.039760140636851382e+01 1.039757667250326989e+01 1.039744379738237257e+01 1.039759199417241753e+01
1.036765531687355235e+01 1.036738745823565644e+01 1.036736224192521583e+01 1.036722679554551974e+01 1.036737786178958842e+01
1.033759056844860069e+01 1.033731760697297553e+01 1.033729190625446570e+01 1.033715387915743911e+01 1.033730782551678296e+01
1.030766949240907060e+01 1.030739141077030396e+01 1.030736522374994735e+01 1.030722460687254838e+01 1.030738144357044739e+01
1.027789164815768430e+01 1.027760842982710621e+01 1.027758175467924318e+01 1.027743853934868667e+01 1.027759827617628829e+01
1.024825659711218506e+01 1.024796822634736060e+01 1.024794106131346183e+01 1.024779523924199687e+01 1.024795788556414777e+01
1.021876390270024970e+01 1.021847036453444701e+01 1.021844270792214360e+01 1.021829427120181499e+01 1.021845983596289997e+01
1.018941313035442775e+01 1.018911441058608069e+01 1.018908626076817114e+01 1.018893520186559343e+01 1.018910369359537249e+01
1.016020384750708594e+01 1.015989993268923719e+01 1.015987128810273354e+01 1.015971759985384892e+01 1.015988902667329796e+01
1.013113562358538466e+01 1.013082650101514304e+01 1.013079736016027788e+01 1.013064103576512487e+01 1.013081540539226388e+01
1.010220803000624024e+01 1.010189368771423268e+01 1.010186404915349634e+01 1.010170508217099616e+01 1.010188240192670861e+01
1.007342064017132621e+01 1.007310106691115870e+01 1.007307092926832937e+01 1.007290931361105457e+01 1.007308959042491381e+01
1.004477302946205697e+01 1.004444821469979843e+01 1.004441757665897228e+01 1.004425330658795446e+01 1.004443654700401112e+01
1.001626477523459435e+01 1.001593470913826778e+01 1.001590356944289617e+01 1.001573663956242832e+01 1.001592284974500657e+01
9.987895456814861461e+00 9.987560130243956280e+00 9.987528487695888302e+00 9.987358892948345002e+00 9.987548078687806807e+00
9.959664655493545737e+00 9.959324059988571065e+00 9.959291913447094302e+00 9.959119649107764261e+00 9.959311815826268344e+00
9.931571954521141166e+00 9.931226082293191482e+00 9.931193430674081668e+00 9.931018492346034066e+00 9.931213645103259324e+00
9.903616939102947825e+00 9.903265783023320168e+00 9.903232625297897940e+00 9.903055008906850532e+00 9.903253152405703474e+00
9.875799196394112300e+00 9.875442749983955437e+00 9.875409085178134205e+00 9.875228786967355177e+00 9.875429925559654265e+00
9.848118315494637898e+00 9.847756572914640572e+00 9.847722400107999263e+00 9.847539416633225073e+00 9.847743554325360194e+00
9.820573887444430383e+00 9.820206843484555748e+00 9.820172161809402667e+00 9.819986489933778984e+00 9.820193630392331841e+00
9.793165505218318856e+00 9.792793155287586870e+00 9.792757963928032439e+00 9.792569600817090603e+00 9.792779747374440902e+00
9.765892763721092606e+00 9.765515103837419275e+00 9.765479402028455880e+00 9.765288345145112459e+00 9.765501500804999679e+00
9.738755259782543305e+00 9.738372286562627878e+00 9.738336073589213271e+00 9.738142320688794484e+00 9.738358488131856561e+00
9.711752592152484098e+00 9.711364302801756665e+00 9.711327577997909799e+00 9.711131127123209694e+00 9.711350308712482615e+00
9.684884361495790017e+00 9.684490753798423057e+00 9.684453516546318141e+00 9.684254366022681637e+00 9.684476563809065297e+00
9.658150170387436617e+00 9.657751242696404503e+00 9.657713492425475721e+00 9.657511640855934942e+00 9.657736856583618135e+00
9.631549623307531505e+00 9.631145374534753500e+00 9.631107110720808606e+00 9.630902556981222773e+00 9.631130792093074433e+00
9.605082326636349421e+00 9.604672756242887743e+00 9.604633978407225214e+00 9.604426721641477371e+00 9.604657977284407622e+00
9.578747888649383313e+00 9.578332996635712249e+00 9.578293704344236659e+00 9.578083743959462382e+00 9.578318020989724957e+00
9.552545919512361650e+00 9.552125706408714834e+00 9.552085899271087754e+00 9.551873234932919843e+00 9.552110533921391422e+00
9.526476031276308376e+00 9.526050498133090016e+00 9.526010175801850721e+00 9.525794807429738498e+00 9.526035128667139418e+00
9.500537837872570890e+00 9.500106986250843377e+00 9.500066148420568624e+00 9.499848076183102563e+00 9.500091419685189109e+00
9.474730955107864006e+00 9.474294787069919010e+00 9.474253433476375719e+00 9.474032657786661815e+00 9.474279023299370550e+00
9.449055000659317471e+00 9.448613518759319874e+00 9.448571649178617804e+00 9.448348170689701675e+00 9.448597557694247584e+00
9.423509594069511053e+00 9.423062801344226358e+00 9.423020415591997434e+00 9.422794235192307966e+00 9.423046642910239967e+00
9.398094356741534483e+00 9.397642256701129071e+00 9.397599354631701374e+00 9.397370473440558314e+00 9.397625900838761481e+00
9.372808911934024323e+00 9.372351508552958066e+00 9.372308090058542263e+00 9.372076509421683355e+00 9.372334955217352714e+00
9.347652884756220359e+00 9.347190182464220953e+00 9.347146247474103831e+00 9.346911968959272343e+00 9.347173431624813844e+00
9.322625902163020228e+00 9.322157905836137459e+00 9.322113454315882564e+00 9.321876479708443242e+00 9.322140957476355183e+00
9.297727592950034037e+00 9.297254307901786419e+00 9.297209339852443577e+00 9.296969671151048331e+00 9.297237162018735290e+00
9.272957587748642538e+00 9.272479019721242111e+00 9.272433535178569386e+00 9.272191174590870943e+00 9.272461676325415070e+00
9.248315519021067743e+00 9.247831674176744343e+00 9.247785673210424662e+00 9.247540623148818639e+00 9.247814133291704763e+00
9.223801021055425764e+00 9.223311905967829460e+00 9.223265388680713883e+00 9.223017651758141255e+00 9.223294167629932261e+00
9.199413729960809860e+00 9.198919351606505757e+00 9.198872318133858528e+00 9.198621897159638294e+00 9.198901415864597197e+00
9.175153283662357495e+00 9.174653649412416456e+00 9.174606099921152946e+00 9.174352997896882300e+00 9.174635516327544593e+00
9.151019321896335157e+00 9.150514439508006248e+00 9.150466374195962871e+00 9.150210594311428025e+00 9.150496109153134938e+00
9.127011486205219626e+00 9.126501363813696699e+00 9.126452782908893724e+00 9.126194328538053568e+00 9.126482836273421384e+00
9.103129419932773914e+00 9.102614066043061669e+00 9.102564969802989125e+00 9.102303844499994412e+00 9.102595341413335817e+00
9.079372768219185375e+00 9.078852191698036478e+00 9.078802580408913414e+00 9.078538787904170348e+00 9.078833270085878482e+00
9.055741177996084801e+00 9.055215388064056015e+00 9.055165262040159035e+00 9.054898806236439057e+00 9.055196269587302282e+00
9.032234297981744930e+00 9.031703304205322524e+00 9.031652663788264590e+00 9.031383548756863888e+00 9.031683988992339707e+00
9.008851778676080002e+00 9.008315590959918850e+00 9.008264436517979590e+00 9.007992666494917700e+00 9.008296079149355151e+00
8.985593272355897554e+00 8.985051900935122404e+00 8.985000232862541125e+00 8.984725812244809262e+00 8.985032192675621587e+00
8.962458433069876662e+00 8.961911888502520185e+00 8.961859707218838622e+00 8.961582640560692425e+00 8.961891983952478213e+00
8.939446916633839280e+00 8.938895209793331631e+00 8.938842515742713601e+00 8.938562807752012063e+00 8.938875109120619555e+00
8.916558380625753344e+00 8.916001522693532522e+00 8.915948316344127988e+00 8.915665971878715013e+00 8.915981226075267330e+00
8.893792484380997010e+00 8.893230486839193816e+00 8.893176768682470978e+00 8.892891792746617341e+00 8.893209994461470203e+00
8.871148888987388403e+00 8.870581763611616211e+00 8.870527534161753991e+00 8.870239931902622388e+00 8.870561075669286311e+00
8.848627257280483605e+00 8.848055016132718720e+00 8.848000275925912206e+00 8.847710052630084476e+00 8.848034132829095455e+00
8.826227253838595743e+00 8.825649909260139481e+00 8.825594658854042152e+00 8.825301819944083803e+00 8.825628830806810043e+00
8.803948544978108970e+00 8.803366109582665189e+00 8.803310349555717451e+00 8.803014900586788372e+00 8.803344836199205048e+00
8.781790798748518867e+00 8.781203285415339010e+00 8.781147016366213975e+00 8.780848963022732434e+00 8.781181817329125394e+00
8.759753684927741091e+00 8.759161106794874030e+00 8.759104329341854012e+00 8.758803677434194412e+00 8.759139444240835459e+00
8.737836875017178428e+00 8.737239245474816229e+00 8.737181960255240298e+00 8.736878715716485999e+00 8.737217388695240672e+00
8.716040042237079177e+00 8.715437374920979252e+00 8.715379582590603746e+00 8.715073751473331853e+00 8.715415324165233457e+00
8.694362861521579333e+00 8.693755170306593172e+00 8.693696871539081883e+00 8.693388460012206664e+00 8.693732925830961022e+00
8.672805009514137353e+00 8.672192308507817415e+00 8.672133503994075454e+00 8.671822518339730834e+00 8.672169870575194395e+00
8.651366164562551475e+00 8.650748468098857558e+00 8.650689158546553514e+00 8.650375605157009318e+00 8.650725836978599759e+00
8.630046006714373164e+00 8.629423329347455152e+00 8.629363515480438451e+00 8.629047400855082373e+00 8.629400505315148351e+00
8.608844217712007918e+00 8.608216574210100447e+00 8.608156256767884429e+00 8.607837587510225319e+00 8.608193557547370034e+00
8.587760480988109180e+00 8.587127886327490245e+00 8.587067066064681953e+00 8.586745848879411724e+00 8.587104677321764967e+00
8.566794481660695126e+00 8.566156951019753052e+00 8.566095628705580722e+00 8.565771870395671783e+00 8.566133549964115801e+00
8.545945906528588765e+00 8.545303455281956673e+00 8.545241631699692419e+00 8.544915339163543067e+00 8.545279862474886912e+00
8.525214444066531172e+00 8.524567087779329810e+00 8.524504763725838430e+00 8.524175943954453771e+00 8.524543303524561466e+00
8.504599784420651787e+00 8.503947538842801634e+00 8.503884715127968619e+00 8.503553375202194786e+00 8.503923563449077960e+00
8.484101619403597638e+00 8.483444500464226934e+00 8.483381177910532145e+00 8.483047324998311822e+00 8.483420334245156624e+00
8.463719642490017847e+00 8.463057666291948777e+00 8.462993845733908671e+00 8.462657487087609454e+00 8.463033309565773266e+00
8.443453548811719500e+00 8.442786731626050312e+00 8.442722413909795165e+00 8.442383556863546801e+00 8.442762184715501661e+00
8.423303035153161034e+00 8.422631393413912093e+00 8.422566579396660202e+00 8.422225231363766440e+00 8.422606656645990952e+00
8.403267799946631200e+00 8.402591350245497637e+00 8.402526040795148532e+00 8.402182209265497193e+00 8.402566423951345342e+00
8.383347543267767321e+00 8.382666302348933840e+00 8.382600498343538931e+00 8.382254190881102573e+00 8.382641186863597937e+00
8.363541966830744911e+00 8.362855951585800085e+00 8.362789653913184296e+00 8.362440878153510226e+00 8.362830647248118865e+00
8.343850773983815472e+00 8.343160001446729979e+00 8.343093211003973053e+00 8.342741974651763925e+00 8.343134508599115762e+00
8.324273669704522760e+00 8.323578157046725323e+00 8.323510874739797671e+00 8.323157185566476102e+00 8.323552476035040115e+00
8.304810360595253016e+00 8.304110125120768515e+00 8.304042351864024951e+00 8.303686217705397610e+00 8.304084256294112620e+00
8.285460554878481432e+00 8.284755614019159609e+00 8.284687350734989408e+00 8.284328779488886241e+00 8.284729557729761495e+00
8.266223962392317048e+00 8.265514333703144700e+00 8.265445581321479551e+00 8.265084580945494253e+00 8.265488090306149616e+00
8.247100294585795410e+00 8.246385995740267205e+00 8.246316755198243698e+00 8.245953333707451094e+00 8.246359565593632368e+00
8.228089264514437673e+00 8.227370313300014004e+00 8.227300585541497568e+00 8.226934751006272251e+00 8.227343696764306102e+00
8.209190586835543257e+00 8.208467001149193365e+00 8.208396787124449645e+00 8.208028547668256181e+00 8.208440198587480197e+00
8.190403977803784485e+00 8.189675775647584643e+00 8.189605076312826526e+00 8.189234440110103819e+00 8.189648787425255705e+00
8.171729155266520550e+00 8.170996354743341072e+00 8.170925171060403613e+00 8.170552146334440380e+00 8.170969181227993872e+00
8.153165838659397480e+00 8.152428457968664333e+00 8.152356790904560668e+00 8.151981385925449075e+00 8.152401099529916095e+00
8.134713749001690530e+00 8.133971806435207341e+00 8.133899656961828484e+00 8.133521880044408903e+00 8.133944263444607969e+00
8.116372608891920137e+00 8.115626122829775468e+00 8.115553491923455098e+00 8.115173351425337245e+00 8.115598395660621023e+00
8.098142142503219176e+00 8.097391131409752418e+00 8.097318020050977339e+00 8.096935524370559634e+00 8.097363220436989195e+00
8.080022075578952467e+00 8.079266557998804998e+00 8.079192967171783479e+00 8.078808124746352348e+00 8.079238463598860776e+00
8.062012135428117787e+00 8.061252129982339198e+00 8.061178060674732748e+00 8.060790879978535273e+00 8.061223852533027312e+00
8.044112050920974255e+00 8.043347576303199631e+00 8.043273029505716210e+00 8.042883519048134033e+00 8.043319116183560880e+00
8.026321552484464661e+00 8.025552627457170018e+00 8.025477604163286927e+00 8.025085772486976410e+00 8.025523985047371411e+00
8.008640372097858062e+00 8.007867015488676188e+00 8.007791516694245715e+00 8.007397372373381117e+00 8.007838191169863507e+00
7.991068243288197870e+00 7.990290473986295439e+00 7.990214500689292620e+00 7.989818052327762210e+00 7.990261468140499979e+00
7.973604901125950661e+00 7.972822738078480853e+00 7.972746291278612674e+00 7.972347547508339183e+00 7.972793551088469322e+00
7.956250082220481801e+00 7.955463544429091094e+00 7.955386625127555789e+00 7.954985594606752031e+00 7.955434176678281233e+00
7.939003524715714910e+00 7.938212631233124483e+00 7.938135240432235840e+00 7.937731931843779343e+00 7.938183083105439408e+00
7.921864968285628805e+00 7.921069738212269229e+00 7.920991876915219443e+00 7.920586298964984451e+00 7.921040010092053052e+00
7.904834154129925849e+00 7.904034606610641944e+00 7.903956275821144573e+00 7.903548437236430857e+00 7.904004698882525659e+00
7.887910824969556423e+00 7.887106979190365408e+00 7.887028179912422665e+00 7.886618089440350587e+00 7.887076892239182513e+00
7.871094725042393492e+00 7.870286600227312412e+00 7.870207333464874999e+00 7.869794999870873831e+00 7.870256334437971013e+00
7.854385600098781062e+00 7.853573215506706617e+00 7.853493482263446346e+00 7.853078914329707949e+00 7.853542771264104161e+00
7.837783197397214963e+00 7.836966572318867286e+00 7.836886373597850231e+00 7.836469580121878664e+00 7.836935950007775098e+00
7.821287265699917057e+00 7.820466419454839446e+00 7.820385756258306564e+00 7.819966746051427720e+00 7.820435619459813914e+00
7.804897555268523135e+00 7.804072507202139519e+00 7.803991380531192235e+00 7.803570162417162059e+00 7.804041529907417285e+00
7.788613817859680211e+00 7.787784587340407683e+00 7.787702998194794723e+00 7.787279581008365703e+00 7.787753433129816827e+00
7.772435806720737084e+00 7.771602413137159715e+00 7.771520362514977798e+00 7.771094755100561358e+00 7.771571082394019392e+00
7.756363276585369171e+00 7.755525739343458902e+00 7.755443228240944009e+00 7.755015439451231174e+00 7.755494232450494074e+00
7.740395983669272617e+00 7.739554322189672320e+00 7.739471351600914595e+00 7.739041390295595235e+00 7.739522639528918724e+00
7.724533685665811333e+00 7.723687919381162281e+00 7.723604490297903524e+00 7.723172365342342083e+00 7.723656061333885603e+00
7.708776141741717325e+00 7.707926290094052391e+00 7.707842403505408946e+00 7.707408123769413422e+00 7.707894257040655006e+00
7.693123112532758157e+00 7.692269194970930535e+00 7.692184851863203221e+00 7.691748426219750634e+00 7.692236987290870687e+00
7.677574360139439946e+00 7.676716396116619379e+00 7.676631597473027036e+00 7.676193034797088366e+00 7.676684014188333904e+00
7.662129648122698811e+00 7.661267657093906891e+00 7.661182403894397197e+00 7.660741713061713476e+00 7.661235101294721517e+00
7.646788741499608300e+00 7.645922742919307957e+00 7.645837036140309628e+00 7.645394226026264839e+00 7.645890013625368908e+00
7.631551406739091270e+00 7.630681420058820663e+00 7.630595260673056046e+00 7.630150340151503841e+00 7.630648517645009399e+00
7.616417411757622880e+00 7.615543456423691460e+00 7.615456845399937613e+00 7.615009823342122175e+00 7.615510381263555395e+00
7.601386525914969994e+00 7.600508621366179440e+00 7.600421559669093163e+00 7.599972444942524774e+00 7.600475373831855563e+00
7.586458520009899509e+00 7.585576685675333053e+00 7.585489174265219958e+00 7.585037975732640270e+00 7.585543266137480423e+00
7.571633166275926641e+00 7.570747421572769476e+00 7.570659461405410795e+00 7.570206187923719021e+00 7.570713830400491950e+00
7.556910238377032130e+00 7.556020602708446887e+00 7.555932194734881868e+00 7.555476855154144467e+00 7.555986840269235394e+00
7.542289511403426516e+00 7.541396004156463384e+00 7.541307149322824976e+00 7.540849752485244473e+00 7.541362070816117757e+00
7.527770761867270011e+00 7.526873402410835467e+00 7.526784101658137160e+00 7.526324656397110680e+00 7.526839298533410272e+00
7.513353767698452756e+00 7.512452575381300512e+00 7.512362829645279128e+00 7.511901344784410739e+00 7.512418301329029546e+00
7.499038308240312034e+00 7.498133302389102361e+00 7.498043112600019100e+00 7.497579596952215653e+00 7.498098858522352472e+00
7.484824164245436506e+00 7.483915364162808004e+00 7.483824731245289463e+00 7.483359193611823557e+00 7.483880750840000928e+00
7.470711117871378093e+00 7.469798542834093169e+00 7.469707467706945714e+00 7.469239916876589724e+00 7.469763760411663789e+00
7.456698952676471315e+00 7.455782621933567000e+00 7.455691105509622219e+00 7.455221550257753016e+00 7.455747670765889623e+00
7.442787453615549609e+00 7.441867386386560312e+00 7.441775429572501821e+00 7.441303878660272986e+00 7.441832266825910480e+00
7.428976407035770002e+00 7.428052622508964475e+00 7.427960226205171601e+00 7.427486688378662549e+00 7.428017334905445246e+00
7.415265600672340973e+00 7.414338118003015232e+00 7.414245283103403139e+00 7.413769767092831309e+00 7.414302662704524316e+00
7.401654823644345349e+00 7.400723661953139576e+00 7.400630389345010052e+00 7.400152903863915554e+00 7.400688039305299171e+00
7.388143866450480601e+00 7.387209044821747561e+00 7.387115335385630921e+00 7.386635889130127808e+00 7.387173255167870600e+00
7.374732520964884408e+00 7.373794058445078292e+00 7.373699913054593047e+00 7.373218514702593041e+00 7.373758102126102720e+00
7.361420580432878502e+00 7.360478496028995288e+00 7.360383915550700706e+00 7.359900573761199105e+00 7.360442373383455639e+00
7.348207839466799562e+00 7.347262152144837799e+00 7.347167137438091800e+00 7.346681860850433843e+00 7.347225863508800359e+00
7.335094094041747503e+00 7.334144822725218837e+00 7.334049374642042984e+00 7.333562171875238178e+00 7.334108368432253222e+00
7.322079141491418142e+00 7.321126305059876493e+00 7.321030424444818330e+00 7.320541304096845892e+00 7.321089685440997918e+00
7.309162780503857704e+00 7.308206397791473741e+00 7.308110085481478890e+00 7.307619056128637602e+00 7.308169613175114598e+00
7.296344811117291052e+00 7.295384900911452419e+00 7.295288157735731360e+00 7.294795227931979653e+00 7.295347951623408100e+00
7.283625034715889512e+00 7.282661615755838369e+00 7.282564442535741200e+00 7.282069620812078981e+00 7.282624502119237953e+00
7.271003254025587559e+00 7.270036345001082978e+00 7.269938742549980404e+00 7.269442037413823776e+00 7.269999067336344822e+00
7.258479273109863961e+00 7.257508892659883415e+00 7.257410861783041511e+00 7.256912281717634805e+00 7.257471451284681407e+00
7.246052897365549583e+00 7.245079064077011743e+00 7.244980605571477383e+00 7.244480159035305178e+00 7.245041459306237996e+00
7.233723933518615645e+00 7.232746665925144924e+00 7.232647780579628538e+00 7.232145476005852558e+00 7.232708898070871584e+00
