3.127495752761899794e+01 3.127495730810623087e+01 3.127495706949602905e+01 3.127495749991561880e+01 3.127495700949468116e+01
3.121984579340763233e+01 3.121984535500979874e+01 3.121984487875854697e+01 3.121984573805932683e+01 3.121984475933236780e+01
3.116488524443801467e+01 3.116488458769385161e+01 3.116488387495455115e+01 3.116488516149685140e+01 3.116488369668737590e+01
3.111005933254444145e+01 3.111005845843796180e+01 3.111005751011602527e+01 3.111005922204795837e+01 3.111005727359666295e+01
3.105535293234687444e+01 3.105535184145455219e+01 3.105535065864767574e+01 3.105535279431029494e+01 3.105535036447462360e+01
3.100075222966277977e+01 3.100075092274179056e+01 3.100074950657877082e+01 3.100075206407262840e+01 3.100074915543095244e+01
3.094624461946320437e+01 3.094624309735503687e+01 3.094624144914074648e+01 3.094624442627096172e+01 3.094624104151665378e+01
3.089181861125166151e+01 3.089181687475075222e+01 3.089181499564351796e+01 3.089181839036811894e+01 3.089181453217747730e+01
3.083746374158015513e+01 3.083746179151417977e+01 3.083745968276537042e+01 3.083746349287019939e+01 3.083745916405644749e+01
3.078317049359464619e+01 3.078316833080324244e+01 3.078316599365732742e+01 3.078317021687248101e+01 3.078316542031986458e+01
3.072893022261404283e+01 3.072892784793988952e+01 3.072892528366858400e+01 3.072892991763868764e+01 3.072892465631502290e+01
3.067473508747692534e+01 3.067473250176484711e+01 3.067472971164843898e+01 3.067473475394795202e+01 3.067472903089305092e+01
3.062057798716719148e+01 3.062057519125882266e+01 3.062057217658945518e+01 3.062057762472080924e+01 3.062057144304783307e+01
3.056645250232217847e+01 3.056644949705183834e+01 3.056644625912703717e+01 3.056645211052743605e+01 3.056644547341491602e+01
3.051235284123442071e+01 3.051234962742710977e+01 3.051234616754976159e+01 3.051235241958965005e+01 3.051234533028302920e+01
3.045827379001891799e+01 3.045827036848595881e+01 3.045826668795844228e+01 3.045827333794834502e+01 3.045826579975297221e+01
3.040421066660892180e+01 3.040420703814477932e+01 3.040420313826917464e+01 3.040421018345932325e+01 3.040420219974032889e+01
3.035015927829675064e+01 3.035015544367725937e+01 3.035015132575027152e+01 3.035015876333438101e+01 3.035015033751245284e+01
3.029611588254611831e+01 3.029611184252325629e+01 3.029610750783565365e+01 3.029611533495363673e+01 3.029610647050260397e+01
3.024207715081759673e+01 3.024207290611919063e+01 3.024206835595204623e+01 3.024207656969115021e+01 3.024206727013552509e+01
3.018804013518838758e+01 3.018803568651334146e+01 3.018803092213633832e+01 3.018803951953481146e+01 3.018802978844750484e+01
3.013400223753993856e+01 3.013399758555670971e+01 3.013399260822599501e+01 3.013400158627396053e+01 3.013399142727292812e+01
3.007996118112439277e+01 3.007995632646830586e+01 3.007995113742779481e+01 3.007996049306601094e+01 3.007994990981378081e+01
3.002591498432603956e+01 3.002590992759608923e+01 3.002590452808809118e+01 3.002591425819792548e+01 3.002590325439686580e+01
2.997186193644508378e+01 2.997185667820720312e+01 2.997185106942422550e+01 2.997186117087011326e+01 2.997184975026284803e+01
2.991780057535687831e+01 2.991779511615240494e+01 2.991778929924286956e+01 2.991779976885569425e+01 2.991778793522410140e+01
2.986372966689475206e+01 2.986372400719420739e+01 2.986371798332168481e+01 2.986372881788341260e+01 2.986371657505875632e+01
2.980964818583008125e+01 2.980964232605689546e+01 2.980963609635681877e+01 2.980964729261781798e+01 2.980963464444888444e+01
2.975555529834021229e+01 2.975554923886564751e+01 2.975554280443576616e+01 2.975555435912723468e+01 2.975554130946472142e+01
2.970145034578233378e+01 2.970144408693213833e+01 2.970143744884875048e+01 2.970144935865763003e+01 2.970143591140012873e+01
2.964733282977653417e+01 2.964732637184388508e+01 2.964731953114889151e+01 2.964733179271586039e+01 2.964731795180929197e+01
2.959320239846629619e+01 2.959319574168714340e+01 2.959318869938957874e+01 2.959320130933041071e+01 2.959318707873680765e+01
2.953905883379471931e+01 2.953905197834534135e+01 2.953904473541916786e+01 2.953905769032720841e+01 2.953904307403042040e+01
2.948490203978969504e+01 2.948489498579234436e+01 2.948488754317233429e+01 2.948490083961530672e+01 2.948488584162490511e+01
2.943073203176800234e+01 2.943072477928629738e+01 2.943071713787318089e+01 2.943073077239095880e+01 2.943071539674015114e+01
2.937654892639093518e+01 2.937654147542297878e+01 2.937653363608020740e+01 2.937654760519318131e+01 2.937653185592823135e+01
2.932235293247724073e+01 2.932234528296069698e+01 2.932233724651068485e+01 2.932235154671700528e+01 2.932233542790288894e+01
2.926814434254606567e+01 2.926813649435846187e+01 2.926812826158148084e+01 2.926814288935627317e+01 2.926812640507716168e+01
2.921392352503444911e+01 2.921391547798580390e+01 2.921390704962109197e+01 2.921392200142139473e+01 2.921390515577559910e+01
2.915969091710837802e+01 2.915968267094545752e+01 2.915967404768819904e+01 2.915968931995042013e+01 2.915967211705327600e+01
2.910544701805642376e+01 2.910543857245652788e+01 2.910542975495665630e+01 2.910544534410272277e+01 2.910542778807911191e+01
2.905119238319370112e+01 2.905118373776518226e+01 2.905117472662761458e+01 2.905119062906317495e+01 2.905117272405103890e+01
2.899692761825614085e+01 2.899691877253848205e+01 2.899690956832104050e+01 2.899692578043631741e+01 2.899690753058492376e+01
2.894265337423976092e+01 2.894264432769937301e+01 2.894263493091263229e+01 2.894265144908588283e+01 2.894263285855089762e+01
2.888837034264451731e+01 2.888836109467657565e+01 2.888835150578255551e+01 2.888836832637868568e+01 2.888834939932642243e+01
2.883407925110914860e+01 2.883406980103486461e+01 2.883406002044604932e+01 2.883407713981949883e+01 2.883405788042193407e+01
2.877978085938623920e+01 2.877977120645249087e+01 2.877976123453205659e+01 2.877977864902632987e+01 2.877975906146098595e+01
2.872547595564673628e+01 2.872546609902494197e+01 2.872545593608523973e+01 2.872547364203487064e+01 2.872545373048517092e+01
2.867116535308323932e+01 2.867115529186805745e+01 2.867114493816985998e+01 2.867116293190200693e+01 2.867114270055367697e+01
2.861684988678420183e+01 2.861683961999417747e+01 2.861682907574693147e+01 2.861684735358004872e+01 2.861682680662251954e+01
2.856253041087017408e+01 2.856251993744490036e+01 2.856250920280604078e+01 2.856252776105306879e+01 2.856250690267736658e+01
2.850820779585816567e+01 2.850819711465929984e+01 2.850818618973296736e+01 2.850820502470138962e+01 2.850818385909902020e+01
2.845388292624668836e+01 2.845387203605681847e+01 2.845386092089440311e+01 2.845388002888662982e+01 2.845385856024934768e+01
2.839955669830085583e+01 2.839954559782181676e+01 2.839953429242187966e+01 2.839955366973697792e+01 2.839953190225529767e+01
2.834523001801889208e+01 2.834521870587324699e+01 2.834520721018004252e+01 2.834522685311376833e+01 2.834520479097654899e+01
2.829090379927408705e+01 2.829089227400297091e+01 2.829088058790740945e+01 2.829090049275347951e+01 2.829087814014654612e+01
2.823657896210929508e+01 2.823656722217250703e+01 2.823655534551852497e+01 2.823657550856239595e+01 2.823655286966848621e+01
2.818225643117911972e+01 2.818224447495791196e+01 2.818223240753333059e+01 2.818225282505877871e+01 2.818222990405599049e+01
2.812793713432578713e+01 2.812792496012475851e+01 2.812791270164783697e+01 2.812793336994891291e+01 2.812791017101299218e+01
2.807362200127629848e+01 2.807360960731234201e+01 2.807359715744843598e+01 2.807361807282430632e+01 2.807359460013100261e+01
2.801931196245675082e+01 2.801929934685593082e+01 2.801928670522833897e+01 2.801930786397607775e+01 2.801928412168815186e+01
2.796500794791257860e+01 2.796499510871447214e+01 2.796498227489591315e+01 2.796500367331530157e+01 2.796497966557674175e+01
2.791071088631880670e+01 2.791069782148094447e+01 2.791068479498581922e+01 2.791070642938342061e+01 2.791068216032676474e+01
2.785642170407418305e+01 2.785640841147877822e+01 2.785639519176619316e+01 2.785641705844613725e+01 2.785639253220745104e+01
2.780214132449583531e+01 2.780212780194763411e+01 2.780211438842633953e+01 2.780213648368860646e+01 2.780211170440276902e+01
2.774787066708954342e+01 2.774785691230858475e+01 2.774784330433549329e+01 2.774786562448554150e+01 2.774784059627160104e+01
2.769361064687811691e+01 2.769359665749788846e+01 2.769358285437433764e+01 2.769360539572964086e+01 2.769358012268929059e+01
2.763936217378659421e+01 2.763934794735631684e+01 2.763933394833216894e+01 2.763935670721688709e+01 2.763933119344448031e+01
2.758512615209794916e+01 2.758511168608772124e+01 2.758509749036283765e+01 2.758512046310237054e+01 2.758509471268519775e+01
2.753090347997217791e+01 2.753088877176892169e+01 2.753087437849359276e+01 2.753089756141947220e+01 2.753087157843123123e+01
2.747669504900563808e+01 2.747668009591043869e+01 2.747666550418512088e+01 2.747668889363919931e+01 2.747666268213554019e+01
2.742250174382926531e+01 2.742248654306152744e+01 2.742247175193665498e+01 2.742249534426847646e+01 2.742246890829190420e+01
2.736832444176026513e+01 2.736830899045819976e+01 2.736829399893583314e+01 2.736831779050195834e+01 2.736829113408279213e+01
2.731416401249095571e+01 2.731414830771210944e+01 2.731413311474686978e+01 2.731415710191092217e+01 2.731413022906663457e+01
2.726002131781420346e+01 2.726000535653453838e+01 2.725998996103433214e+01 2.726001414016874946e+01 2.725998705490118112e+01
2.720589721137961448e+01 2.720588099049352593e+01 2.720586539132029102e+01 2.720588975880719573e+01 2.720586246510201178e+01
2.715179253848030072e+01 2.715177605480135270e+01 2.715176025077199284e+01 2.715178480300320984e+01 2.715175730482999938e+01
2.709770813586838756e+01 2.709769138613005524e+01 2.709767537601759813e+01 2.709770010939452689e+01 2.709767241070677102e+01
2.704364483159670840e+01 2.704362781245273339e+01 2.704361159498758838e+01 2.704363650592140189e+01 2.704360861065589816e+01
2.698960344488369856e+01 2.698958615290855434e+01 2.698956972677899913e+01 2.698959481169154628e+01 2.698956672376779409e+01
2.693558478599960537e+01 2.693556721768910833e+01 2.693555058154262838e+01 2.693557583686644818e+01 2.693554756018634677e+01
2.688158965617295593e+01 2.688157180794449275e+01 2.688155496038921655e+01 2.688158038256785431e+01 2.688155192101530133e+01
2.682761884751492332e+01 2.682760071570820060e+01 2.682758365531401168e+01 2.682760924080220377e+01 2.682758059824280394e+01
2.677367314296052925e+01 2.677365472383818812e+01 2.677363744913798982e+01 2.677366319440189102e+01 2.677363437468276075e+01
2.671975331622509486e+01 2.671973460597327943e+01 2.671971711546433426e+01 2.671974301698175935e+01 2.671971402393082329e+01
2.666586013177456493e+01 2.666584112650356175e+01 2.666582341864897643e+01 2.666584947290947838e+01 2.666582031033529177e+01
2.661199434480858628e+01 2.661197504055347807e+01 2.661195711378347539e+01 2.661198331728867927e+01 2.661195398898009756e+01
2.655815670125522487e+01 2.655813709397659039e+01 2.655811894668993389e+01 2.655814529595371454e+01 2.655811580567963759e+01
2.650434793777631981e+01 2.650432802336098703e+01 2.650430965392730798e+01 2.650433614547505812e+01 2.650430649698411756e+01
2.645056878178250415e+01 2.645054855604426081e+01 2.645052996280638169e+01 2.645055659317437602e+01 2.645052679019466524e+01
2.639681995145702231e+01 2.639679941013757869e+01 2.639678059141296984e+01 2.639680735714838633e+01 2.639677740338720113e+01
2.634310215578753755e+01 2.634308129455916969e+01 2.634306224863342294e+01 2.634308914630071641e+01 2.634305904544623900e+01
2.628941609460521533e+01 2.628939490907066912e+01 2.628937563420209500e+01 2.628940266038102536e+01 2.628937241610071496e+01
2.623576245863037926e+01 2.623574094431784687e+01 2.623572143874809015e+01 2.623574859003069548e+01 2.623571820596885829e+01
2.618214192952630981e+01 2.618212008189199480e+01 2.618210034384436469e+01 2.618212761683668788e+01 2.618209709661454454e+01
2.612855517995185650e+01 2.612853299438376808e+01 2.612851302206412285e+01 2.612854041338415456e+01 2.612850976059546326e+01
2.607500287362359259e+01 2.607498034544237342e+01 2.607496013704343341e+01 2.607498764331862873e+01 2.607495686153829340e+01
2.602148566538689067e+01 2.602146278984735872e+01 2.602144234354421570e+01 2.602146996141718915e+01 2.602143905419799097e+01
2.596800420127675224e+01 2.596798097357510215e+01 2.596796028752700281e+01 2.596798801364943188e+01 2.596795698452872614e+01
2.591455911860400008e+01 2.591453553387068709e+01 2.591451460622351988e+01 2.591454243726337126e+01 2.591451128975474560e+01
2.586115104602549408e+01 2.586112709932290343e+01 2.586110592821750132e+01 2.586113386085596133e+01 2.586110259844785020e+01
2.580778060362326087e+01 2.580775628994824444e+01 2.580773487352180595e+01 2.580776290445225030e+01 2.580773153060814451e+01
2.575444840298646554e+01 2.575442371727487156e+01 2.575440205365775626e+01 2.575443017958715330e+01 2.575439869774595891e+01
2.570115504729380262e+01 2.570112998442064622e+01 2.570110807174030043e+01 2.570113628938809569e+01 2.570110470296786787e+01
2.564790113140128369e+01 2.564787568618105595e+01 2.564785352256410178e+01 2.564788182866276145e+01 2.564785014105789429e+01
2.559468724192750244e+01 2.559466140911825605e+01 2.559463899269159981e+01 2.559466738398447916e+01 2.559463559856929393e+01
2.554151395734918495e+01 2.554148773164759234e+01 2.554146506054188137e+01 2.554149353378756970e+01 2.554146165390974943e+01
2.548838184808273866e+01 2.548835522412822741e+01 2.548833229648016285e+01 2.548836084844909067e+01 2.548832887743319020e+01
2.543529147657922707e+01 2.543526444895439198e+01 2.543524126290898479e+01 2.543526989038386787e+01 2.543523783153095152e+01
2.538224339741568514e+01 2.538221596064712671e+01 2.538219251435972623e+01 2.538222121413566157e+01 2.538218907072280572e+01
2.532923815738637785e+01 2.532921030594637202e+01 2.532918659758471236e+01 2.532921536646858129e+01 2.532918314174913732e+01
2.527627629559626143e+01 2.527624802390333514e+01 2.527622405164983022e+01 2.527625288646059332e+01 2.527622058366445046e+01
2.522335834355381934e+01 2.522332964597393357e+01 2.522330540802787269e+01 2.522333430559623935e+01 2.522330192792983539e+01
2.517048482526468334e+01 2.517045569611191169e+01 2.517043119069197843e+01 2.517046014786038910e+01 2.517042769850623785e+01
2.511765625732469331e+01 2.511762669086213151e+01 2.511760191620880533e+01 2.511763092983128232e+01 2.511759841194792386e+01
2.506487314901316310e+01 2.506484313945384912e+01 2.506481809383189230e+01 2.506484716077379105e+01 2.506481457749589836e+01
2.501213600238613566e+01 2.501210554389414398e+01 2.501208022559492505e+01 2.501210934273273523e+01 2.501207669717102178e+01
2.495944531236928654e+01 2.495941439906071579e+01 2.495938880640466451e+01 2.495941797062575063e+01 2.495938526586708761e+01
2.490680156685068170e+01 2.490677019279461035e+01 2.490674432413366546e+01 2.490677353233608216e+01 2.490674077144362286e+01
2.485420524677321907e+01 2.485417340599275349e+01 2.485414725971269334e+01 2.485417650880506457e+01 2.485414369481809160e+01
2.480165682622643075e+01 2.480162451269962531e+01 2.480159808722278214e+01 2.480162737412387131e+01 2.480159451005784987e+01
2.474915677253783741e+01 2.474912398019874971e+01 2.474909727398653558e+01 2.474912659562496486e+01 2.474909368447190516e+01
2.469670554636445203e+01 2.469667226910374325e+01 2.469664528065909082e+01 2.469667463397351170e+01 2.469664167870148219e+01
2.464430360178233670e+01 2.464426983344866073e+01 2.464424256131846747e+01 2.464427194325704562e+01 2.464423894681046079e+01
2.459195138637652178e+01 2.459191712077744540e+01 2.459188956355497879e+01 2.459191897107532299e+01 2.459188593637509967e+01
2.453964934133049880e+01 2.453961457223302034e+01 2.453958672856062861e+01 2.453961615862981915e+01 2.453958308857339787e+01
2.448739790151401863e+01 2.448736262264593933e+01 2.448733449121748151e+01 2.448736394081161549e+01 2.448733083827271528e+01
2.443519749557066234e+01 2.443516170062163440e+01 2.443513328018437392e+01 2.443516274628892049e+01 2.443512961411661166e+01
2.438304854600496085e+01 2.438301222862714468e+01 2.438298351798717079e+01 2.438301299759408636e+01 2.438297983861605900e+01
2.433095146926858376e+01 2.433091462307579889e+01 2.433088562109949393e+01 2.433091511121005013e+01 2.433088192822620499e+01
2.427890667584493656e+01 2.427886929441760699e+01 2.427884000003474441e+01 2.427886949765471414e+01 2.427883629344727012e+01
2.422691457033374007e+01 2.422687664721317446e+01 2.422684705942147687e+01 2.422687656156562852e+01 2.422684333888845742e+01
2.417497555153535771e+01 2.417493708023444654e+01 2.417490719809676136e+01 2.417493670178423315e+01 2.417490346337546825e+01
2.412309001253236929e+01 2.412305098652567281e+01 2.412302080917868352e+01 2.412305031143759138e+01 2.412301706000653567e+01
2.407125834077169557e+01 2.407121875350892992e+01 2.407118828015803658e+01 2.407121777802036178e+01 2.407118451626064726e+01
2.401948091814601938e+01 2.401944076304127051e+01 2.401940999297021762e+01 2.401943948347621216e+01 2.401940621405324094e+01
2.396775812107280501e+01 2.396771739151500924e+01 2.396768632408387489e+01 2.396771580427693138e+01 2.396768252983909520e+01
2.391609032057256101e+01 2.391604900992043525e+01 2.391601764457115209e+01 2.391604711150079510e+01 2.391601383467158115e+01
2.386447788235274459e+01 2.386443598393642418e+01 2.386440432019557889e+01 2.386443377091599061e+01 2.386440049429827326e+01
2.381292116687295035e+01 2.381287867399859692e+01 2.381284671147922438e+01 2.381287614304666533e+01 2.381284286922288373e+01
2.376142052944292615e+01 2.376137743538302516e+01 2.376134517378979538e+01 2.376137458326980578e+01 2.376134131479538780e+01
2.370997632026725199e+01 2.370993261827576148e+01 2.370990005740480910e+01 2.370992944186106399e+01 2.370989618127572740e+01
2.365858888455666431e+01 2.365854456785217508e+01 2.365851170759777844e+01 2.365854106410514746e+01 2.365850781391813484e+01
2.360725856256195954e+01 2.360721362434726700e+01 2.360718046469933640e+01 2.360720979032998201e+01 2.360717655303697526e+01
2.355598568968314410e+01 2.355594012313006047e+01 2.355590666418281032e+01 2.355593595601672163e+01 2.355590273408497026e+01
2.350477059651277045e+01 2.350472439477522002e+01 2.350469063672287007e+01 2.350471989184065080e+01 2.350468668772138159e+01
2.345361360892414737e+01 2.345356676513221572e+01 2.345353270827962078e+01 2.345356192376337034e+01 2.345352873988417031e+01
2.340251504813360484e+01 2.340246755539843448e+01 2.340243320015563100e+01 2.340246237309048993e+01 2.340242921186068514e+01
2.335147523077122855e+01 2.335142708218338825e+01 2.335139242907776236e+01 2.335142155654651219e+01 2.335138842035420481e+01
2.330049446895217713e+01 2.330044565758301189e+01 2.330041070725177477e+01 2.330043978634251900e+01 2.330040667755619666e+01
2.324957307033669807e+01 2.324952358923974671e+01 2.324948834244371199e+01 2.324951737023944887e+01 2.324948429120818716e+01
2.319871133820793929e+01 2.319866118041696623e+01 2.319862563803209810e+01 2.319865461162284959e+01 2.319862156467455350e+01
2.314790957152148465e+01 2.314785873005550343e+01 2.314782289308741881e+01 2.314785180955522037e+01 2.314781879699975065e+01
2.309716806498955677e+01 2.309711653284793798e+01 2.309708040242230709e+01 2.309710925885766386e+01 2.309707628298276560e+01
2.304648710912191945e+01 2.304643487929114087e+01 2.304639845666986631e+01 2.304642725015294857e+01 2.304639431322986454e+01
2.299586699031333126e+01 2.299581405576142856e+01 2.299577734233173842e+01 2.299580606995116128e+01 2.299577317422911094e+01
2.294530799087975836e+01 2.294525434456350865e+01 2.294521734185475736e+01 2.294524600068734799e+01 2.294521314839953874e+01
2.289481038914562916e+01 2.289475602400499810e+01 2.289471873367709520e+01 2.289474732080762465e+01 2.289471451416599734e+01
2.284437445947783729e+01 2.284431936844251609e+01 2.284428179230352640e+01 2.284431030480399016e+01 2.284427754600483240e+01
2.279400047237064442e+01 2.279394464835588252e+01 2.279390678834972661e+01 2.279393522329907995e+01 2.279390251451845373e+01
2.274368869448185748e+01 2.274363213039135090e+01 2.274359398861588843e+01 2.274362234308056685e+01 2.274358968647792167e+01
2.269343938870753163e+01 2.269338207743505720e+01 2.269334365612931137e+01 2.269337192718018770e+01 2.269333932489722372e+01
2.264325281422809866e+01 2.264319474865362380e+01 2.264315605021645084e+01 2.264318423491403820e+01 2.264315168907316789e+01
2.259312922656914679e+01 2.259307039956696883e+01 2.259303142654384189e+01 2.259305952194911526e+01 2.259302703465879958e+01
2.254306887765757139e+01 2.254300928208656885e+01 2.254297003718852821e+01 2.254299804035419896e+01 2.254296561370098928e+01
2.249307201587034299e+01 2.249301164458715263e+01 2.249297213067733736e+01 2.249300003865330311e+01 2.249296767471290437e+01
2.244313888609800500e+01 2.244307773194298861e+01 2.244303795205579277e+01 2.244306576188502333e+01 2.244303346270950428e+01
2.239326972978444985e+01 2.239320778559835645e+01 2.239316774292577961e+01 2.239319545164585890e+01 2.239316321927881148e+01
2.234346478499496413e+01 2.234340204360205817e+01 2.234336174151290066e+01 2.234338934615514205e+01 2.234335718261553083e+01
2.229372428644954596e+01 2.229366074067651127e+01 2.229362018270264656e+01 2.229364768029083166e+01 2.229361558759105222e+01
2.224404846559336590e+01 2.224398410825057226e+01 2.224394329810616711e+01 2.224397068565799529e+01 2.224393866578539303e+01
2.219443755062534862e+01 2.219437237452726919e+01 2.219433131609505594e+01 2.219435859061954019e+01 2.219432664555572643e+01
2.214489176656963920e+01 2.214482576451511164e+01 2.214478446186549832e+01 2.214481162036561912e+01 2.214477975206692761e+01
2.209541133530160550e+01 2.209534450009426365e+01 2.209530295747173412e+01 2.209532999694043554e+01 2.209529820735843586e+01
2.204599647561762055e+01 2.204592880004655697e+01 2.204588702188862115e+01 2.204591393931245236e+01 2.204588223037369588e+01
2.199664740326157997e+01 2.199657888012004037e+01 2.199653687104379429e+01 2.199656366339840829e+01 2.199653203702486337e+01
2.194736433098807282e+01 2.194729495305784184e+01 2.194725271787867626e+01 2.194727938213162588e+01 2.194724784022265140e+01
2.189814746859601158e+01 2.189807722866085626e+01 2.189803477237936846e+01 2.189806130548906538e+01 2.189802984993627888e+01
2.184899702297996527e+01 2.184892591381628435e+01 2.184888324163613404e+01 2.184890964054912743e+01 2.184887827322619458e+01
2.179991319817313666e+01 2.179984121255697360e+01 2.179979832987309862e+01 2.179982459152865459e+01 2.179979331429838041e+01
2.175089619538790231e+01 2.175082332609141034e+01 2.175078023850618081e+01 2.175080635982876487e+01 2.175077517453972220e+01
2.170194621306532312e+01 2.170187245285842437e+01 2.170182916617167379e+01 2.170185514407971894e+01 2.170182405256723968e+01
2.165306344690775120e+01 2.165298878855933040e+01 2.165294530878264467e+01 2.165297114017749180e+01 2.165294014426565639e+01
2.160424808993264634e+01 2.160417252620795381e+01 2.160412885955642537e+01 2.160415454133408986e+01 2.160412364283201470e+01
2.155550033249922848e+01 2.155542385616468692e+01 2.155538000906951623e+01 2.155540553810709881e+01 2.155537473881506116e+01
2.150682036236480599e+01 2.150674296618224091e+01 2.150669894528403603e+01 2.150672431845354637e+01 2.150669362015572261e+01
2.145820836470713289e+01 2.145813004144125458e+01 2.145808585360111564e+01 2.145811106775429877e+01 2.145808047222788773e+01
2.140966452218180294e+01 2.140958526459219868e+01 2.140954091688638172e+01 2.140956596886970686e+01 2.140953547787519895e+01
2.136118901494187128e+01 2.136110881579221044e+01 2.136106431552187246e+01 2.136108920216057072e+01 2.136105881745288215e+01
2.131278202069460548e+01 2.131270087274349478e+01 2.131265622743054422e+01 2.131268094554410908e+01 2.131265066886123094e+01
2.126444371472092243e+01 2.126436161073111464e+01 2.126431682812677337e+01 2.126434137451276740e+01 2.126431120758816817e+01
2.121617426992768429e+01 2.121609120265821602e+01 2.121604629073993920e+01 2.121607066218908244e+01 2.121604060673981351e+01
2.116797385687191024e+01 2.116788981908453593e+01 2.116784478606348685e+01 2.116786897934537848e+01 2.116783903708346770e+01
2.111984264380373588e+01 2.111975762825872849e+01 2.111971248257764699e+01 2.111973649445244305e+01 2.111970666707559019e+01
2.107178079669844450e+01 2.107169479615737373e+01 2.107164954649708832e+01 2.107167337370544402e+01 2.107164366290496460e+01
2.102378847929008288e+01 2.102370148651468185e+01 2.102365614179281295e+01 2.102367978106316215e+01 2.102365018851838840e+01
2.097586585310949303e+01 2.097577786086178264e+01 2.097573243023841627e+01 2.097575587828100296e+01 2.097572640566377444e+01
2.092801307751078355e+01 2.092792407855408143e+01 2.092787857143117591e+01 2.092790182494181295e+01 2.092787247391383332e+01
2.088023030971335459e+01 2.088014029681064088e+01 2.088009472283696866e+01 2.088011777849410677e+01 2.088008855070893688e+01
2.083251770482316445e+01 2.083242667073941234e+01 2.083238103981057421e+01 2.083240389427650996e+01 2.083237479137899939e+01
2.078487541587705678e+01 2.078478335337655025e+01 2.078473767563928121e+01 2.078476032555936470e+01 2.078473134918593246e+01
2.073730359386035715e+01 2.073721049570973207e+01 2.073716478156242360e+01 2.073718722356451849e+01 2.073715837534397366e+01
2.068980238775219860e+01 2.068970824671723463e+01 2.068966250681368635e+01 2.068968473750883064e+01 2.068965601906155172e+01
2.064237194454067037e+01 2.064227675338958079e+01 2.064223099863997390e+01 2.064225301462070306e+01 2.064222442756027931e+01
2.059501240926801913e+01 2.059491616076822851e+01 2.059487040234237298e+01 2.059489220018425115e+01 2.059486374611608639e+01
2.054772392504471767e+01 2.054762661196569340e+01 2.054758086129437089e+01 2.054760243755372073e+01 2.054757411807703704e+01
2.050050663309252030e+01 2.050040824820376528e+01 2.050036251698153222e+01 2.050038386819723613e+01 2.050035568490363858e+01
2.045336067276113923e+01 2.045326120883227006e+01 2.045321550901926599e+01 2.045323663171078721e+01 2.045320858618566362e+01
2.040628618156402752e+01 2.040618563136668939e+01 2.040613997519076506e+01 2.040616086585887956e+01 2.040613295968149643e+01
2.035928329520177726e+01 2.035918165150572534e+01 2.035913605146486205e+01 2.035915670659190013e+01 2.035912894133409168e+01
2.031235214758982721e+01 2.031224940316823790e+01 2.031220387203201483e+01 2.031222428807953762e+01 2.031219666530933310e+01
2.026549287088712958e+01 2.026538901850973318e+01 2.026534356932228320e+01 2.026536374273435470e+01 2.026533626401121424e+01
2.021870559551770441e+01 2.021860062795854773e+01 2.021855527403942787e+01 2.021857520123775487e+01 2.021854786811908866e+01
2.017199045020289816e+01 2.017188436023138465e+01 2.017183911517898665e+01 2.017185879256833658e+01 2.017183160660244923e+01
2.012534756197834795e+01 2.012524034236866299e+01 2.012519522006060768e+01 2.012521464402218641e+01 2.012518760675639840e+01
2.007877705622844644e+01 2.007866869974922608e+01 2.007862371434612214e+01 2.007864288124443419e+01 2.007861599421716647e+01
2.003227905670004105e+01 2.003216955612481343e+01 2.003212472207021122e+01 2.003214362824534689e+01 2.003211689299447684e+01
1.998585368553793629e+01 1.998574303363401228e+01 1.998569836565850011e+01 1.998571700743380930e+01 1.998569042548884056e+01
1.993950106329642580e+01 1.993938925283581298e+01 1.993934476595657657e+01 1.993936313963041229e+01 1.993933671252056072e+01
1.989322130897489416e+01 1.989310833272289969e+01 1.989306404224807068e+01 1.989308214410181819e+01 1.989305587334859382e+01
1.984701454002806642e+01 1.984690039075424295e+01 1.984685631228215641e+01 1.984687413857183813e+01 1.984684802569656981e+01
1.980088087240059025e+01 1.980076554286782198e+01 1.980072169229154255e+01 1.980073923925581880e+01 1.980071328577293599e+01
1.975482042053858223e+01 1.975470390351211947e+01 1.975466029701853188e+01 1.975467756087052607e+01 1.975465176829426284e+01
1.970883329741893775e+01 1.970871558565881543e+01 1.970867223973292681e+01 1.970868921666751206e+01 1.970866358650643946e+01
1.966291961456605719e+01 1.966280070083221077e+01 1.966275763225668172e+01 1.966277431844428847e+01 1.966274885220559199e+01
1.961707948207452290e+01 1.961695935912296562e+01 1.961691658498171975e+01 1.961693297657253510e+01 1.961690767576003580e+01
1.957131300863039414e+01 1.957119166921485132e+01 1.957114920689324933e+01 1.957116530001430021e+01 1.957114016612909779e+01
1.952562030152860828e+01 1.952549773839971436e+01 1.952545560558743176e+01 1.952547139634384621e+01 1.952544643088562637e+01
1.948000146669741639e+01 1.947987767260168113e+01 1.947983588729347204e+01 1.947985137176818426e+01 1.947982657623294855e+01
1.943445660871186931e+01 1.943433157639316633e+01 1.943429015689110173e+01 1.943430533114386094e+01 1.943428070702773880e+01
1.938898583082024274e+01 1.938885955301676489e+01 1.938881851793149025e+01 1.938883337800050910e+01 1.938880892679533829e+01
1.934358923495469185e+01 1.934346170440210244e+01 1.934342107265452881e+01 1.934343561455387928e+01 1.934341133775283339e+01
1.929826692175869240e+01 1.929813813118567722e+01 1.929809792200863328e+01 1.929811214173126288e+01 1.929808804082290763e+01
1.925301899059582311e+01 1.925288893272833946e+01 1.925284916566781490e+01 1.925286305918182350e+01 1.925283913565697702e+01
1.920784553957738439e+01 1.920771420713328226e+01 1.920767490205039607e+01 1.920768846530298291e+01 1.920766472064778796e+01
1.916274666557002959e+01 1.916261405126403972e+01 1.916257522833588567e+01 1.916258845724892623e+01 1.916256489295246013e+01
1.911772246422280119e+01 1.911758856076077251e+01 1.911755024048266449e+01 1.911756313095719761e+01 1.911753974850397597e+01
