1.514888158170212940e+00
8.175524678073262663e-01
1.108509338335552430e+00
9.059670648271825888e-01
1.514888158170212940e+00
8.175524678073262663e-01
1.108509338335552430e+00
9.059670648271825888e-01
9.004127396025907615e+00
3.612793555013312646e-03
2.087561430898011938e+00
9.636262945119591916e-02
1.050350711304498114e-01
9.359399185577384423e-04
1.317902089549553235e+00
1.205585639633096392e-03
4.739041519382089507e-01
6.838194989367366592e-04
8.918227024871090425e-01
7.805140367140089505e-04
6.231610767560077591e+00
5.835692280288114729e-03
1.948628831078802026e+00
5.934008726595624283e-02
6.040117028701418034e-02
6.480248766009824232e-04
1.085911365810135187e+01
5.084083810413394522e-01
4.000063503615912452e+01
2.450547326365609901e+00
1.531422049376931227e+01
7.935548127364253634e-01
4.051605140100615898e-01
2.377532604485292243e-04
2.474513721189316312e-02
6.362180797138200576e-06
1.012715288311343329e+02
3.382246581951995346e+00
2.516932091728286691e-01
1.126137531808321830e-02
1.180783130229938305e+00
6.835639933815999825e-02
5.201924373380957434e+01
1.706482925016124197e+00
3.736168863590597855e+00
3.298609924782354517e-03
3.614102619743635864e-03
7.467612668681012035e-06
5.149087593116550426e-02
1.612627019357331664e-05
6.917314105143520520e-01
1.065559766859313891e-03
5.133424197161928770e-01
4.660328153982734914e-04
1.012366153558053872e-01
9.631289253838061482e-05
1.318852524477817312e+00
2.095262967192129417e-03
5.227580271154893543e-01
1.997335503169755944e-02
1.272564149988488769e-01
1.168662225557144359e-03
1.022147078216008367e+03
3.737667222902629049e+01
2.182898056622548211e+00
1.701549906120528380e-02
1.937922303030235494e+00
7.757216462222776832e-02
1.672981879347536349e+01
7.113172059875784159e-01
2.844178329635682081e-05
1.622612402166191915e-06
4.936775835408925265e+07
2.693355829199338797e+06
1.244877116485050728e+01
4.149992024781130051e-01
1.682245969918610399e+03
8.380643681993038285e+01
6.728384345082395399e-03
3.031629491824495938e-04
7.432542537746911648e+00
2.692524392124153731e-01
1.491538794657811362e+00
7.520627702230971157e-02
1.643144844915863891e-09
9.399902428207248300e-11
6.092820235278208901e-02
3.400889004701060543e-03
2.630212898678440325e+01
9.897575874055543066e-01
4.120660476225403836e+05
2.029113589280227461e+04
1.333347832893252427e-01
4.628236900404670943e-03
1.047235954286545311e+05
3.527758166192041244e+03
1.259650610154651531e+02
6.488974541364925130e+00
1.352073108995763162e+00
2.049657769358146850e-02
7.988956814031901388e+01
3.862642380962111766e+00
1.656047131040500826e+05
1.084706779785777690e+04
1.552777564150157552e+00
6.580205188979670883e-02
2.221763293676976446e+03
7.750272974393334380e+01
7.180089043271461469e-01
3.393545319369928315e-02
1.346730249773291916e+03
3.637581463537185300e+01
2.337960544233040494e+01
7.566116177245212349e-01
5.118262115569667076e+05
1.609779384668036437e+04
3.540016936442372639e+02
7.514087727121038007e+00
1.071877037015129440e+07
3.494013163699216675e+05
5.574581123341812054e+04
1.337407512647664134e+03
1.640960270358893469e+00
1.108054256849070468e-01
1.469843503885385871e+00
1.027475967536086304e-01
1.152541905586796256e+00
4.169092098769681953e-02
1.462932143897593296e+00
7.435509956806625464e-02
5.414802936778245757e-01
1.000802128262086484e-02
4.185568885942132056e+00
2.154906890050645452e-01
1.981322811890122271e+00
1.338433410849017569e-01
2.006778568427082909e+00
1.197774660401469959e-01
5.922490995165754057e+00
2.872082141107376030e-01
1.992147623218964103e+00
1.439506674135877518e-01
