5.302223131062453021e+00 5.302223131061987615e+00 5.302223131062074657e+00 5.302223131062673289e+00 5.302223131062131500e+00
5.304227538075249271e+00 5.304227538074605341e+00 5.304227538074862913e+00 5.304227538075442894e+00 5.304227538074924198e+00
5.306015966295386299e+00 5.306015966293704089e+00 5.306015966294998165e+00 5.306015966295547948e+00 5.306015966295041686e+00
5.307591134879960926e+00 5.307591134874336092e+00 5.307591134879381833e+00 5.307591134880072836e+00 5.307591134879403150e+00
5.308955737106200168e+00 5.308955737090591320e+00 5.308955737105211625e+00 5.308955737106191286e+00 5.308955737105074846e+00
5.310112440598942385e+00 5.310112440562755332e+00 5.310112440597075434e+00 5.310112440598745209e+00 5.310112440596500782e+00
5.311063887554954732e+00 5.311063887481884294e+00 5.311063887551421558e+00 5.311063887554532847e+00 5.311063887549876128e+00
5.311812694965651005e+00 5.311812694832620529e+00 5.311812694959306747e+00 5.311812694965041715e+00 5.311812694955860614e+00
5.312361454838062436e+00 5.312361454614105583e+00 5.312361454827281726e+00 5.312361454837438046e+00 5.312361454820471174e+00
5.312712734413548077e+00 5.312712734058803399e+00 5.312712734396131786e+00 5.312712734413291393e+00 5.312712734383794988e+00
5.312869076384874489e+00 5.312869075849599554e+00 5.312869076357949361e+00 5.312869076385672074e+00 5.312869076337035423e+00
5.312832999111347654e+00 5.312832998334982015e+00 5.312832999071255280e+00 5.312832999114283972e+00 5.312832999037614634e+00
5.312606996832124118e+00 5.312606995742387817e+00 5.312606996774298374e+00 5.312606996838793449e+00 5.312606996722470498e+00
5.312193539877683612e+00 5.312193538389724523e+00 5.312193539796535191e+00 5.312193539890319727e+00 5.312193539719507029e+00
5.311595074879511102e+00 5.311595072895080705e+00 5.311595074768302283e+00 5.311595074901120483e+00 5.311595074657246229e+00
5.310814024977975834e+00 5.310814022384645838e+00 5.310814024828682811e+00 5.310814025012478901e+00 5.310814024672704470e+00
5.309852790028434910e+00 5.309852786698847638e+00 5.309852789831624342e+00 5.309852790080830331e+00 5.309852789617468538e+00
5.308713746805589828e+00 5.308713742596737895e+00 5.308713746550268731e+00 5.308713746882114393e+00 5.308713746262039734e+00
5.307399249206088854e+00 5.307399243958628610e+00 5.307399248879564269e+00 5.307399249314392442e+00 5.307399248498423816e+00
5.305911628449406336e+00 5.305911621987001503e+00 5.305911628037145888e+00 5.305911628598737551e+00 5.305911627540992548e+00
5.304253193277011391e+00 5.304253185405701565e+00 5.304253192762490521e+00 5.304253193478405848e+00 5.304253192125649718e+00
5.302426230149838382e+00 5.302426220657432410e+00 5.302426229514392020e+00 5.302426230416320330e+00 5.302426228707282085e+00
5.300433003444077862e+00 5.300432992099577412e+00 5.300433002666746773e+00 5.300433003790867126e+00 5.300433001655544096e+00
5.298275755645300400e+00 5.298275742198343963e+00 5.298275754702678420e+00 5.298275756090016664e+00 5.298275753448976388e+00
5.295956707540920405e+00 5.295956691721251275e+00 5.295956706406998116e+00 5.295956708103809696e+00 5.295956704867464282e+00
5.293478058411036358e+00 5.293478039927987489e+00 5.293478057057050101e+00 5.293478059115194867e+00 5.293478055183070907e+00
5.290841986217637682e+00 5.290841964759640526e+00 5.290841984611905247e+00 5.290841987089235587e+00 5.290841982349236972e+00
5.288050647792207570e+00 5.288050623026311570e+00 5.288050645899975422e+00 5.288050648860726177e+00 5.288050643188382693e+00
5.285106179021722639e+00 5.285106150593131602e+00 5.285106176804995393e+00 5.285106180320189750e+00 5.285106173577903910e+00
5.282010695033069858e+00 5.282010662564712078e+00 5.282010692450481493e+00 5.282010696598298694e+00 5.282010688634589002e+00
5.278766290375927817e+00 5.278766253468034186e+00 5.278766287382583577e+00 5.278766292248785241e+00 5.278766282897525031e+00
5.275375039204070582e+00 5.275374997433726953e+00 5.275375035751347141e+00 5.275375041429686718e+00 5.275375030509338536e+00
5.271838995455086163e+00 5.271838948375848766e+00 5.271838991490512605e+00 5.271838998083116401e+00 5.271838985395969956e+00
5.268160193028640137e+00 5.268160140170143002e+00 5.268160188495742524e+00 5.268160196113531590e+00 5.268160181444936363e+00
5.264340645963205390e+00 5.264340586830771329e+00 5.264340640801342452e+00 5.264340649564431374e+00 5.264340632682040777e+00
5.260382348611258863e+00 5.260382282685533539e+00 5.260382342755481666e+00 5.260382352793579130e+00 5.260382333446592895e+00
5.256287275813030568e+00 5.256287202549611237e+00 5.256287269193925304e+00 5.256287280646741777e+00 5.256287258565146558e+00
5.252057383068753360e+00 5.252057301897830932e+00 5.252057375612301016e+00 5.252057388629947532e+00 5.252057363523775280e+00
5.247694606709458753e+00 5.247694517035468742e+00 5.247694598336887672e+00 5.247694613080272852e+00 5.247694584638860960e+00
5.243200864066322353e+00 5.243200765267597596e+00 5.243200854693967017e+00 5.243200871335188751e+00 5.243200839226443755e+00
5.238578053638572207e+00 5.238577945067000030e+00 5.238578043177730237e+00 5.238578061900477145e+00 5.238578025770149971e+00
5.233828055259974299e+00 5.233827936240659895e+00 5.233828043616774117e+00 5.233828064616697695e+00 5.233828024087675779e+00
5.228952730263903170e+00 5.228952600094834757e+00 5.228952717339166334e+00 5.228952740824271750e+00 5.228952695495870273e+00
5.223953921647006560e+00 5.223953779598728531e+00 5.223953907336119862e+00 5.223953933527143434e+00 5.223953882974415208e+00
5.218833454231506686e+00 5.218833299546782989e+00 5.218833438424288929e+00 5.218833467555066719e+00 5.218833411328121841e+00
5.213593134826086661e+00 5.213592966719583721e+00 5.213593117406673194e+00 5.213593149724503384e+00 5.213593087347847543e+00
5.208234752385451749e+00 5.208234570043405398e+00 5.208234733232167457e+00 5.208234768998169173e+00 5.208234699970046400e+00
5.202760078168515712e+00 5.202759880748399013e+00 5.202760057153752449e+00 5.202760096643226362e+00 5.202760020434983090e+00
5.197170865895248681e+00 5.197170652525460177e+00 5.197170842885361353e+00 5.197170886388121858e+00 5.197170802443586979e+00
5.191468851902206971e+00 5.191468621681732287e+00 5.191468826757396293e+00 5.191468874578115233e+00 5.191468782312993469e+00
5.185655755296733282e+00 5.185655507294826272e+00 5.185655727870942755e+00 5.185655780329475384e+00 5.185655679130752205e+00
5.179733278109863726e+00 5.179733011365708961e+00 5.179733248250669497e+00 5.179733305682380440e+00 5.179733194907757188e+00
5.173703105447926553e+00 5.173702818970316919e+00 5.173703072996445940e+00 5.173703135752512061e+00 5.173703014729848171e+00
5.167566905642866359e+00 5.167566598409867318e+00 5.167566870433661919e+00 5.167566938881379635e+00 5.167566806908155286e+00
5.161326330401299955e+00 5.161326001359912929e+00 5.161326292262282678e+00 5.161326366785365494e+00 5.161326223128160251e+00
5.154983014952299492e+00 5.154982663018127020e+00 5.154982973704644422e+00 5.154983054703504486e+00 5.154982898597502583e+00
5.148538578193931237e+00 5.148538202250840357e+00 5.148538533651997540e+00 5.148538621544016536e+00 5.148538452192526371e+00
5.141994622838560680e+00 5.141994221738335646e+00 5.141994574809808149e+00 5.141994670029609082e+00 5.141994486603596926e+00
5.135352735556923065e+00 5.135352308118916298e+00 5.135352683841833965e+00 5.135352786841538730e+00 5.135352588479191738e+00
5.128614487120971788e+00 5.128614032131761036e+00 5.128614431512987792e+00 5.128614542762451656e+00 5.128614328568756875e+00
5.121781432545525981e+00 5.121780948758559937e+00 5.121781372830973567e+00 5.121781492818032078e+00 5.121781261864375878e+00
5.114855111228721718e+00 5.114854597363913236e+00 5.114855047186702919e+00 5.114855176417417937e+00 5.114854927741193436e+00
5.107837047091221550e+00 5.107836501834676746e+00 5.107836978493649482e+00 5.107837117492458390e+00 5.107836850096726167e+00
5.100728748714405292e+00 5.100728170718092258e+00 5.100728675325980177e+00 5.100728824635916148e+00 5.100728537489068515e+00
5.093531709477319147e+00 5.093531097358597215e+00 5.093531631055366660e+00 5.093531791238302020e+00 5.093531483273724625e+00
5.086247407692323641e+00 5.086246760033543701e+00 5.086247323986722968e+00 5.086247495623539727e+00 5.086247165739314013e+00
5.078877306739689956e+00 5.078876622087878268e+00 5.078877217492890672e+00 5.078877401183631513e+00 5.078877048242269154e+00
5.071422855201139335e+00 5.071422132067631594e+00 5.071422760148142750e+00 5.071422956512181557e+00 5.071422579340372216e+00
5.063885486992226959e+00 5.063884723852296155e+00 5.063885385860557697e+00 5.063885595536739892e+00 5.063885192925099865e+00
5.056266621493584523e+00 5.056265816786005729e+00 5.056266514003209700e+00 5.056266737649992571e+00 5.056266308352869387e+00
5.048567663681006401e+00 5.048566815807685515e+00 5.048567549544332067e+00 5.048567787839915333e+00 5.048567330575193246e+00
5.040790004254507295e+00 5.040789111580095572e+00 5.040789883176363340e+00 5.040790136818809941e+00 5.040789650267734956e+00
5.032935019766280327e+00 5.032934080617772032e+00 5.032934891443894720e+00 5.032935161151237402e+00 5.032934643958262733e+00
5.025004072747563555e+00 5.025003085413887405e+00 5.025003936870535703e+00 5.025004223380882706e+00 5.025003674153542654e+00
5.016998511834437124e+00 5.016997474566035287e+00 5.016998368084727211e+00 5.016998672156343986e+00 5.016998089465143806e+00
5.008919671892554604e+00 5.008918582901018546e+00 5.008919519944504906e+00 5.008919842355878060e+00 5.008919224734194486e+00
5.000768874140867126e+00 5.000767731598493526e+00 5.000768713661171816e+00 5.000769055211073955e+00 5.000768401155098353e+00
4.992547426274256850e+00 4.992546228313639034e+00 4.992547256921962884e+00 4.992547618429505896e+00 4.992546926398201634e+00
4.984256622585149898e+00 4.984255367298763062e+00 4.984256444011666787e+00 4.984256826316353362e+00 4.984256094731412290e+00
4.975897744084122110e+00 4.975896429523898767e+00 4.975897555933219252e+00 4.975897959894975742e+00 4.975897187140813749e+00
4.967472058619473607e+00 4.967470682796380821e+00 4.967471860527289174e+00 4.967472287026491351e+00 4.967471471450257248e+00
4.958980820995806837e+00 4.958979381879408344e+00 4.958980612590859316e+00 4.958981062528347472e+00 4.958980202439947860e+00
4.950425273091601852e+00 4.950423768609652164e+00 4.950425053994816693e+00 4.950425528291884980e+00 4.950424621964033101e+00
4.941806643975795943e+00 4.941805072013815803e+00 4.941806413800533093e+00 4.941806913398925971e+00 4.941805959067204768e+00
4.933126150023428025e+00 4.933124508424246990e+00 4.933125908375479263e+00 4.933126434237369295e+00 4.933125430100332665e+00
4.924384995030242074e+00 4.924383281593577522e+00 4.924384741507868313e+00 4.924385294615844622e+00 4.924384238835102678e+00
4.915584370326376629e+00 4.915582582808397660e+00 4.915584104520336339e+00 4.915584685877360194e+00 4.915583576577700953e+00
4.906725454889083515e+00 4.906723591001973972e+00 4.906725176382649600e+00 4.906725787012023332e+00 4.906724622281552151e+00
4.897809415454497106e+00 4.897807472866007039e+00 4.897809123823505750e+00 4.897809764768805252e+00 4.897808542659099373e+00
4.888837406628479876e+00 4.888835382961502773e+00 4.888837101441361632e+00 4.888837773766375072e+00 4.888836492292648828e+00
4.879810570996510499e+00 4.879808463828646303e+00 4.879810251814340916e+00 4.879810956602994132e+00 4.879809613744282792e+00
4.870730039232680220e+00 4.870727846095795677e+00 4.870729705609216253e+00 4.870730443965483936e+00 4.870729037664872862e+00
4.861596930207771727e+00 4.861594648587547418e+00 4.861596581689484609e+00 4.861597354737321020e+00 4.861595882902136623e+00
4.852412351096399235e+00 4.852409978431735382e+00 4.852411987222344791e+00 4.852412796105703308e+00 4.852411256607719992e+00
4.843177397483187541e+00 4.843174931165941111e+00 4.843177017785262883e+00 4.843177863667814442e+00 4.843176254343554810e+00
4.833893153468226345e+00 4.833890590842905510e+00 4.833892757471375923e+00 4.833893641536095132e+00 4.833891960187214565e+00
4.824560691771485388e+00 4.824558030134816988e+00 4.824560278993772933e+00 4.824561202443535812e+00 4.824559446836715892e+00
4.815181073836920511e+00 4.815178310437457476e+00 4.815180643789451764e+00 4.815181607846499290e+00 4.815179775714197419e+00
4.805755349935007636e+00 4.805752481972174195e+00 4.805754902121701200e+00 4.805755908027373735e+00 4.805753997067868433e+00
4.796284559263997771e+00 4.796281583887878952e+00 4.796284093181745867e+00 4.796285142196573759e+00 4.796283150074349244e+00
4.786769730051319449e+00 4.786766644362270284e+00 4.786769245190148681e+00 4.786770338593816732e+00 4.786768262939690821e+00
4.777211879653923354e+00 4.777208680702162091e+00 4.777211375496965395e+00 4.777212514588029535e+00 4.777210352999830434e+00
4.767612014657536257e+00 4.767608699442904552e+00 4.767611490681444408e+00 4.767612676776864511e+00 4.767610426819647529e+00
4.757971130975164442e+00 4.757967696446576689e+00 4.757970586649983069e+00 4.757971821085130060e+00 4.757969480291617259e+00
4.748290213944764915e+00 4.748286656999776589e+00 4.748289648734012047e+00 4.748290932862757607e+00 4.748288498733360008e+00
4.738570238426372150e+00 4.738566555910530553e+00 4.738569651786783687e+00 4.738570986981295086e+00 4.738568456984982191e+00
4.728812168897873924e+00 4.728808357604552093e+00 4.728811560279854831e+00 4.728812947930018495e+00 4.728810319504448856e+00
4.719016959550224044e+00 4.719013016220150902e+00 4.719016328397834137e+00 4.719017769911227234e+00 4.719015040463276911e+00
4.709185554381980943e+00 4.709181475702904685e+00 4.709184900133072560e+00 4.709186396934913255e+00 4.709183563840841913e+00
4.699318887293229885e+00 4.699314669899225194e+00 4.699318209379256928e+00 4.699319762912307574e+00 4.699316823518494779e+00
4.689417882178287478e+00 4.689413522649688026e+00 4.689417180024652687e+00 4.689418791748598103e+00 4.689415743371879053e+00
4.679483453017681427e+00 4.679478947880522988e+00 4.679482726043763918e+00 4.679484397435153653e+00 4.679481237363273927e+00
4.669516503969579624e+00 4.669511849695271444e+00 4.669515751588830810e+00 4.669517484140984109e+00 4.669514209632888324e+00
4.659517929460617047e+00 4.659513122465276602e+00 4.659517151080398101e+00 4.659518946303333742e+00 4.659515554589789943e+00
4.649488614275512965e+00 4.649483650919880695e+00 4.649487809297387919e+00 4.649489668717238011e+00 4.649486157001322617e+00
4.639429433646052203e+00 4.639424310235044757e+00 4.639428601465942492e+00 4.639430526624770401e+00 4.639426892082302523e+00
4.629341253339496198e+00 4.629335966121849388e+00 4.629340393347719740e+00 4.629342385803390414e+00 4.629338625583343081e+00
4.619224929746418518e+00 4.619219474914057599e+00 4.619224041327554708e+00 4.619226102653724908e+00 4.619222213878716232e+00
4.609081309967364426e+00 4.609075683655261102e+00 4.609080392500453094e+00 4.609082524286022498e+00 4.609078504052946279e+00
4.598911231898895835e+00 4.598905430184730747e+00 4.598910284757709022e+00 4.598912488606521798e+00 4.598908333986952535e+00
4.588715524319090022e+00 4.588709543222870835e+00 4.588714546872121325e+00 4.588716824402804484e+00 4.588712532443518732e+00
4.578495006972485903e+00 4.578488842455969099e+00 4.578493998582852775e+00 4.578496351428857025e+00 4.578491919152187783e+00
4.568250490653883666e+00 4.568244138620376482e+00 4.568249450679429557e+00 4.568251880488532812e+00 4.568247304893146676e+00
4.557982777291568866e+00 4.557976233585709025e+00 4.557981705085262902e+00 4.557984213519135963e+00 4.557979491580409714e+00
4.547692660029990286e+00 4.547685920437339213e+00 4.547691554939856218e+00 4.547694143673929545e+00 4.547689272344529243e+00
4.537380923311913783e+00 4.537373983558427248e+00 4.537379784680959816e+00 4.537382455404441295e+00 4.537377431614609158e+00
4.527048342959457905e+00 4.527041198711221348e+00 4.527047170125709563e+00 4.527049924541171499e+00 4.527044745199596321e+00
4.516695686254589504e+00 4.516688333117737209e+00 4.516694478550889791e+00 4.516697318374372827e+00 4.516691980368580772e+00
4.506323712019075778e+00 4.506316145539132734e+00 4.506322468773536372e+00 4.506325395732761585e+00 4.506319895930861463e+00
4.495933170693946934e+00 4.495925386354470810e+00 4.495931891229304256e+00 4.495934907066568620e+00 4.495929242314032237e+00
4.485524804417400091e+00 4.485516797642352671e+00 4.485523488053143382e+00 4.485526594519136268e+00 4.485520761646022869e+00
4.475099347102744041e+00 4.475091113253188979e+00 4.475097993154727227e+00 4.475101192016568419e+00 4.475095187826709342e+00
4.464657524517593679e+00 4.464649058896193345e+00 4.464656132297826652e+00 4.464659425329120523e+00 4.464653246615936766e+00
4.454200054356821425e+00 4.454191352202371945e+00 4.454198623174746352e+00 4.454202012165910496e+00 4.454195655695813549e+00
4.443727646325586811e+00 4.443718702816367383e+00 4.443726175483969421e+00 4.443729662231875821e+00 4.443723124762708920e+00
4.433241002203804015e+00 4.433231812454805798e+00 4.433239491003720723e+00 4.433243077320735637e+00 4.433236355586073429e+00
4.422740815934278480e+00 4.422731374996972775e+00 4.422739263668891141e+00 4.422742951374153186e+00 4.422736042098050824e+00
4.412227773681673071e+00 4.412218076544820455e+00 4.412226179642507518e+00 4.412229970569338633e+00 4.412222870454646895e+00
4.401702553920721961e+00 4.401692595508666983e+00 4.401700917392937562e+00 4.401704813380874270e+00 4.401697519120296498e+00
4.391165827495730589e+00 4.391155602669710056e+00 4.391164147762355974e+00 4.391168150664690017e+00 4.391160658931209326e+00
4.380618257704709251e+00 4.380607761262062638e+00 4.380616534044625254e+00 4.380620645719639938e+00 4.380612953176824753e+00
4.370060500360760436e+00 4.370049727035136833e+00 4.370058732050223327e+00 4.370062954370300901e+00 4.370055057662614928e+00
4.359493203873040734e+00 4.359482148334353546e+00 4.359491390184966342e+00 4.359495725026286017e+00 4.359487620790497786e+00
4.348917009307619708e+00 4.348905666161394734e+00 4.348915149511791256e+00 4.348919598764858563e+00 4.348911283619474766e+00
4.338332550467566939e+00 4.338320914254720329e+00 4.338330643829856115e+00 4.338335209388277214e+00 4.338326679945597952e+00
4.327740453951206767e+00 4.327728519147889585e+00 4.327738499734609334e+00 4.327743183505450730e+00 4.327734436361032166e+00
4.317141339232574815e+00 4.317129100249170293e+00 4.317139336696154572e+00 4.317144140589254775e+00 4.317135172332655202e+00
4.306535818717243558e+00 4.306523269899398265e+00 4.306533767117367795e+00 4.306538693055523837e+00 4.306529500260976029e+00
4.295924497822309895e+00 4.295911633449476241e+00 4.295922396412071187e+00 4.295927446320165544e+00 4.295918025556530573e+00
4.285307975031481753e+00 4.285294789318253805e+00 4.285305823061319686e+00 4.285310998876740385e+00 4.285301346698758174e+00
4.274686841973177387e+00 4.274673329068013672e+00 4.274684638690771088e+00 4.274689942352466687e+00 4.274680055310645876e+00
4.264061683475480535e+00 4.264047837461339086e+00 4.264059428125790419e+00 4.264064861584683008e+00 4.264054736216398744e+00
4.253433077642493565e+00 4.253418892535822060e+00 4.253430769467623662e+00 4.253436334675797070e+00 4.253425967515248374e+00
4.242801595907947920e+00 4.242787065659536339e+00 4.242799234147648590e+00 4.242804933068507367e+00 4.242794320637926830e+00
4.232167803111180682e+00 4.232152921604718010e+00 4.232165387002151391e+00 4.232171221599952737e+00 4.232160360419217504e+00
4.221532257549030831e+00 4.221517018602382265e+00 4.221529786325896261e+00 4.221535758575515551e+00 4.221524645153745148e+00
4.210895511051061746e+00 4.210879908414604245e+00 4.210892983945464074e+00 4.210899095822314919e+00 4.210887726667026598e+00
4.200258109030431619e+00 4.200242136388513181e+00 4.200255525272122981e+00 4.200261778761577247e+00 4.200250150370675506e+00
4.189620590557870727e+00 4.189604241527145057e+00 4.189617949373808159e+00 4.189624346461433113e+00 4.189612455332029306e+00
4.178983488411837754e+00 4.178966756542716432e+00 4.178980789027245457e+00 4.178987331707950226e+00 4.178975174328629194e+00
4.168347329151199432e+00 4.168330207926218556e+00 4.168344570788621972e+00 4.168351261057174462e+00 4.168338833916584107e+00
4.157712633164555527e+00 4.157695115999821667e+00 4.157709815044991153e+00 4.157716654904890063e+00 4.157703954484214925e+00
4.147079914741826023e+00 4.147061994985343780e+00 4.147077036083608448e+00 4.147084027537906614e+00 4.147071050319228291e+00
4.136449682122581351e+00 4.136431353055778359e+00 4.136446742142696920e+00 4.136453887202551805e+00 4.136440629661557900e+00
4.125822437566634804e+00 4.125803692402613798e+00 4.125819435479416875e+00 4.125826736155267405e+00 4.125813194769314407e+00
4.115198677401427751e+00 4.115179509286580384e+00 4.115195612420043503e+00 4.115203070729806178e+00 4.115189241970913514e+00
4.104578892091554465e+00 4.104559294103777844e+00 4.104575763426563384e+00 4.104583381387175933e+00 4.104569261729779761e+00
4.093963566285329314e+00 4.093943531435694005e+00 4.093960373146297016e+00 4.093968152781556569e+00 4.093953738695781830e+00
4.083353178883180057e+00 4.083332700114146618e+00 4.083349920477121309e+00 4.083357863809600197e+00 4.083343151768723978e+00
4.072748203083468965e+00 4.072727273270564829e+00 4.072744878616567199e+00 4.072752987675094083e+00 4.072737974149077900e+00
4.062149106449661318e+00 4.062127718399798582e+00 4.062145715125672574e+00 4.062153991937620390e+00 4.062138673400304434e+00
4.051556350955811681e+00 4.051534497408646907e+00 4.051552891977584281e+00 4.051561338575989879e+00 4.051545711498869551e+00
4.040970393051749987e+00 4.040948066678564210e+00 4.040966865620036153e+00 4.040975484036270160e+00 4.040959544895428301e+00
4.030391683709008355e+00 4.030368877113452264e+00 4.030388087023505150e+00 4.030396879294012358e+00 4.030380624564132930e+00
4.019820668483676585e+00 4.019797374201272255e+00 4.019817001742296725e+00 4.019825969901669183e+00 4.019809396062702156e+00
4.009257787562823694e+00 4.009233998061128901e+00 4.009254049962290622e+00 4.009263196049612787e+00 4.009246299581035622e+00
3.998703475825103659e+00 3.998679183503794921e+00 3.998699666560637134e+00 3.998708992612971969e+00 3.998691770000181389e+00
3.988158162887602831e+00 3.988133360078099710e+00 3.988154281153127201e+00 3.988163789211458976e+00 3.988146236940275813e+00
3.977622273164302502e+00 3.977596952130393770e+00 3.977618318152484012e+00 3.977628010255627622e+00 3.977610124818423909e+00
3.967096225913278040e+00 3.967070378850244161e+00 3.967092196815403149e+00 3.967102075005530804e+00 3.967083852895974871e+00
3.956580435293123976e+00 3.956554054328859760e+00 3.956576331299430649e+00 3.956586397616418616e+00 3.956567835335340622e+00
3.946075310410423143e+00 3.946048387604104590e+00 3.946071130709705166e+00 3.946081387196236356e+00 3.946062481246606524e+00
3.935581255374242637e+00 3.935553782717902571e+00 3.935576999154423827e+00 3.935587447850775966e+00 3.935568194743312986e+00
3.925098669343801916e+00 3.925070638760579378e+00 3.925094335791314393e+00 3.925104978740031836e+00 3.925085374988413811e+00
3.914627946581133777e+00 3.914599349927262661e+00 3.914623534881683575e+00 3.914634374122819338e+00 3.914614416249033724e+00
3.904169476498887459e+00 3.904140305561567548e+00 3.904164985836660495e+00 3.904176023412002650e+00 3.904155707941788123e+00
3.893723643711243021e+00 3.893693890211008757e+00 3.893719073269815922e+00 3.893730311218596363e+00 3.893709634686538301e+00
3.883290828081793489e+00 3.883260483670037289e+00 3.883286177043209886e+00 3.883297617405875535e+00 3.883276576351074816e+00
3.872871404772797455e+00 3.872840461034481763e+00 3.872866672318576509e+00 3.872878317132975479e+00 3.872856908103893048e+00
3.862465744293081649e+00 3.862434192743950057e+00 3.862460929603213522e+00 3.862472780907900471e+00 3.862451000458249517e+00
3.852074212545716136e+00 3.852042044635318074e+00 3.852069314799724697e+00 3.852081374630631050e+00 3.852059219323973771e+00
3.841697170875883582e+00 3.841664377984501222e+00 3.841692189251781020e+00 3.841704459645048697e+00 3.841681926050909635e+00
3.831334976117055646e+00 3.831301549559006592e+00 3.831329909792415389e+00 3.831342392781563522e+00 3.831319477479779856e+00
3.820987980638777426e+00 3.820953911659092483e+00 3.820982828789692309e+00 3.820995526407964693e+00 3.820972225985018955e+00
3.810656532391418772e+00 3.810621812169393774e+00 3.810651294193545979e+00 3.810664208471583603e+00 3.810640519524712833e+00
3.800340974953831719e+00 3.800305594599478809e+00 3.800335649581390918e+00 3.800348782549086479e+00 3.800324701682827655e+00
3.790041647576746442e+00 3.790005598134567943e+00 3.790036234203497667e+00 3.790049587888183247e+00 3.790025111718242190e+00
3.779758885230253274e+00 3.779722157675494909e+00 3.779753383028573221e+00 3.779766959456371644e+00 3.779742084606383834e+00
3.769493018645917015e+00 3.769455603888536732e+00 3.769487426787673012e+00 3.769501227982210434e+00 3.769475951087370991e+00
3.759244374364040464e+00 3.759206263244787571e+00 3.759238692019782224e+00 3.759252720003027015e+00 3.759227037707062458e+00
3.749013274774557924e+00 3.748974458069113780e+00 3.749007501114251628e+00 3.749021757905761199e+00 3.748995666864324949e+00
3.738800038164047379e+00 3.738760506578951759e+00 3.738794172356417533e+00 3.738808659973654969e+00 3.738782156851506500e+00
3.728604978755465371e+00 3.728564722932403708e+00 3.728599019968554362e+00 3.728613740426678369e+00 3.728586821900847337e+00
3.718428406754868298e+00 3.718387417266468375e+00 3.718422354155558995e+00 3.718437309467211183e+00 3.718409972224382187e+00
3.708270628390044621e+00 3.708228895744291265e+00 3.708264481144419200e+00 3.708279673320065584e+00 3.708251914059511822e+00
3.698131945956919964e+00 3.698089460592839384e+00 3.698125703229992567e+00 3.698141134277170394e+00 3.698112949708343145e+00
3.688012657857139054e+00 3.687969410149319227e+00 3.688006318812978357e+00 3.688021990737200717e+00 3.687993377582434729e+00
3.677913058644121769e+00 3.677869038898303966e+00 3.677906622445827001e+00 3.677922537249278978e+00 3.677893492241584905e+00
3.667833439059646761e+00 3.667788637517336081e+00 3.667826904869209148e+00 3.667843064552223531e+00 3.667813584437766838e+00
3.657774086079535802e+00 3.657728492913513652e+00 3.657767453058080598e+00 3.657783859617278477e+00 3.657753941153371269e+00
3.647735282949286617e+00 3.647688888268290963e+00 3.647728550256645441e+00 3.647745205686987013e+00 3.647714845644347115e+00
3.637717309229355767e+00 3.637670103073536776e+00 3.637710476024556883e+00 3.637727382316967351e+00 3.637696577477904203e+00
3.627720440829893089e+00 3.627672413175543564e+00 3.627713506270609845e+00 3.627730665414423239e+00 3.627699412574878490e+00
3.617744950055597819e+00 3.617696090810565313e+00 3.617737913298608277e+00 3.617755327278973088e+00 3.617723623246900555e+00
3.607791105639598594e+00 3.607741404648050931e+00 3.607783965840337448e+00 3.607801636640806997e+00 3.607769478237997429e+00
3.597859172787861493e+00 3.597808619825671350e+00 3.597851929100733148e+00 3.597869858700585954e+00 3.597837242761240173e+00
3.587949413212257799e+00 3.587897997991789101e+00 3.587942064790337504e+00 3.587960255167253809e+00 3.587927178539590756e+00
3.578062085174507079e+00 3.578009797339981368e+00 3.578054631169699462e+00 3.578073084297014983e+00 3.578039543842036707e+00
3.568197443518467349e+00 3.568144272650760840e+00 3.568189883081352765e+00 3.568208600930816488e+00 3.568174593523703919e+00
3.558355739713600308e+00 3.558301675325602709e+00 3.558348071993445494e+00 3.558367056532410810e+00 3.558332579061477485e+00
3.548537221886522985e+00 3.548482253427929667e+00 3.548529446031259305e+00 3.548548699225518632e+00 3.548513748593397299e+00
3.538742134863972044e+00 3.538686251716649966e+00 3.538734250020070693e+00 3.538753773830992877e+00 3.538718346953774407e+00
3.528970720203657319e+00 3.528913911686422100e+00 3.528962725516236354e+00 3.528982521903663905e+00 3.528946615711879176e+00
3.519223216236713192e+00 3.519165471600709250e+00 3.519215110849276407e+00 3.519235181768622933e+00 3.519198793206562925e+00
3.509499858097883784e+00 3.509441166531333867e+00 3.509491641152553409e+00 3.509511988557755480e+00 3.509475114584251543e+00
3.499800877767450302e+00 3.499741228391062275e+00 3.499792548404574877e+00 3.499813174245153036e+00 3.499775811833077732e+00
3.490126504100779847e+00 3.490065885972458481e+00 3.490118061459288601e+00 3.490138967683350302e+00 3.490101113820196499e+00
3.480476962869718527e+00 3.480415364980003812e+00 3.480468406086600908e+00 3.480489594637870443e+00 3.480451246325432013e+00
3.470852476791529639e+00 3.470789888068267270e+00 3.470843805002309157e+00 3.470865277823174555e+00 3.470826432077926516e+00
3.461253265569747217e+00 3.461189674873564215e+00 3.461244477907836625e+00 3.461266236936356044e+00 3.461226890789312893e+00
3.451679545922535119e+00 3.451614942051453916e+00 3.451670641519823057e+00 3.451692688692807209e+00 3.451652839189708555e+00
3.442131531622984575e+00 3.442065903307951036e+00 3.442122509609070846e+00 3.442144846859074292e+00 3.442104491060416382e+00
3.432609433526922604e+00 3.432542769436354835e+00 3.432600293029817617e+00 3.432622922288250056e+00 3.432582057269278675e+00
3.423113459612650900e+00 3.423045748348023221e+00 3.423104199757891042e+00 3.423127122951999279e+00 3.423085745802916691e+00
3.413643815008228000e+00 3.413575045108548700e+00 3.413634434919685212e+00 3.413657653975687545e+00 3.413615761801449988e+00
3.404200702030639736e+00 3.404130861968095001e+00 3.404191200829520092e+00 3.404214717669584722e+00 3.404172307590283886e+00
3.394784320212580919e+00 3.394713398396936643e+00 3.394774697018341669e+00 3.394798513563736631e+00 3.394755582714211517e+00
