1.110868810685152530e+00 1.156658774961357716e+00 1.085972724894106456e+00 1.153107992468237253e+00 1.083320713416847214e+00
1.221450963205387374e+00 1.312628519336246802e+00 1.171282389061319318e+00 1.304818129063219923e+00 1.166054348094745841e+00
1.331751427633030671e+00 1.467923627054668279e+00 1.255960239647686771e+00 1.455182348840851958e+00 1.248231616967825586e+00
1.441774753206529036e+00 1.622557384701411642e+00 1.340035133902856224e+00 1.604249375967867319e+00 1.329880688011394696e+00
1.551525077016224774e+00 1.776542062434628644e+00 1.423533822978235497e+00 1.752065016066436387e+00 1.411027506122388031e+00
1.661006126193392163e+00 1.929888933877570656e+00 1.506481150673664393e+00 1.898672367011368767e+00 1.491696019230391412e+00
1.770221219046528294e+00 2.082608304817909151e+00 1.588900220755774750e+00 2.044112037923929037e+00 1.571908366330784013e+00
1.879173263922661929e+00 2.234709537642510568e+00 1.670812567187614173e+00 2.188422343878436926e+00 1.651685064932139957e+00
1.987864754881078611e+00 2.386201068120607172e+00 1.752238300501009149e+00 2.331639486569234698e+00 1.731045172380600627e+00
2.096297763588851115e+00 2.537090412621962443e+00 1.833196232650948554e+00 2.473797654535654367e+00 1.810006420890095225e+00
2.204473927114356080e+00 2.687384169229086073e+00 1.913703986451587236e+00 2.614929207852066284e+00 1.888585333550115042e+00
2.312394431694390295e+00 2.837088012668164350e+00 1.993778092459007834e+00 2.755064807657136239e+00 1.966797326194407169e+00
2.420060003298201590e+00 2.986206681969519661e+00 2.073434047567531469e+00 2.894233503550841302e+00 2.044656772653293153e+00
2.527470871597512936e+00 3.134743960346273894e+00 2.152686434956015304e+00 3.032462818247449121e+00 2.122177125112618246e+00
2.634626741751755485e+00 3.282702646532432489e+00 2.231549000772912628e+00 3.169778838819511169e+00 2.199370989994682279e+00
2.741526763917077059e+00 3.430084517442419489e+00 2.310034688483765031e+00 3.306206293788199524e+00 2.276250161699494345e+00
2.848169495236358095e+00 3.576890281822558748e+00 2.388155686010495771e+00 3.441768608542167485e+00 2.352825666789918113e+00
2.954552851600837471e+00 3.723119524169431926e+00 2.465923484821438638e+00 3.576487964304689626e+00 2.429107817764391442e+00
3.060674051531868223e+00 3.868770637885139418e+00 2.543348926158337076e+00 3.710385327317026416e+00 2.505106251187598332e+00
3.166529553566274746e+00 4.013840746385977098e+00 2.620442237196519475e+00 3.843480470134810201e+00 2.580829954665498693e+00
3.272114985101409967e+00 4.158325611609154038e+00 2.697213054093972939e+00 3.975791988114832254e+00 2.656287279231487108e+00
3.377425060221566522e+00 4.302219527897186424e+00 2.773670476605578639e+00 4.107337289016679271e+00 2.731485984708782677e+00
3.482453485211326250e+00 4.445515199803633521e+00 2.849823045843570490e+00 4.238132569388363358e+00 2.806433175882693920e+00
3.587192850923205167e+00 4.588203602805209336e+00 2.925678796123154068e+00 4.368192771329618473e+00 2.881135381881359425e+00
3.691634510612993747e+00 4.730273824159200835e+00 3.001245240970565220e+00 4.497531529109576098e+00 2.955598442418177818e+00
3.795768441222444611e+00 4.871712881762199743e+00 3.076529380547071924e+00 4.626161061228812876e+00 3.029827533255293748e+00
3.899583085876764610e+00 5.012505518416394246e+00 3.151537710262517944e+00 4.754092043081072916e+00 3.103827110812763745e+00
4.003065175333797576e+00 5.152633968532177811e+00 3.226276204215557719e+00 4.881333432734789035e+00 3.177600818563940166e+00
4.106199525959820740e+00 5.292077693859660315e+00 3.300750292283583853e+00 5.007892285602144611e+00 3.251151458416758011e+00
4.208968811503253526e+00 5.430813084354684683e+00 3.374964851608614591e+00 5.133773435875421676e+00 3.324480826038591630e+00
4.311353305634038513e+00 5.568813119582679327e+00 3.448924142785475766e+00 5.258979155122048610e+00 3.397589621469973675e+00
4.413330591985557660e+00 5.706046986504493823e+00 3.522631756177748041e+00 5.383508729854975527e+00 3.470477209381000794e+00
4.514875238261327084e+00 5.842479645993631898e+00 3.596090570090189509e+00 5.507357924002127980e+00 3.543141410577033135e+00
4.615958430831993198e+00 5.978071345571250639e+00 3.669302611405527159e+00 5.630518264190830457e+00 3.615578239450289555e+00
4.716547566175052886e+00 6.112777065349316530e+00 3.742268964855578695e+00 5.752976252659284917e+00 3.687781553180165872e+00
4.816605795410999313e+00 6.246545891788553462e+00 3.814989633707539074e+00 5.874712218997865776e+00 3.759742616977745477e+00
4.916091518963518148e+00 6.379320310224938062e+00 3.887463290769134883e+00 5.995699093080834707e+00 3.831449592317955677e+00
5.014957828472141443e+00 6.511035402742739286e+00 3.959687147301433896e+00 6.115900876090080374e+00 3.902886850921927220e+00
5.113151892614057559e+00 6.641617938367759599e+00 4.031656500361850526e+00 6.235270717890394998e+00 3.974034190328093796e+00
5.210614287677556078e+00 6.770985339584192353e+00 4.103364403184989406e+00 6.353748568605070979e+00 4.044865862842025983e+00
5.307278272845958433e+00 6.899044506081488670e+00 4.174801178254074152e+00 6.471258366433368714e+00 4.115349439495195938e+00
5.403069013812385357e+00 7.025690472797609942e+00 4.245953787470176266e+00 6.587704687800398418e+00 4.185444245259065887e+00
5.497902761548076889e+00 7.150804874585363180e+00 4.316805020491311318e+00 6.702968774170061650e+00 4.255099703560466295e+00
5.591685997544897369e+00 7.274254184035338078e+00 4.387332458206060437e+00 6.816903875334382690e+00 4.324253323764370549e+00
5.684314562661827885e+00 7.395887682992666967e+00 4.457507141467474732e+00 6.929329894357672437e+00 4.392828253501515512e+00
5.775672794041736502e+00 7.515535169096457579e+00 4.527292000501187630e+00 7.040027378909547551e+00 4.460730436388947950e+00
5.865632703622138067e+00 7.633004115648689414e+00 4.596639459644256576e+00 7.148730994513332604e+00 4.527845400970836209e+00
5.954053242379558242e+00 7.748076589529673264e+00 4.665488768119081975e+00 7.255122759885084704e+00 4.594034688842077330e+00
6.040779707518767694e+00 7.860505648756798358e+00 4.733762459414429635e+00 7.358825536114720123e+00 4.659132021920281197e+00
6.125643368106921116e+00 7.970011117287767455e+00 4.801361739585217059e+00 7.459397528655634879e+00 4.722939384113259642e+00
6.208461513409400112e+00 8.076274904976436630e+00 4.868161406591331009e+00 7.556328902598682618e+00 4.785223691603781582e+00
7.119017665498166281e+00 9.326515593529954629e+00 5.768383071944625407e+00 8.920772240088847838e+00 5.604619587035115202e+00
8.004995385915149697e+00 1.053633873012327271e+01 6.656739967099316146e+00 1.023562884721021327e+01 6.402822724635385931e+00
8.864228818939695387e+00 1.170122952002617644e+01 7.530867368294642539e+00 1.149441083532950003e+01 7.176481878612865906e+00
9.694428837288663559e+00 1.281606839441551138e+01 8.387641675905342709e+00 1.269016110067155090e+01 7.921823746985094061e+00
1.049320969348830523e+01 1.387515081962294694e+01 9.223051264822037965e+00 1.381576796391330575e+01 8.634742857553231232e+00
1.125812572802965406e+01 1.487230227858410814e+01 1.003206532464056977e+01 1.486436497583983929e+01 9.310937835120562056e+00
1.198672110040713612e+01 1.580114222565555693e+01 1.080853689700890286e+01 1.582979620173762925e+01 9.946103160701257551e+00
1.267659455495198095e+01 1.665554899885337292e+01 1.154521298068754120e+01 1.670711262444941525e+01 1.053617595213296987e+01
1.332548023912812596e+01 1.743032880302849819e+01 1.223393854126653046e+01 1.749303647130781414e+01 1.107762361705705345e+01
1.393134402535407723e+01 1.812199140730038849e+01 1.286615971066144937e+01 1.818631995151666203e+01 1.156774278714397752e+01
1.449249233349352117e+01 1.872942457623164358e+01 1.343378446812791260e+01 1.878793035298877001e+01 1.200492653139182053e+01
1.500768687737038398e+01 1.925422668844421636e+01 1.393033814621572297e+01 1.930102085034915760e+01 1.238885208726534692e+01
1.547625679549951094e+01 1.970056960838106974e+01 1.435216528326883711e+01 1.973068724196622981e+01 1.272054954113824188e+01
1.589819234316628993e+01 2.007465137144950873e+01 1.469928323071430398e+01 2.008355434759820923e+01 1.300233320278466742e+01
1.627420658905939987e+01 2.038393868988223190e+01 1.497552951424459167e+01 2.036726518811726550e+01 1.323760595103495064e+01
1.660575082602085573e+01 2.063641192325157547e+01 1.518790899504887904e+01 2.058995458212062601e+01 1.343057277370886737e+01
1.689497386061007589e+01 2.083995521305121912e+01 1.534538712009182326e+01 2.075977645946337802e+01 1.358591429658440752e+01
1.714462531378382693e+01 2.100194147027278646e+01 1.545756139428606524e+01 2.088452917689228272e+01 1.370847083111575060e+01
1.735791259317589308e+01 2.112899960321487214e+01 1.553358248156745347e+01 2.097139572977161492e+01 1.380297517607794511e+01
1.753833063712573193e+01 2.122692246540775329e+01 1.558149207722555474e+01 2.102679371696093824e+01 1.387385460013884853e+01
1.768948723082477770e+01 2.130066900089436288e+01 1.560795499097142880e+01 2.105631648625607610e+01 1.392510559133844872e+01
1.781494512291828869e+01 2.135442129473205952e+01 1.561826802930007041e+01 2.106474157698447058e+01 1.396023302871095417e+01
1.791809564311644110e+01 2.139166887860969268e+01 1.561651866530111477e+01 2.105608331236519604e+01 1.398223937243570347e+01
1.800207041645567330e+01 2.141530320078016203e+01 1.560579853326215449e+01 2.103367007055213733e+01 1.399364835195768642e+01
1.806969017139922684e+01 2.142770720962015218e+01 1.558841607813006647e+01 2.100023178404193303e+01 1.399654878114306911e+01
1.812344507429198970e+01 2.143083913833386944e+01 1.556608178354735728e+01 2.095798854992046856e+01 1.399264811536669839e+01
1.816549854260223995e+01 2.142630601641511845e+01 1.554005810355216965e+01 2.090873326140640032e+01 1.398332952467830737e+01
1.819770678803942943e+01 2.141542544218578925e+01 1.551127599640207322e+01 2.085390584501650935e+01 1.396970403839966401e+01
1.822164725705897226e+01 2.139927810636706695e+01 1.548042274377603178e+01 2.079465792192871376e+01 1.395265899877328941e+01
1.823865080642812941e+01 2.137875134455514825e+01 1.544800709160568530e+01 2.073190756777263033e+01 1.393290109489230311e+01
1.824983464728225258e+01 2.135457469394531316e+01 1.541440705890529017e+01 2.066638501862397703e+01 1.391099007655392406e+01
1.825613338100384908e+01 2.132734913030482815e+01 1.537990480797272319e+01 2.059867025953632336e+01 1.388736863361489426e+01
1.825832458702019423e+01 2.129756984740435755e+01 1.534471099793713122e+01 2.052922358041608319e+01 1.386238617327556533e+01
1.823795790738271094e+01 2.125335111041577818e+01 1.530697171845025295e+01 2.045246339124862800e+01 1.383204947346436953e+01
1.821731374515750446e+01 2.120900506110381301e+01 1.526921057681158977e+01 2.037569308462789763e+01 1.380163552999925436e+01
1.819643821205077927e+01 2.116455989049499209e+01 1.523143724401142762e+01 2.029893766588817172e+01 1.377116257687336898e+01
1.817536904141571341e+01 2.112003917805036934e+01 1.519365869356920662e+01 2.022221571153898978e+01 1.374064438288208301e+01
1.815413776727819695e+01 2.107546262202553677e+01 1.515588049069989118e+01 2.014554205310640000e+01 1.371009190567902536e+01
1.813277071420966280e+01 2.103084680226254832e+01 1.511810694534925759e+01 2.006892860490596675e+01 1.367951382452048747e+01
1.811129001799401905e+01 2.098620557369223150e+01 1.508034140776734056e+01 1.999238498775340744e+01 1.364891709382788321e+01
1.808971428836193951e+01 2.094155060915020172e+01 1.504258653590858508e+01 1.991591898690880313e+01 1.361830730093142172e+01
1.806805915608582680e+01 2.089689180433623861e+01 1.500484444964315678e+01 1.983953691034131239e+01 1.358768893007662548e+01
1.804633780705340129e+01 2.085223755976304361e+01 1.496711684228173667e+01 1.976324388403295274e+01 1.355706556447999844e+01
1.802456145049634983e+01 2.080759500965998754e+01 1.492940506214218566e+01 1.968704413028106615e+01 1.352644010697638954e+01
1.800273961869095629e+01 2.076297019092217155e+01 1.489171019866893708e+01 1.961094115798245596e+01 1.349581494339982868e+01
1.798088039652532188e+01 2.071836825332615106e+01 1.485403315139531877e+01 1.953493788224621852e+01 1.346519202822538297e+01
1.795899067043436048e+01 2.067379362831944434e+01 1.481637466751872800e+01 1.945903672956687558e+01 1.343457295017534570e+01
1.793707632156224463e+01 2.062925013973169897e+01 1.477873536390084652e+01 1.938323973760282470e+01 1.340395900706241861e+01
1.791514241197790724e+01 2.058474108171834871e+01 1.474111574980040196e+01 1.930754863770839336e+01 1.337335127001549573e+01
1.789319330077015380e+01 2.054026928513878048e+01 1.470351625101583082e+01 1.923196490701962347e+01 1.334275063284449381e+01
1.787123273627041442e+01 2.049583718570969637e+01 1.466593722976031700e+01 1.915648985368071777e+01 1.331215783031550082e+01
1.784926398733863451e+01 2.045144689044866126e+01 1.462837898006540627e+01 1.908112458037742698e+01 1.328157351111249973e+01
1.782728985807010247e+01 2.040710022576800498e+01 1.459084177184460351e+01 1.900587010777304187e+01 1.325099819763308773e+01
1.780531277677017243e+01 2.036279879752126476e+01 1.455332586803294248e+01 1.893072729805942700e+01 1.322043234198022787e+01
1.778333485791505453e+01 2.031854397296769221e+01 1.451583146422274240e+01 1.885569693207839137e+01 1.318987632725827730e+01
1.776135795016977070e+01 2.027433701157518442e+01 1.447835875307350939e+01 1.878077971332541907e+01 1.315933047239433940e+01
1.773938367405511585e+01 2.023017895041104808e+01 1.444090788366773381e+01 1.870597627769979709e+01 1.312879505468073127e+01
1.771741344938320140e+01 2.018607076059854677e+01 1.440347899889479955e+01 1.863128721290312839e+01 1.309827031528221930e+01
1.769544852805385915e+01 2.014201324172400120e+01 1.436607222119202198e+01 1.855671306829024658e+01 1.306775646553607828e+01
1.767349000909971934e+01 2.009800712475585271e+01 1.432868767366219487e+01 1.848225435316317089e+01 1.303725369317939453e+01
1.765153886014184437e+01 2.005405303419859564e+01 1.429132546628917311e+01 1.840791155524031453e+01 1.300676216493963899e+01
1.762959593701583572e+01 2.001015152690856880e+01 1.425398570855645453e+01 1.833368512872280931e+01 1.297628202702743749e+01
1.760766199937443588e+01 1.996630309630116074e+01 1.421666849659390408e+01 1.825957550957998166e+01 1.294581341161135057e+01
1.758573772196777796e+01 1.992250817564657339e+01 1.417937392311622169e+01 1.818558311379046089e+01 1.291535643652499310e+01
1.756382370477212973e+01 1.987876715870853062e+01 1.414210207289373677e+01 1.811170834256659390e+01 1.288491120938480528e+01
1.754192048323746178e+01 1.983508038559825692e+01 1.410485302837125587e+01 1.803795158478747496e+01 1.285447782888082990e+01
1.752002853526543191e+01 1.979144816708606314e+01 1.406762686769375925e+01 1.796431321940958981e+01 1.282405638655603042e+01
1.749814828760100482e+01 1.974787077142783431e+01 1.403042366814334585e+01 1.789079361571294768e+01 1.279364696696507586e+01
1.747628012273582954e+01 1.970434844083062842e+01 1.399324350397574612e+01 1.781739313701491767e+01 1.276324964972612896e+01
1.745442438446271538e+01 1.966088138819215558e+01 1.395608644857671798e+01 1.774411213854101277e+01 1.273286450899818156e+01
1.743258138183437822e+01 1.961746980345951030e+01 1.391895257249935725e+01 1.767095097086930622e+01 1.270249161495047474e+01
1.741075139308708231e+01 1.957411385657225367e+01 1.388184194512007963e+01 1.759790997947043678e+01 1.267213103425344123e+01
1.738893466926438691e+01 1.953081369777703813e+01 1.384475463415637009e+01 1.752498950611840556e+01 1.264178283064177855e+01
1.736713143729517128e+01 1.948756946310297877e+01 1.380769070656208797e+01 1.745218988954004047e+01 1.261144706528115478e+01
1.734534190211284610e+01 1.944438127167076047e+01 1.377065022835136965e+01 1.737951146586866713e+01 1.258112379735620578e+01
1.732356624877458273e+01 1.940124923129104673e+01 1.373363326513267602e+01 1.730695456909162289e+01 1.255081308405309137e+01
1.730180464682180386e+01 1.935817343639809707e+01 1.369663988183713066e+01 1.723451953162726369e+01 1.252051498094854054e+01
1.728005724742752491e+01 1.931515397157432545e+01 1.365967014308523986e+01 1.716220668422199935e+01 1.249022954228645865e+01
1.725832419255624472e+01 1.927219091158027453e+01 1.362272411295307606e+01 1.709001635668115426e+01 1.245995682105046853e+01
1.723660560708288614e+01 1.922928432258111187e+01 1.358580185523634043e+01 1.701794887781516152e+01 1.242969686923554917e+01
1.721490160886350296e+01 1.918643426355652437e+01 1.354890343345181414e+01 1.694600457583314324e+01 1.239944973801218531e+01
1.719321230298881531e+01 1.914364078613865772e+01 1.351202891099010017e+01 1.687418377856627316e+01 1.236921547780755226e+01
1.717153778620015459e+01 1.910090393637057105e+01 1.347517835112969564e+01 1.680248681355772788e+01 1.233899413843649739e+01
1.714987814706435287e+01 1.905822375416607528e+01 1.343835181713628657e+01 1.673091400828534603e+01 1.230878576921748824e+01
1.712823346592478302e+01 1.901560027478987536e+01 1.340154937224134990e+01 1.665946569025814838e+01 1.227859041899872139e+01
1.710660381704940392e+01 1.897303352861623793e+01 1.336477107971380818e+01 1.658814218708489463e+01 1.224840813625458935e+01
1.708498926809266649e+01 1.893052354197299181e+01 1.332801700285916624e+01 1.651694382665871785e+01 1.221823896919531016e+01
1.706338988167052761e+01 1.888807033742880037e+01 1.329128720505852712e+01 1.644587093715939474e+01 1.218808296577782357e+01
1.704180571490959295e+01 1.884567393403050417e+01 1.325458174980347259e+01 1.637492384718239791e+01 1.215794017375111657e+01
1.702023682109339475e+01 1.880333434790223990e+01 1.321790070072015766e+01 1.630410288581022371e+01 1.212781064084832749e+01
1.699868324844865342e+01 1.876105159217046037e+01 1.318124412158461745e+01 1.623340838264335062e+01 1.209769441449525296e+01
1.697714504236156330e+01 1.871882567756760096e+01 1.314461207635079276e+01 1.616284066786379370e+01 1.206759154230377895e+01
1.695562224374497973e+01 1.867665661233919039e+01 1.310800462918072640e+01 1.609240007228640934e+01 1.203750207161671426e+01
1.693411489109337609e+01 1.863454440268823475e+01 1.307142184441022259e+01 1.602208692745849206e+01 1.200742604991852680e+01
1.691262301932233214e+01 1.859248905280812991e+01 1.303486378663711420e+01 1.595190156549109162e+01 1.197736352465453180e+01
1.689114666109369267e+01 1.855049056510223693e+01 1.299833052067810968e+01 1.588184431946603503e+01 1.194731454327682130e+01
1.686968584626720968e+01 1.850854894037242460e+01 1.296182211157740127e+01 1.581191552302849068e+01 1.191727915334407051e+01
1.684824060270019785e+01 1.846666417777300495e+01 1.292533862467263006e+01 1.574211551071459603e+01 1.188725740245239493e+01
1.682681095597191501e+01 1.842483627530914347e+01 1.288888012552378370e+01 1.567244461791487353e+01 1.185724933832818628e+01
1.680539692989686884e+01 1.838306522965585899e+01 1.285244668000047064e+01 1.560290318068652127e+01 1.182725500877231362e+01
1.678399854644296241e+01 1.834135103609746054e+01 1.281603835423699067e+01 1.553349153609590694e+01 1.179727446174747207e+01
1.676261582595709143e+01 1.829969368944529151e+01 1.277965521466447107e+01 1.546421002194317218e+01 1.176730774532922297e+01
1.674124878732256505e+01 1.825809318300082751e+01 1.274329732801672499e+01 1.539505897695199899e+01 1.173735490773936263e+01
1.671989744792841037e+01 1.821654950931576167e+01 1.270696476132762420e+01 1.532603874071124217e+01 1.170741599737435479e+01
1.669856182397763078e+01 1.817506266052726716e+01 1.267065758195536063e+01 1.525714965367841103e+01 1.167749106276318116e+01
1.667724193036228542e+01 1.813363262722214131e+01 1.263437585756371817e+01 1.518839205723476304e+01 1.164758015263929991e+01
1.665593778096572919e+01 1.809225939995908661e+01 1.259811965615578977e+01 1.511976629361444147e+01 1.161768331588985781e+01
1.663464938855032926e+01 1.805094296845271629e+01 1.256188904605760115e+01 1.505127270599864353e+01 1.158780060160717085e+01
1.661337676501507232e+01 1.800968332158882390e+01 1.252568409592992005e+01 1.498291163844501206e+01 1.155793205906994459e+01
1.659211992128172852e+01 1.796848044798311861e+01 1.248950487478025195e+01 1.491468343590278423e+01 1.152807773775937328e+01
1.657087886754456463e+01 1.792733433561902601e+01 1.245335145195265625e+01 1.484658844425654500e+01 1.149823768736651708e+01
1.654965361313293926e+01 1.788624497200165564e+01 1.241722389714876940e+01 1.477862701024310965e+01 1.146841195778976008e+01
1.652844416675598893e+01 1.784521234430621206e+01 1.238112228041885743e+01 1.471079948153751715e+01 1.143860059915384042e+01
1.650725053636836392e+01 1.780423643918436127e+01 1.234504667217453111e+01 1.464310620668778462e+01 1.140880366179482941e+01
1.648607272937609025e+01 1.776331724303544846e+01 1.230899714318934812e+01 1.457554753513479362e+01 1.137902119628653708e+01
1.646491075255038083e+01 1.772245474193468340e+01 1.227297376460214373e+01 1.450812381721624256e+01 1.134925325342655000e+01
1.644376461215430041e+01 1.768164892149921386e+01 1.223697660792471709e+01 1.444083540413804201e+01 1.131949988424945452e+01
1.642263431392613171e+01 1.764089976723613873e+01 1.220100574503945623e+01 1.437368264800046802e+01 1.128976114003014786e+01
1.640151986313868093e+01 1.760020726431019966e+01 1.216506124821006729e+01 1.430666590176061703e+01 1.126003707228253248e+01
1.638042126462343617e+01 1.755957139758207219e+01 1.212914319007904673e+01 1.423978551924920133e+01 1.123032773277042828e+01
1.635933852279040579e+01 1.751899215179054181e+01 1.209325164367424499e+01 1.417304185515621207e+01 1.120063317350369481e+01
1.633827164167486146e+01 1.747846951138303950e+01 1.205738668241240497e+01 1.410643526500868106e+01 1.117095344674811663e+01
1.631722062493099656e+01 1.743800346063630968e+01 1.202154838009998805e+01 1.403996610519316057e+01 1.114128860502314389e+01
1.629618547589233302e+01 1.739759398367101184e+01 1.198573681094013210e+01 1.397363473290950964e+01 1.111163870110865659e+01
1.627516619755062166e+01 1.735724106439344894e+01 1.194995204953229617e+01 1.390744150619480024e+01 1.108200378804648345e+01
1.625416279261916586e+01 1.731694468660651864e+01 1.191419417087850618e+01 1.384138678389499155e+01 1.105238391914202900e+01
1.623317526350813367e+01 1.727670483395897350e+01 1.187846325038467477e+01 1.377547092565358433e+01 1.102277914797037361e+01
1.621220361238307817e+01 1.723652148994656130e+01 1.184275936386423567e+01 1.370969429191731059e+01 1.099318952837449359e+01
1.619124784114169202e+01 1.719639463799130397e+01 1.180708258754195583e+01 1.364405724390100438e+01 1.096361511447253712e+01
1.617030795146534672e+01 1.715632426137484856e+01 1.177143299805562116e+01 1.357856014360170249e+01 1.093405596065661989e+01
1.614938394478314976e+01 1.711631034328061318e+01 1.173581067246086995e+01 1.351320335376787796e+01 1.090451212159786820e+01
1.612847582235274757e+01 1.707635286682871723e+01 1.170021568823259805e+01 1.344798723789217298e+01 1.087498365224790398e+01
1.610758358524664047e+01 1.703645181501038408e+01 1.166464812326914391e+01 1.338291216020733465e+01 1.084547060784118599e+01
1.608670723428225457e+01 1.699660717077626515e+01 1.162910805589489449e+01 1.331797848565356901e+01 1.081597304389842229e+01
1.606584677017865559e+01 1.695681891699981136e+01 1.159359556486305287e+01 1.325318657988932891e+01 1.078649101622758089e+01
1.604500219350948598e+01 1.691708703647069356e+01 1.155811072935930106e+01 1.318853680925620431e+01 1.075702458092792035e+01
1.602417350461864132e+01 1.687741151194538247e+01 1.152265362900408796e+01 1.312402954077496631e+01 1.072757379439067549e+01
1.600336070373289488e+01 1.683779232611642840e+01 1.148722434385625668e+01 1.305966514213278096e+01 1.069813871330283561e+01
1.598256379100149083e+01 1.679822946162509112e+01 1.145182295441562381e+01 1.299544398165471826e+01 1.066871939464859942e+01
1.596178276638988436e+01 1.675872290108419094e+01 1.141644954162614667e+01 1.293136642830825345e+01 1.063931589571182457e+01
1.594101762971337877e+01 1.671927262705326811e+01 1.138110418687894487e+01 1.286743285166637207e+01 1.060992827407865313e+01
1.592026838074603212e+01 1.667987862206778615e+01 1.134578697201515496e+01 1.280364362190669070e+01 1.058055658763905349e+01
1.589953501912213341e+01 1.664054086863670179e+01 1.131049797932909762e+01 1.273999910978909078e+01 1.055120089459036059e+01
1.587881754434062564e+01 1.660125934922766078e+01 1.127523729157112697e+01 1.267649968663162952e+01 1.052186125343893330e+01
1.585811595585295564e+01 1.656203404630203480e+01 1.124000499195071967e+01 1.261314572430972980e+01 1.049253772300106036e+01
1.583743025300658402e+01 1.652286494229542768e+01 1.120480116413944849e+01 1.254993759521555496e+01 1.046323036240759841e+01
1.581676043504256413e+01 1.648375201962060643e+01 1.116962589227399505e+01 1.248687567226220629e+01 1.043393923110555832e+01
1.579610650115087012e+01 1.644469526068743548e+01 1.113447926095915363e+01 1.242396032884535018e+01 1.040466438885946054e+01
1.577546845044324719e+01 1.640569464788642762e+01 1.109936135527103751e+01 1.236119193882785261e+01 1.037540589575261407e+01
1.575484628193571979e+01 1.636675016360115364e+01 1.106427226075968839e+01 1.229857087654408510e+01 1.034616381219306369e+01
1.573423999460735168e+01 1.632786179021308115e+01 1.102921206345231120e+01 1.223609751676550417e+01 1.031693819891303043e+01
1.571364958737327200e+01 1.628902951009075650e+01 1.099418084985674327e+01 1.217377223462174918e+01 1.028772911697069148e+01
1.569307505906870936e+01 1.625025330560850989e+01 1.095917870696409935e+01 1.211159540568662152e+01 1.025853662775419828e+01
1.567251640848747840e+01 1.621153315913803539e+01 1.092420572225127806e+01 1.204956740591429565e+01 1.022936079298335876e+01
1.565197363438105427e+01 1.617286905304803923e+01 1.088926198368460874e+01 1.198768861159989818e+01 1.020020167471163042e+01
1.563144673543766139e+01 1.613426096971665658e+01 1.085434757972452857e+01 1.192595939927294069e+01 1.017105933532860718e+01
1.561093571029773663e+01 1.609570889152268691e+01 1.081946259932522025e+01 1.186438014589192846e+01 1.014193383756207645e+01
1.559044055757442493e+01 1.605721280085028368e+01 1.078460713193989484e+01 1.180295122866651880e+01 1.011282524448043674e+01
1.556996127583242284e+01 1.601877268009480204e+01 1.074978126752395013e+01 1.174167302502708132e+01 1.008373361949578140e+01
1.554949786359156683e+01 1.598038851165484608e+01 1.071498509653877385e+01 1.168054591260895059e+01 1.005465902636497511e+01
1.552905031935063462e+01 1.594206027794250780e+01 1.068021870995200651e+01 1.161957026933662895e+01 1.002560152919228642e+01
1.550861864157183057e+01 1.590378796138056572e+01 1.064548219924292916e+01 1.155874647329736504e+01 9.996561192432196208e+00
1.548820282867947995e+01 1.586557154440011885e+01 1.061077565640642106e+01 1.149807490267326848e+01 9.967538080892177632e+00
1.546780287908156559e+01 1.582741100944905810e+01 1.057609917395424937e+01 1.143755593582901930e+01 9.938532259733261043e+00
1.544741879115877836e+01 1.578930633898577085e+01 1.054145284491825407e+01 1.137718995124985533e+01 9.909543794473698597e+00
1.542705056325848467e+01 1.575125751548148756e+01 1.050683676285445678e+01 1.131697732749250562e+01 9.880572750991895248e+00
1.540669819371853144e+01 1.571326452142802133e+01 1.047225102184781420e+01 1.125691844310379608e+01 9.851619195527403505e+00
1.538636168085543687e+01 1.567532733933343536e+01 1.043769571651137618e+01 1.119701367674013426e+01 9.822683194683616392e+00
1.536604102296002594e+01 1.563744595171714202e+01 1.040317094199229153e+01 1.113726340703787798e+01 9.793764815430742843e+00
1.534573621831390433e+01 1.559962034111025098e+01 1.036867679397519026e+01 1.107766801258177125e+01 9.764864125108815074e+00
1.532544726518562861e+01 1.556185049007778964e+01 1.033421336868535434e+01 1.101822787187085950e+01 9.735981191427830694e+00
1.530517416182584789e+01 1.552413638119982053e+01 1.029978076288984212e+01 1.095894336338284702e+01 9.707116082471822338e+00
1.528491690647495638e+01 1.548647799706882822e+01 1.026537907390267712e+01 1.089981486546440870e+01 9.678268866702257611e+00
1.526467549736760887e+01 1.544887532028425525e+01 1.023100839958966013e+01 1.084084275625466809e+01 9.649439612958461865e+00
1.524444993272707194e+01 1.541132833349020537e+01 1.019666883836818982e+01 1.078202741375509177e+01 9.620628390460510104e+00
1.522424021076790623e+01 1.537383701934334468e+01 1.016236048921208734e+01 1.072336921578227553e+01 9.591835268812568316e+00
1.520404632970367409e+01 1.533640136051658409e+01 1.012808345165546520e+01 1.066486853990359585e+01 9.563060318006245453e+00
1.518386828774199238e+01 1.529902133969014955e+01 1.009383782579742572e+01 1.060652576332727293e+01 9.534303608419929077e+00
1.516370608308478651e+01 1.526169693958699902e+01 1.005962371230125108e+01 1.054834126306355735e+01 9.505565210823622380e+00
1.514355971393669620e+01 1.522442814294398694e+01 1.002544121240079988e+01 1.049031541575861581e+01 9.476845196382443604e+00
1.512342917850100754e+01 1.518721493251773857e+01 9.991290427904422344e+00 1.043244859766680044e+01 9.448143636656913813e+00
1.510331447497837942e+01 1.515005729107794608e+01 9.957171461197212636e+00 1.037474118459810413e+01 9.419460603605930515e+00
1.508321560157573415e+01 1.511295520142819448e+01 9.923084415243186740e+00 1.031719355199966692e+01 9.390796169590331033e+00
1.506313255650241700e+01 1.507590864638985195e+01 9.889029393590270445e+00 1.025980607482617657e+01 9.362150407376409689e+00
1.504306533796887635e+01 1.503891760880580719e+01 9.855006500375830925e+00 1.020257912746876450e+01 9.333523390135098907e+00
1.502301394419405689e+01 1.500198207153623109e+01 9.821015840325083346e+00 1.014551308380064754e+01 9.304915191447076239e+00
