2.562076043896842847e+00 2.593172997709292105e+00 2.593030806443602287e+00 2.582009799557005714e+00 2.569563369523700125e+00
2.622306864025012452e+00 2.681595945634585476e+00 2.681078978680285108e+00 2.660529755805345342e+00 2.636535927885967467e+00
2.680793228158838470e+00 2.765547898925877046e+00 2.764445370328792340e+00 2.735748303515389335e+00 2.701054910893384342e+00
2.737632010445031128e+00 2.845294641135065028e+00 2.843416291311454902e+00 2.807845533291048579e+00 2.763252376282937295e+00
2.792916434603556652e+00 2.921088867819706003e+00 2.918263667207025680e+00 2.876993744356334926e+00 2.823255509167124089e+00
2.846736140216449495e+00 2.993170789751036232e+00 2.989245824444635158e+00 2.943357791262328327e+00 2.881186832692738786e+00
2.899177352712189126e+00 3.061769134794837477e+00 3.056608528219412868e+00 3.007095382253493376e+00 2.937164373020257013e+00
2.950323013163675956e+00 3.127101534930609272e+00 3.120585417345966395e+00 3.068357396696864914e+00 2.991301818277686930e+00
3.000252866800284579e+00 3.189375000943973415e+00 3.181398535086608970e+00 3.127288155852706364e+00 3.043708659597095245e+00
3.049043568651008229e+00 3.248786484066592095e+00 3.239258963422900539e+00 3.184025739224800589e+00 3.094490323194283299e+00
3.096768785393717138e+00 3.305523363481369437e+00 3.294367379015830544e+00 3.238702293601227744e+00 3.143748337437247464e+00
3.143499285785276154e+00 3.359763918683158934e+00 3.346914546958774217e+00 3.291444270381158166e+00 3.191580474817557800e+00
3.189303032559794193e+00 3.411677749662125336e+00 3.397081796489706207e+00 3.342372647209590042e+00 3.238080907280513010e+00
3.234245262773619345e+00 3.461426193682758168e+00 3.445041492675772421e+00 3.391603170039927839e+00 3.283340365547867457e+00
3.278388564426684137e+00 3.509162776842799314e+00 3.490957549168396401e+00 3.439246587234574104e+00 3.327446202149841881e+00
3.321792958462902234e+00 3.555033458878402275e+00 3.534985539867076199e+00 3.485408861668683578e+00 3.370482524463858987e+00
3.364515976598162261e+00 3.599177032426993161e+00 3.577273435210310826e+00 3.530191419415935172e+00 3.412530309199224288e+00
3.406612727073473401e+00 3.641725592395510525e+00 3.617961951263994003e+00 3.573691290229113804e+00 3.453667519363476490e+00
3.448135959663793937e+00 3.682804842809845436e+00 3.657184828768055507e+00 3.616001316094656470e+00 3.493969219653748848e+00
3.489136129488084048e+00 3.722534316660643050e+00 3.695069119964856430e+00 3.657210323610661451e+00 3.533507670207686413e+00
3.529661458265750174e+00 3.761027661284307655e+00 3.731735543718637693e+00 3.697403295583817862e+00 3.572352454632852226e+00
3.569758000062171810e+00 3.798392947029264999e+00 3.767298820357969813e+00 3.736661549811579608e+00 3.610570519762706709e+00
3.609469691924813706e+00 3.834732962450292160e+00 3.801867962924863065e+00 3.775062888238138736e+00 3.648226351667655631e+00
3.648838414798316165e+00 3.870145444422216308e+00 3.835546578949731167e+00 3.812681754447705185e+00 3.685381951287001634e+00
3.687904035301322381e+00 3.904723373281183019e+00 3.868433062444059267e+00 3.849589368224648922e+00 3.722097033003328281e+00
3.726704463051333072e+00 3.938555124342370206e+00 3.900621000512980441e+00 3.885853861214093374e+00 3.758428992224470466e+00
3.765275694977587406e+00 3.971724771661676368e+00 3.932199211154043805e+00 3.921540410369786400e+00 3.794433073953345836e+00
3.803651863031770386e+00 4.004312239716218080e+00 3.963252130084073954e+00 3.956711364556545263e+00 3.830162372986518626e+00
3.841865277838322434e+00 4.036393477241316141e+00 3.993859925326344484e+00 3.991426364218132239e+00 3.865667955722924987e+00
3.879946471513753714e+00 4.068040727607411533e+00 4.024098735418291994e+00 4.025742455618742888e+00 3.900998882607276119e+00
3.917924234653195725e+00 4.099322615436393313e+00 4.054040888889796079e+00 4.059714199930778200e+00 3.936202302912608975e+00
3.955825657386616623e+00 4.130304389238572682e+00 4.083755065233916959e+00 4.093393779748636163e+00 3.971323472221517825e+00
3.993676163664887202e+00 4.161048064191247953e+00 4.113306489501992402e+00 4.126831095852457665e+00 4.006405839448645700e+00
4.031499544451508044e+00 4.191612565930839196e+00 4.142757109595560649e+00 4.160073862750039986e+00 4.041491049005304426e+00
4.069317992999780920e+00 4.222053920121669357e+00 4.172165719071680101e+00 4.193167699959627015e+00 4.076619020616123024e+00
4.107152134332610949e+00 4.252425331614963611e+00 4.201588158084001101e+00 4.226156220116064510e+00 4.111827941315541857e+00
4.145021053081737961e+00 4.282777370260687277e+00 4.231077406890999093e+00 4.259081110086431643e+00 4.147154328914376187e+00
4.182942323335531398e+00 4.313158061271863630e+00 4.260683751964905674e+00 4.291982209189507458e+00 4.182633018812357051e+00
4.220932032392873623e+00 4.343613014816800622e+00 4.290454917058129425e+00 4.324897584167760378e+00 4.218297219852255253e+00
4.259004803336497780e+00 4.374185560592700028e+00 4.320436168301846180e+00 4.357863601387628627e+00 4.254178462588393828e+00
4.297173819712640785e+00 4.404916824643845707e+00 4.350670458463712365e+00 4.390914992666047567e+00 4.290306623371106909e+00
4.335450843570495927e+00 4.435845863836894942e+00 4.381198516959756262e+00 4.424084918741293393e+00 4.326709906124443172e+00
4.373846232997331107e+00 4.467009743893424201e+00 4.412058958042216261e+00 4.457405029053527201e+00 4.363414821894203044e+00
4.412368961214403917e+00 4.498443633724867219e+00 4.443288399157457214e+00 4.490905519520761224e+00 4.400446145524344210e+00
4.451026628825182740e+00 4.530180911461855864e+00 4.474921523916162158e+00 4.524615184040755800e+00 4.437826867345304294e+00
4.489825475435792690e+00 4.562253216935872935e+00 4.506991200171324152e+00 4.558561463085616161e+00 4.475578136726969802e+00
4.528770393345157963e+00 4.594690560695498860e+00 4.539528547057811281e+00 4.592770488843959775e+00 4.513719164124954553e+00
4.567864933310523234e+00 4.627521376066511927e+00 4.572563014526480174e+00 4.627267127414012471e+00 4.552267132323599697e+00
4.607111310040330920e+00 4.660772596713395721e+00 4.606122474944608136e+00 4.662075014437310649e+00 4.591237098130046768e+00
4.646510409474718273e+00 4.694469730568183508e+00 4.640233267327452005e+00 4.697216586593609300e+00 4.630641840981978063e+00
4.686061787100170406e+00 4.728636899886168088e+00 4.674920282669647875e+00 4.732713108746754216e+00 4.670491716432413121e+00
4.725763666519950057e+00 4.763296926215545568e+00 4.710207015000969832e+00 4.768584696729512018e+00 4.710794501710243942e+00
4.765612939618590893e+00 4.798471351956172803e+00 4.746115616487975863e+00 4.804850331355347670e+00 4.751555190806639573e+00
4.805605156303204062e+00 4.834180501079768710e+00 4.782666943693809181e+00 4.841527864708252693e+00 4.792775783085727603e+00
4.845734514768855306e+00 4.870443519552796197e+00 4.819880602649765144e+00 4.878634018813337470e+00 4.834455067926688443e+00
4.885993853485477878e+00 4.907278412415393198e+00 4.857774991217119975e+00 4.916184376308731174e+00 4.876588384031521173e+00
4.926374630472760252e+00 4.944702074172935724e+00 4.896367328689084530e+00 4.954193355382392028e+00 4.919167349526042621e+00
4.966866903613379236e+00 4.982730307020271532e+00 4.935673677260099090e+00 4.992674167591411916e+00 4.962179612246094607e+00
5.007459312897676540e+00 5.021377834273358154e+00 4.975708955282533097e+00 5.031638758714500170e+00 5.005608593041491083e+00
5.048139046842619493e+00 5.060658303552761694e+00 5.016486939331645800e+00 5.071097744207395230e+00 5.049433206591785961e+00
5.088891810951900574e+00 5.100584275966859593e+00 5.058020255134634269e+00 5.111060266097940286e+00 5.093627637334432912e+00
5.129701800924933330e+00 5.141167202030015204e+00 5.100320353058019229e+00 5.151533856961612479e+00 5.138161130656804687e+00
5.170551646891809128e+00 5.182417373050903997e+00 5.143397449642433727e+00 5.192524247854938935e+00 5.182997820424021462e+00
5.211422375037165544e+00 5.224343845003910580e+00 5.187260450165858572e+00 5.234035111764687720e+00 5.228096607821712816e+00
5.252293356854236706e+00 5.266954330493278214e+00 5.231916829299112948e+00 5.276067729211028734e+00 5.273411111406402618e+00
5.293142253417771670e+00 5.310255043615882187e+00 5.277372460510910912e+00 5.318620562923476847e+00 5.318889703649215761e+00
5.333944954010252815e+00 5.354250453498938356e+00 5.323631367566771466e+00 5.361688720531145869e+00 5.364475644687296985e+00
5.374675510779497678e+00 5.398942976082527601e+00 5.370695368475582931e+00 5.405263279851490132e+00 5.410107322365701243e+00
5.415306071159448287e+00 5.444332544805278395e+00 5.418563581755391212e+00 5.449330453206286506e+00 5.455718606522053982e+00
5.455806809854408357e+00 5.490415969497338899e+00 5.467231688793541267e+00 5.493870572645373151e+00 5.501239321819345385e+00
5.496145862138701155e+00 5.537186070455794251e+00 5.516690910425165129e+00 5.538856900543268402e+00 5.546595837100037230e+00
5.536289263076106693e+00 5.584630500348758630e+00 5.566926550708051202e+00 5.584254213325604788e+00 5.591711762158523058e+00
5.576200896519281969e+00 5.632730099143305580e+00 5.617915891507148984e+00 5.630017289553541637e+00 5.636508736589823876e+00
5.615842469450482710e+00 5.681456671810829917e+00 5.669625261915229864e+00 5.676089346979704686e+00 5.680907290594875647e+00
5.655173518425793411e+00 5.730770044184339440e+00 5.722005999086822392e+00 5.722400491002250789e+00 5.724827750299617435e+00
5.694151457884120582e+00 5.780614298323015099e+00 5.774989149438765068e+00 5.768866420340284407e+00 5.768191165298839351e+00
5.732731697645665037e+00 5.830913148372109944e+00 5.828478828244006316e+00 5.815387595364263085e+00 5.810920221694526155e+00
5.770867848778914677e+00 5.881564712993981203e+00 5.882344891313165292e+00 5.861849095870261372e+00 5.852940114620201584e+00
5.808512033759305915e+00 5.932436196702536968e+00 5.936415883184066544e+00 5.908121417704781386e+00 5.894179353094913587e+00
5.845615322977609551e+00 5.983359569706305336e+00 5.990474348394654314e+00 5.954062330031382189e+00 5.934570474614592861e+00
5.882128306067055057e+00 6.034129731319498369e+00 6.044256987087782029e+00 5.999519883372993689e+00 5.974050652301681197e+00
5.918001783361814816e+00 6.084506685648682911e+00 6.097461880132239997e+00 6.044336356705080071e+00 6.012562183355349532e+00
5.953187565311589324e+00 6.134222992241003425e+00 6.149763399776361439e+00 6.088352926997141701e+00 6.050052853633064665e+00
5.987639289423211331e+00 6.182996383187203016e+00 6.200832874219888602e+00 6.131414570089522620e+00 6.086476178096705603e+00
6.021313229381675569e+00 6.230545948299481829e+00 6.250360838674200892e+00 6.173374766138512548e+00 6.121791523449782169e+00
6.054169013331600624e+00 6.276608855618302840e+00 6.298076055068245083e+00 6.214099552342687183e+00 6.155964133539618466e+00
6.086170189846916934e+00 6.320954509958276013e+00 6.343757886923619083e+00 6.253470640022976035e+00 6.188965034321147307e+00
6.117284620589326316e+00 6.363393898644875257e+00 6.387241113004604287e+00 6.291387403634027820e+00 6.220770876098655755e+00
6.147484694088162449e+00 6.403783493088702983e+00 6.428414285026252450e+00 6.327767815333846357e+00 6.251363704961982570e+00
6.176747364268321938e+00 6.442024376611582781e+00 6.467213903042890344e+00 6.362548358738451704e+00 6.280730681718281971e+00
6.205054056485121095e+00 6.478058092901238574e+00 6.503616575863379268e+00 6.395683219078904358e+00 6.308863760463117920e+00
6.232390467698430747e+00 6.511860752510830963e+00 6.537630839888518786e+00 6.427142902493869769e+00 6.335759340752488811e+00
6.258746297432785433e+00 6.543436614184838795e+00 6.569289618969188282e+00 6.456912537804201158e+00 6.361417905648041327e+00
6.284114934073806502e+00 6.572811977903914915e+00 6.598643783855152378e+00 6.484990020100126706e+00 6.385843655023118792e+00
6.308493121204383769e+00 6.600029776252100078e+00 6.625756883483383319e+00 6.511384144966704923e+00 6.409044141287576934e+00
6.331880624483154030e+00 6.625145067827654444e+00 6.650700968072075447e+00 6.536112819794149154e+00 6.431029913476256965e+00
6.354279904308516969e+00 6.648221326029899458e+00 6.673553538394775941e+00 6.559201422480432697e+00 6.451814174699146420e+00
6.375695801599624346e+00 6.669327632915865500e+00 6.694395125326652263e+00 6.580681326994785252e+00 6.471412455224711202e+00
6.396135249341705631e+00 6.688536465494665961e+00 6.713307493041954288e+00 6.600588615181411711e+00 6.489842309805795573e+00
6.415607006862325434e+00 6.705921986361747855e+00 6.730372336815838352e+00 6.618962967627615157e+00 6.507123032881120928e+00
6.434121415018691614e+00 6.721558774486244836e+00 6.745670382881705507e+00 6.635846690174205698e+00 6.523275392450306853e+00
6.451690174235833908e+00 6.735520914993163188e+00 6.759280719357599665e+00 6.651283930144586520e+00 6.538321387973089038e+00
6.468326144741337380e+00 6.747881318448674115e+00 6.771280318010253652e+00 6.665320040443637239e+00 6.552284030828418260e+00
6.484043168153463377e+00 6.758711224418005870e+00 6.781743749875205118e+00 6.678001047819287272e+00 6.565187145511757194e+00
6.498855907984136593e+00 6.768079888915378817e+00 6.790742994573792934e+00 6.689373200003563724e+00 6.577055196718082364e+00
6.512779707706411791e+00 6.776054354943177316e+00 6.798347328528406841e+00 6.699482597280283613e+00 6.587913114120312663e+00
6.525830464534659647e+00 6.782699311365480987e+00 6.804623273381020354e+00 6.708374907339460513e+00 6.597786169627250175e+00
6.538024517487779796e+00 6.788077016568883515e+00 6.809634594466774438e+00 6.716095146322685672e+00 6.606699791076142247e+00
6.549378547952976248e+00 6.792247270313232832e+00 6.813442331330717749e+00 6.722687506298473892e+00 6.614679524634279772e+00
6.559909492861924818e+00 6.795267420368789502e+00 6.816104848576479469e+00 6.728195218404878553e+00 6.621750905187488101e+00
6.569634468856000886e+00 6.797192383706342156e+00 6.817677896205029064e+00 6.732660448555698451e+00 6.627939346902076423e+00
6.578570703385519636e+00 6.798074696205089751e+00 6.818214692680165001e+00 6.736124222976699549e+00 6.633270124162359060e+00
6.586735472758631360e+00 6.797964577334694170e+00 6.817766012532001874e+00 6.738626377983159443e+00 6.637768256533091105e+00
6.594146053665244089e+00 6.796910003350929763e+00 6.816380278380990809e+00 6.740205527836464761e+00 6.641458468087926725e+00
6.600819671759547980e+00 6.794956775375279534e+00 6.814103646356268307e+00 6.740899047423664747e+00 6.644365147173521891e+00
6.606773472843936901e+00 6.792148592875665081e+00 6.810980095079322894e+00 6.740743063000381952e+00 6.646512282688239459e+00
6.612024484150228254e+00 6.788527140034449125e+00 6.807051522490312756e+00 6.739772454261408363e+00 6.647923454301819746e+00
6.616589579802610643e+00 6.784132164778417184e+00 6.802357834254299185e+00 6.738020868646012573e+00 6.648621800630508893e+00
6.620485457862402612e+00 6.779001558944241168e+00 6.796937031916403527e+00 6.735520738641372240e+00 6.648629981092551766e+00
6.623728617533818586e+00 6.773171436261237410e+00 6.790825297480811429e+00 6.732303303053734922e+00 6.647970180880763635e+00
6.626335342332006384e+00 6.766676210451963769e+00 6.784057076552418408e+00 6.728398631544179054e+00 6.646664082465210122e+00
6.628321682962444505e+00 6.759548667201003447e+00 6.776665157702894682e+00 6.723835652614196690e+00 6.644732853977492582e+00
6.629703444338432838e+00 6.751820042881561790e+00 6.768680754815046718e+00 6.718642184048333021e+00 6.642197151921871878e+00
6.630496173389476944e+00 6.743520084050617314e+00 6.760133566108555314e+00 6.712844964736827791e+00 6.639077107341909922e+00
6.630715151150735842e+00 6.734677126814234249e+00 6.751051868744138318e+00 6.706469687192197604e+00 6.635392329878696316e+00
6.630375384788757209e+00 6.725318159680046648e+00 6.741462561421085908e+00 6.699541030490342663e+00 6.631161903679920755e+00
6.629491601900437736e+00 6.715468879213728925e+00 6.731391248196414878e+00 6.692082693566070439e+00 6.626404388310056071e+00
6.628078245838037397e+00 6.705153759279119718e+00 6.720862289445865834e+00 6.684117428624888113e+00 6.621137828907739831e+00
6.626149472989126821e+00 6.694396098597515277e+00 6.709898861091580180e+00 6.675667073070680857e+00 6.615379757475274403e+00
6.623719150859255222e+00 6.683218081346558037e+00 6.698523022787278514e+00 6.666752582686298112e+00 6.609147196989442641e+00
6.620800856780956423e+00 6.671640833017383088e+00 6.686755756217352520e+00 6.657394064839612824e+00 6.602456672956657613e+00
6.617407879368413681e+00 6.659684462247453141e+00 6.674617030823116970e+00 6.647610809065477078e+00 6.595324217666262534e+00
6.613553214460407226e+00 6.647368115232205277e+00 6.662125843007133064e+00 6.637421318440721585e+00 6.587765378948174266e+00
6.609249572909144277e+00 6.634710020792653040e+00 6.649300264671380134e+00 6.626843337898530528e+00 6.579795230895570946e+00
6.604509370657317469e+00 6.621727529485148089e+00 6.636157495058986555e+00 6.615893885595246715e+00 6.571428381270838059e+00
6.599344748965484619e+00 6.608437162462899472e+00 6.622713890231684886e+00 6.604589276966376765e+00 6.562678983101806196e+00
6.593767557287430137e+00 6.594854645517592928e+00 6.608985017180138755e+00 6.592945156014285324e+00 6.553560744693649021e+00
6.587789375124670777e+00 6.580994947479467783e+00 6.594985681904198316e+00 6.580976521447865046e+00 6.544086939173646478e+00
6.581421500788279033e+00 6.566872321539097612e+00 6.580729970922305938e+00 6.568697750064770524e+00 6.534270416182561547e+00
6.574674965841178498e+00 6.552500332034402852e+00 6.566231288115694120e+00 6.556122624166455637e+00 6.524123611820223267e+00
6.567560531321417372e+00 6.537891892290376816e+00 6.551502380390568092e+00 6.543264353859642668e+00 6.513658559307765827e+00
6.560088693951078298e+00 6.523059294296572830e+00 6.536555379589845671e+00 6.530135599645939593e+00 6.502886899944958721e+00
6.552269690133528890e+00 6.508014231254287019e+00 6.521401822658141612e+00 6.516748496967672999e+00 6.491819893681293863e+00
6.544113503662498665e+00 6.492767849117974777e+00 6.506052686808927454e+00 6.503114674664050909e+00 6.480468429717001655e+00
6.535629864971737035e+00 6.477330737034233898e+00 6.490518415325769119e+00 6.489245276719920241e+00 6.468843036415999670e+00
6.526828260652666636e+00 6.461712996883646198e+00 6.474808940113448763e+00 6.475150983477751865e+00 6.456953891174986637e+00
6.517717934729557072e+00 6.445924244331648900e+00 6.458933713492546858e+00 6.460842027842102375e+00 6.444810832615667451e+00
6.508307895654197317e+00 6.429973603305722207e+00 6.442901723579848472e+00 6.446328216109415088e+00 6.432423369303365668e+00
6.498606919647056834e+00 6.413869806668296647e+00 6.426721522922486329e+00 6.431618944628056944e+00 6.419800691328731546e+00
6.488623556199038411e+00 6.397621111310877851e+00 6.410401246673697706e+00 6.416723216448625422e+00 6.406951677162176395e+00
6.478366132457496818e+00 6.381235419696113631e+00 6.393948625890816473e+00 6.401649657169453889e+00 6.393884905292289922e+00
6.467842758222117183e+00 6.364720234004912491e+00 6.377371026372840035e+00 6.386406530929737535e+00 6.380608664621252757e+00
6.457061330501590035e+00 6.348082689122262146e+00 6.360675450164915645e+00 6.371001755844428516e+00 6.367130957893191834e+00
6.446029538381617741e+00 6.331329591653852340e+00 6.343868550591670541e+00 6.355442918269464059e+00 6.353459519738784422e+00
6.434754867624699060e+00 6.314467399323429930e+00 6.326956688087770786e+00 6.339737286311758702e+00 6.339601813361568361e+00
6.423244605344219593e+00 6.297502279033508010e+00 6.309945863439771152e+00 6.323891822763341608e+00 6.325565050063270078e+00
6.411505844650661423e+00 6.280440087571568242e+00 6.292841828550763239e+00 6.307913197970442809e+00 6.311356191996994269e+00
6.399545489127038245e+00 6.263286406718877153e+00 6.275650044894910629e+00 6.291807802249446802e+00 6.296981960630085418e+00
6.387370257421131292e+00 6.246046553163957071e+00 6.258375681346680430e+00 6.275581757455507947e+00 6.282448847889681609e+00
6.374986687594812906e+00 6.228725570396532518e+00 6.241023689016851783e+00 6.259240928040333607e+00 6.267763116298977089e+00
6.362401141151033279e+00 6.211328281285284802e+00 6.223598751039685517e+00 6.242790931822320921e+00 6.252930816848420115e+00
6.349619807900873880e+00 6.193859254137632497e+00 6.206105332331169677e+00 6.226237150333645332e+00 6.237957786284558992e+00
6.336648711092638386e+00 6.176322852600280022e+00 6.188547682673427808e+00 6.209584738671574122e+00 6.222849660049879716e+00
6.323493707823008236e+00 6.158723223741907837e+00 6.170929830011372630e+00 6.192838634942157583e+00 6.207611878331285027e+00
6.310160497299241555e+00 6.141064308810249450e+00 6.153255622594439700e+00 6.176003569350811517e+00 6.192249688080204706e+00
6.296654625513727233e+00 6.123349869285818592e+00 6.135528710409110076e+00 6.159084072883827865e+00 6.176768157776399093e+00
6.282981482506452053e+00 6.105583472096568265e+00 6.117752569182470346e+00 6.142084485661588822e+00 6.161172173208997016e+00
6.269146313260437253e+00 6.087768523859611314e+00 6.099930512508988656e+00 6.125008964931082822e+00 6.145466453895570780e+00
6.255154221334807474e+00 6.069908259024227704e+00 6.082065672053420968e+00 6.107861492731077036e+00 6.129655551394092683e+00
6.241010164579025243e+00 6.052005756938008574e+00 6.064161047661520421e+00 6.090645883243092307e+00 6.113743857074211974e+00
6.226718967351797751e+00 6.034063952792187990e+00 6.046219481914842930e+00 6.073365789829971995e+00 6.097735610531906048e+00
6.212285323020822148e+00 6.016085630633948078e+00 6.028243676041880938e+00 6.056024711771153868e+00 6.081634898181021320e+00
6.197713790344452356e+00 5.998073450844653820e+00 6.010236208899394583e+00 6.038626000696394769e+00 6.065445667032842714e+00
6.183008804808645564e+00 5.980029935163099886e+00 5.992199518336507325e+00 6.021172866732813489e+00 6.049171721042966077e+00
6.168174680473580196e+00 5.961957489327163628e+00 5.974135935250806106e+00 6.003668384390582702e+00 6.032816732351374611e+00
6.153215607332601422e+00 5.943858401842221362e+00 5.956047671357640461e+00 5.986115498213740338e+00 6.016384243165383339e+00
6.138135661787489816e+00 5.925734845780364246e+00 5.937936826636481591e+00 5.968517028211874909e+00 5.999877668631624417e+00
6.122938807971822328e+00 5.907588895993550970e+00 5.919805406107119694e+00 5.950875675078853178e+00 5.983300306273837244e+00
6.107628895814073644e+00 5.889422518361930869e+00 5.901655306260119360e+00 5.933194025199697741e+00 5.966655332929414968e+00
6.092209670837001489e+00 5.871237590676122942e+00 5.883488339038537518e+00 5.915474555453249295e+00 5.949945816645046293e+00
6.076684775051924170e+00 5.853035895846458558e+00 5.865306225502394888e+00 5.897719637814426541e+00 5.933174714322611898e+00
6.061057744047324114e+00 5.834819129613299182e+00 5.847110597049391068e+00 5.879931543764466362e+00 5.916344878349860004e+00
6.045332018276536878e+00 5.816588908933620239e+00 5.828903013285962942e+00 5.862112448515013341e+00 5.899459061064331600e+00
6.029510942609779711e+00 5.798346766581770950e+00 5.810684949413870370e+00 5.844264435059800533e+00 5.882519914447493115e+00
6.013597763393436324e+00 5.780094166714158099e+00 5.792457812129773842e+00 5.826389498048050619e+00 5.865529999337955047e+00
5.997595639829985892e+00 5.761832497717080059e+00 5.774222939895740758e+00 5.808489547500540695e+00 5.848491779008107017e+00
5.981507642801094704e+00 5.743563082341744064e+00 5.755981599590604958e+00 5.790566412448419520e+00 5.831407634989703936e+00
5.965336752449961644e+00 5.725287179657500225e+00 5.737735002210419211e+00 5.772621844488592835e+00 5.814279864992629498e+00
5.949085868927531884e+00 5.707005984133840748e+00 5.719484294476255393e+00 5.754657519635029139e+00 5.797110682362109912e+00
5.932757810869268233e+00 5.688720636328394420e+00 5.701230567414736328e+00 5.736675044057931494e+00 5.779902212852632282e+00
5.916355313381586711e+00 5.670432216280614668e+00 5.682974860487077784e+00 5.718675955212137119e+00 5.762656523649940077e+00
5.899881038265861299e+00 5.652141755206854690e+00 5.664718156848854491e+00 5.700661725029160465e+00 5.745375606736092600e+00
5.883337572165658891e+00 5.633850232217876730e+00 5.646461396085495466e+00 5.682633758037462179e+00 5.728061364015832879e+00
5.866727424590525430e+00 5.615558577521554184e+00 5.628205468480220297e+00 5.664593399528388140e+00 5.710715640745383403e+00
5.850053038139200190e+00 5.597267678252004330e+00 5.609951219670013423e+00 5.646541942566342343e+00 5.693340225357765405e+00
5.833316786068865056e+00 5.578978374652304950e+00 5.591699456316223227e+00 5.628480625786546732e+00 5.675936838259726613e+00
5.816520970398854296e+00 5.560691468980944130e+00 5.573450940385506591e+00 5.610410642523575575e+00 5.658507115983557156e+00
5.799667832110278809e+00 5.542407719760868545e+00 5.555206400204051320e+00 5.592333126074817251e+00 5.641052663677932344e+00
5.782759548149905449e+00 5.524127849758004416e+00 5.536966526081540607e+00 5.574249160566044914e+00 5.623575021690458975e+00
5.765798229939655073e+00 5.505852549496743187e+00 5.518731972605790403e+00 5.556159783848030109e+00 5.606075669606617851e+00
5.748785932957969358e+00 5.487582476100478779e+00 5.500503364621821767e+00 5.538065986137297614e+00 5.588556030888268467e+00
5.731724653675196457e+00 5.469318240355817373e+00 5.482281292163030173e+00 5.519968723508689834e+00 5.571017487711928062e+00
5.714616328444274806e+00 5.451060441916122379e+00 5.464066318518479015e+00 5.501868899416568759e+00 5.553461370112291462e+00
5.697462842179970011e+00 5.432809648576461647e+00 5.445858978014668672e+00 5.483767379863525804e+00 5.535888950667663622e+00
5.680266025550896103e+00 5.414566392433209252e+00 5.427659776581928774e+00 5.465665017344158549e+00 5.518301465827860852e+00
5.663027654020653223e+00 5.396331169506588310e+00 5.409469197158295550e+00 5.447562598325957239e+00 5.500700106931632583e+00
5.645749455821810869e+00 5.378104473220362003e+00 5.391287693771468881e+00 5.429460912276887541e+00 5.483086020928565674e+00
5.628433109318003780e+00 5.359886767178910993e+00 5.373115700677401740e+00 5.411360673963844903e+00 5.465460308178397675e+00
5.611080242151399666e+00 5.341678475965626838e+00 5.354953631704418626e+00 5.393262593530851134e+00 5.447824038551853931e+00
5.593692438639568998e+00 5.323480014214529987e+00 5.336801881194114472e+00 5.375167333123386015e+00 5.430178242018159018e+00
5.576271237245586043e+00 5.305291778778279621e+00 5.318660810721757670e+00 5.357075525266520089e+00 5.412523903813073467e+00
5.558818129858104307e+00 5.287114143804717337e+00 5.300530778688320233e+00 5.338987782857136821e+00 5.394861976634046208e+00
5.541334568607497069e+00 5.268947454528280616e+00 5.282412124127418451e+00 5.320904694658628031e+00 5.377193383902122648e+00
5.523821963469393026e+00 5.250792050838113845e+00 5.264305170467999950e+00 5.302826821835891380e+00 5.359519013884004757e+00
5.506281681697649866e+00 5.232648252012698897e+00 5.246210199116172923e+00 5.284754696920420436e+00 5.341839713435099668e+00
5.488715054032212493e+00 5.214516360386959981e+00 5.228127507717587719e+00 5.266688833981054252e+00 5.324156309807071885e+00
5.471123372477346258e+00 5.196396662798565380e+00 5.210057370449920455e+00 5.248629723781505163e+00 5.306469597536914939e+00
5.453507889867843517e+00 5.178289434519893319e+00 5.192000047351367442e+00 5.230577836440151174e+00 5.288780339871193448e+00
5.435869825504701325e+00 5.160194937395636394e+00 5.173955767908512193e+00 5.212533629352551934e+00 5.271089269892494045e+00
5.418210363104367211e+00 5.142113409825454617e+00 5.155924770828768544e+00 5.194497530124750462e+00 5.253397099848370999e+00
5.400530650467100457e+00 5.124045086696808582e+00 5.137907276034995085e+00 5.176469943626690551e+00 5.235704514649968999e+00
5.382831804614037985e+00 5.105990191074608830e+00 5.119903491010039609e+00 5.158451271848789155e+00 5.218012169435286118e+00
5.365114909876319338e+00 5.087948933264312856e+00 5.101913604709490180e+00 5.140441887757669193e+00 5.200320699822818860e+00
5.347381017651582802e+00 5.069921508186268966e+00 5.083937806084590783e+00 5.122442145456271412e+00 5.182630718602244002e+00
5.329631151095188812e+00 5.051908106976244817e+00 5.065976270950361737e+00 5.104452393254156561e+00 5.164942815233819040e+00
5.311866303331485462e+00 5.033908909487003314e+00 5.048029165664300599e+00 5.086472959302545505e+00 5.147257553536300989e+00
5.294087437297516630e+00 5.015924082879978485e+00 5.030096646826713425e+00 5.068504153580081883e+00 5.129575482668931485e+00
5.276295490010524780e+00 4.997953784624943552e+00 5.012178865204147904e+00 5.050546276912501575e+00 5.111897130406029888e+00
5.258491370903925599e+00 4.979998168057008456e+00 4.994275963676122032e+00 5.032599618233644101e+00 5.094223002355391827e+00
5.240675961754234002e+00 4.962057376938681763e+00 4.976388074689042540e+00 5.014664448978802369e+00 5.076553586163623955e+00
5.222850120543365726e+00 4.944131544682874413e+00 4.958515318800960969e+00 4.996741027682699787e+00 5.058889354343647504e+00
5.205014679922769005e+00 4.926220800204212047e+00 4.940657818795997969e+00 4.978829609021812708e+00 5.041230761410766981e+00
5.187170447212134938e+00 4.908325265258102199e+00 4.922815687933040252e+00 4.960930429671718045e+00 5.023578239966997039e+00
5.169318207888187189e+00 4.890445054340495368e+00 4.904989031727739146e+00 4.943043713909143655e+00 5.005932212695171302e+00
5.151458724169343029e+00 4.872580272850533412e+00 4.887177948874810163e+00 4.925169682717600139e+00 4.988293085230490753e+00
5.133592735074102187e+00 4.854731024263914563e+00 4.869382535787290855e+00 4.907308542490628867e+00 4.970661247151249462e+00
5.115720959573713422e+00 4.836897405272842398e+00 4.851602882727190647e+00 4.889460490311448027e+00 4.953037071894923038e+00
