3.453310277722362542e+00 3.453017581416674364e+00 3.457786983393779767e+00 3.463055645766157653e+00 3.447711148636642076e+00
3.504785681708040279e+00 3.504200772135723785e+00 3.513656367723740459e+00 3.523371754768068076e+00 3.494290329347978119e+00
3.554503974360463836e+00 3.553627800050092045e+00 3.567690369068441392e+00 3.581073688295084878e+00 3.539789697960026515e+00
3.602540873885804906e+00 3.601374892516756354e+00 3.619968838894928265e+00 3.636282885261401976e+00 3.584259449339189718e+00
3.648970090156288482e+00 3.647516237156932295e+00 3.670569229149551749e+00 3.689117492560960887e+00 3.627748098918054609e+00
3.693863442908661199e+00 3.692124141416002647e+00 3.719566780081334567e+00 3.739692097195319587e+00 3.670302477688872855e+00
3.737290905945263031e+00 3.735269074234661257e+00 3.767034570214721434e+00 3.788117788723020851e+00 3.711967810224090059e+00
3.779320646677237772e+00 3.777019687950286198e+00 3.813043572147460480e+00 3.834502416924169488e+00 3.752787761534444044e+00
3.820019065994634033e+00 3.817442838018985096e+00 3.857662634398974166e+00 3.878950710916501343e+00 3.792804477821285492e+00
3.859450852006004240e+00 3.856603671192973426e+00 3.900958637770792325e+00 3.921564313845031347e+00 3.832058625752491565e+00
3.897679014618308901e+00 3.894565663178449544e+00 3.942996542562322571e+00 3.962441865236169036e+00 3.870589438120757730e+00
3.934764915229445048e+00 3.931390656237006453e+00 3.983839426057024458e+00 4.001679062392675235e+00 3.908434748370004375e+00
3.970768338219948124e+00 3.967138901256705097e+00 4.023548537866953545e+00 4.039368760889726850e+00 3.945630990916227265e+00
4.005747508451511507e+00 4.001869083800607463e+00 4.062183339681159744e+00 4.075601075313566746e+00 3.982213284444910073e+00
4.039759152443321177e+00 4.035638364128217859e+00 4.099801550421585894e+00 4.110463444537894695e+00 4.018215475699612682e+00
4.072858535436940208e+00 4.068502424463707356e+00 4.136459210640412998e+00 4.144040711257775733e+00 4.053670178773091770e+00
4.105099483584260689e+00 4.100515488540850129e+00 4.172210708505769361e+00 4.176415175619974995e+00 4.088608776502538511e+00
4.136534428503059857e+00 4.131730386801184984e+00 4.207108863993004100e+00 4.207666686199398320e+00 4.123061445497589794e+00
4.167214430201904740e+00 4.162198554442332998e+00 4.241204928190732915e+00 4.237872707727328603e+00 4.157057204159769093e+00
4.197189223649642642e+00 4.191970108900552106e+00 4.274548674453813923e+00 4.267108386188537494e+00 4.190623945865144862e+00
4.226507247740673101e+00 4.221093847746357319e+00 4.307188405239102735e+00 4.295446655999350938e+00 4.223788470446853793e+00
4.255215681901243663e+00 4.249617301629956323e+00 4.339171010661767802e+00 4.322958153347996380e+00 4.256576510419157522e+00
4.283360473102663768e+00 4.277586762726866887e+00 4.370542007158981335e+00 4.349711457858154162e+00 4.289012755835519997e+00
4.310986383245058562e+00 4.305047302712955215e+00 4.401345561681713647e+00 4.375773043117444416e+00 4.321120880851296420e+00
4.338136981028101857e+00 4.332042823111641461e+00 4.431624548519557116e+00 4.401207432210319404e+00 4.352923568416632527e+00
4.364854730136168648e+00 4.358616060592364505e+00 4.461420562648999777e+00 4.426077169699161651e+00 4.384442540130238264e+00
4.391180964044966828e+00 4.384808637557755517e+00 4.490773976499031761e+00 4.450442903620007939e+00 4.415698575878416854e+00
4.417155933764775000e+00 4.410661075071298676e+00 4.519723960188694711e+00 4.474363412597930356e+00 4.446711542368498193e+00
4.442818853289004721e+00 4.436212830958289999e+00 4.548308523450316443e+00 4.497895668346272302e+00 4.477500410885182802e+00
4.468207879107594316e+00 4.461502316945040292e+00 4.576564540638514700e+00 4.521094884454913476e+00 4.508083283115511541e+00
4.493360192678770737e+00 4.486566935757857699e+00 4.604527790290562805e+00 4.544014562325134676e+00 4.538477423125266697e+00
4.518311975108232126e+00 4.511443094407735721e+00 4.632232976161597904e+00 4.566706538553723327e+00 4.568699238555359976e+00
4.543098468997141204e+00 4.536166242258143910e+00 4.659713765907101291e+00 4.589221015843044427e+00 4.598764361876712670e+00
4.567753981732139756e+00 4.560770879744428186e+00 4.687002808948826704e+00 4.611606604376420115e+00 4.628687633464831030e+00
4.592311914087604308e+00 4.585290597758301168e+00 4.714131773954060911e+00 4.633910351641717718e+00 4.658483089627322826e+00
4.616804790411492831e+00 4.609758085188348176e+00 4.741131365276744170e+00 4.656177775490797366e+00 4.688164062339084559e+00
4.641264262969995613e+00 4.634205165366715562e+00 4.768031357349117094e+00 4.678452895295699854e+00 4.717743124842558089e+00
4.665721159337534729e+00 4.658662804817360836e+00 4.794860611126439132e+00 4.700778261028272453e+00 4.747232123475393806e+00
4.690205472090928751e+00 4.683161146744836856e+00 4.821647104721627386e+00 4.723194976762113306e+00 4.776642232539737520e+00
4.714746407303925579e+00 4.707729519579540778e+00 4.848417949481627076e+00 4.745742722285418935e+00 4.805983912239015332e+00
4.739372387217711591e+00 4.732396469141997741e+00 4.875199417510741817e+00 4.768459774680819052e+00 4.835266969848744267e+00
4.764111068889639533e+00 4.757189765603720311e+00 4.902016956497993405e+00 4.791383023055233004e+00 4.864500561118865640e+00
4.788989377935125802e+00 4.782136435063004676e+00 4.928895214431059379e+00 4.814547982392763714e+00 4.893693182617734116e+00
4.814033505821915249e+00 4.807262764947996203e+00 4.955858052745591991e+00 4.837988805279835880e+00 4.922852726782383392e+00
4.839268941082979225e+00 4.832594334611812315e+00 4.982928568183369933e+00 4.861738292945676498e+00 4.951986463662136906e+00
4.864720479451460911e+00 4.858156019745544008e+00 5.010129104097855723e+00 4.885827897308447021e+00 4.981101054390995486e+00
4.890412242943670051e+00 4.883972021602499325e+00 5.037481268987054506e+00 4.910287724847076873e+00 5.010202591900384306e+00
4.916367695955143446e+00 4.910065870424697998e+00 5.065005945868136017e+00 4.935146538264389093e+00 5.039296572669621277e+00
4.942609656904450866e+00 4.936460453559570638e+00 5.092723306667726213e+00 4.960431750609970436e+00 5.068387935837484370e+00
4.969160317483602540e+00 4.963178019933887519e+00 5.120652819409475143e+00 4.986169418690622024e+00 5.097481075100592562e+00
4.996041248717421723e+00 4.990240198770322877e+00 5.148813257418635381e+00 5.012384233943852685e+00 5.126579813766993787e+00
5.023273420093961938e+00 5.017668011065205214e+00 5.177222703849603036e+00 5.039099510869974985e+00 5.155687465150315951e+00
5.050877205715195828e+00 5.045481883658315958e+00 5.205898554222077479e+00 5.066337167059494995e+00 5.184806807932722528e+00
5.078872398219493434e+00 5.073701661147917541e+00 5.234857517754066158e+00 5.094117704241432953e+00 5.213940090758827139e+00
5.107278218345941312e+00 5.102346616617218444e+00 5.264115610901312081e+00 5.122460187211291149e+00 5.243089072841685017e+00
5.136113320252509773e+00 5.131435460540575200e+00 5.293688155021604835e+00 5.151382212772227298e+00 5.272254996730917576e+00
5.165395805826832110e+00 5.160986350292422919e+00 5.323589768309747505e+00 5.180899878923547419e+00 5.301438611455944638e+00
5.195143222112373671e+00 5.191016897001119901e+00 5.353834333151550773e+00 5.211027750857393670e+00 5.330640190517827115e+00
5.225372568260300277e+00 5.221544170780325622e+00 5.384434981478565696e+00 5.241778821842995484e+00 5.359859508923038085e+00
5.256100296413755757e+00 5.252584705849736579e+00 5.415404065903123509e+00 5.273164466518515781e+00 5.389095873110853141e+00
5.287342311213967250e+00 5.284154500146357236e+00 5.446753125722850974e+00 5.305194393446209133e+00 5.418348111819065061e+00
5.319113964943046113e+00 5.316269014149439975e+00 5.478492834094033093e+00 5.337876595930048040e+00 5.447614587755305493e+00
5.351430048399918427e+00 5.348943166252662529e+00 5.510632940170130389e+00 5.371217288781426014e+00 5.476893197944349367e+00
5.384304776431018347e+00 5.382191322806504807e+00 5.543182208675403899e+00 5.405220846671938695e+00 5.506181381834071686e+00
5.417751768260778533e+00 5.416027281855646969e+00 5.576148315520154775e+00 5.439889738283896214e+00 5.535476115894453208e+00
5.451784017923261949e+00 5.450464249033312392e+00 5.609537748147263692e+00 5.475224451245386703e+00 5.564773926720165242e+00
5.486413853913774119e+00 5.485514803003453288e+00 5.643355701814579461e+00 5.511223410286381075e+00 5.594070877951673459e+00
5.521652885153123691e+00 5.521190846593428070e+00 5.677605906990979889e+00 5.547882892025268298e+00 5.623362585814373205e+00
5.557511926266660574e+00 5.557503538273061316e+00 5.712290459515690699e+00 5.585196938260918564e+00 5.652644204068193012e+00
5.594000912445115326e+00 5.594463196496177737e+00 5.747409646326866905e+00 5.623157248588821489e+00 5.681910437004399128e+00
5.631128745780377365e+00 5.632079171274764207e+00 5.782961679546030354e+00 5.661753079369472808e+00 5.711155525302451075e+00
5.668903126747273369e+00 5.670359651550601399e+00 5.818942423788905138e+00 5.700971132945725550e+00 5.740373255877199377e+00
5.707330320860650730e+00 5.709311397153975953e+00 5.855345119430532819e+00 5.740795433476617582e+00 5.769556946688266130e+00
5.746414843307404041e+00 5.748939383287470228e+00 5.892160008679851124e+00 5.781207197645040985e+00 5.798699455691364690e+00
5.786159005076879858e+00 5.789246268428716924e+00 5.929373933102078276e+00 5.822184699119339335e+00 5.827793162247276726e+00
5.826562338140892194e+00 5.830231659522565835e+00 5.966969939162977354e+00 5.863703130426112686e+00 5.856829976739549082e+00
5.867620812548022258e+00 5.871891091478588898e+00 6.004926823694931137e+00 5.905734439846158423e+00 5.885801320270302561e+00
5.909325771437400121e+00 5.914214611079387396e+00 6.043218604814345696e+00 5.948247174196293230e+00 5.914698124763040354e+00
5.951662543355282331e+00 5.957184891238673785e+00 6.081814051628366968e+00 5.991206315563696094e+00 5.943510822084087764e+00
5.994608624372468775e+00 6.000774795238430492e+00 6.120676238123067492e+00 6.034573097020802912e+00 5.972229337093235557e+00
6.038131407783916771e+00 6.044944393138915295e+00 6.159762127650333596e+00 6.078304820187054425e+00 6.000843078166263389e+00
6.082185413813452790e+00 6.089637574261452357e+00 6.199022217405286028e+00 6.122354669072920252e+00 6.029340927449746701e+00
6.126709175606408486e+00 6.134778586527496635e+00 6.238400311724258351e+00 6.166671517598024899e+00 6.057711228300764361e+00
6.171622003148105051e+00 6.180269085916905603e+00 6.277833508843987609e+00 6.211199729817540316e+00 6.085941775665610898e+00
6.216821234190359036e+00 6.225986488759670756e+00 6.317252367657730794e+00 6.255878970359289859e+00 6.114019804927565360e+00
6.262180657171965592e+00 6.271784481397356892e+00 6.356581313314898729e+00 6.300644018580004335e+00 6.141931983963676345e+00
6.307551005598341476e+00 6.317496318943849332e+00 6.395739355649305402e+00 6.345424601235675865e+00 6.169664401298041057e+00
6.352763259979128385e+00 6.362940985050714815e+00 6.434641076115252822e+00 6.390145244023190507e+00 6.197202558276249995e+00
6.397634913306425197e+00 6.407931536425961028e+00 6.473197866873449335e+00 6.434725154159084859e+00 6.224531365748322997e+00
6.441978582049173951e+00 6.452284301058626603e+00 6.511319404819311707e+00 6.479078153852673161e+00 6.251635142205656415e+00
6.485611578680879674e+00 6.495827382414859130e+00 6.548915246815666613e+00 6.523112687411357413e+00 6.278497617179502832e+00
6.528364743719146546e+00 6.538407216021552948e+00 6.585896489925326946e+00 6.566731925435241202e+00 6.305101940753004897e+00
6.570089131110344205e+00 6.579892550509109483e+00 6.622177380164469440e+00 6.609833997409587880e+00 6.331430701344084255e+00
6.610659851290067834e+00 6.620175919253401986e+00 6.657676789089778779e+00 6.652312367329095366e+00 6.357465953710751627e+00
6.649977164187212075e+00 6.659173061160703178e+00 6.692319469274300658e+00 6.694056515164351850e+00 6.383189259177060926e+00
6.687965388781819343e+00 6.696821004171988889e+00 6.726037038805261936e+00 6.734952824135236327e+00 6.408581740075265820e+00
6.724570468612519392e+00 6.733075425641637857e+00 6.758768678209896130e+00 6.774885809364386446e+00 6.433624150236026296e+00
6.759756874825463946e+00 6.767907783960064982e+00 6.790461510756429675e+00 6.813739783967754704e+00 6.458296963139408930e+00
6.793504395188576517e+00 6.801302550407844372e+00 6.821070730125394554e+00 6.851400960684384422e+00 6.482580476834877814e+00
6.825805146953957347e+00 6.833254707037127673e+00 6.850559469656140266e+00 6.887760045805037201e+00 6.506454937883279221e+00
6.856660943980295464e+00 6.863767591955062919e+00 6.878898476624479841e+00 6.922715128050232813e+00 6.529900676940752824e+00
6.886081100587902348e+00 6.892851069014973575e+00 6.906065659923837252e+00 6.956174835873055962e+00 6.552898265549861989e+00
6.914080592801994385e+00 6.920520037086990150e+00 6.932045528335130768e+00 6.988061357280821007e+00 6.575428667930608206e+00
6.940678669839479120e+00 6.946793273024789883e+00 6.956828571035777564e+00 7.018312921635127211e+00 6.597473394916019807e+00
6.965897744024011295e+00 6.971692480726488839e+00 6.980410619765514468e+00 7.046885330966600414e+00 6.619014657578231819e+00
6.989762481581403897e+00 6.995241506781649576e+00 7.002792223776490133e+00 7.073752195601396231e+00 6.640035507597912279e+00
7.012299115454975862e+00 7.017465742133192741e+00 7.023978035852398882e+00 7.098903926818855403e+00 6.660519957727785822e+00
7.033534935298553670e+00 7.038391659635350628e+00 7.043976238006083967e+00 7.122345685807096594e+00 6.680453082423871258e+00
7.053497888712516151e+00 7.058046448927774108e+00 7.062798019372483971e+00 7.144094767534829415e+00 6.699821097815072513e+00
7.072216267275236667e+00 7.076457725110715913e+00 7.080457103539916197e+00 7.164177859325940645e+00 6.718611416159231631e+00
7.089718476600604724e+00 7.093653301970083369e+00 7.096969322723170492e+00 7.182628527850123845e+00 6.736812678296284496e+00
7.106032853858074816e+00 7.109661013265547780e+00 7.112352239120574460e+00 7.199485106420277170e+00 6.754414764509743208e+00
7.121187539919193732e+00 7.124508580181701412e+00 7.126624798560558638e+00 7.214789019116473412e+00 6.771408788523961775e+00
7.135210379074051090e+00 7.138223508727639555e+00 7.139807040808822336e+00 7.228583520143548213e+00 6.787787076231645678e+00
7.148128842575513175e+00 7.150833007349969073e+00 7.151919886550274441e+00 7.240912746931357447e+00 6.803543132325192033e+00
7.159969973166185220e+00 7.162363922567055674e+00 7.162984907859534012e+00 7.251821065208986283e+00 6.818671596991793038e+00
7.170760345420076121e+00 7.172842692966052702e+00 7.173024140334087306e+00 7.261352622197168927e+00 6.833168195843421167e+00
7.180526039494771418e+00 7.182295314923882401e+00 7.182059926606250144e+00 7.269550996476768390e+00 6.847029685478886130e+00
7.189292620725235672e+00 7.190747317114898784e+00 7.190114775846295991e+00 7.276458983343083275e+00 6.860253795907303775e+00
7.197085124123640654e+00 7.198223744074331520e+00 7.197211260716295023e+00 7.282118454195036783e+00 6.872839173131699120e+00
7.203928052589960274e+00 7.204749140656704576e+00 7.203371925995718961e+00 7.286570257630384795e+00 6.884785319724129771e+00
7.209845373934853363e+00 7.210347543420191130e+00 7.208619208332944339e+00 7.289854165514349837e+00 6.896092535334704010e+00
7.214860523338055387e+00 7.215042482403735136e+00 7.212975370819564525e+00 7.292008843991292899e+00 6.906761859474491949e+00
7.218996403863451761e+00 7.218856978700619820e+00 7.216462448850105460e+00 7.293071840521704097e+00 6.916795017444899329e+00
7.222275389817640168e+00 7.221813547127381661e+00 7.219102203676889040e+00 7.293079585292834288e+00 6.926194367899938698e+00
7.224719336542822390e+00 7.223934199279543833e+00 7.220916090847778079e+00 7.292067402489216477e+00 6.934962852423604218e+00
7.226349587053018553e+00 7.225240444532102124e+00 7.221925231372066989e+00 7.290069526006562661e+00 6.943103947531090725e+00
7.227186980604348499e+00 7.225753300776065480e+00 7.222150383449423394e+00 7.287119120132673267e+00 6.950621619041752908e+00
7.227251861794887766e+00 7.225493299563494176e+00 7.221611929537231411e+00 7.283248305035333381e+00 6.957520279304329591e+00
7.226564090542789032e+00 7.224480494294461153e+00 7.220329861071547839e+00 7.278488183301656811e+00 6.963804747561414210e+00
7.225143050326670924e+00 7.222734468754445025e+00 7.218323770630262537e+00 7.272868865435870411e+00 6.969480212381867545e+00
7.223007660250975626e+00 7.220274345395012006e+00 7.215612844446975593e+00 7.266419497091582969e+00 6.974552196206638577e+00
7.220176380973589048e+00 7.217118794719466379e+00 7.212215857516269146e+00 7.259168287671304398e+00 6.979026522739783189e+00
7.216667227766869530e+00 7.213286042768952022e+00 7.208151171583650374e+00 7.251142538058500620e+00 6.982909286327529941e+00
7.212497778641115964e+00 7.208793882386663299e+00 7.203436735110665623e+00 7.242368668011385680e+00 6.986206823343880323e+00
7.207685189540818271e+00 7.203659678663576926e+00 7.198090084190019056e+00 7.232872242995041390e+00 6.988925685590309911e+00
7.202246198526888854e+00 7.197900380972426682e+00 7.192128346095183922e+00 7.222678001269249748e+00 6.991072615834927895e+00
7.196197138805161764e+00 7.191532530693486081e+00 7.185568242442325726e+00 7.211809879084491115e+00 6.992654524815335115e+00
7.189553945265677370e+00 7.184572275054368795e+00 7.178426093742929837e+00 7.200291036909667319e+00 6.993678470013394488e+00
7.182332164493729465e+00 7.177035370576322570e+00 7.170717825685188451e+00 7.188143883166930870e+00 6.994151635951452839e+00
7.174546965481295224e+00 7.168937195089913672e+00 7.162458971940615093e+00 7.175390098636476033e+00 6.994081315948118771e+00
7.166213147427601626e+00 7.160292755054595837e+00 7.153664683511995470e+00 7.162050661646266470e+00 6.993474896617782655e+00
7.157345149101397297e+00 7.151116692078000270e+00 7.144349730506761809e+00 7.148145867366705097e+00 6.992339838498850213e+00
7.147957054734989768e+00 7.141423295290996620e+00 7.134528517682177551e+00 7.133695352167417347e+00 6.990683667082850050e+00
7.138062608856047930e+00 7.131226507454670127e+00 7.124215082570402480e+00 7.118718113617632959e+00 6.988513949686294247e+00
7.127675220146637791e+00 7.120539933006956979e+00 7.113423110406840166e+00 7.103232528284915581e+00 6.985838296716475604e+00
7.116807966855828838e+00 7.109376847121332332e+00 7.102165936671990032e+00 7.087256381848888509e+00 6.982664337195292781e+00
7.105473615447224667e+00 7.097750205049735861e+00 7.090456557210139010e+00 7.070806878094080261e+00 6.978999719286806069e+00
7.093684617264250036e+00 7.085672643092324030e+00 7.078307632351235057e+00 7.053900656246550049e+00 6.974852094663112290e+00
7.081453116014389870e+00 7.073156493826517455e+00 7.065731495900805292e+00 7.036553836245583504e+00 6.970229110955616925e+00
7.068790968927162410e+00 7.060213795020650274e+00 7.052740164477213192e+00 7.018781985732225337e+00 6.965138403749270068e+00
7.055709736165452384e+00 7.046856284096937983e+00 7.039345342228209290e+00 7.000600185420665866e+00 6.959587586054746033e+00
7.042220695804803476e+00 7.033095419407587201e+00 7.025558430023842504e+00 6.982023034720823418e+00 6.953584247419439812e+00
7.028334857671043601e+00 7.018942385805467588e+00 7.011390532153894739e+00 6.963064624246879220e+00 6.947135940855027947e+00
7.014062954700775343e+00 7.004408084692522962e+00 6.996852463146134404e+00 6.943738622512319658e+00 6.940250183162065767e+00
6.999415462451215042e+00 6.989503161440863366e+00 6.981954755614943053e+00 6.924058239577226104e+00 6.932934445466071516e+00
6.984402603719037650e+00 6.974238006075655250e+00 6.966707666228628248e+00 6.904036246331335391e+00 6.925196150523657224e+00
6.969034343876087334e+00 6.958622744686651984e+00 6.951121183391068215e+00 6.883685018191586735e+00 6.917042668528385896e+00
6.953320413873464112e+00 6.942667266535043069e+00 6.935205033393947893e+00 6.863016511579796308e+00 6.908481310842361722e+00
6.937270306256945851e+00 6.926381221857586645e+00 6.918968686323559325e+00 6.842042302773281293e+00 6.899519329864226336e+00
6.920893275001112066e+00 6.909774018368804782e+00 6.902421364153608963e+00 6.820773597365299423e+00 6.890163912061082918e+00
6.904198357856902390e+00 6.892854843336831294e+00 6.885572048013647972e+00 6.799221224091700044e+00 6.880422178456118587e+00
6.887194369613095724e+00 6.875632661558611858e+00 6.868429477174896824e+00 6.777395677430712695e+00 6.870301179231572242e+00
6.869889905209418224e+00 6.858116212045568538e+00 6.851002165295596136e+00 6.755307104623454961e+00 6.859807893325615247e+00
6.852293358270562074e+00 6.840314031319660870e+00 6.833298404682918381e+00 6.732965316035535608e+00 6.848949225496367532e+00
6.834412914267985251e+00 6.822234448365618320e+00 6.815326259477532567e+00 6.710379821468226424e+00 6.837732004227636828e+00
6.816256557163254293e+00 6.803885581047322439e+00 6.797093588318713131e+00 6.687559807211641782e+00 6.826162981386031170e+00
6.797832082613394888e+00 6.785275361231331459e+00 6.778608045669768600e+00 6.664514169145354217e+00 6.814248828865957286e+00
6.779147092019184306e+00 6.766411527093572076e+00 6.759877072748905924e+00 6.641251520198588665e+00 6.801996139538889707e+00
6.760209002565788161e+00 6.747301621116648995e+00 6.740907921737163022e+00 6.617780180178439053e+00 6.789411424276123874e+00
6.741025055132252142e+00 6.727953012972402114e+00 6.721707655705738027e+00 6.594108214798081846e+00 6.776501112600960219e+00
6.721602308835874950e+00 6.708372892214091721e+00 6.702283141602971561e+00 6.570243423519081638e+00 6.763271550957937528e+00
6.701947655165113815e+00 6.688568267698615344e+00 6.682641070806863759e+00 6.546193348877168638e+00 6.749729002574251346e+00
6.682067819959402577e+00 6.668545987175840573e+00 6.662787959520714232e+00 6.521965300611234362e+00 6.735879647268078863e+00
6.661969359169245486e+00 6.648312731195360037e+00 6.642730144706217921e+00 6.497566342935409800e+00 6.721729580380330304e+00
6.641658676497812941e+00 6.627875013102045187e+00 6.622473800414471867e+00 6.473003316868877199e+00 6.707284814446466292e+00
6.621142019021458935e+00 6.607239196539850035e+00 6.602024938988589220e+00 6.448282847131779683e+00 6.692551275749423212e+00
6.600425477763931070e+00 6.586411489803079888e+00 6.581389407381789347e+00 6.423411333740272511e+00 6.677534807130300898e+00
6.579515002063047291e+00 6.565397946119213124e+00 6.560572902733370348e+00 6.398394982958014232e+00 6.662241168032652538e+00
6.558416395242952390e+00 6.544204479945730846e+00 6.539580973178931167e+00 6.373239797017904884e+00 6.646676029634821958e+00
6.537135317151581582e+00 6.522836861233133554e+00 6.518419012801250467e+00 6.347951580531457694e+00 6.630844985219068732e+00
6.515677295584610285e+00 6.501300716291344983e+00 6.497092278488023176e+00 6.322535960984763115e+00 6.614753540945260468e+00
6.494047722097879394e+00 6.479601542576117090e+00 6.475605889591658837e+00 6.296998377447346584e+00 6.598407118522672477e+00
6.472251856657278424e+00 6.457744703183194268e+00 6.453964822934887380e+00 6.271344097733978273e+00 6.581811062569934201e+00
6.450294835984017539e+00 6.435735428413275727e+00 6.432173928905809746e+00 6.245578224378033561e+00 6.564970630373504257e+00
6.428181669475433679e+00 6.413578828679648680e+00 6.410237930827864972e+00 6.219705688073672079e+00 6.547890999741113660e+00
6.405917246335259385e+00 6.391279889573818096e+00 6.388161420924486578e+00 6.193731270784415877e+00 6.530577268879279806e+00
6.383506340376601251e+00 6.368843473961795176e+00 6.365948874588196027e+00 6.167659598647310837e+00 6.513034453594656270e+00
6.360953606336921418e+00 6.346274333195239592e+00 6.343604649930945527e+00 6.141495146644749603e+00 6.495267490621484896e+00
6.338263589708422074e+00 6.323577102646990689e+00 6.321132984358277085e+00 6.115242254089863216e+00 6.477281237175089856e+00
6.315440727391900211e+00 6.300756304208868563e+00 6.298538007576057751e+00 6.088905116419375041e+00 6.459080471686435843e+00
6.292489345453781802e+00 6.277816356159809708e+00 6.275823741140957424e+00 6.062487797855013127e+00 6.440669897445260972e+00
6.269413670366345670e+00 6.254761568948120853e+00 6.252994095050429912e+00 6.035994236515985989e+00 6.422054138364224229e+00
6.246217826215739066e+00 6.231596148099892041e+00 6.230052880304938867e+00 6.009428238804693123e+00 6.403237743362532264e+00
6.222905835256929308e+00 6.208324202862064212e+00 6.207003808151892343e+00 5.982793497651439196e+00 6.384225187171765903e+00
6.199481627152528596e+00 6.184949742222329405e+00 6.183850486704887572e+00 5.956093586865175205e+00 6.365020868938648491e+00
6.175949036120104374e+00 6.161476678236631699e+00 6.160596433034072561e+00 5.929331964502134511e+00 6.345629115378669027e+00
6.152311802768093862e+00 6.137908833409701614e+00 6.137245072154211556e+00 5.902511985072804279e+00 6.326054180576379693e+00
6.128573581486406852e+00 6.114249937070826313e+00 6.113799733972758332e+00 5.875636893234051250e+00 6.306300246686025623e+00
6.104737937598793351e+00 6.090503629062110846e+00 6.090263664506487373e+00 5.848709833162976324e+00 6.286371425785850953e+00
6.080808350678686303e+00 6.066673465887042482e+00 6.066640024833946931e+00 5.821733852875296655e+00 6.266271759646341977e+00
6.056788219806977125e+00 6.042762917474359341e+00 6.042931888446657851e+00 5.794711899766973318e+00 6.246005221342319835e+00
6.032680860888190999e+00 6.018775371168223032e+00 6.019142251511778952e+00 5.767646834554621016e+00 6.225575716240361324e+00
6.008489511613142042e+00 5.994714136767157697e+00 5.995274031867003472e+00 5.740541427102557215e+00 6.204987082310806201e+00
5.984217334283933099e+00 5.970582443605992218e+00 5.971330066615612608e+00 5.713398358830998447e+00 6.184243091685226901e+00
5.959867413488719734e+00 5.946383444831160325e+00 5.947313121682540782e+00 5.686220232215419834e+00 6.163347451309713954e+00
5.935442762815752893e+00 5.922120221443393007e+00 5.923225890772878977e+00 5.659009565982108469e+00 6.142303803740367663e+00
5.910946324753969527e+00 5.897795779641329617e+00 5.899070993094903237e+00 5.631768802074159197e+00 6.121115728476407725e+00
5.886380967115293572e+00 5.873413055370463098e+00 5.874850982395591004e+00 5.604500309268930280e+00 6.099786742462326217e+00
5.861749496196826392e+00 5.848974917435987741e+00 5.850568345825641003e+00 5.577206379536223224e+00 6.078320301260107250e+00
5.837054651663617477e+00 5.824484165113300804e+00 5.826225501818825592e+00 5.549889238838097150e+00 6.056719799963606654e+00
5.812299110327404428e+00 5.799943532931341572e+00 5.801824808583979198e+00 5.522551043958801031e+00 6.034988574050994536e+00
5.787485475156920245e+00 5.775355692911415595e+00 5.777368562917543748e+00 5.495193884236829085e+00 6.013129900323391119e+00
5.762616298101945311e+00 5.750723252462749180e+00 5.752858998297549320e+00 5.467819788960616378e+00 5.991146997839713606e+00
5.737694074451994197e+00 5.726048759353393969e+00 5.728298292759985699e+00 5.440430723730969476e+00 5.969043028881134028e+00
5.712721241328027055e+00 5.701334703143704274e+00 5.703688567724345404e+00 5.413028595616083294e+00 5.946821099629286067e+00
5.687700168883255358e+00 5.676583513354930943e+00 5.679031886291940445e+00 5.385615256151938368e+00 5.924484261394088236e+00
5.662633169291181545e+00 5.651797564602714097e+00 5.654330260532764996e+00 5.358192498425518480e+00 5.902035511258405975e+00
5.637522518515721615e+00 5.626979177293422119e+00 5.629585650339151925e+00 5.330762065394832661e+00 5.879477792758932786e+00
5.612370434195206315e+00 5.602130616036258282e+00 5.604799961875055914e+00 5.303325647509249841e+00 5.856813997512225534e+00
5.587179080099321737e+00 5.577254094930357731e+00 5.579975054367032783e+00 5.275884883947749238e+00 5.834046965637094573e+00
5.561950555028716714e+00 5.552351777580302183e+00 5.555112738963158492e+00 5.248441368379245908e+00 5.811179486447351827e+00
5.536686932447203446e+00 5.527425773500427297e+00 5.530214777301907247e+00 5.220996644471080472e+00 5.788214298043166117e+00
5.511390230874535945e+00 5.502478148282440529e+00 5.505282887871494779e+00 5.193552212394250134e+00 5.765154091705553263e+00
5.486062423625623907e+00 5.477510920460601618e+00 5.480318744863029501e+00 5.166109531736437610e+00 5.742001510096591765e+00
5.460705425378413302e+00 5.452526063457209027e+00 5.455323976861835789e+00 5.138670021100743668e+00 5.718759148559186656e+00
5.435321123060520954e+00 5.427525501694966614e+00 5.430300172785793578e+00 5.111235051075221136e+00 5.695429553874930662e+00
5.409911356627500112e+00 5.402511112623055389e+00 5.405248880748154683e+00 5.083805957429499145e+00 5.672015230174203282e+00
5.384477924813143801e+00 5.377484742562379516e+00 5.380171606877387269e+00 5.056384045168695884e+00 5.648518635989780101e+00
5.359022579794572749e+00 5.352448193485728645e+00 5.355069820835847594e+00 5.028970582498512698e+00 5.624942185900213332e+00
5.333547037642492938e+00 5.327403228701220961e+00 5.329944954711707261e+00 5.001566789876958019e+00 5.601288248062760822e+00
5.308052979363261592e+00 5.302351548197598241e+00 5.304798399795795483e+00 4.974173857650007413e+00 5.577559152210179505e+00
5.282542047263635965e+00 5.277294842826850463e+00 5.279631516402563562e+00 4.946792955526433389e+00 5.553757185194975854e+00
5.257015844750964284e+00 5.252234758047611862e+00 5.254445630097489328e+00 4.919425217951882701e+00 5.529884593126022096e+00
5.231475936950507055e+00 5.227172903506935420e+00 5.229242033682039548e+00 4.892071739554252119e+00 5.505943578645638325e+00
5.205923861816026843e+00 5.202110845555750096e+00 5.204021983900501525e+00 4.864733586232346418e+00 5.481936308839428840e+00
5.180361121571081640e+00 5.177050112936933957e+00 5.178786701767658762e+00 4.837411806478781884e+00 5.457864910899569821e+00
