6.359148627697424949e+00 6.364035065436286054e+00 6.357780171467993569e+00 6.366010947057650249e+00 6.355811437703009048e+00
6.401251947565394396e+00 6.410394131954822328e+00 6.398651529233219115e+00 6.413449732966273409e+00 6.395008697738781223e+00
6.441309431074198066e+00 6.454112691369142674e+00 6.437579095596355216e+00 6.457420996952933478e+00 6.432543509535463500e+00
6.479513514563643106e+00 6.495417816306295222e+00 6.474724156260758257e+00 6.498217167459196197e+00 6.468564273460976288e+00
6.516046669834743454e+00 6.534525292764692850e+00 6.510241101574048450e+00 6.536115850952696427e+00 6.503212890675641233e+00
6.551081896898241830e+00 6.571640171983356815e+00 6.544277704858730615e+00 6.571380613219497846e+00 6.536625029444540935e+00
6.584783193048929562e+00 6.606957295573356426e+00 6.576975389263349570e+00 6.604261711462188877e+00 6.568930380996927276e+00
6.617305998538035361e+00 6.640661795050310623e+00 6.608469484098066005e+00 6.634996782246314062e+00 6.600252904945167032e+00
6.648797620457018276e+00 6.672929566871425244e+00 6.638889470607761467e+00 6.663811489356346485e+00 6.630711064511069175e+00
6.679397635730699001e+00 6.703927724162578095e+00 6.668359218662799570e+00 6.690920134906526151e+00 6.660418052458200400e+00
6.709238274258706447e+00 6.733815026413320304e+00 6.696997213108232039e+00 6.716526236534845928e+00 6.689482007473641190e+00
6.738444783194949217e+00 6.762742288124550250e+00 6.724916771606920030e+00 6.740823073118080266e+00 6.718006222149183415e+00
6.767135773276088173e+00 6.790852767451762695e+00 6.752226253547423340e+00 6.763994201144295282e+00 6.746089342157688407e+00
6.795423548079599030e+00 6.818282535823676049e+00 6.779029260658575140e+00 6.786213943647062763e+00 6.773825557484117965e+00
6.823414417044610047e+00 6.845160829449480566e+00 6.805424829559277633e+00 6.807647853412547079e+00 6.801304785767905869e+00
6.851208993048279794e+00 6.871610383610154749e+00 6.831507616622272572e+00 6.828453151984816394e+00 6.828612848201734309e+00
6.878902475289777385e+00 6.897747750563256730e+00 6.857368075410307462e+00 6.848779145921574774e+00 6.855831638201307143e+00
6.906584918199004441e+00 6.923683601860622261e+00 6.883092627003633446e+00 6.868767621575758930e+00 6.883039283184392509e+00
6.934341487049573871e+00 6.949523015830215478e+00 6.908763823504284751e+00 6.888553219615110024e+00 6.910310299690414659e+00
6.962252700922497262e+00 6.975365750945586640e+00 6.934460504967629113e+00 6.908263790393962545e+00 6.937715742123731211e+00
6.990394663634617700e+00 7.001306505766629940e+00 6.960257950029816953e+00 6.928020731215578820e+00 6.965323345352342876e+00
7.018839283214980185e+00 7.027435166098314312e+00 6.986228020485789614e+00 6.947939306454723685e+00 6.993197661400093246e+00
7.047654480483013906e+00 7.053837039986830426e+00 7.012439300042484724e+00 6.968128951447432939e+00 7.021400190458880530e+00
7.076904387254261408e+00 7.080593081133979894e+00 7.038957227477294687e+00 6.988693560997644383e+00 7.049989506422421393e+00
7.106649534672719426e+00 7.107780101289159269e+00 7.065844224427613618e+00 7.009731763298424845e+00 7.079021377157147299e+00
7.136947032143098113e+00 7.135470972147498259e+00 7.093159818011685047e+00 7.031337180017214195e+00 7.108548879681805488e+00
7.167850737311884046e+00 7.163734817254147735e+00 7.120960758477825614e+00 7.053598673249874551e+00 7.138622510456364978e+00
7.199411417522503243e+00 7.192637194382722754e+00 7.149301132080937649e+00 7.076600580006657815e+00 7.169290290926190856e+00
7.231676903147328694e+00 7.222240268846571887e+00 7.178232469363665658e+00 7.100422934854486279e+00 7.200597868504041266e+00
7.264692233177483693e+00 7.252602978161560188e+00 7.207803849010053554e+00 7.125141681302486596e+00 7.232588613112871379e+00
7.298499793430445415e+00 7.283781188465748180e+00 7.238061997445364604e+00 7.150828872484320975e+00 7.265303709451189640e+00
7.333139447715092629e+00 7.315827843070048075e+00 7.269051384337314126e+00 7.177552861656912420e+00 7.298782245083197395e+00
7.368648662274084771e+00 7.348793103502526236e+00 7.300814314139850936e+00 7.205378483004200696e+00 7.333061294488557813e+00
7.405062623804226085e+00 7.382724483379122127e+00 7.333391013828697069e+00 7.234367223204361430e+00 7.368175999158565581e+00
7.442414351336510414e+00 7.417666975416360664e+00 7.366819716961481745e+00 7.264577384189687237e+00 7.404159643838095661e+00
7.480734802238443670e+00 7.453663171877693117e+00 7.401136744177875926e+00 7.296064237499887639e+00 7.441043728985095029e+00
7.520052972583255446e+00 7.490753378724828160e+00 7.436376580263625691e+00 7.328880170601773436e+00 7.478858039507962019e+00
7.560395992111225816e+00 7.528975723730924052e+00 7.472571947887178823e+00 7.363074825519935196e+00 7.517630709830920743e+00
7.601789213989404992e+00 7.568366258777380118e+00 7.509753878096948831e+00 7.398695230095587050e+00 7.557388285305767894e+00
7.644256299556385414e+00 7.608959056544954969e+00 7.547951777674517082e+00 7.435785922161715078e+00 7.598155779988577940e+00
7.687819298218105502e+00 7.650786301778029319e+00 7.587193493423528778e+00 7.474389066892836553e+00 7.639956730751282343e+00
7.732498722638969646e+00 7.693878377282511671e+00 7.627505373449165127e+00 7.514544567556260546e+00 7.682813247702351411e+00
7.778313619349070507e+00 7.738263944782685755e+00 7.668912325486843429e+00 7.556290169857511785e+00 7.726746060825960605e+00
7.825281634862355062e+00 7.783970020736600937e+00 7.711437872321868170e+00 7.599661560035096741e+00 7.771774562751607718e+00
7.873419077372692421e+00 7.831022047167503608e+00 7.755104204303748361e+00 7.644692456817388404e+00 7.817916847483028064e+00
7.922740974061388108e+00 7.879443957536927279e+00 7.799932228955956504e+00 7.691414697305702042e+00 7.865189744909250713e+00
7.973261124012921641e+00 7.929258237628950212e+00 7.845941617681534197e+00 7.739858316790105164e+00 7.913608850816042484e+00
8.024992146691806383e+00 7.980485981362999581e+00 7.893150849463662411e+00 7.790051622436529044e+00 7.963188552085392224e+00
8.077945525881419897e+00 8.033146941377971473e+00 7.941577251493558975e+00 7.842021260699068463e+00 8.013942046658129925e+00
8.132131648922934275e+00 8.087259574151094199e+00 7.991237036576094077e+00 7.895792278207954595e+00 8.065881357693470477e+00
8.187559841015849216e+00 8.142841079304021790e+00 8.042145337112073022e+00 7.951388175752129861e+00 8.119017341351423056e+00
8.244238394246796275e+00 8.199907432623433579e+00 8.094316235381421976e+00 8.008830954807324431e+00 8.173359687277299557e+00
8.302174590894761508e+00 8.258473412109944789e+00 8.147762789753898005e+00 8.068141155842448953e+00 8.228916910804018769e+00
8.361374720410614358e+00 8.318552616247583131e+00 8.202497056328017067e+00 8.129337887350912339e+00 8.285696335559791237e+00
8.421844089276675049e+00 8.380157473270317681e+00 8.258530105333360183e+00 8.192438844171622492e+00 8.343704064851424462e+00
8.483587022707016700e+00 8.443299239918818699e+00 8.315872031397175235e+00 8.257460313152890308e+00 8.402944939775455424e+00
8.546606856816316267e+00 8.507987987637598337e+00 8.374531956514749353e+00 8.324417163514242546e+00 8.463422481461858382e+00
8.610905919466674163e+00 8.574232573496018972e+00 8.434518024110225554e+00 8.393322818302284105e+00 8.525138814158292888e+00
8.676485497452068429e+00 8.642040592204915939e+00 8.495837382057539244e+00 8.464189202003211676e+00 8.588094564971312295e+00
8.743345786877535275e+00 8.711418304352926967e+00 8.558496151751167957e+00 8.537026657501892046e+00 8.652288734892378486e+00
8.811485822598255524e+00 8.782370534272283535e+00 8.622499379247233975e+00 8.611843822920468128e+00 8.717718534231709171e+00
8.880903381155709653e+00 8.854900528555024408e+00 8.687850962986807701e+00 8.688647455067521008e+00 8.784379173489741177e+00
8.951594849702043888e+00 8.929009762911958248e+00 8.754553550459965194e+00 8.767442180762513360e+00 8.852263598276080003e+00
9.023555050684075596e+00 9.004697680374652791e+00 8.822608393088883005e+00 8.848230149211154583e+00 8.921362153181444654e+00
9.096777008231988759e+00 9.081961337095867393e+00 8.892015144166066420e+00 8.931010547268142474e+00 8.991662155193449024e+00
9.171251636768092297e+00 9.160794922698174858e+00 8.962771578203554412e+00 9.015778922180656352e+00 9.063147351367199178e+00
9.246967324604980831e+00 9.241189108497950500e+00 9.034873200810958238e+00 9.102526232140393248e+00 9.135797228009497672e+00
9.323909374116110982e+00 9.323130157938118501e+00 9.108312704750881394e+00 9.191237510129447230e+00 9.209586129309299096e+00
9.402059244105677394e+00 9.406598706866430959e+00 9.183079208857314768e+00 9.281889978369255445e+00 9.284482132264480825e+00
9.481393517049852449e+00 9.491568085041860670e+00 9.259157190450855168e+00 9.374450387955411301e+00 9.360445612220821943e+00
9.561882481274247780e+00 9.578002002337598242e+00 9.336524987721677604e+00 9.468871284025103918e+00 9.437427421217345014e+00
9.643488173173118128e+00 9.665851365389922734e+00 9.415152707786146991e+00 9.565085825665459396e+00 9.515366593383310700e+00
9.726161665565685510e+00 9.755049930104622291e+00 9.494999335341978153e+00 9.663000756607294406e+00 9.594187494992098664e+00
9.809839317108465906e+00 9.845508454485468519e+00 9.576008812159708228e+00 9.762487192400104874e+00 9.673796363767724671e+00
9.894437629384473354e+00 9.937107040354156595e+00 9.658104878992677556e+00 9.863369159122971297e+00 9.754077250639006991e+00
9.979846330714305935e+00 1.002968552071560993e+01 9.741184583312014311e+00 9.965410395450065906e+00 9.834887508893384478e+00
1.006591939992830831e+01 1.012303217071169747e+01 9.825110609896650971e+00 1.006830087746180169e+01 9.916053187254611601e+00
1.015246409272920758e+01 1.021687179352249331e+01 9.909703023565892721e+00 1.017164575193292819e+01 9.997364968285074482e+00
1.023922879687939513e+01 1.031085534855512975e+01 9.994731607817234575e+00 1.027496048950522400e+01 1.007857559792307889e+01
1.032589178903895366e+01 1.040455447271110678e+01 1.007991061658160348e+01 1.037767637574528301e+01 1.015939995596578882e+01
1.041205445323717882e+01 1.049746484409377345e+01 1.016489815711411993e+01 1.047915913703723234e+01 1.023951885275975293e+01
1.049724348162851228e+01 1.058902148168236224e+01 1.024930221066714964e+01 1.057874029921406667e+01 1.031858716391512232e+01
1.058092585159972998e+01 1.067862628965808547e+01 1.033269418567760489e+01 1.067575676409867214e+01 1.039624603977041062e+01
1.066253720709858577e+01 1.076568414264489881e+01 1.041462900031430472e+01 1.076959106616844508e+01 1.047213788604442009e+01
1.074151946500867716e+01 1.084964050859213103e+01 1.049466868741896874e+01 1.085970456616756508e+01 1.054592201112243188e+01
1.081735954405420053e+01 1.093001297117669779e+01 1.057240536468892067e+01 1.094565851379296895e+01 1.061728863151870783e+01
1.088962060088460504e+01 1.100641140126263195e+01 1.064747971343589050e+01 1.102712185391968625e+01 1.068596940532531647e+01
1.095796034063809543e+01 1.107854542056958103e+01 1.071959265116591098e+01 1.110386791295867148e+01 1.075174358704945199e+01
1.102213567815693018e+01 1.114622114175877954e+01 1.078850983787604179e+01 1.117576367322561914e+01 1.081443987235091519e+01
1.108199666277641171e+01 1.120933081054705482e+01 1.085406018863279520e+01 1.124275535309892859e+01 1.087393470828102515e+01
1.113747399044523689e+01 1.126783900178884323e+01 1.091613029166484239e+01 1.130485315215862663e+01 1.093014816389743693e+01
1.118856402302340136e+01 1.132176815095510491e+01 1.097465663961754956e+01 1.136211695329343208e+01 1.098303844508889071e+01
1.123531401930065954e+01 1.137118512749711918e+01 1.102961718182112527e+01 1.141464387404950998e+01 1.103259593288651352e+01
1.127780904294383113e+01 1.141618966502522881e+01 1.108102319141332792e+01 1.146255794566627806e+01 1.107883735651112111e+01
1.131616110056375746e+01 1.145690486912341122e+01 1.112891198934156023e+01 1.150600184318959052e+01 1.112180046473756612e+01
1.135050051931106552e+01 1.149346969099878102e+01 1.117334074194201676e+01 1.154513042184429672e+01 1.116153936840998284e+01
1.138096931057730643e+01 1.152603310639333678e+01 1.121438134708465029e+01 1.158010576031054306e+01 1.119812059879293109e+01
1.140771617730113263e+01 1.155474969849172417e+01 1.125211631683039570e+01 1.161109341836487552e+01 1.123161984953771686e+01
1.143089282491409797e+01 1.157977635886181567e+01 1.128663551955435196e+01 1.163825965077151636e+01 1.126211933140653443e+01
1.145065127843737507e+01 1.160126985918572373e+01 1.131803363585578914e+01 1.166176936232448824e+01 1.128970565412343774e+01
1.146714196220037607e+01 1.161938509105249295e+01 1.134640819260304134e+01 1.168178463098273312e+01 1.131446814930255051e+01
1.148051235057441133e+01 1.163427381289783824e+01 1.137185805735330568e+01 1.169846366296994944e+01 1.133649755540369419e+01
1.149090604258742410e+01 1.164608377902341729e+01 1.139448229513294741e+01 1.171196007432910058e+01 1.135588499579495725e+01
1.149846214921416454e+01 1.165495815477750874e+01 1.141437930815846613e+01 1.172242241793519923e+01 1.137272119178545005e+01
1.150331491010416229e+01 1.166103514498519722e+01 1.143164619527079928e+01 1.172999389420609795e+01 1.138709586269444252e+01
1.150559347782595587e+01 1.166444778052094655e+01 1.144637828133308943e+01 1.173481219859249158e+01 1.139909727402019257e+01
1.150542182373681577e+01 1.166532382151123137e+01 1.145866877774652615e+01 1.173700947030097375e+01 1.140881190240484599e+01
1.150291873150862720e+01 1.166378574596561712e+01 1.146860854388351925e+01 1.173671231536480164e+01 1.141632419243075525e+01
1.149819785328806176e+01 1.165995080040310583e+01 1.147628592610624665e+01 1.173404188371718249e+01 1.142171638541915257e+01
1.149136780989312179e+01 1.165393109490901047e+01 1.148178665621567873e+01 1.172911398497990021e+01 1.142506840454436556e+01
1.148253232143364677e+01 1.164583372945410922e+01 1.148519379540337937e+01 1.172203923130786940e+01 1.142645778387201361e+01
1.147179035824585114e+01 1.163576094157674135e+01 1.148658771287530023e+01 1.171292319861677811e+01 1.142595963155095440e+01
1.145923630471743770e+01 1.162381026807407558e+01 1.148604609079665551e+01 1.170186659959636621e+01 1.142364661944687398e+01
1.144496013054094696e+01 1.161007471516808209e+01 1.148364394908723263e+01 1.168896546358119437e+01 1.141958899315566711e+01
1.142904756539100219e+01 1.159464293304790239e+01 1.147945368505716424e+01 1.167431131958637991e+01 1.141385459761447052e+01
1.141158027410634901e+01 1.157759939174434827e+01 1.147354512399941129e+01 1.165799137976131661e+01 1.140650891451345395e+01
1.139263603027766969e+01 1.155902455609727753e+01 1.146598557772822957e+01 1.164008872123252658e+01 1.139761510856104998e+01
1.137228888671213589e+01 1.153899505818170290e+01 1.145683990871590296e+01 1.162068246485140044e+01 1.138723408024127615e+01
1.135060934173525560e+01 1.151758386602831408e+01 1.144617059804303949e+01 1.159984794980593570e+01 1.137542452321991959e+01
1.132766450060270991e+01 1.149486044781594174e+01 1.143403781572325961e+01 1.157765690329778785e+01 1.136224298494257035e+01
1.130351823154383695e+01 1.147089093094187362e+01 1.142049949233894601e+01 1.155417760483793366e+01 1.134774392927915976e+01
1.127823131615565622e+01 1.144573825566668823e+01 1.140561139114299394e+01 1.152947504480792951e+01 1.133197980031550856e+01
1.125186159399731345e+01 1.141946232307782871e+01 1.138942717998081378e+01 1.150361107711312592e+01 1.131500108658732628e+01
1.122446410133979811e+01 1.139212013729033934e+01 1.137199850254244282e+01 1.147664456585296477e+01 1.129685638520650137e+01
1.119609120410043346e+01 1.136376594187098021e+01 1.135337504857065305e+01 1.144863152601208967e+01 1.127759246545752703e+01
1.116679272504648601e+01 1.133445135053487185e+01 1.133360462274600700e+01 1.141962525823474017e+01 1.125725433153363575e+01
1.113661606539154469e+01 1.130422547220823581e+01 1.131273321204301929e+01 1.138967647778836145e+01 1.123588528415437615e+01
1.110560632093582178e+01 1.127313503058730504e+01 1.129080505140906254e+01 1.135883343785359223e+01 1.121352698089699729e+01
1.107380639292026103e+01 1.124122447834722927e+01 1.126786268765838273e+01 1.132714204730289964e+01 1.119021949508298341e+01
1.104125709377634657e+01 1.120853610616944884e+01 1.124394704154655322e+01 1.129464598314099533e+01 1.116600137313754715e+01
1.100799724796050150e+01 1.117511014676190584e+01 1.121909746792447926e+01 1.126138679779409202e+01 1.114090969034297274e+01
1.097406378806517324e+01 1.114098487406334392e+01 1.119335181400285961e+01 1.122740402143517358e+01 1.111498010495498967e+01
1.093949184639905425e+01 1.110619669781615393e+01 1.116674647573241863e+01 1.119273525954199755e+01 1.108824691065068713e+01
1.090431484222036396e+01 1.107078025369406760e+01 1.113931645227846623e+01 1.115741628587848489e+01 1.106074308731098199e+01
1.086856456482750843e+01 1.103476848917220821e+01 1.111109539864282070e+01 1.112148113109106617e+01 1.103250035013640051e+01
1.083227125271910474e+01 1.099819274532236868e+01 1.108211567644975126e+01 1.108496216710709881e+01 1.100354919711785051e+01
1.079546366884887476e+01 1.096108283471234834e+01 1.105240840294027826e+01 1.104789018751819896e+01 1.097391895488329006e+01
1.075816917237266779e+01 1.092346711557930483e+01 1.102200349821551839e+01 1.101029448412827882e+01 1.094363782294987786e+01
1.072041378690384228e+01 1.088537256245044205e+01 1.099092973077181945e+01 1.097220291983745888e+01 1.091273291641771515e+01
1.068222226546807896e+01 1.084682483337094538e+01 1.095921476137787032e+01 1.093364199803010806e+01 1.088123030713826367e+01
1.064361815233483632e+01 1.080784833389469490e+01 1.092688518534060904e+01 1.089463692862558908e+01 1.084915506340241720e+01
1.060462384184831031e+01 1.076846627798987299e+01 1.089396657320971151e+01 1.085521169094888805e+01 1.081653128818277487e+01
1.056526063441396168e+01 1.072870074600373691e+01 1.086048350996999190e+01 1.081538909356833322e+01 1.078338215597945116e+01
1.052554878976991404e+01 1.068857273982536249e+01 1.082645963277116152e+01 1.077519083124319010e+01 1.074972994830443618e+01
1.048550757767397634e+01 1.064810223537643630e+01 1.079191766724384038e+01 1.073463753911642016e+01 1.071559608785495854e+01
1.044515532612915365e+01 1.060730823256062472e+01 1.075687946245003523e+01 1.069374884427248240e+01 1.068100117141136707e+01
1.040450946727163206e+01 1.056620880279096220e+01 1.072136602451553067e+01 1.065254341484686407e+01 1.064596500150551783e+01
1.036358658102143515e+01 1.052482113420687959e+01 1.068539754899053129e+01 1.061103900669765032e+01 1.061050661689493246e+01
1.032240243661394885e+01 1.048316157469187004e+01 1.064899345198390535e+01 1.056925250780628467e+01 1.057464432192342585e+01
1.028097203211273403e+01 1.044124567285646776e+01 1.061217240011493779e+01 1.052719998058313244e+01 1.053839571473678838e+01
1.023930963199784649e+01 1.039908821692764285e+01 1.057495233932658074e+01 1.048489670207042757e+01 1.050177771441182450e+01
1.019742880292572096e+01 1.035670327181068906e+01 1.053735052259986382e+01 1.044235720220639330e+01 1.046480658711310774e+01
1.015534244774785044e+01 1.031410421436004476e+01 1.049938353661178247e+01 1.039959530023151224e+01 1.042749797123280509e+01
1.011306283787305027e+01 1.027130376690308822e+01 1.046106732737491818e+01 1.035662413931864556e+01 1.038986690155393866e+01
1.007060164405367786e+01 1.022831402914341048e+01 1.042241722489686317e+01 1.031345621952156044e+01 1.035192783251657822e+01
1.002796996567219523e+01 1.018514650851326309e+01 1.038344796689601779e+01 1.027010342912267582e+01 1.031369466059450524e+01
9.985178358601050519e+00 1.014181214904482609e+01 1.034417372160919513e+01 1.022657707444779085e+01 1.027518074579919904e+01
9.942236861705097795e+00 1.009832135883747206e+01 1.030460810972515695e+01 1.018288790823765133e+01 1.023639893238151721e+01
9.899155022052630315e+00 1.005468403618832696e+01 1.026476422547709433e+01 1.013904615663506092e+01 1.019736156873218569e+01
9.855941918897771714e+00 1.001090959444617567e+01 1.022465465692582498e+01 1.009506154485451468e+01 1.015808052651536997e+01
9.812606186494070570e+00 9.967006985657979712e+00 1.018429150546438322e+01 1.005094332160616766e+01 1.011856721908077539e+01
9.769156035796111581e+00 9.922984723063530410e+00 1.014368640457358950e+01 1.000670028232874564e+01 1.007883261915770134e+01
9.725599275103313346e+00 9.878850902489544339e+00 1.010285053785693421e+01 9.962340791290468900e+00 1.003888727587437479e+01
9.681943329697393352e+00 9.834613222706646951e+00 1.006179465638275872e+01 9.917872802612125227e+00 9.998741331131380861e+00
9.638195260522532948e+00 9.790279004792060036e+00 1.002052909535928471e+01 9.873303880267393140e+00 9.958404535330062757e+00
9.594361781954841462e+00 9.745855210546567449e+00 9.979063790168615000e+00 9.828641217107929151e+00 9.917886262507574102e+00
9.550449278705487544e+00 9.701348460016919972e+00 9.937408291784057823e+00 9.783891652961331786e+00 9.877195524892503187e+00
9.506463821899723499e+00 9.656765048162668563e+00 9.895571781594291849e+00 9.739061691846734092e+00 9.836340986888497895e+00
9.462411184371928741e+00 9.612110960710669616e+00 9.853563085657139453e+00 9.694157518352440661e+00 9.795330978531747945e+00
9.418296855214903118e+00 9.567391889237885749e+00 9.811390688404774352e+00 9.649185013213815054e+00 9.754173508426264405e+00
9.374126053619738386e+00 9.522613245515790581e+00 9.769062745821393889e+00 9.604149768132245413e+00 9.712876276177526691e+00
9.329903742040841053e+00 9.477780175158425635e+00 9.726587098113636642e+00 9.559057099872243057e+00 9.671446684355522905e+00
9.285634638719006517e+00 9.432897570604014348e+00 9.683971281893159144e+00 9.513912063671000396e+00 9.629891849990102060e+00
9.241323229593845667e+00 9.387970083463221371e+00 9.641222541890135389e+00 9.468719465994215767e+00 9.588218615625674346e+00
9.196973779635303714e+00 9.343002136267338997e+00 9.598347842215700254e+00 9.423483876669790149e+00 9.546433559954495607e+00
9.152590343622616587e+00 9.297997933640020918e+00 9.555353877190613687e+00 9.378209640431073524e+00 9.504543008032914742e+00
9.108176776397643337e+00 9.252961472927314190e+00 9.512247081754262368e+00 9.332900887895469566e+00 9.462553041108956009e+00
9.063736742618162978e+00 9.207896554308383941e+00 9.469033641474542407e+00 9.287561546009024838e+00 9.420469506073295918e+00
9.019273726035581973e+00 9.162806790412947322e+00 9.425719502187178023e+00 9.242195347981544629e+00 9.378298024538858968e+00
8.974791038320166336e+00 9.117695615471101078e+00 9.382310379246934673e+00 9.196805842737221681e+00 9.336044001577855411e+00
8.930291827455924647e+00 9.072566294014601240e+00 9.338811766399578218e+00 9.151396403904406895e+00 9.293712634119799532e+00
8.885779085726083437e+00 9.027421929155634572e+00 9.295228944357502243e+00 9.105970238366921876e+00 9.251308919023214727e+00
8.841255657309135430e+00 8.982265470461479495e+00 9.251566989030536092e+00 9.060530394399211929e+00 9.208837660841822981e+00
8.796724245504442763e+00 8.937099721444885958e+00 9.207830779420101308e+00 9.015079769403262944e+00 9.166303479287106981e+00
8.752187419605478524e+00 8.891927346690039258e+00 9.164025005234114118e+00 8.969621117269507948e+00 9.123710816404436486e+00
8.707647621437848429e+00 8.846750878629652703e+00 9.120154174192498076e+00 8.924157055378412196e+00 9.081063943475831124e+00
8.663107171577658860e+00 8.801572723992402203e+00 9.076222619056760976e+00 8.878690071260633587e+00 9.038366967652004647e+00
8.618568275261532463e+00 8.756395169935968781e+00 9.032234504393406027e+00 8.833222528932337170e+00 8.995623838332088340e+00
8.574033028033426262e+00 8.711220389880731219e+00 8.988193833064366700e+00 8.787756674921761046e+00 8.952838353299005902e+00
8.529503421084902115e+00 8.666050449059465421e+00 8.944104452482365630e+00 8.742294644001859183e+00 8.910014164614004528e+00
8.484981346344145692e+00 8.620887309795707054e+00 8.899970060615244094e+00 8.696838464642997479e+00 8.867154784288738156e+00
8.440468601316228003e+00 8.575732836524904812e+00 8.855794211758610146e+00 8.651390064200228380e+00 8.824263589737787683e+00
8.395966893697561773e+00 8.530588800571020869e+00 8.811580322095588613e+00 8.605951273847448846e+00 8.781343829019238711e+00
8.351477845763461971e+00 8.485456884689879686e+00 8.767331675032403737e+00 8.560523833270911709e+00 8.738398625877291437e+00
8.307002998528231430e+00 8.440338687391271577e+00 8.723051426333022107e+00 8.515109395133816150e+00 8.695430984588092826e+00
8.262543815710252204e+00 8.395235727049998431e+00 8.678742609056952162e+00 8.469709529323429464e+00 8.652443794619690820e+00
8.218101687512374909e+00 8.350149445816255067e+00 8.634408138300429414e+00 8.424325726990732122e+00 8.609439835114891082e+00
8.173677934204656381e+00 8.305081213335725465e+00 8.590050815766923975e+00 8.378959404393187427e+00 8.566421779198696740e+00
8.129273809534993234e+00 8.260032330288062496e+00 8.545673334150022171e+00 8.333611906547401915e+00 8.523392198122099472e+00
8.084890503981892351e+00 8.215004031752846103e+00 8.501278281352099953e+00 8.288284510707624619e+00 8.480353565247625625e+00
8.040529147841448676e+00 8.169997490410580099e+00 8.456868144544648302e+00 8.242978429683608610e+00 8.437308259878847139e+00
7.996190814161407090e+00 8.125013819583926988e+00 8.412445314063731416e+00 8.197694814981417721e+00 8.394258570945648756e+00
7.951876521540603093e+00 8.080054076148757147e+00 8.368012087163634760e+00 8.152434759783098173e+00 8.351206700547498585e+00
7.907587236784292983e+00 8.035119263286338409e+00 8.323570671622107398e+00 8.107199301802527458e+00 8.308154767359214432e+00
7.863323877431524167e+00 7.990210333090602468e+00 8.279123189204922184e+00 8.061989425996117120e+00 8.265104809908622840e+00
7.819087314164995917e+00 7.945328189069653213e+00 8.234671679004103240e+00 8.016806067140837655e+00 8.222058789726883532e+00
7.774878373095953421e+00 7.900473688519948468e+00 8.190218100639832244e+00 7.971650112278410027e+00 8.179018594378318241e+00
7.730697837939253247e+00 7.855647644784164996e+00 8.145764337343718964e+00 7.926522403048627652e+00 8.135986040375669859e+00
7.686546452087826609e+00 7.810850829393801931e+00 8.101312198924382812e+00 7.881423737905768334e+00 8.092962875981882576e+00
7.642424920579432346e+00 7.766083974109188048e+00 8.056863424613654345e+00 7.836354874230438305e+00 8.049950783905851281e+00
7.598333911968645715e+00 7.721347772866764103e+00 8.012419685811003944e+00 7.791316530333554091e+00 8.006951383895890118e+00
7.554274060112388334e+00 7.676642883623499891e+00 7.967982588716147063e+00 7.746309387364544108e+00 7.963966235232224022e+00
7.510245965862802464e+00 7.631969930113953637e+00 7.923553676862424844e+00 7.701334091128611448e+00 7.920996839126116740e+00
7.466250198678513250e+00 7.587329503521656804e+00 7.879134433555936567e+00 7.656391253812082631e+00 7.878044641027332595e+00
7.422287298161477587e+00 7.542722164070160495e+00 7.834726284215692615e+00 7.611481455625992432e+00 7.835111032842517531e+00
7.378357775514082562e+00 7.498148442536558100e+00 7.790330598628370851e+00 7.566605246367616999e+00 7.792197355068055664e+00
7.334462114926020071e+00 7.453608841687623610e+00 7.745948693115124684e+00 7.521763146907524344e+00 7.749304898845455369e+00
7.290600774897085579e+00 7.409103837649484881e+00 7.701581832613190848e+00 7.476955650602487680e+00 7.706434907946332125e+00
7.246774189491370421e+00 7.364633881209516453e+00 7.657231232682407018e+00 7.432183224642752606e+00 7.663588580665007477e+00
7.202982769530996698e+00 7.320199399054154732e+00 7.612898061430008134e+00 7.387446311329524562e+00 7.620767071641572521e+00
7.159226903734681180e+00 7.275800794948539263e+00 7.568583441364054032e+00 7.342745329292610812e+00 7.577971493625111243e+00
7.115506959797299302e+00 7.231438450855446121e+00 7.524288451176938786e+00 7.298080674647157373e+00 7.535202919171237745e+00
7.071823285417386806e+00 7.187112728001719297e+00 7.480014127457208950e+00 7.253452722096719540e+00 7.492462382270894672e+00
7.028176209277130937e+00 7.142823967891895443e+00 7.435761466340073511e+00 7.208861825979801630e+00 7.449750879916239299e+00
6.984566041971642214e+00 7.098572493272606643e+00 7.391531425091892871e+00 7.164308321266423363e+00 7.407069373609542318e+00
6.940993076893377633e+00 7.054358609051111451e+00 7.347324923634431570e+00 7.119792524505723641e+00 7.364418790816641192e+00
6.897457591075661476e+00 7.010182603166936310e+00 7.303142846013296996e+00 7.075314734728075372e+00 7.321800026365316683e+00
6.853959845992602773e+00 6.966044747422372119e+00 7.258986041807059308e+00 7.030875234303377574e+00 7.279213943790546537e+00
6.810500088320369017e+00 6.921945298271869440e+00 7.214855327485037328e+00 6.986474289756331224e+00 7.236661376631401410e+00
6.767078550663267578e+00 6.877884497573417910e+00 7.170751487713060257e+00 6.942112152542769365e+00 7.194143129677335935e+00
6.723695452242315795e+00 6.833862573303685295e+00 7.126675276607826071e+00 6.897789059787661436e+00 7.151659980169571718e+00
6.680350999550541680e+00 6.789879740237055650e+00 7.082627418946694675e+00 6.853505234988753081e+00 7.109212678959582199e+00
6.637045386977981742e+00 6.745936200592440812e+00 7.038608611328647235e+00 6.809260888683754231e+00 7.066801951622506017e+00
6.593778797404430847e+00 6.702032144648081058e+00 6.994619523292455732e+00 6.765056219086260647e+00 7.024428499530057657e+00
6.550551402763529651e+00 6.658167751326963923e+00 6.950660798393434092e+00 6.720891412689910638e+00 6.982093000884626477e+00
6.507363364580780463e+00 6.614343188753630365e+00 6.906733055237299190e+00 6.676766644844648546e+00 6.939796111715933691e+00
6.464214834483815508e+00 6.570558614783188922e+00 6.862836888477262143e+00 6.632682080303306194e+00 6.897538466841272253e+00
