1.082106776703210649e+00 1.067309631098622091e+00 1.096301985935105971e+00 1.141186742593715442e+00 1.215843312258569675e+00
1.163641262327898440e+00 1.133802174543097063e+00 1.191838368381951119e+00 1.281138365214359087e+00 1.430124568876478319e+00
1.244663234687588105e+00 1.199504880221163194e+00 1.286630510908967295e+00 1.419910461073648156e+00 1.643192433417800746e+00
1.325222790992142574e+00 1.264443433756617940e+00 1.380698688761609505e+00 1.557554210980828691e+00 1.855279658835239154e+00
1.405362219329872264e+00 1.328642125918246819e+00 1.474062281799878305e+00 1.694116851942549129e+00 2.066550213769952293e+00
1.485117685125300291e+00 1.392123943578688072e+00 1.566739754437929788e+00 1.829642115915533163e+00 2.277123830914117963e+00
1.564520358005070833e+00 1.454910683745198163e+00 1.658748681610717313e+00 1.964170567522392385e+00 2.487090608580535545e+00
1.643597284061509400e+00 1.517023031066397243e+00 1.750105854073496392e+00 2.097739910218628268e+00 2.696520184717142943e+00
1.722372096432400745e+00 1.578480638034483352e+00 1.840827336108109780e+00 2.230385229718676587e+00 2.905467318207811900e+00
1.800865523262312751e+00 1.639302180758862137e+00 1.930928492961987208e+00 2.362139159437381508e+00 3.113975897133494097e+00
1.879095893446084409e+00 1.699505424029685186e+00 2.020424025709349980e+00 2.493032141117399902e+00 3.322081918404140133e+00
1.957079538444373767e+00 1.759107287123106600e+00 2.109328008478306593e+00 2.623092645480251228e+00 3.529814796087257900e+00
2.034831030407881158e+00 1.818123897773383568e+00 2.197653918932599204e+00 2.752347322198478885e+00 3.737198862776474062e+00
2.112363389152886572e+00 1.876570637546222553e+00 2.285414682459018465e+00 2.880821119216327109e+00 3.944254650459585232e+00
2.189688294757275777e+00 1.934462184379628580e+00 2.372622693523671611e+00 3.008537388391300915e+00 4.150999569960847957e+00
2.266816268357139563e+00 1.991812565034579041e+00 2.459289839038616865e+00 3.135517991859472886e+00 4.357448367164479919e+00
2.343756815192975296e+00 2.048635156962764547e+00 2.545427520452836490e+00 3.261783409949374324e+00 4.563613608685433753e+00
2.420518567404547738e+00 2.104942770210123992e+00 2.631046674096797489e+00 3.387352844912030481e+00 4.769506006762472161e+00
2.497109308862802912e+00 2.160747603476490752e+00 2.716157787148694602e+00 3.512244292126957657e+00 4.975134820405146208e+00
2.573536141100892571e+00 2.216061357003559440e+00 2.800770916897159513e+00 3.636474600287016745e+00 5.180508121171824243e+00
2.649805463074317746e+00 2.270895205058964805e+00 2.884895694840141189e+00 3.760059527328890372e+00 5.385632731720144228e+00
2.725923061439301520e+00 2.325259848246739480e+00 2.968541347379437756e+00 3.883013790504661777e+00 5.590514368269677625e+00
2.801894169108614996e+00 2.379165512697502205e+00 3.051716677388992771e+00 4.005351109532483633e+00 5.795157850154256884e+00
2.877723490858085764e+00 2.432621985099940431e+00 3.134430101731374041e+00 4.127084242628750843e+00 5.999567203694412321e+00
2.953415237555799155e+00 2.485638600628315764e+00 3.216689625797908292e+00 4.248225012578629389e+00 6.203745734667749367e+00
3.028973162744487357e+00 2.538224272357000988e+00 3.298502854001889695e+00 4.368784323866032437e+00 6.407696083951443633e+00
3.104400559884320732e+00 2.590387495668828421e+00 3.379876985522546118e+00 4.488772174255799108e+00 6.611420205343948808e+00
3.179700274741451782e+00 2.642136357195306040e+00 3.460818783530386078e+00 4.608197658880528458e+00 6.814919404484284016e+00
3.254874722280057142e+00 2.693478543698465177e+00 3.541334579268526461e+00 4.727068965911707110e+00 7.018194368595268351e+00
3.329925869414769313e+00 2.744421342212630233e+00 3.621430231002875644e+00 4.845393363173451817e+00 7.221245174880830398e+00
3.404855237451430483e+00 2.794971636887794819e+00 3.701111099920583847e+00 4.963177174441558925e+00 7.424071286915572720e+00
3.479663897277957663e+00 2.845135913269696726e+00 3.780382028396744420e+00 5.080425746898684203e+00 7.626671541285356071e+00
3.554352442505011922e+00 2.894920233532967124e+00 3.859247257459018421e+00 5.197143403569802977e+00 7.829044110206869966e+00
3.628920967864060820e+00 2.944330243123473689e+00 3.937710435320505908e+00 5.313333384435788176e+00 8.031186470298433022e+00
3.703369051517243271e+00 2.993371137270142146e+00 4.015774470768529447e+00 5.428997771361650848e+00 8.233095358646815853e+00
3.777695702845716319e+00 3.042047645226394259e+00 4.093441544699436108e+00 5.544137394821858855e+00 8.434766714722272241e+00
3.851899324621119280e+00 3.090364010085032032e+00 4.170712923286826523e+00 5.658751719541469605e+00 8.636195608923429745e+00
3.925977673517709210e+00 3.138323931059855632e+00 4.247588934659472848e+00 5.772838705043226604e+00 8.837376155927278987e+00
3.999927780727252635e+00 3.185930547927431356e+00 4.324068766311244261e+00 5.886394637748662007e+00 9.038301404605721956e+00
4.073745888205097643e+00 3.233186359551003974e+00 4.400150349994413901e+00 5.999413930586332100e+00 9.238963213042900691e+00
4.147427377769195900e+00 3.280093164596903588e+00 4.475830195588357263e+00 6.111888876578117191e+00 9.439352097707919498e+00
4.220966649332616782e+00 3.326652001258867397e+00 4.551103078448160311e+00 6.223809358443713080e+00 9.639457052203020737e+00
4.294357019965279854e+00 3.372862998445599114e+00 4.625961993804577510e+00 6.335162499509659817e+00 9.839265335222865616e+00
4.367590601413509077e+00 3.418725323848353259e+00 4.700397572298455451e+00 6.445932246806258092e+00 1.003876221518975242e+01
4.440658111900369853e+00 3.464236978917385468e+00 4.774398126781314033e+00 6.556098871346401680e+00 1.023793066023055687e+01
4.513548715914927456e+00 3.509394642736219705e+00 4.847948878820512952e+00 6.665638371183044697e+00 1.043675097471907876e+01
4.586249814397611146e+00 3.554193513158223627e+00 4.921031662016721597e+00 6.774521773435671967e+00 1.063520036101278698e+01
4.658746744396542461e+00 3.598626929697020582e+00 4.993624366506836054e+00 6.882714291733585732e+00 1.083325238757073983e+01
4.731022521362726607e+00 3.642686235195725430e+00 5.065700354601571753e+00 6.990174332625575637e+00 1.103087636771051905e+01
4.803057501186076550e+00 3.686360248570092590e+00 5.137227752351696708e+00 7.096852334199296841e+00 1.122803658615289635e+01
4.874828868993918540e+00 3.729635890843336909e+00 5.208168930723787504e+00 7.202690407492204905e+00 1.142469164501230416e+01
5.936775664221156212e+00 4.504140861445655730e+00 6.208476875097385772e+00 8.627921892859898634e+00 1.394054818544594987e+01
6.995322352143361400e+00 5.272832834836662208e+00 7.201152522855257310e+00 1.004262865366438895e+01 1.644994160324961285e+01
8.050198521954129660e+00 6.035952388127388879e+00 8.185905151940266578e+00 1.144622585193073050e+01 1.895224133924715915e+01
9.101038624755966921e+00 6.793560450882211832e+00 9.162261409421843084e+00 1.283784710500507487e+01 2.144667426869725091e+01
1.014738594564775553e+01 7.545559975506952455e+00 1.012956849006027760e+01 1.421635591315022573e+01 2.393230735809017773e+01
1.118868604638559638e+01 8.291703301514310454e+00 1.108698914212548026e+01 1.558034137066770697e+01 2.640801838620730990e+01
1.222427376602703397e+01 9.031590225770798952e+00 1.203349208752610444e+01 1.692810753260822310e+01 2.887245763735106152e+01
1.325335478719951787e+01 9.764658664166480762e+00 1.296783861764440537e+01 1.825766011993162152e+01 3.132399922125429015e+01
1.427498165102321614e+01 1.049016844474220278e+01 1.388856695873221625e+01 1.956669584919827543e+01 3.376068040090193279e+01
1.528802393409561411e+01 1.120717956725324704e+01 1.479397696106976845e+01 2.085259484932437601e+01 3.618012716617175784e+01
1.629113231502237014e+01 1.191452522568992300e+01 1.568211604902323764e+01 2.211242549017318026e+01 3.857946416615923368e+01
1.728269590785566123e+01 1.261078056347414034e+01 1.655076910129289658e+01 2.334296290790615203e+01 4.095520760639211488e+01
1.826079319058293393e+01 1.329422909647577988e+01 1.739745561498435578e+01 2.454072494473573585e+01 4.330314095214569647e+01
1.922313795923596302e+01 1.396282953499930457e+01 1.821944124849016333e+01 2.570203067392096230e+01 4.561817567415785390e+01
2.016702303663992524e+01 1.461418755039724360e+01 1.901376227417364717e+01 2.682308211184746582e+01 4.789420351182963032e+01
2.108926757208149994e+01 1.524553931509652038e+01 1.977727185381175090e+01 2.790006921403445617e+01 5.012395310177652163e+01
2.198617790475346823e+01 1.585375596647928198e+01 2.050671265855358172e+01 2.892929501081333044e+01 5.229887260786995995e+01
2.285353629796993857e+01 1.643538014614452436e+01 2.119881545040435356e+01 2.990731430768386545e+01 5.440907174948883807e+01
2.368663716279453624e+01 1.698670761923078487e+01 2.185042526266895990e+01 3.083107674676295673e+01 5.644336769386308816e+01
2.448039314756537266e+01 1.750392404078393938e+01 2.245864901525581558e+01 3.169806263974118110e+01 5.838948428469177543e+01
2.522953028078526572e+01 1.798330147774940002e+01 2.302101567250918990e+01 3.250639935888234788e+01 6.023446627157471767e+01
2.592888736760455259e+01 1.842144848477295938e+01 2.353563309587329044e+01 3.325494714916683137e+01 6.196532230864013258e+01
2.657379369711567563e+01 1.881559109650362771e+01 2.400132427213799247e+01 3.394334607861673447e+01 6.356988757157670733e+01
2.716049466241202026e+01 1.916384594068128777e+01 2.441772461024107699e+01 3.457202016465512173e+01 6.503783294859225350e+01
2.768655228382654343e+01 1.946543913131122139e+01 2.478532520015464868e+01 3.514213965130989692e+01 6.636166948107651820e+01
2.815112929267019481e+01 1.972081862217502390e+01 2.510545205929275170e+01 3.565554685389099632e+01 6.753756280055296202e+01
2.855509959705701206e+01 1.993164134638316654e+01 2.538019108119458522e+01 3.611465444163594896e+01 6.856578132495391742e+01
2.890095291234606734e+01 2.010062739901084683e+01 2.561225925242732870e+01 3.652232679989302255e+01 6.945067452554111753e+01
2.919251946243746687e+01 2.023131295768708782e+01 2.580484550241799013e+01 3.688175522948191087e+01 7.020018937670323567e+01
2.943458067466517036e+01 2.032775086808370091e+01 2.596143904440824102e+01 3.719633644892638813e+01 7.082504001053916909e+01
2.963244649394939856e+01 2.039420981593630700e+01 2.608566345649724383e+01 3.746956175953506829e+01 7.133770916379381788e+01
2.979156870088868558e+01 2.043491409044088769e+01 2.618113111375910407e+01 3.770492162415786197e+01 7.175145998340957476e+01
2.991723334246139387e+01 2.045384377167754053e+01 2.625132569154275686e+01 3.790582762109856674e+01 7.207948928812594147e+01
2.987942592892222748e+01 2.038386677172857731e+01 2.618705963175259299e+01 3.784404816654225812e+01 7.201255868800841142e+01
2.983923134510823516e+01 2.031247042049108842e+01 2.612098390097263234e+01 3.777954116942073881e+01 7.193950842331588547e+01
2.979703601267206992e+01 2.023992984076055990e+01 2.605337160871267344e+01 3.771259716826558872e+01 7.186135276490230694e+01
2.975317366186757084e+01 2.016647613235969771e+01 2.598446262315240318e+01 3.764348253954810986e+01 7.177896902019804770e+01
2.970792732683107218e+01 2.009230106952716710e+01 2.591446715486536689e+01 3.757244116831149228e+01 7.169310452185446536e+01
2.966153474686207048e+01 2.001756230641453627e+01 2.584356743552904945e+01 3.749969407432828206e+01 7.160438738946876924e+01
2.961419390505772142e+01 1.994238800570055048e+01 2.577192011643895952e+01 3.742544091217447288e+01 7.151334032986913769e+01
2.956606918767629821e+01 1.986688199565618618e+01 2.569965896215879297e+01 3.734986099737185583e+01 7.142039463013315981e+01
2.951729633674290554e+01 1.979112778063693767e+01 2.562689758210693469e+01 3.727311455416228370e+01 7.132590460619466910e+01
2.946798728117291688e+01 1.971519228670753776e+01 2.555373198329850126e+01 3.719534427897177409e+01 7.123016074396416286e+01
2.941823435432629807e+01 1.963912912634619090e+01 2.548024305917340726e+01 3.711667707329530685e+01 7.113340009225579763e+01
2.936811377658799316e+01 1.956298125866339888e+01 2.540649889544886619e+01 3.703722553826913355e+01 7.103581574981276958e+01
2.931768843727796181e+01 1.948678302677441465e+01 2.533255663345241970e+01 3.695708933881876845e+01 7.093756517791186411e+01
2.926701027753813023e+01 1.941056184910280891e+01 2.525846413398645041e+01 3.687635655822319336e+01 7.083877740706432746e+01
2.921612233391194025e+01 1.933433968035252803e+01 2.518426148719742841e+01 3.679510500269048379e+01 7.073955724651521848e+01
2.916506036397854373e+01 1.925813416331583738e+01 2.510998228315991199e+01 3.671340338687799232e+01 7.063999018099958960e+01
2.911385415074185090e+01 1.918195949223557761e+01 2.503565465439258375e+01 3.663131232860036590e+01 7.054014641737444435e+01
2.906252854382748652e+01 1.910582710335248890e+01 2.496130216682277947e+01 3.654888554853937421e+01 7.044008357124798181e+01
2.901110434524523640e+01 1.902974623753305039e+01 2.488694458385413100e+01 3.646617030419525918e+01 7.033984888666478241e+01
2.895959902823959808e+01 1.895372439321847224e+01 2.481259849354565361e+01 3.638320827639299182e+01 7.023948119555741698e+01
2.890802731226554911e+01 1.887776767902583330e+01 2.473827782946117182e+01 3.630003630553930805e+01 7.013901259007590738e+01
2.885640163072158870e+01 1.880188108750324005e+01 2.466399431261373820e+01 3.621668699756252607e+01 7.003846972608610599e+01
2.880473252038263965e+01 1.872606871625195168e+01 2.458975781597590426e+01 3.613318919733087142e+01 6.993787471396963440e+01
2.875302893908542856e+01 1.865033394627572605e+01 2.451557666610522546e+01 3.604956841448161953e+01 6.983724591712643814e+01
2.870129852515740154e+01 1.857467958240745887e+01 2.444145789428787197e+01 3.596584723164062325e+01 6.973659859841150421e+01
2.864954781087862301e+01 1.849910796546148006e+01 2.436740744966228078e+01 3.588204565331763263e+01 6.963594547382041355e+01
2.859778239913461562e+01 1.842362105989489862e+01 2.429343038540235256e+01 3.579818145233370075e+01 6.953529718034414486e+01
2.854600710989416967e+01 1.834822052457914410e+01 2.421953099758022887e+01 3.571427039480267496e+01 6.943466268028907962e+01
2.849422609626878966e+01 1.827290777153395140e+01 2.414571293338228841e+01 3.563032652238330655e+01 6.933404952572324476e+01
2.844244295524057264e+01 1.819768401026144389e+01 2.407197929781064971e+01 3.554636235054883286e+01 6.923346408685785036e+01
2.839066081288486743e+01 1.812255029657218941e+01 2.399833274275759365e+01 3.546238897390435341e+01 6.913291174695324059e+01
2.833888238764049561e+01 1.804750755117667183e+01 2.392477553923567868e+01 3.537841630673188575e+01 6.903239705355285594e+01
2.828711004990018196e+01 1.797255658098074349e+01 2.385130963648409264e+01 3.529445317968914253e+01 6.893192386827035989e+01
2.823534587411984376e+01 1.789769810336130718e+01 2.377793670992866382e+01 3.521050747406812320e+01 6.883149548215764923e+01
2.818359167232295448e+01 1.782293276181799158e+01 2.370465820297527060e+01 3.512658624298379806e+01 6.873111470391877731e+01
2.813184903771430712e+01 1.774826113878784639e+01 2.363147535995320325e+01 3.504269581177266701e+01 6.863078393356924778e+01
2.808011937462842411e+01 1.767368376852160594e+01 2.355838925777137405e+01 3.495884183494667496e+01 6.853050522705862591e+01
2.802840392422531224e+01 1.759920114460553364e+01 2.348540083090613706e+01 3.487502939126249402e+01 6.843028034238224677e+01
2.797670378649488043e+01 1.752481372888305344e+01 2.341251089159512944e+01 3.479126304012752513e+01 6.833011078905092006e+01
2.792501993481293354e+01 1.745052195355549784e+01 2.333972014523674332e+01 3.470754686931699240e+01 6.822999785942559470e+01
2.787335323418462352e+01 1.737632622802008342e+01 2.326702921253265899e+01 3.462388455869221104e+01 6.812994268140027998e+01
2.782170445459837893e+01 1.730222694169335895e+01 2.319443863466410605e+01 3.454027942362925785e+01 6.802994621253003515e+01
2.777007428172151293e+01 1.722822447111509447e+01 2.312194889099005124e+01 3.445673444771317406e+01 6.793000930744680943e+01
2.771846333014589092e+01 1.715431917598017364e+01 2.304956040588312050e+01 3.437325232404473496e+01 6.783013268363733062e+01
2.766687214825760677e+01 1.708051141281649876e+01 2.297727354800050037e+01 3.428983548672562875e+01 6.773031697891677538e+01
2.761530123263486658e+01 1.700680152267722178e+01 2.290508865225990576e+01 3.420648613037336361e+01 6.763056273381266692e+01
2.756375102775113106e+01 1.693318984699775953e+01 2.283300600872703612e+01 3.412320624121556278e+01 6.753087041726031714e+01
2.751222193547372896e+01 1.685967671608829122e+01 2.276102588020088646e+01 3.403999761817745195e+01 6.743124043624221997e+01
2.746071431796394791e+01 1.678626245921199356e+01 2.268914850074301270e+01 3.395686188854158161e+01 6.733167313973360990e+01
2.740922850043756398e+01 1.671294740023460434e+01 2.261737408143793715e+01 3.387380052836842736e+01 6.723216883562221824e+01
2.735776477793713113e+01 1.663973186093549828e+01 2.254570281472246407e+01 3.379081487863980016e+01 6.713272778617087511e+01
2.730632341578954936e+01 1.656661616118085689e+01 2.247413487320940817e+01 3.370790615509835675e+01 6.703335022642598062e+01
2.725490465527353479e+01 1.649360061982580206e+01 2.240267041693573091e+01 3.362507546310092721e+01 6.693403635292069964e+01
2.720350871567555018e+01 1.642068555494411441e+01 2.233130958986305714e+01 3.354232380894533350e+01 6.683478634225956228e+01
2.715213579605781646e+01 1.634787128491233688e+01 2.226005252574335458e+01 3.345965210706964399e+01 6.673560034086463588e+01
2.710078607906070758e+01 1.627515812796994865e+01 2.218889934715743095e+01 3.337706118760242902e+01 6.663647847780885058e+01
2.704945973023391304e+01 1.620254640304381866e+01 2.211785016701468365e+01 3.329455181225744553e+01 6.653742086128900723e+01
2.699815690173752003e+01 1.613003642974496898e+01 2.204690509188468184e+01 3.321212467122471423e+01 6.643842758416865024e+01
2.694687773177725987e+01 1.605762852841232302e+01 2.197606422199902809e+01 3.312978039650359108e+01 6.633949872539280079e+01
2.689562234705064014e+01 1.598532302071200917e+01 2.190532764771013419e+01 3.304751957210940105e+01 6.624063435052252657e+01
2.684439086314283784e+01 1.591312022938295812e+01 2.183469546117821736e+01 3.296534271766040547e+01 6.614183451587715012e+01
2.679318338599280480e+01 1.584102047877630248e+01 2.176416774583624303e+01 3.288325032781231272e+01 6.604309926602745406e+01
2.674200001252946635e+01 1.576902409481965073e+01 2.169374457956327262e+01 3.280124283419156939e+01 6.594442863874934346e+01
2.669084083195643942e+01 1.569713140510592453e+01 2.162342604362853038e+01 3.271932064870128443e+01 6.584582266228741787e+01
2.663970592586254682e+01 1.562534273910082128e+01 2.155321220795248749e+01 3.263748413678523264e+01 6.574728135914563154e+01
2.658859536968624937e+01 1.555365842859874803e+01 2.148310314493661721e+01 3.255573363847981483e+01 6.564880474476457550e+01
2.653750923232673742e+01 1.548207880695743555e+01 2.141309892442346552e+01 3.247406946385728332e+01 6.555039282958338731e+01
2.648644757759021218e+01 1.541060420952674370e+01 2.134319961092239026e+01 3.239249189670974971e+01 6.545204561889397610e+01
2.643541046377255199e+01 1.533923497484088827e+01 2.127340527015629590e+01 3.231100119947566895e+01 6.535376311374780300e+01
2.638439794479813116e+01 1.526797144291194286e+01 2.120371596526352320e+01 3.222959761044626958e+01 6.525554531132318914e+01
2.633341007003915024e+01 1.519681395551308611e+01 2.113413175792396004e+01 3.214828135281805999e+01 6.515739220515072816e+01
2.628244688512257810e+01 1.512576285808386700e+01 2.106465270942746670e+01 3.206705262659735922e+01 6.505930378584740481e+01
2.623150843156567191e+01 1.505481849776185754e+01 2.099527887945622950e+01 3.198591162090013995e+01 6.496128004086065744e+01
2.618059474804612563e+01 1.498398122353390427e+01 2.092601032760077473e+01 3.190485850555010217e+01 6.486332095534865516e+01
2.612970587058760685e+01 1.491325138776873516e+01 2.085684711307310124e+01 3.182389343887205868e+01 6.476542651168222164e+01
2.607884183086241947e+01 1.484262934496731745e+01 2.078778929335393499e+01 3.174301656600560051e+01 6.466759669073789496e+01
2.602800265933867863e+01 1.477211545194723996e+01 2.071883692698784785e+01 3.166222801971249723e+01 6.456983147130276279e+01
2.597718838483405079e+01 1.470171006837681205e+01 2.064999007156840349e+01 3.158152792340289139e+01 6.447213082990138844e+01
2.592639903168808857e+01 1.463141355644095576e+01 2.058124878396171908e+01 3.150091638943418104e+01 6.437449474290677642e+01
2.587563462337966769e+01 1.456122628097462623e+01 2.051261312167447315e+01 3.142039352272320230e+01 6.427692318421196660e+01
2.582489518264652517e+01 1.449114860950460404e+01 2.044408314151553796e+01 3.133995941845884303e+01 6.417941612641428151e+01
2.577418072854727882e+01 1.442118091226967458e+01 2.037565890039310190e+01 3.125961416593729325e+01 6.408197354219969100e+01
2.572349127877602371e+01 1.435132356216946370e+01 2.030734045529593956e+01 3.117935784627236728e+01 6.398459540161854875e+01
2.567282685064090586e+01 1.428157693498950920e+01 2.023912786313290368e+01 3.109919053495361041e+01 6.388728167465087182e+01
2.562218745898403682e+01 1.421194140928069771e+01 2.017102118103847275e+01 3.101911230151027965e+01 6.379003233057701294e+01
2.557157311718013659e+01 1.414241736621156598e+01 2.010302046625043104e+01 3.093912320963684337e+01 6.369284733703823065e+01
2.552098383802853476e+01 1.407300519000419747e+01 2.003512577613804524e+01 3.085922331875974933e+01 6.359572666167123600e+01
2.547041963277568399e+01 1.400370526767712498e+01 1.996733716845292150e+01 3.077941268295229804e+01 6.349867027124908248e+01
2.541988051150049799e+01 1.393451798897667082e+01 1.989965470100217715e+01 3.069969135284168615e+01 6.340167813179282064e+01
2.536936648361026059e+01 1.386544374668735635e+01 1.983207843194323061e+01 3.062005937448765991e+01 6.330475020902995453e+01
2.531887755739263923e+01 1.379648293646366675e+01 1.976460841981878147e+01 3.054051679100865258e+01 6.320788646809107547e+01
2.526841374012230546e+01 1.372763595686969751e+01 1.969724472324060827e+01 3.046106364182260151e+01 6.311108687360644609e+01
2.521797503866497792e+01 1.365890320944705216e+01 1.962998740136118769e+01 3.038169996354663027e+01 6.301435139002757779e+01
2.516756145892611940e+01 1.359028509870647916e+01 1.956283651360532616e+01 3.030242579003578385e+01 6.291767998120121774e+01
2.511717300577935319e+01 1.352178203217520824e+01 1.949579211970268844e+01 3.022324115239307218e+01 6.282107261070876092e+01
2.506680968397938614e+01 1.345339442039002087e+01 1.942885427983478053e+01 3.014414607968604543e+01 6.272452924198079671e+01
2.501647149743876497e+01 1.338512267693569235e+01 1.936202305453570105e+01 3.006514059843900100e+01 6.262804983784832302e+01
2.496615844913416993e+01 1.331696721845112741e+01 1.929529850475233488e+01 2.998622473355716878e+01 6.253163436111908879e+01
2.491587054194906159e+01 1.324892846467015772e+01 1.922868069186801776e+01 2.990739850746833994e+01 6.243528277432118045e+01
2.486560777808758971e+01 1.318100683843523058e+01 1.916216967765291557e+01 2.982866194158028250e+01 6.233899503963323241e+01
2.481537015905352916e+01 1.311320276568406307e+01 1.909576552436419306e+01 2.975001505585492012e+01 6.224277111915939287e+01
2.476515768613769097e+01 1.304551667551139360e+01 1.902946829469190604e+01 2.967145786811790842e+01 6.214661097477596741e+01
2.471497036012268111e+01 1.297794900018187825e+01 1.896327805174664149e+01 2.959299039501606288e+01 6.205051456816021727e+01
2.466480818127480390e+01 1.291050017511789783e+01 1.889719485915543018e+01 2.951461265309463755e+01 6.195448186089088694e+01
2.461467114961229541e+01 1.284317063894413558e+01 1.883121878097747626e+01 2.943632465746484783e+01 6.185851281437227556e+01
2.456455926476865415e+01 1.277596083351089362e+01 1.876534988174781660e+01 2.935812642029146247e+01 6.176260738987706134e+01
2.451447252591657744e+01 1.270887120389482483e+01 1.869958822650564301e+01 2.928001795549782926e+01 6.166676554860985249e+01
2.446441093205960726e+01 1.264190219842600449e+01 1.863393388074409884e+01 2.920199927561066389e+01 6.157098725160366826e+01
2.441437448188263204e+01 1.257505426871072984e+01 1.856838691047251899e+01 2.912407039104840933e+01 6.147527245983152255e+01
2.436436317362797155e+01 1.250832786964292076e+01 1.850294738218996216e+01 2.904623131238171041e+01 6.137962113419897037e+01
2.431437700544481473e+01 1.244172345942518376e+01 1.843761536288875647e+01 2.896848205001478860e+01 6.128403323545970949e+01
2.426441597519816185e+01 1.237524149959049424e+01 1.837239092007927610e+01 2.889082261336394453e+01 6.118850872435890409e+01
2.421448008039220667e+01 1.230888245501249223e+01 1.830727412177339986e+01 2.881325301079776935e+01 6.109304756155680138e+01
2.416456931841876354e+01 1.224264679392407373e+01 1.824226503649607523e+01 2.873577325107128644e+01 6.099764970762579708e+01
2.411468368644385407e+01 1.217653498794701683e+01 1.817736373329815081e+01 2.865838334231527185e+01 6.090231512311670770e+01
2.406482318136285770e+01 1.211054751209343117e+01 1.811257028173348971e+01 2.858108329197766295e+01 6.080704376851794990e+01
2.401498779992918031e+01 1.204468484478138635e+01 1.804788475189255692e+01 2.850387310756512704e+01 6.071183560426637627e+01
2.396517753872299750e+01 1.197894746787379283e+01 1.798330721438805568e+01 2.842675279631825447e+01 6.061669059077696886e+01
2.391539239411412865e+01 1.191333586667339972e+01 1.791883774035024146e+01 2.834972236513068466e+01 6.052160868841635732e+01
2.386563236233304508e+01 1.184785052993594867e+01 1.785447640145091697e+01 2.827278182062897827e+01 6.042658985752325407e+01
2.381589743947360205e+01 1.178249194991203197e+01 1.779022326988389935e+01 2.819593116960607659e+01 6.033163405842124405e+01
2.376618762145431063e+01 1.171726062234128385e+01 1.772607841837615084e+01 2.811917041868462519e+01 6.023674125138983015e+01
2.371650290406915573e+01 1.165215704646287520e+01 1.766204192020090957e+01 2.804249957392519121e+01 6.014191139670445096e+01
2.366684328300598494e+01 1.158718172505784239e+01 1.759811384917015076e+01 2.796591864190470034e+01 6.004714445462386863e+01
2.361720875380295581e+01 1.152233516444353079e+01 1.753429427961776810e+01 2.788942762903777961e+01 5.995244038537593667e+01
2.356759931188493340e+01 1.145761787447938573e+01 1.747058328641927716e+01 2.781302654152129605e+01 5.985779914919389455e+01
2.351801495259560681e+01 1.139303036861384832e+01 1.740698094501875204e+01 2.773671538559077376e+01 5.976322070629607452e+01
2.346845567115381570e+01 1.132857316387577562e+01 1.734348733139962917e+01 2.766049416770501779e+01 5.966870501688674011e+01
2.341892146267557706e+01 1.126424678087376918e+01 1.728010252206448172e+01 2.758436289428272659e+01 5.957425204117507889e+01
2.336941232221192877e+01 1.120005174385186741e+01 1.721682659405845328e+01 2.750832157164292369e+01 5.947986173936229903e+01
2.331992824471268477e+01 1.113598858067524766e+01 1.715365962501266495e+01 2.743237020641359791e+01 5.938553407164702236e+01
2.327046922503819815e+01 1.107205782282301243e+01 1.709060169309446309e+01 2.735650880527204976e+01 5.929126899823413055e+01
2.322103525799412083e+01 1.100826000545288608e+01 1.702765287699913443e+01 2.728073737493542339e+01 5.919706647932517996e+01
2.317162633830476892e+01 1.094459566738130363e+01 1.696481325596474576e+01 2.720505592232045444e+01 5.910292647512815023e+01
2.312224246061824573e+01 1.088106535107000639e+01 1.690208290981319195e+01 2.712946445452566380e+01 5.900884894585915674e+01
2.307288361953789391e+01 1.081766960269819577e+01 1.683946191890536070e+01 2.705396297878126433e+01 5.891483385173365406e+01
2.302354980960120301e+01 1.075440897213688096e+01 1.677695036414290541e+01 2.697855150243606559e+01 5.882088115298204656e+01
2.297424102527983791e+01 1.069128401293499486e+01 1.671454832697403248e+01 2.690323003314394867e+01 5.872699080984226327e+01
2.292495726101152442e+01 1.062829528238627930e+01 1.665225588941853019e+01 2.682799857874373117e+01 5.863316278255814495e+01
2.287569851118031039e+01 1.056544334151032416e+01 1.659007313404232775e+01 2.675285714716259378e+01 5.853939703139005957e+01
2.282646477011335051e+01 1.050272875503240400e+01 1.652800014395928940e+01 2.667780574668452687e+01 5.844569351660850742e+01
2.277725603211301930e+01 1.044015209144407663e+01 1.646603700283322880e+01 2.660284438581004451e+01 5.835205219849531488e+01
2.272807229143839081e+01 1.037771392299356954e+01 1.640418379489311107e+01 2.652797307324173204e+01 5.825847303734954608e+01
2.267891354230100376e+01 1.031541482565763346e+01 1.634244060491865014e+01 2.645319181791031582e+01 5.816495599348122880e+01
2.262977977889388725e+01 1.025325537919501251e+01 1.628080751823840089e+01 2.637850062907921611e+01 5.807150102721670493e+01
2.258067099537610289e+01 1.019123616714767522e+01 1.621928462073033472e+01 2.630389951625840084e+01 5.797810809890216177e+01
2.253158718586860232e+01 1.012935777680397464e+01 1.615787199883951430e+01 2.622938848917288013e+01 5.788477716890130154e+01
2.248252834447852422e+01 1.006762079924342324e+01 1.609656973956146331e+01 2.615496755790538685e+01 5.779150819759071567e+01
2.243349446528740643e+01 1.000602582935045959e+01 1.603537793043941662e+01 2.608063673281282391e+01 5.769830114535980670e+01
2.238448554234679833e+01 9.944573465740052853e+00 1.597429665956306089e+01 2.600639602452755028e+01 5.760515597263224663e+01
2.233550156969918277e+01 9.883264310832981181e+00 1.591332601559193627e+01 2.593224544399418718e+01 5.751207263984759521e+01
2.228654254136843704e+01 9.822098970896929515e+00 1.585246608773346466e+01 2.585818500249035168e+01 5.741905110746350260e+01
2.223760845135575792e+01 9.761078055995481506e+00 1.579171696574207040e+01 2.578421471160134359e+01 5.732609133593828687e+01
