1.209668320961124621e+01
1.207352655418589649e+01
1.205053139098249915e+01
1.202769899390025721e+01
1.200503055682211873e+01
1.198252719680738743e+01
1.196018995714153199e+01
1.193801981025047709e+01
1.191601766048622402e+01
1.189418434679029346e+01
1.187252064524104966e+01
1.185102727149079627e+01
1.182970488309800849e+01
1.180855408175985488e+01
1.178757541544996457e+01
1.176676938046597876e+01
1.174613642339132369e+01
1.172567694297524810e+01
1.170539129193512551e+01
1.168527977868465229e+01
1.166534266899148164e+01
1.164558018756761371e+01
1.162599251959567859e+01
1.160657981219407198e+01
1.158734217582379955e+01
1.156827968563969655e+01
1.154939238278853786e+01
1.153068027565647569e+01
1.151214334106809289e+01
1.149378152543919285e+01
1.147559474588544326e+01
1.145758289128878005e+01
1.143974582332344347e+01
1.142208337744342472e+01
1.140459536383296424e+01
1.138728156832170768e+01
1.137014175326605958e+01
1.135317565839812382e+01
1.133638300164363599e+01
1.131976347991016318e+01
1.130331676984686240e+01
1.128704252857691159e+01
1.127094039440376605e+01
1.125500998749234682e+01
1.123925091052611513e+01
1.122366274934104879e+01
1.120824507353746036e+01
1.119299743707048833e+01
1.117791937882016384e+01
1.116301042314183078e+01
1.114827008039768153e+01
1.113369784747016844e+01
1.111929320825795919e+01
1.110505563415514985e+01
1.109098458451433622e+01
1.107707950709419364e+01
1.106333983849209979e+01
1.104976500456242050e+01
1.103635442082096496e+01
1.102310749283610569e+01
1.101002361660710882e+01
1.099710217893009023e+01
1.098434255775208435e+01
1.097174412251363940e+01
1.095930623448035313e+01
1.094702824706378408e+01
1.093490950613205115e+01
1.092294935031055125e+01
1.091114711127309533e+01
1.089950211402385705e+01
1.088801367717039525e+01
1.087668111318809494e+01
1.086550372867634806e+01
1.085448082460666619e+01
1.084361169656312818e+01
1.083289563497534758e+01
1.082233192534420674e+01
1.081191984846065779e+01
1.080165868061776813e+01
1.079154769381628398e+01
1.078158615596389147e+01
1.077177333106839718e+01
1.076210847942505211e+01
1.075259085779819301e+01
1.074321971959736111e+01
1.073399431504812718e+01
1.072491389135779549e+01
1.071597769287608415e+01
1.070718496125103236e+01
1.069853493558023594e+01
1.069002685255757434e+01
1.068165994661556617e+01
1.067343345006350930e+01
1.066534659322153544e+01
1.065739860455068744e+01
1.064958871077916136e+01
1.064191613702485029e+01
1.063438010691426427e+01
1.062697984269797580e+01
1.061971456536268299e+01
1.061258349474000617e+01
1.060558584961209050e+01
1.059872084781415857e+01
1.059198770633405395e+01
1.058538564140892113e+01
1.057891386861907179e+01
1.057257160297912968e+01
1.056635805902653225e+01
1.056027245090750455e+01
1.055431399246054447e+01
1.054848189729748498e+01
1.054277537888224536e+01
1.053719365060731761e+01
1.053173592586805896e+01
1.052640141813484398e+01
1.052118934102315251e+01
1.051609890836166628e+01
1.051112933425840623e+01
1.050627983316498160e+01
1.050154961993900926e+01
1.049693790990475861e+01
1.049244391891204486e+01
1.048806686339347394e+01
1.048380596042004242e+01
1.047966042775514772e+01
1.047562948390707405e+01
1.047171234817999519e+01
1.046790824072349757e+01
1.046421638258071773e+01
1.046063599573511738e+01
1.045716630315590834e+01
1.045380652884220396e+01
1.045055589786589856e+01
1.044741363641335852e+01
1.044437897182590369e+01
1.044145113263913061e+01
1.043862934862114678e+01
1.043591285080969833e+01
1.043330087154824248e+01
1.043079264452100219e+01
1.042838740478700288e+01
1.042608438881316424e+01
1.042388283450642739e+01
1.042178198124497257e+01
1.041978106990855579e+01
1.041787934290795192e+01
1.041607604421357713e+01
1.041437041938328179e+01
1.041276171558934394e+01
1.041124918164469548e+01
1.040983206802838268e+01
1.040850962691030190e+01
1.040728111217521068e+01
1.040614577944605834e+01
1.040510288610662393e+01
1.040415169132350393e+01
1.040329145606747474e+01
1.040252144313419791e+01
1.040184091716435866e+01
1.040124914466319161e+01
1.040074539401942744e+01
1.040032893552370297e+01
1.039999904138641362e+01
1.039975498575502755e+01
1.039959604473090771e+01
1.039952149638561529e+01
1.039953062077673707e+01
1.039962269996321886e+01
1.039979701802025502e+01
1.040005286105372306e+01
1.040038951721417071e+01
1.040080627671038371e+01
1.040130243182253977e+01
1.040187727691494146e+01
1.040253010844838322e+01
1.040326022499209735e+01
1.040406692723535720e+01
1.040494951799869661e+01
1.040590730224478655e+01
1.040693958708895117e+01
1.040804568180936052e+01
1.040922489785688221e+01
1.041047654886462404e+01
1.041179995065715680e+01
1.041319442125942984e+01
1.041465928090540238e+01
1.041619385204637105e+01
1.041779745935902923e+01
1.041946942975323864e+01
1.042120909237953974e+01
1.042301577863640638e+01
1.042488882217723400e+01
1.042682755891708268e+01
1.042883132703918569e+01
1.043089946700121828e+01
1.043303132154132307e+01
1.043522623568392937e+01
1.043748355674534523e+01
1.043980263433913258e+01
1.044218282038127477e+01
1.044462346909514849e+01
1.044712393701628095e+01
1.044968358299693456e+01
1.045230176821047863e+01
1.045497785615558328e+01
1.045771121266025361e+01
1.046050120588565768e+01
1.046334720632979831e+01
1.046624858683100889e+01
1.046920472257129653e+01
1.047221499107952170e+01
1.047527877223440917e+01
1.047839544826741331e+01
1.048156440376543408e+01
1.048478502567339987e+01
1.048805670329667450e+01
1.049137882830336288e+01
1.049475079472645334e+01
1.049817199896583375e+01
1.050164183979018695e+01
1.050515971833874573e+01
1.050872503812292180e+01
1.051233720502782454e+01
1.051599562731365545e+01
1.051969971561698003e+01
1.052344888295189662e+01
1.052724254471107201e+01
1.053108011866669536e+01
1.053496102497130771e+01
1.053888468615852325e+01
1.054285052714366877e+01
1.054685797522429169e+01
1.055090646008059352e+01
1.055499541377576200e+01
1.055912427075619497e+01
1.056329246785165132e+01
1.056749944427530075e+01
1.057174464162367933e+01
1.057602750387656876e+01
1.058034747739677961e+01
1.058470401092984936e+01
1.058909655560368179e+01
1.059352456492807093e+01
1.059798749479416635e+01
1.060248480347386035e+01
1.060701595161908628e+01
1.061158040226105470e+01
1.061617762080941141e+01
1.062080707505131372e+01
1.062546823515045702e+01
1.063016057364600897e+01
1.063488356545147973e+01
1.063963668785354955e+01
1.064441942051078094e+01
1.064923124545231836e+01
1.065407164707648668e+01
1.065894011214934523e+01
1.066383612980316542e+01
1.066875919153486407e+01
1.067370879120436733e+01
1.067868442503290360e+01
1.068368559160126985e+01
1.068871179184800724e+01
1.069376252906753955e+01
1.069883730890824935e+01
1.070393563937050097e+01
1.070905703080461002e+01
1.071420099590875452e+01
1.071936704972684140e+01
1.072455470964631985e+01
1.072976349539593421e+01
1.073499292904344138e+01
1.074024253499326598e+01
1.074551183998410764e+01
1.075080037308651626e+01
1.075610766570039623e+01
1.076143325155247865e+01
1.076677666669374389e+01
1.077213744949678720e+01
1.077751514065316840e+01
1.078290928317068165e+01
1.078831942237059849e+01
1.079374510588488079e+01
1.079918588365331189e+01
1.080464130792062960e+01
1.081011093323358629e+01
1.081559431643797708e+01
1.082109101667563067e+01
1.082660059538135400e+01
1.083212261627984141e+01
1.083765664538253759e+01
1.084320225098446677e+01
1.084875900366101931e+01
1.085432647626470448e+01
1.085990424392186071e+01
1.086549188402933019e+01
1.087108897625109449e+01
1.087669510251487281e+01
1.088230984700869008e+01
1.088793279617740062e+01
1.089356353871917626e+01
1.089920166558196790e+01
1.090484676995992253e+01
1.091049844728977192e+01
1.091615629524717690e+01
1.092181991374305206e+01
1.092748890491984426e+01
1.093316287314778457e+01
1.093884142502110635e+01
1.094452416935422256e+01
1.095021071717787997e+01
1.095590068173527953e+01
1.096159367847816490e+01
1.096728932506287002e+01
1.097298724134634895e+01
1.097868704938216666e+01
1.098438837341645780e+01
1.099009083988386060e+01
1.099579407740341708e+01
1.100149771677444299e+01
1.100720139097236761e+01
1.101290473514454504e+01
1.101860738660603722e+01
1.102430898483536481e+01
1.103000917147023507e+01
1.103570759030322890e+01
1.104140388727747890e+01
1.104709771048230316e+01
1.105278871014880870e+01
1.105847653864549507e+01
1.106416085047378850e+01
1.106984130226358509e+01
1.107551755276875483e+01
1.108118926286260297e+01
1.108685609553333862e+01
1.109251771587947744e+01
1.109817379110526225e+01
1.110382399051601787e+01
1.110946798551350057e+01
1.111510544959122448e+01
1.112073605832975431e+01
1.112635948939197483e+01
1.113197542251834271e+01
1.113758353952210634e+01
1.114318352428450432e+01
1.114877506274994268e+01
1.115435784292113830e+01
1.115993155485425703e+01
1.116549589065400916e+01
1.117105054446873957e+01
1.117659521248547527e+01
1.118212959292497466e+01
1.118765338603673065e+01
1.119316629409396846e+01
1.119866802138861139e+01
1.120415827422623600e+01
1.120963676092099170e+01
1.121510319179050796e+01
1.122055727915078194e+01
1.122599873731104303e+01
1.123142728256859435e+01
1.123684263320364174e+01
1.124224450947408016e+01
1.124763263361029608e+01
1.125300672980991834e+01
1.125836652423257433e+01
1.126371174499460359e+01
1.126904212216376955e+01
1.127435738775395002e+01
1.127965727571979748e+01
1.128494152195139577e+01
1.129020986426889550e+01
1.129546204241712282e+01
1.130069779806017749e+01
1.130591687477601504e+01
1.131111901805100928e+01
1.131630397527449539e+01
1.132147149573330758e+01
1.132662133060627774e+01
1.133175323295873937e+01
1.133686695773701558e+01
1.134196226176286793e+01
1.134703890372795776e+01
1.135209664418827735e+01
1.135713524555856324e+01
1.136215447210670604e+01
1.136715408994814425e+01
1.137213386704022078e+01
1.137709357317656433e+01
1.138203297998142638e+01
1.138695186090401634e+01
1.139184999121282260e+01
1.139672714798991038e+01
1.140158311012522852e+01
1.140641765831088250e+01
1.141123057503540394e+01
1.141602164457801116e+01
1.142079065300284491e+01
1.142553738815320763e+01
1.143026163964577968e+01
1.143496319886483370e+01
1.143964185895642949e+01
1.144429741482260354e+01
1.144892966311554261e+01
1.145353840223175190e+01
1.145812343230621799e+01
1.146268455520654506e+01
1.146722157452710178e+01
1.147173429558313451e+01
1.147622252540490706e+01
1.148068607273179254e+01
1.148512474800637939e+01
1.148953836336856860e+01
1.149392673264965303e+01
1.149828967136639335e+01
1.150262699671509026e+01
1.150693852756564439e+01
1.151122408445560907e+01
1.151548348958423595e+01
1.151971656680652067e+01
1.152392314162723608e+01
1.152810304119494944e+01
1.153225609429605747e+01
1.153638213134879287e+01
1.154048098439724335e+01
1.154455248710534754e+01
1.154859647475089801e+01
1.155261278421953719e+01
1.155660125399874971e+01
1.156056172417184413e+01
1.156449403641194174e+01
1.156839803397594579e+01
1.157227356169851973e+01
1.157612046598606348e+01
1.157993859481067922e+01
1.158372779770413175e+01
1.158748792575181419e+01
1.159121883158670840e+01
1.159492036938334536e+01
1.159859239485175664e+01
1.160223476523143482e+01
1.160584733928527612e+01
1.160942997729354431e+01
1.161298254104781336e+01
1.161650489384491713e+01
1.161999690048090628e+01
1.162345842724498546e+01
1.162688934191347201e+01
1.163028951374374209e+01
1.163365881346818398e+01
1.163699711328813713e+01
1.164030428686785257e+01
1.164358020932844440e+01
1.164682475724183774e+01
1.165003780862473448e+01
1.165321924293255584e+01
1.165636894105340993e+01
1.165948678530205207e+01
1.166257265941384347e+01
1.166562644853872399e+01
1.166864803923517968e+01
1.167163731946420313e+01
1.167459417858328408e+01
1.167751850734038221e+01
1.168041019786791068e+01
1.168326914367671954e+01
1.168609523965008989e+01
1.168888838203772451e+01
1.169164846844975436e+01
1.169437539785073810e+01
1.169706907055367395e+01
1.169972938821401343e+01
1.170235625382368205e+01
1.170494957170510553e+01
1.170750924750524113e+01
1.171003518818961453e+01
1.171252730203637071e+01
1.171498549863031435e+01
1.171740968885697676e+01
1.171979978489666863e+01
1.172215570021857012e+01
1.172447734957478716e+01
1.172676464899445925e+01
1.172901751577783536e+01
1.173123586849038524e+01
1.173341962695690732e+01
1.173556871225564890e+01
1.173768304671242824e+01
1.173976255389477252e+01
1.174180715860606661e+01
1.174381678687969277e+01
1.174579136597320961e+01
1.174773082436250782e+01
1.174963509173600507e+01
1.175150409898882664e+01
1.175333777821701631e+01
1.175513606271173650e+01
1.175689888695349694e+01
1.175862618660637970e+01
1.176031789851229270e+01
1.176197396068521073e+01
1.176359431230544850e+01
1.176517889371393188e+01
1.176672764640648161e+01
1.176824051302811469e+01
1.176971743736735476e+01
1.177115836435055485e+01
1.177256324003622368e+01
1.177393201160938041e+01
1.177526462737590229e+01
1.177656103675689714e+01
1.177782119028310071e+01
1.177904503958924742e+01
1.178023253740849619e+01
1.178138363756684903e+01
1.178249829497757695e+01
1.178357646563567940e+01
1.178461810661233855e+01
1.178562317604938947e+01
1.178659163315381875e+01
1.178752343819226311e+01
1.178841855248552406e+01
1.178927693840309487e+01
1.179009855935771434e+01
1.179088337979991863e+01
1.179163136521262167e+01
1.179234248210569191e+01
1.179301669801056995e+01
1.179365398147487021e+01
1.179425430205703229e+01
1.179481763032095287e+01
1.179534393783066015e+01
1.179583319714498657e+01
1.179628538181226283e+01
1.179670046636503677e+01
1.179707842631478520e+01
1.179741923814666826e+01
1.179772287931427321e+01
1.179798932823440616e+01
1.179821856428186244e+01
1.179841056778424679e+01
1.179856532001678815e+01
1.179868280319718288e+01
1.179876300048044158e+01
1.179880589595377494e+01
1.179881147463146895e+01
1.179877972244979922e+01
1.179871062626195055e+01
1.179860417383295434e+01
1.179846035383464553e+01
1.179827915584064257e+01
1.179806057032133104e+01
1.179780458863887738e+01
1.179751120304225154e+01
1.179718040666227097e+01
1.179681219350666055e+01
1.179640655845513564e+01
1.179596349725449400e+01
1.179548300651373260e+01
1.179496508369918217e+01
1.179440972712964886e+01
1.179381693597159142e+01
1.179318671023430021e+01
1.179251905076511164e+01
1.179181395924461917e+01
1.179107143818192327e+01
1.179029149090988504e+01
1.178947412158040997e+01
1.178861933515973526e+01
1.178772713742375267e+01
1.178679753495333848e+01
1.178583053512970658e+01
1.178482614612977919e+01
1.178378437692157021e+01
1.178270523725960217e+01
1.178158873768032855e+01
1.178043488949758100e+01
1.177924370479803251e+01
1.177801519643667838e+01
1.177674937803234734e+01
1.177544626396321625e+01
1.177410586936235148e+01
1.177272821011326798e+01
1.177131330284550970e+01
1.176986116493024959e+01
1.176837181447590019e+01
1.176684527032375804e+01
1.176528155204365333e+01
1.176368067992962452e+01
1.176204267499561773e+01
1.176036755897119512e+01
1.175865535429726805e+01
1.175690608412185512e+01
1.175511977229584382e+01
1.175329644336878943e+01
1.175143612258471748e+01
1.174953883587796355e+01
1.174760460986901478e+01
1.174563347186037809e+01
1.174362544983247147e+01
1.174158057243953124e+01
1.173949886900553530e+01
1.173738036952015129e+01
1.173522510463470603e+01
1.173303310565816204e+01
1.173080440455313322e+01
1.172853903393190045e+01
1.172623702705245385e+01
1.172389841781456887e+01
1.172152324075587337e+01
1.171911153104795567e+01
1.171666332449249026e+01
1.171417865751737430e+01
1.171165756717288708e+01
1.170910009112787087e+01
1.170650626766593483e+01
1.170387613568166429e+01
1.170120973467686731e+01
1.169850710475683009e+01
1.169576828662659018e+01
1.169299332158723459e+01
1.169018225153221735e+01
1.168733511894369492e+01
1.168445196688887577e+01
1.168153283901639661e+01
1.167857777955271459e+01
1.167558683329852087e+01
1.167256004562516836e+01
1.166949746247112962e+01
1.166639913033845311e+01
1.166326509628926722e+01
1.166009540794227384e+01
1.165689011346928972e+01
1.165364926159177728e+01
1.165037290157742333e+01
1.164706108323671074e+01
1.164371385691953087e+01
1.164033127351180497e+01
1.163691338443211443e+01
1.163346024162837544e+01
1.162997189757450478e+01
1.162644840526712464e+01
1.162288981822227285e+01
1.161929619047214679e+01
1.161566757656184379e+01
1.161200403154614413e+01
1.160830561098629943e+01
1.160457237094683514e+01
1.160080436799238690e+01
1.159700165918454040e+01
1.159316430207870141e+01
1.158929235472096764e+01
1.158538587564505029e+01
1.158144492386916902e+01
1.157746955889300899e+01
1.157345984069466560e+01
1.156941582972762639e+01
1.156533758691775660e+01
1.156122517366030955e+01
1.155707865181696370e+01
1.155289808371285254e+01
1.154868353213364784e+01
1.154443506032262867e+01
1.154015273197778058e+01
1.153583661124891613e+01
1.153148676273481676e+01
1.152710325148037285e+01
1.152268614297376104e+01
1.151823550314362521e+01
1.151375139835629291e+01
1.150923389541299002e+01
1.150468306154707854e+01
1.150009896442131740e+01
1.149548167212513761e+01
1.149083125317192611e+01
1.148614777649634711e+01
1.148143131145165263e+01
1.147668192780703578e+01
1.147189969574498392e+01
1.146708468585865326e+01
1.146223696914927537e+01
1.145735661702354413e+01
1.145244370129105960e+01
1.144749829416176468e+01
1.144252046824340319e+01
1.143751029653899387e+01
1.143246785244432751e+01
1.142739320974547113e+01
1.142228644261629000e+01
1.141714762561599450e+01
1.141197683368669402e+01
1.140677414215096519e+01
1.140153962670944843e+01
1.139627336343844277e+01
1.139097542878753444e+01
1.138564589957723072e+01
1.138028485299660453e+01
1.137489236660097447e+01
1.136946851830957250e+01
1.136401338640325598e+01
1.135852704952221082e+01
1.135300958666368842e+01
1.134746107717973729e+01
1.134188160077497720e+01
1.133627123750436105e+01
1.133063006777097570e+01
1.132495817232383040e+01
1.131925563225568965e+01
1.131352252900089894e+01
1.130775894433324069e+01
1.130196496036378662e+01
1.129614065953878210e+01
1.129028612463753412e+01
1.128440143877032575e+01
1.127848668537632904e+01
1.127254194822153366e+01
1.126656731139671486e+01
1.126056285931537637e+01
1.125452867671173962e+01
1.124846484863872931e+01
1.124237146046598035e+01
1.123624859787785368e+01
1.123009634687147162e+01
1.122391479375476031e+01
1.121770402514450993e+01
1.121146412796444558e+01
1.120519518944331594e+01
1.119889729711299076e+01
1.119257053880657260e+01
1.118621500265652635e+01
1.117983077709280515e+01
1.117341795084101719e+01
1.116697661292057653e+01
1.116050685264289122e+01
1.115400875960954252e+01
1.114748242371049436e+01
1.114092793512230095e+01
1.113434538430634113e+01
1.112773486200704909e+01
1.112109645925017709e+01
1.111443026734104045e+01
1.110773637786281931e+01
1.110101488267482139e+01
1.109426587391079444e+01
1.108748944397723690e+01
1.108068568555171574e+01
1.107385469158120550e+01
1.106699655528043102e+01
1.106011137013022960e+01
1.105319922987591852e+01
1.104626022852566969e+01
1.103929446034890915e+01
1.103230201987471659e+01
1.102528300189023192e+01
1.101823750143909741e+01
1.101116561381987502e+01
1.100406743458450265e+01
1.099694305953674522e+01
1.098979258473067055e+01
1.098261610646911635e+01
1.097541372130218562e+01
1.096818552602574570e+01
1.096093161767993074e+01
1.095365209354767089e+01
1.094634705115321438e+01
1.093901658826066381e+01
1.093166080287253550e+01
1.092427979322830467e+01
1.091687365780299146e+01
1.090944249530572030e+01
1.090198640467832192e+01
1.089450548509391759e+01
1.088699983595553888e+01
1.087946955689473683e+01
1.087191474777019984e+01
1.086433550866640374e+01
1.085673193989224039e+01
1.084910414197967121e+01
1.084145221568239492e+01
1.083377626197451526e+01
1.082607638204920697e+01
1.081835267731742078e+01
1.081060524940656542e+01
1.080283420015921436e+01
1.079503963163181801e+01
1.078722164609342116e+01
1.077938034602438933e+01
1.077151583411515645e+01
1.076362821326494768e+01
1.075571758658055010e+01
1.074778405737506048e+01
1.073982772916665596e+01
1.073184870567736482e+01
1.072384709083185683e+01
1.071582298875622463e+01
1.070777650377678114e+01
1.069970774041886230e+01
1.069161680340564047e+01
1.068350379765694136e+01
1.067536882828806810e+01
1.066721200060862706e+01
1.065903342012137855e+01
1.065083319252106797e+01
1.064261142369328361e+01
1.063436821971331447e+01
1.062610368684500983e+01
1.061781793153965836e+01
1.060951106043485304e+01
1.060118318035337914e+01
1.059283439830210760e+01
1.058446482147087586e+01
1.057607455723140433e+01
1.056766371313618791e+01
1.055923239691741777e+01
1.055078071648589244e+01
1.054230877992993776e+01
1.053381669551434285e+01
1.052530457167928901e+01
1.051677251703928917e+01
1.050822064038212567e+01
1.049964905066780219e+01
1.049105785702750282e+01
1.048244716876253868e+01
1.047381709534331584e+01
1.046516774640831038e+01
1.045649923176302565e+01
1.044781166137897621e+01
1.043910514539267176e+01
1.043037979410459570e+01
1.042163571797819444e+01
1.041287302763887546e+01
1.040409183387300551e+01
1.039529224762689985e+01
1.038647438000584344e+01
1.037763834227308557e+01
1.036878424584886282e+01
1.035991220230940435e+01
1.035102232338596551e+01
1.034211472096383133e+01
1.033318950708136263e+01
1.032424679392901190e+01
1.031528669384835872e+01
1.030630931933114702e+01
1.029731478301832226e+01
1.028830319769907575e+01
1.027927467630988367e+01
1.027022933193355314e+01
1.026116727779827542e+01
1.025208862727667913e+01
1.024299349388487812e+01
1.023388199128153531e+01
1.022475423326691235e+01
1.021561033378194061e+01
1.020645040690727789e+01
1.019727456686237232e+01
1.018808292800453863e+01
1.017887560482801668e+01
1.016965271196304421e+01
1.016041436417493493e+01
1.015116067636314945e+01
1.014189176356036803e+01
1.013260774093156336e+01
1.012330872377309454e+01
1.011399482751177104e+01
1.010466616770394133e+01
1.009532286003456925e+01
1.008596502031632269e+01
1.007659276448865171e+01
1.006720620861688253e+01
1.005780546889128857e+01
1.004839066162618799e+01
1.003896190325903071e+01
1.002951931034947286e+01
1.002006299957848334e+01
1.001059308774742007e+01
1.000110969177712050e+01
9.991612928706992136e+00
9.982102915694099465e+00
9.972579770012254485e+00
9.963043609051108973e+00
9.953494550315239664e+00
9.943932711423235205e+00
9.934358210106797316e+00
9.924771164209808205e+00
9.915171691687444167e+00
9.905559910605241214e+00
9.895935939138201576e+00
9.886299895569864660e+00
9.876651898291402887e+00
9.866992065800706868e+00
9.857320516701472357e+00
9.847637369702274768e+00
9.837942743615665009e+00
9.828236757357244002e+00
9.818519529944749635e+00
9.808791180497136608e+00
9.799051828233649175e+00
9.789301592472909874e+00
9.779540592631990492e+00
9.769768948225491911e+00
9.759986778864615076e+00
9.750194204256231956e+00
9.740391344201970725e+00
9.730578318597270737e+00
9.720755247430457047e+00
9.710922250781813148e+00
9.701079448822641282e+00
9.691226961814322749e+00
9.681364910107388866e+00
9.671493414140575950e+00
9.661612594439887403e+00
9.651722571617648683e+00
9.641823466371555185e+00
9.631915399483743201e+00
9.621998491819820032e+00
9.612072864327926069e+00
9.602138638037779117e+00
9.592195934059716933e+00
9.582244873583739775e+00
9.572285577878551166e+00
9.562318168290598663e+00
9.552342766243103966e+00
9.542359493235098356e+00
9.532368470840459906e+00
9.522369820706931165e+00
9.512363664555158138e+00
9.502350124177700863e+00
9.492329321438065293e+00
9.482301378269717418e+00
9.472266416675102718e+00
9.462224558724651402e+00
9.452175926555797858e+00
9.442120642371989447e+00
9.432058828441693521e+00
9.421990607097388448e+00
9.411916100734583068e+00
9.401835431810802390e+00
9.391748722844589281e+00
9.381656096414490165e+00
9.371557675158054934e+00
9.361453581770811994e+00
9.351343939005268169e+00
9.341228869669883750e+00
9.331108496628042204e+00
9.320982942797046533e+00
9.310852331147076555e+00
9.300716784700167494e+00
9.290576426529179699e+00
9.280431379756763022e+00
9.270281767554315877e+00
9.260127713140954953e+00
9.249969339782460054e+00
9.239806770790247370e+00
9.229640129520303660e+00
9.219469539372147082e+00
9.209295123787768489e+00
9.199117006250585149e+00
9.188935310284374935e+00
9.178750159452214064e+00
9.168561677355425488e+00
9.158369987632498876e+00
9.148175213958035457e+00
9.137977480041669764e+00
9.127776909627002055e+00
9.117573626490512950e+00
9.107367754440504726e+00
9.097159417315996421e+00
9.086948738985666907e+00
9.076735843346757093e+00
9.066520854323977474e+00
9.056303895868433429e+00
9.046085091956529212e+00
9.035864566588871938e+00
9.025642443789177349e+00
9.015418847603175578e+00
9.005193902097513359e+00
8.994967731358647356e+00
8.984740459491746378e+00
8.974512210619591812e+00
8.964283108881460294e+00
8.954053278432024143e+00
8.943822843440242920e+00
8.933591928088251422e+00
8.923360656570244132e+00
8.913129153091370327e+00
8.902897541866609643e+00
8.892665947119668957e+00
8.882434493081850846e+00
8.872203303990950474e+00
8.861972504090124048e+00
8.851742217626783926e+00
8.841512568851463527e+00
8.831283682016705328e+00
8.821055681375936430e+00
8.810828691182347683e+00
8.800602835687771019e+00
8.790378239141555028e+00
8.780155025789449397e+00
8.769933319872466271e+00
8.759713245625777134e+00
8.749494927277572387e+00
8.739278489047951126e+00
8.729064055147789603e+00
8.718851749777625670e+00
8.708641697126532577e+00
8.698434021371003411e+00
8.688228846673826666e+00
8.678026297182965365e+00
8.667826497030445054e+00
8.657629570331232927e+00
8.647435641182118715e+00
8.637244833660606247e+00
8.627057271823797890e+00
8.616873079707280780e+00
8.606692381324021923e+00
8.596515300663254422e+00
8.586341961689376134e+00
8.576172488340844779e+00
8.566007004529073043e+00
8.555845634137339673e+00
8.545688501019675698e+00
8.535535728999787963e+00
8.525387441869957783e+00
8.515243763389957365e+00
8.505104817285964458e+00
8.494970727249475217e+00
8.484841616936233066e+00
8.474717609965153997e+00
8.464598829917248324e+00
8.454485400334560197e+00
8.444377444719103565e+00
8.434275086531798138e+00
8.424178449191428442e+00
8.414087656073574450e+00
8.404002830509577748e+00
8.393924095785507689e+00
8.383851575141104462e+00
8.373785391768771902e+00
8.363725668812540093e+00
8.353672529367038635e+00
8.343626096476508991e+00
8.333586493133759987e+00
8.323553842279197923e+00
8.313528266799812272e+00
8.303509889528184473e+00
8.293498833241525148e+00
8.283495220660666902e+00
8.273499174449119309e+00
8.263510817212088355e+00
8.253530271495542081e+00
8.243557659785242464e+00
8.233593104505816385e+00
8.223636728019814157e+00
8.213688652626785824e+00
8.203749000562366334e+00
8.193817893997369595e+00
8.183895455036880762e+00
8.173981805719368054e+00
8.164077068015801686e+00
8.154181363828772788e+00
8.144294814991633658e+00
8.134417543267639772e+00
8.124549670349106023e+00
8.114691317856562947e+00
8.104842607337936045e+00
8.095003660267730439e+00
8.085174598046210193e+00
8.075355541998620268e+00
8.065546613374388940e+00
8.055747933346353307e+00
8.045959623009997230e+00
8.036181803382696387e+00
8.026414595402981078e+00
8.016658119929793713e+00
8.006912497741780044e+00
7.997177849536575955e+00
7.987454295930116466e+00
7.977741957455949162e+00
7.968040954564560074e+00
7.958351407622719975e+00
7.948673436912836010e+00
7.939007162632316650e+00
7.929352704892949077e+00
7.919710183720299668e+00
7.910079719053110914e+00
7.900461430742725000e+00
7.890855438552515366e+00
7.881261862157330711e+00
7.871680821142959417e+00
7.862112435005601085e+00
7.852556823151355836e+00
7.843014104895724259e+00
7.833484399463132242e+00
7.823967825986451352e+00
7.814464503506556525e+00
7.804974550971881087e+00
7.795498087237996643e+00
7.786035231067201856e+00
7.776586101128134310e+00
7.767150815995390367e+00
7.757729494149161020e+00
7.748322253974893492e+00
7.738929213762953729e+00
7.729550491708319093e+00
7.720186205910275490e+00
7.710836474372137594e+00
7.701501415000986839e+00
7.692181145607418280e+00
7.682875783905314115e+00
7.673585447511621638e+00
7.664310253946163165e+00
7.655050320631447747e+00
7.645805764892512180e+00
7.636576703956770018e+00
7.627363254953888116e+00
7.618165534915664949e+00
7.608983660775947122e+00
7.599817749370540554e+00
7.590667917437161627e+00
7.581534281615385673e+00
7.572416958446631874e+00
7.563316064374150827e+00
7.554231715743040532e+00
7.545164028800273037e+00
7.536113119694743290e+00
7.527079104477338412e+00
7.518062099101015860e+00
7.509062219420915341e+00
7.500079581194470713e+00
7.491114300081557431e+00
7.482166491644639983e+00
7.473236271348960180e+00
7.464323754562725455e+00
7.455429056557323797e+00
7.446552292507556459e+00
7.437693577491889307e+00
7.428853026492716616e+00
7.420030754396656825e+00
7.411226875994855412e+00
7.402441505983312631e+00
7.393674758963222793e+00
7.384926749441344640e+00
7.376197591830374378e+00
7.367487400449352464e+00
7.358796289524080159e+00
7.350124373187558291e+00
7.341471765480442002e+00
7.332838580351515922e+00
7.324224931658189774e+00
7.315630933167007299e+00
7.307056698554180052e+00
7.298502341406137184e+00
7.289967975220086771e+00
7.281453713404612671e+00
7.272959669280270489e+00
7.264485956080212858e+00
7.256032686950831589e+00
7.247599974952418478e+00
7.239187933059836766e+00
7.230796674163227244e+00
7.222426311068709914e+00
7.214076956499125615e+00
7.205748723094775876e+00
7.197441723414200077e+00
7.189156069934954374e+00
7.180891875054411955e+00
7.172649251090589928e+00
7.164428310282978885e+00
7.156229164793399988e+00
7.148051926706880721e+00
7.139896708032534178e+00
7.131763620704473894e+00
7.123652776582727775e+00
7.115564287454180459e+00
7.107498265033528106e+00
7.099454820964250068e+00
7.091434066819594761e+00
7.083436114103583314e+00
7.075461074252031857e+00
7.067509058633580032e+00
7.059580178550746155e+00
7.051674545240993908e+00
7.043792269877809709e+00
7.035933463571800495e+00
7.028098237371808388e+00
7.020286702266024470e+00
7.012498969183140751e+00
7.004735148993498584e+00
6.996995352510258392e+00
6.989279690490579178e+00
6.981588273636818442e+00
6.973921212597733010e+00
6.966278617969709153e+00
6.958660600297994492e+00
6.951067270077943228e+00
6.943498737756283568e+00
6.935955113732379829e+00
6.928436508359523849e+00
6.920943031946231727e+00
6.913474794757545006e+00
6.906031907016356719e+00
6.898614478904736558e+00
6.891222620565274681e+00
6.883856442102431750e+00
6.876516053583897836e+00
6.869201565041968216e+00
6.861913086474920931e+00
6.854650727848407676e+00
6.847414599096854460e+00
6.840204810124868473e+00
6.833021470808652964e+00
6.825864690997436313e+00
6.818734580514903776e+00
6.811631249160631896e+00
6.804554806711545112e+00
6.797505362923366157e+00
6.790483027532072668e+00
6.783487910255374231e+00
6.776520120794176982e+00
6.769579768834067757e+00
6.762666964046799123e+00
6.755781816091775305e+00
6.748924434617548762e+00
6.742094929263316772e+00
6.735293409660428665e+00
6.728519985433885964e+00
6.721774766203855833e+00
6.715057861587180987e+00
6.708369381198896697e+00
6.701709434653743358e+00
6.695078131567691493e+00
6.688475581559458760e+00
6.681901894252028740e+00
6.675357179274180375e+00
6.668841546262002318e+00
6.662355104860419708e+00
6.655897964724712956e+00
6.649470235522042749e+00
6.643072026932967056e+00
6.636703448652959025e+00
6.630364610393925773e+00
6.624055621885718281e+00
6.617776592877641306e+00
6.611527633139970384e+00
6.605308852465440417e+00
6.599120360670759133e+00
6.592962267598096560e+00
6.586834683116573608e+00
6.580737717123750663e+00
6.574671479547105513e+00
6.568636080345505057e+00
6.562631629510673470e+00
6.556658237068653250e+00
6.550716013081253841e+00
6.544805067647494923e+00
6.538925510905047034e+00
6.533077453031653548e+00
6.527261004246549092e+00
6.521476274811871754e+00
6.515723375034055742e+00
6.510002415265219611e+00
6.504313505904544712e+00
6.498656757399637662e+00
6.493032280247880372e+00
6.487440184997779191e+00
6.481880582250282963e+00
6.476353582660100194e+00
6.470859296937000238e+00
6.465397835847099373e+00
6.459969310214128235e+00
6.454573830920693034e+00
6.449211508909513668e+00
6.443882455184645863e+00
6.438586780812688204e+00
6.433324596923978511e+00
6.428096014713755579e+00
6.422901145443326243e+00
6.417740100441194251e+00
6.412612991104176707e+00
6.407519928898503636e+00
6.402461025360892677e+00
6.397436392099610458e+00
6.392446140795501996e+00
6.387490383203013877e+00
6.382569231151178357e+00
6.377682796544586807e+00
6.372831191364334735e+00
6.368014527668945490e+00
6.363232917595269100e+00
6.358486473359365121e+00
6.353775307257338412e+00
6.349099531666172247e+00
6.344459259044526789e+00
6.339854601933505585e+00
6.335285672957406078e+00
6.330752584824436369e+00
6.326255450327401775e+00
6.321794382344366525e+00
6.317369493839286143e+00
6.312980897862610519e+00
6.308628707551852344e+00
6.304313036132136006e+00
6.300033996916703849e+00
6.295791703307394016e+00
6.291586268795090753e+00
6.287417806960135636e+00
6.283286431472707712e+00
6.279192256093183211e+00
6.275135394672433975e+00
6.271115961152116114e+00
6.267134069564908039e+00
6.263189834034724512e+00
6.259283368776883627e+00
6.255414788098247136e+00
6.251584206397319043e+00
6.247791738164300668e+00
6.244037497981117291e+00
6.240321600521401280e+00
6.236644160550437910e+00
6.233005292925066776e+00
6.229405112593556559e+00
6.225843734595414958e+00
6.222321274061179963e+00
6.218837846212160514e+00
6.215393566360133626e+00
6.211988549906999779e+00
6.208622912344402778e+00
6.205296769253289213e+00
6.202010236303438617e+00
6.198763429252940327e+00
6.195556463947635706e+00
6.192389456320495533e+00
6.189262522390979626e+00
6.186175778264317415e+00
6.183129340130764540e+00
6.180123324264800821e+00
6.177157847024286497e+00
6.174233024849562490e+00
6.171348974262515164e+00
6.168505811865570898e+00
6.165703654340658701e+00
6.162942618448106202e+00
6.160222821025501894e+00
6.157544378986491651e+00
6.154907409319540612e+00
6.152312029086612455e+00
6.149758355421828249e+00
6.147246505530047145e+00
6.144776596685410652e+00
6.142348746229816747e+00
6.139963071571363784e+00
6.137619690182706478e+00
6.135318719599378134e+00
6.133060277418051598e+00
6.130844481294739801e+00
6.128671448942944799e+00
6.126541298131749080e+00
6.124454146683842026e+00
6.122410112473493982e+00
6.120409313424468145e+00
6.118451867507872066e+00
6.116537892739957627e+00
6.114667507179849970e+00
6.112840828927232018e+00
6.111057976119937507e+00
6.109319066931516495e+00
6.107624219568717372e+00
6.105973552268915583e+00
6.104367183297474853e+00
6.102805230945063109e+00
6.101287813524865378e+00
6.099815049369771813e+00
6.098387056829484010e+00
6.097003954267560033e+00
6.095665860058387509e+00
6.094372892584114965e+00
6.093125170231482812e+00
6.091922811388609027e+00
6.090765934441706442e+00
6.089654657771732538e+00
6.088589099750968181e+00
6.087569378739539516e+00
6.086595613081857259e+00
6.085667921102988487e+00
6.084786421104978693e+00
6.083951231363082357e+00
6.083162470121935783e+00
6.082420255591671321e+00
6.081724705943932108e+00
6.081075939307841516e+00
6.080474073765894438e+00
6.079919227349775745e+00
6.079411518036112128e+00
6.078951063742154659e+00
6.078537982321381428e+00
6.078172391559029997e+00
6.077854409167565031e+00
6.077584152782067761e+00
6.077361739955552622e+00
6.077187288154219047e+00
6.077060914752624221e+00
6.076982737028775894e+00
6.076952872159159469e+00
6.076971437213696703e+00
6.077038549150617364e+00
6.077154324811270492e+00
6.077318880914860166e+00
6.077532334053088903e+00
6.077794800684742427e+00
6.078106397130205174e+00
6.078467239565886970e+00
6.078877444018576881e+00
6.079337126359743770e+00
6.079846402299723174e+00
6.080405387381855320e+00
6.081014196976548547e+00
6.081672946275252123e+00
6.082381750284364230e+00
6.083140723819076001e+00
6.083949981497105419e+00
6.084809637732385035e+00
6.085719806728664416e+00
6.086680602473038881e+00
6.087692138729393854e+00
6.088754529031795926e+00
6.089867886677778230e+00
6.091032324721564528e+00
6.092247955967219575e+00
6.093514892961723106e+00
6.094833247987961222e+00
6.096203133057657375e+00
6.097624659904206545e+00
6.099097939975442806e+00
6.100623084426340270e+00
6.102200204111622561e+00
6.103829409578310994e+00
6.105510811058195486e+00
6.107244518460223759e+00
6.109030641362811487e+00
6.110869289006087612e+00
6.112760570284068606e+00
6.114704593736743909e+00
6.116701467542099202e+00
6.118751299508064179e+00
6.120854197064374169e+00
6.123010267254368699e+00
6.125219616726720773e+00
6.127482351727080889e+00
6.129798578089660666e+00
6.132168401228738297e+00
6.134591926130078754e+00
6.137069257342305129e+00
6.139600498968182052e+00
6.142185754655834273e+00
6.144825127589888858e+00
6.147518720482561427e+00
6.150266635564646478e+00
6.153068974576457961e+00
6.155925838758691704e+00
6.158837328843222103e+00
6.161803545043829544e+00
6.164824587046866533e+00
6.167900554001833235e+00
6.171031544511905942e+00
6.174217656624395367e+00
6.177458987821135672e+00
6.180755635008803317e+00
6.184107694509187958e+00
6.187515262049369191e+00
6.190978432751854221e+00
6.194497301124638255e+00
6.198071961051210721e+00
6.201702505780488650e+00
6.205389027916703881e+00
6.209131619409210323e+00
6.212930371542234376e+00
6.216785374924580054e+00
6.220696719479259507e+00
6.224664494433064910e+00
6.228688788306097734e+00
6.232769688901226957e+00
6.236907283293482429e+00
6.241101657819418946e+00
6.245352898066397707e+00
6.249661088861833136e+00
6.254026314262380204e+00
6.258448657543065785e+00
6.262928201186365840e+00
6.267465026871241740e+00
6.272059215462117088e+00
6.276710846997811899e+00
6.281420000680423499e+00
6.286186754864167447e+00
6.291011187044158071e+00
6.295893373845158791e+00
6.300833391010272955e+00
6.305831313389610671e+00
6.310887214928891709e+00
6.316001168658025300e+00
6.321173246679633984e+00
6.326403520157544591e+00
6.331692059305245479e+00
6.337038933374294025e+00
6.342444210642703695e+00
6.347907958403285811e+00
6.353430242951956686e+00
6.359011129576014554e+00
6.364650682542381865e+00
6.370348965085825377e+00
6.376106039397136271e+00
6.381921966611290742e+00
6.387796806795575044e+00
6.393730618937689236e+00
6.399723460933830488e+00
6.405775389576745305e+00
6.411886460543763100e+00
6.418056728384813781e+00
6.424286246510417797e+00
6.430575067179661986e+00
6.436923241488159420e+00
6.443330819355992389e+00
6.449797849515644721e+00
6.456324379499915445e+00
6.462910455629828910e+00
6.469556123002528025e+00
6.476261425479161282e+00
6.483026405672766224e+00
6.489851104936147586e+00
6.496735563349742115e+00
6.503679819709494936e+00
6.510683911514722588e+00
6.517747874955986731e+00
6.524871744902962512e+00
6.532055554892313154e+00
6.539299337115573429e+00
6.546603122407032238e+00
6.553966940231630289e+00
6.561390818672866665e+00
6.568874784420714263e+00
6.576418862759551232e+00
6.584023077556103942e+00
6.591687451247409513e+00
6.599412004828798750e+00
6.607196757841894197e+00
6.615041728362630380e+00
6.622946932989301594e+00
6.630912386830628336e+00
6.638938103493854825e+00
6.647024095072874061e+00
6.655170372136387513e+00
6.663376943716087908e+00
6.671643817294878431e+00
6.679970998795134562e+00
6.688358492566992552e+00
6.696806301376684978e+00
6.705314426394917149e+00
6.713882867185278158e+00
6.722511621692707884e+00
6.731200686232003960e+00
6.739950055476363389e+00
6.748759722446007636e+00
6.757629678496832604e+00
6.766559913309118102e+00
6.775550414876297722e+00
6.784601169493784667e+00
6.793712161747842870e+00
6.802883374504550495e+00
6.812114788898799844e+00
6.821406384323368322e+00
6.830758138418066672e+00
6.840170027058942281e+00
6.849642024347552649e+00
6.859174102600330336e+00
6.868766232338008315e+00
6.878418382275118148e+00
6.888130519309576982e+00
6.897902608512354483e+00
6.907734613117202827e+00
6.917626494510495050e+00
6.927578212221146892e+00
6.937589723910615014e+00
6.947660985362988484e+00
6.957791950475179732e+00
6.967982571247195445e+00
6.978232797772514928e+00
6.988542578228570612e+00
6.998911858867316482e+00
7.009340584005900432e+00
7.019828696017446745e+00
7.030376135321936282e+00
7.040982840377187024e+00
7.051648747669974071e+00
7.062373791707234005e+00
7.073157905007384727e+00
7.084001018091769630e+00
7.094903059476216356e+00
7.105863955662688802e+00
7.116883631131117660e+00
7.127962008331302002e+00
7.139099007674951203e+00
7.150294547527856537e+00
7.161548544202198663e+00
7.172860911948940377e+00
7.184231562950421868e+00
7.195660407313044793e+00
7.207147353060094019e+00
7.218692306124705915e+00
7.230295170342980526e+00
7.241955847447196781e+00
7.253674237059235530e+00
7.265450236684098506e+00
7.277283741703588937e+00
7.289174645370131600e+00
7.301122838800760739e+00
7.313128210971218124e+00
7.325190648710259822e+00
7.337310036694089099e+00
7.349486257440940307e+00
7.361719191305824417e+00
7.374008716475452196e+00
7.386354708963270177e+00
7.398757042604721335e+00
7.411215589052635444e+00
7.423730217772792628e+00
7.436300796039644112e+00
7.448927188932223942e+00
7.461609259330193034e+00
7.474346867910091952e+00
7.487139873141767765e+00
7.499988131284945680e+00
7.512891496386003176e+00
7.525849820274907565e+00
7.538862952562332076e+00
7.551930740636945139e+00
7.565053029662925255e+00
7.578229662577604664e+00
7.591460480089323504e+00
7.604745320675462494e+00
7.618084020580667470e+00
7.631476413815230231e+00
7.644922332153730515e+00
7.658421605133799659e+00
7.671974060055103628e+00
7.685579521978509909e+00
7.699237813725466673e+00
7.712948755877508944e+00
7.726712166776081858e+00
7.740527862522454505e+00
7.754395656977870033e+00
7.768315361763892035e+00
7.782286786262963219e+00
7.796309737619097291e+00
7.810384020738882604e+00
7.824509438292607477e+00
7.838685790715604007e+00
7.852912876209800608e+00
7.867190490745488596e+00
7.881518428063237103e+00
7.895896479676107305e+00
7.910324434872002541e+00
7.924802080716244035e+00
7.939329202054349999e+00
7.953905581515034129e+00
7.968530999513370183e+00
7.983205234254225680e+00
7.997928061735873229e+00
8.012699255753807037e+00
8.027518587904763692e+00
8.042385827590983638e+00
8.057300742024619211e+00
8.072263096232422441e+00
8.087272653060617600e+00
8.102329173179969146e+00
8.117432415091068165e+00
8.132582135129842626e+00
8.147778087473243502e+00
8.163020024145168918e+00
8.178307695022615675e+00
8.193640847842006636e+00
8.209019228205727714e+00
8.224442579588906455e+00
8.239910643346362917e+00
8.255423158719777277e+00
8.270979862845113217e+00
8.286580490760192319e+00
8.302224775412497593e+00
8.317912447667190179e+00
8.333643236315333880e+00
8.349416868082284893e+00
8.365233067636379971e+00
8.381091557597750707e+00
8.396992058547366966e+00
8.412934289036297031e+00
8.428917965595159600e+00
8.444942802743748089e+00
8.461008513000946252e+00
8.477114806894766375e+00
8.493261392972616619e+00
8.509447977811761987e+00
8.525674266030010884e+00
8.541939960296520695e+00
8.558244761342923113e+00
8.574588367974559588e+00
8.590970477081935286e+00
8.607390783652364874e+00
8.623848980781829709e+00
8.640344759686975351e+00
8.656877809717371974e+00
8.673447818367934659e+00
8.690054471291512428e+00
8.706697452311681573e+00
8.723376443435748584e+00
8.740091124867866768e+00
8.756841175022424650e+00
8.773626270537567606e+00
8.790446086288911332e+00
8.807300295403424073e+00
8.824188569273509586e+00
8.841110577571223317e+00
8.858065988262710633e+00
8.875054467622806698e+00
8.892075680249790892e+00
8.909129289080322422e+00
8.926214955404539353e+00
8.943332338881328170e+00
8.960481097553740781e+00
8.977660887864619355e+00
8.994871364672336611e+00
9.012112181266708433e+00
9.029382989385078773e+00
9.046683439228532464e+00
9.064013179478266125e+00
9.081371857312154461e+00
9.098759118421408942e+00
9.116174607027414112e+00
9.133617965898697122e+00
9.151088836368060697e+00
9.168586858349796032e+00
9.186111670357139047e+00
9.203662909519772839e+00
9.221240211601504200e+00
9.238843211018069823e+00
9.256471540855065072e+00
9.274124832885979330e+00
9.291802717590424976e+00
9.309504824172421422e+00
9.327230780578831926e+00
9.344980213517910528e+00
9.362752748477978670e+00
9.380548009746178195e+00
9.398365620427387768e+00
9.416205202463219237e+00
9.434066376651125907e+00
9.451948762663610282e+00
9.469851979067550829e+00
9.487775643343590914e+00
9.505719371905671622e+00
9.523682780120644509e+00
9.541665482327951864e+00
9.559667091859420651e+00
9.577687221059145273e+00
9.595725481303436055e+00
9.613781483020860108e+00
9.631854835712378105e+00
9.649945147971532577e+00
9.668052027504716150e+00
9.686175081151528587e+00
9.704313914905169369e+00
9.722468133932931522e+00
9.740637342596748738e+00
9.758821144473790454e+00
9.777019142377133321e+00
9.795230938376473517e+00
9.813456133818897698e+00
9.831694329349716099e+00
9.849945124933325857e+00
9.868208119874131157e+00
9.886482912837506021e+00
9.904769101870790848e+00
9.923066284424320926e+00
9.941374057372515338e+00
9.959692017034971201e+00
9.978019759197591654e+00
9.996356879133763584e+00
1.001470297162553003e+01
1.003305763098479986e+01
1.005142045107456639e+01
1.006979102533015968e+01
1.008816894678049891e+01
1.010655380806935355e+01
1.012494520147662591e+01
1.014334271893962658e+01
1.016174595207435338e+01
1.018015449219679169e+01
1.019856793034418274e+01
1.021698585729630615e+01
1.023540786359675181e+01
1.025383353957417931e+01
1.027226247536356496e+01
1.029069426092744344e+01
1.030912848607711751e+01
1.032756474049385709e+01
1.034600261375007157e+01
1.036444169533046811e+01
1.038288157465315820e+01
1.040132184109077151e+01
1.041976208399149861e+01
1.043820189270012477e+01
1.045664085657901232e+01
1.047507856502906343e+01
1.049351460751060827e+01
1.051194857356428614e+01
1.053038005283185363e+01
1.054880863507694855e+01
1.056723391020580749e+01
1.058565546828793913e+01
1.060407289957671040e+01
1.062248579452992026e+01
1.064089374383027042e+01
1.065929633840578994e+01
1.067769316945020464e+01
1.069608382844322847e+01
1.071446790717078024e+01
1.073284499774515410e+01
1.075121469262508533e+01
1.076957658463575385e+01
1.078793026698871671e+01
1.080627533330175183e+01
1.082461137761862524e+01
1.084293799442877848e+01
1.086125477868691291e+01
1.087956132583250657e+01
1.089785723180922439e+01
1.091614209308425565e+01
1.093441550666753770e+01
1.095267707013091041e+01
1.097092638162713740e+01
1.098916303990886689e+01
1.100738664434745750e+01
1.102559679495172951e+01
1.104379309238659346e+01
1.106197513799158827e+01
1.108014253379929848e+01
1.109829488255366670e+01
1.111643178772819063e+01
1.113455285354401880e+01
1.115265768498792198e+01
1.117074588783016331e+01
1.118881706864223702e+01
1.120687083481448099e+01
1.122490679457359519e+01
1.124292455700001447e+01
1.126092373204518005e+01
1.127890393054866358e+01
1.129686476425519537e+01
1.131480584583152726e+01
1.133272678888319440e+01
1.135062720797114189e+01
1.136850671862822360e+01
1.138636493737555710e+01
1.140420148173877024e+01
1.142201597026408244e+01
1.143980802253425999e+01
1.145757725918444869e+01
1.147532330191786443e+01
1.149304577352132029e+01
1.151074429788067910e+01
1.152841849999606794e+01
1.154606800599703398e+01
1.156369244315751921e+01
1.158129143991070009e+01
1.159886462586368339e+01
1.161641163181207581e+01
1.163393208975435478e+01
1.165142563290615030e+01
1.166889189571434038e+01
1.168633051387102739e+01
1.170374112432733682e+01
1.172112336530710230e+01
1.173847687632036418e+01
1.175580129817672592e+01
1.177309627299857553e+01
1.179036144423414001e+01
1.180759645667039059e+01
1.182480095644581297e+01
1.184197459106298922e+01
1.185911700940104474e+01
1.187622786172793710e+01
1.189330679971260629e+01
1.191035347643693676e+01
1.192736754640760566e+01
1.194434866556774644e+01
1.196129649130844186e+01
1.197821068248009624e+01
1.199509089940363360e+01
1.201193680388153773e+01
1.202874805920874834e+01
1.204552433018338142e+01
1.206226528311729851e+01
1.207897058584651084e+01
1.209563990774145203e+01
1.211227291971705533e+01
1.212886929424270832e+01
1.214542870535204777e+01
1.216195082865254129e+01
1.217843534133498018e+01
1.219488192218277689e+01
1.221129025158112036e+01
1.222766001152595194e+01
1.224399088563283833e+01
1.226028255914559750e+01
1.227653471894483594e+01
1.229274705355631347e+01
1.230891925315914470e+01
1.232505100959382816e+01
1.234114201637018127e+01
1.235719196867502312e+01
1.237320056337977014e+01
1.238916749904785952e+01
1.240509247594200737e+01
1.242097519603131417e+01
1.243681536299825119e+01
1.245261268224541418e+01
1.246836686090219537e+01
1.248407760783126541e+01
1.249974463363491495e+01
1.251536765066123102e+01
1.253094637301015268e+01
1.254648051653932761e+01
1.256196979886984266e+01
1.257741393939180163e+01
1.259281265926976090e+01
1.260816568144798389e+01
1.262347273065560138e+01
1.263873353341156580e+01
1.265394781802947399e+01
1.266911531462225682e+01
1.268423575510671775e+01
1.269930887320790625e+01
1.271433440446337393e+01
1.272931208622726551e+01
1.274424165767426054e+01
1.275912285980337835e+01
1.277395543544165690e+01
1.278873912924765222e+01
1.280347368771483652e+01
1.281815885917483300e+01
1.283279439380049425e+01
1.284738004360887587e+01
1.286191556246404133e+01
1.287640070607975318e+01
1.289083523202200432e+01
1.290521889971144631e+01
1.291955147042562757e+01
1.293383270730113921e+01
1.294806237533562410e+01
1.296224024138963138e+01
1.297636607418834664e+01
1.299043964432323151e+01
1.300446072425344290e+01
1.301842908830720447e+01
1.303234451268300909e+01
1.304620677545071139e+01
1.306001565655246743e+01
1.307377093780360333e+01
1.308747240289327074e+01
1.310111983738506147e+01
1.311471302871744626e+01
1.312825176620411938e+01
1.314173584103419579e+01
1.315516504627233374e+01
1.316853917685867259e+01
1.318185802960870134e+01
1.319512140321298155e+01
1.320832909823677959e+01
1.322148091711955509e+01
1.323457666417436052e+01
1.324761614558710932e+01
1.326059916941571970e+01
1.327352554558917852e+01
1.328639508590646656e+01
1.329920760403539148e+01
1.331196291551130706e+01
1.332466083773571874e+01
1.333730118997477554e+01
1.334988379335767483e+01
1.336240847087495354e+01
1.337487504737666733e+01
1.338728334957048105e+01
1.339963320601965791e+01
1.341192444714091536e+01
1.342415690520222782e+01
1.343633041432049602e+01
1.344844481045913831e+01
1.346049993142557355e+01
1.347249561686861874e+01
1.348443170827580140e+01
1.349630804897051384e+01
1.350812448410914079e+01
1.351988086067810535e+01
1.353157702749078339e+01
1.354321283518435060e+01
1.355478813621651035e+01
1.356630278486217023e+01
1.357775663721002779e+01
1.358914955115904633e+01
1.360048138641487014e+01
1.361175200448614575e+01
1.362296126868076485e+01
1.363410904410203095e+01
1.364519519764473188e+01
1.365621959799114293e+01
1.366718211560695728e+01
1.367808262273712572e+01
1.368892099340163071e+01
1.369969710339118052e+01
1.371041083026283935e+01
1.372106205333557050e+01
1.373165065368571014e+01
1.374217651414238439e+01
1.375263951928284456e+01
1.376303955542773316e+01
1.377337651063628599e+01
1.378365027470147020e+01
1.379386073914504962e+01
1.380400779721259497e+01
1.381409134386841941e+01
1.382411127579046095e+01
1.383406749136509895e+01
1.384395989068191568e+01
1.385378837552838149e+01
1.386355284938450971e+01
1.387325321741742634e+01
1.388288938647590420e+01
1.389246126508481893e+01
1.390196876343958543e+01
1.391141179340050016e+01
1.392079026848705681e+01
1.393010410387220865e+01
1.393935321637656877e+01
1.394853752446257111e+01
1.395765694822858194e+01
1.396671140940295608e+01
1.397570083133805419e+01
1.398462513900421023e+01
1.399348425898365456e+01
1.400227811946439793e+01
1.401100665023406933e+01
1.401966978267370045e+01
1.402826744975149253e+01
1.403679958601652622e+01
1.404526612759243598e+01
1.405366701217104541e+01
1.406200217900596527e+01
1.407027156890616126e+01
1.407847512422947744e+01
1.408661278887613300e+01
1.409468450828217101e+01
1.410269022941289307e+01
1.411062990075625478e+01
1.411850347231622038e+01
1.412631089560610143e+01
1.413405212364185459e+01
1.414172711093535995e+01
1.414933581348766900e+01
1.415687818878221726e+01
1.416435419577802968e+01
1.417176379490287808e+01
1.417910694804643157e+01
1.418638361855337138e+01
1.419359377121649857e+01
1.420073737226980448e+01
1.420781438938152519e+01
1.421482479164717816e+01
1.422176854958257763e+01
1.422864563511682867e+01
1.423545602158530876e+01
1.424219968372263523e+01
1.424887659765559178e+01
1.425548674089607815e+01
1.426203009233401886e+01
1.426850663223025428e+01
1.427491634220944228e+01
1.428125920525293147e+01
1.428753520569160607e+01
1.429374432919875915e+01
1.429988656278292325e+01
1.430596189478070812e+01
1.431197031484961535e+01
1.431791181396085832e+01
1.432378638439216445e+01
1.432959401972058444e+01
1.433533471481526966e+01
1.434100846583028321e+01
1.434661527019735416e+01
1.435215512661867976e+01
1.435762803505969210e+01
1.436303399674182835e+01
1.436837301413530277e+01
1.437364509095188048e+01
1.437885023213763169e+01
1.438398844386571085e+01
1.438905973352911616e+01
1.439406410973346340e+01
1.439900158228975080e+01
1.440387216220713462e+01
1.440867586168569581e+01
1.441341269410922621e+01
1.441808267403799881e+01
1.442268581720156462e+01
1.442722214049153706e+01
1.443169166195438713e+01
1.443609440078424200e+01
1.444043037731570145e+01
1.444469961301664362e+01
1.444890213048105565e+01
1.445303795342186426e+01
1.445710710666376819e+01
1.446110961613609547e+01
1.446504550886564999e+01
1.446891481296959903e+01
1.447271755764833401e+01
1.447645377317836690e+01
1.448012349090523898e+01
1.448372674323642784e+01
1.448726356363427925e+01
1.449073398660893730e+01
1.449413804771130465e+01
1.449747578352601174e+01
1.450074723166439128e+01
1.450395243075748297e+01
1.450709142044903466e+01
1.451016424138853544e+01
1.451317093522426305e+01
1.451611154459633291e+01
1.451898611312977927e+01
1.452179468542765051e+01
1.452453730706411861e+01
1.452721402457760647e+01
1.452982488546394002e+01
1.453236993816951284e+01
1.453484923208446311e+01
1.453726281753589511e+01
1.453961074578108637e+01
1.454189306900074463e+01
1.454410984029227016e+01
1.454626111366303753e+01
1.454834694402370765e+01
1.455036738718155576e+01
1.455232249983381898e+01
1.455421233956107230e+01
1.455603696482062404e+01
1.455779643493993092e+01
1.455949081011003976e+01
1.456112015137905402e+01
1.456268452064561636e+01
1.456418398065242670e+01
1.456561859497976741e+01
1.456698842803907823e+01
1.456829354506652585e+01
1.456953401211661969e+01
1.457070989605585432e+01
1.457182126455635185e+01
1.457286818608956480e+01
1.457385072991997710e+01
1.457476896609884065e+01
1.457562296545794922e+01
1.457641279960341407e+01
1.457713854090949646e+01
1.457780026251243655e+01
1.457839803830433745e+01
1.457893194292705097e+01
1.457940205176610782e+01
1.457980844094468154e+01
1.458015118731755067e+01
1.458043036846511598e+01
1.458064606268744789e+01
1.458079834899833394e+01
1.458088730711938652e+01
1.458091301747415969e+01
1.458087556118229955e+01
1.458077502005373205e+01
1.458061147658286139e+01
1.458038501394281994e+01
1.458009571597972709e+01
1.457974366720699244e+01
1.457932895279964214e+01
1.457885165858867360e+01
1.457831187105544579e+01
1.457770967732608902e+01
1.457704516516596094e+01
1.457631842297411673e+01
1.457552953977781662e+01
1.457467860522706715e+01
1.457376570958918549e+01
1.457279094374339756e+01
1.457175439917546989e+01
1.457065616797236629e+01
1.456949634281693839e+01
1.456827501698264626e+01
1.456699228432831461e+01
1.456564823929291030e+01
1.456424297689035718e+01
1.456277659270438285e+01
1.456124918288339032e+01
1.455966084413537232e+01
1.455801167372284510e+01
1.455630176945781251e+01
1.455453122969677615e+01
1.455270015333575984e+01
1.455080863980537487e+01
1.454885678906592084e+01
1.454684470160249887e+01
1.454477247842017817e+01
1.454264022103918386e+01
1.454044803149010257e+01
1.453819601230916803e+01
1.453588426653349686e+01
1.453351289769644339e+01
1.453108200982292253e+01
1.452859170742479300e+01
1.452604209549626191e+01
1.452343327950933549e+01
1.452076536540927698e+01
1.451803845961011241e+01
1.451525266899016842e+01
1.451240810088763666e+01
1.450950486309616139e+01
1.450654306386047665e+01
1.450352281187206316e+01
1.450044421626482993e+01
1.449730738661085283e+01
1.449411243291610774e+01
1.449085946561626415e+01
1.448754859557249652e+01
1.448417993406733473e+01
1.448075359280053043e+01
1.447726968388497504e+01
1.447372831984263009e+01
1.447012961360050198e+01
1.446647367848663635e+01
1.446276062822615494e+01
1.445899057693730860e+01
1.445516363912757640e+01
1.445127992968978603e+01
1.444733956389825913e+01
1.444334265740500989e+01
1.443928932623594541e+01
1.443517968678711227e+01
1.443101385582097862e+01
1.442679195046272334e+01
1.442251408819658565e+01
1.441818038686222003e+01
1.441379096465109377e+01
1.440934594010290759e+01
1.440484543210206070e+01
1.440028955987411408e+01
1.439567844298232302e+01
1.439101220132416969e+01
1.438629095512793477e+01
1.438151482494930455e+01
1.437668393166799596e+01
1.437179839648442403e+01
1.436685834091637304e+01
1.436186388679574044e+01
1.435681515626525950e+01
1.435171227177528763e+01
1.434655535608061250e+01
1.434134453223727235e+01
1.433607992359942784e+01
1.433076165381625167e+01
1.432538984682883410e+01
1.431996462686715077e+01
1.431448611844701624e+01
1.430895444636709790e+01
1.430336973570594239e+01
1.429773211181903037e+01
1.429204170033586863e+01
1.428629862715710175e+01
1.428050301845164860e+01
1.427465500065387616e+01
1.426875470046078753e+01
1.426280224482924908e+01
1.425679776097324059e+01
1.425074137636112859e+01
1.424463321871297161e+01
1.423847341599784855e+01
1.423226209643121543e+01
1.422599938847229062e+01
1.421968542082146136e+01
1.421332032241772048e+01
1.420690422243612261e+01
1.420043725028528314e+01
1.419391953560488240e+01
1.418735120826320895e+01
1.418073239835472243e+01
1.417406323619764130e+01
1.416734385233157134e+01
1.416057437751512715e+01
1.415375494272361756e+01
1.414688567914672568e+01
1.413996671818622808e+01
1.413299819145373348e+01
1.412598023076845877e+01
1.411891296815500674e+01
1.411179653584118832e+01
1.410463106625585894e+01
1.409741669202678693e+01
1.409015354597853253e+01
1.408284176113036779e+01
1.407548147069421063e+01
1.406807280807258209e+01
1.406061590685658302e+01
1.405311090082391523e+01
1.404555792393689906e+01
1.403795711034052829e+01
1.403030859436055522e+01
1.402261251050157576e+01
1.401486899344515891e+01
1.400707817804799582e+01
1.399924019934005770e+01
1.399135519252279458e+01
1.398342329296733588e+01
1.397544463621274247e+01
1.396741935796424450e+01
1.395934759409153614e+01
1.395122948062706136e+01
1.394306515376434774e+01
1.393485474985634909e+01
1.392659840541380234e+01
1.391829625710362528e+01
1.390994844174731959e+01
1.390155509631939701e+01
1.389311635794583744e+01
1.388463236390255418e+01
1.387610325161388580e+01
1.386752915865111468e+01
1.385891022273099438e+01
1.385024658171430723e+01
1.384153837360443262e+01
1.383278573654594723e+01
1.382398880882323766e+01
1.381514772885913622e+01
1.380626263521356556e+01
1.379733366658222238e+01
1.378836096179527004e+01
1.377934465981604539e+01
1.377028489973979397e+01
1.376118182079241770e+01
1.375203556232925450e+01
1.374284626383385444e+01
1.373361406491679659e+01
1.372433910531451495e+01
1.371502152488813486e+01
1.370566146362235038e+01
1.369625906162429274e+01
1.368681445912244499e+01
1.367732779646554420e+01
1.366779921412152810e+01
1.365822885267648878e+01
1.364861685283364068e+01
1.363896335541230975e+01
1.362926850134694767e+01
1.361953243168614236e+01
1.360975528759167474e+01
1.359993721033756842e+01
1.359007834130916770e+01
1.358017882200222637e+01
1.357023879402202304e+01
1.356025839908248720e+01
1.355023777900533943e+01
1.354017707571924412e+01
1.353007643125899229e+01
1.351993598776468630e+01
1.350975588748095113e+01
1.349953627275617229e+01
1.348927728604170895e+01
1.347897906989117089e+01
1.346864176695966719e+01
1.345826552000310983e+01
1.344785047187751381e+01
1.343739676553829909e+01
1.342690454403963862e+01
1.341637395053379578e+01
1.340580512827048842e+01
1.339519822059626719e+01
1.338455337095389552e+01
1.337387072288177237e+01
1.336315042001333708e+01
1.335239260607651524e+01
1.334159742489314837e+01
1.333076502037848066e+01
1.331989553654061709e+01
1.330898911748001900e+01
1.329804590738900494e+01
1.328706605055127099e+01
1.327604969134142721e+01
1.326499697422452506e+01
1.325390804375562759e+01
1.324278304457937594e+01
1.323162212142957728e+01
1.322042541912878910e+01
