1.623486184913875618e+01 1.603330568819345103e+01 1.602153677115216368e+01 1.607341166486508399e+01 1.606279302757414484e+01
1.636853184607015521e+01 1.597324550913084096e+01 1.595119515425712109e+01 1.605292226428193914e+01 1.603242565343179749e+01
1.650103230935779308e+01 1.591976453838385908e+01 1.588889907722599126e+01 1.603849481101765306e+01 1.600882752138711140e+01
1.663238516531738753e+01 1.587280956688453060e+01 1.583457777013609480e+01 1.603009300431362760e+01 1.599193420742976457e+01
1.676261195340975974e+01 1.583232902220797200e+01 1.578816529931873092e+01 1.602768118630117655e+01 1.598168597740703056e+01
1.689173383235483072e+01 1.579827288400094965e+01 1.574959984022144432e+01 1.603122435601698825e+01 1.597802686580219067e+01
1.701977157285999098e+01 1.577059257545158744e+01 1.571882323571256990e+01 1.604068811977113640e+01 1.598090384153421262e+01
1.714674554670328632e+01 1.574924089157142504e+01 1.569578060582214363e+01 1.605603866454184825e+01 1.599026608409183048e+01
1.727267571342472152e+01 1.573417191681467031e+01 1.568041995755329232e+01 1.607724274690084698e+01 1.600606444850639321e+01
1.739758160606466575e+01 1.572534096085895605e+01 1.567269189722084199e+01 1.610426764167795355e+01 1.602825094423473473e+01
1.752148231440542858e+01 1.572270448854641778e+01 1.567254937493970246e+01 1.613708111928104927e+01 1.605677825352841737e+01
1.764439646153278929e+01 1.572622005018346414e+01 1.567994745488973507e+01 1.617565142941716871e+01 1.609159921865773413e+01
1.776634217770907043e+01 1.573584622382216125e+01 1.569484307138239032e+01 1.621994726776364004e+01 1.613266649459569990e+01
1.788733705807068830e+01 1.575154256153413002e+01 1.571719487080325628e+01 1.626993773764091600e+01 1.617993212456974206e+01
1.800739812043576649e+01 1.577326953403270160e+01 1.574696304003648706e+01 1.632559231309518921e+01 1.623334709910407625e+01
1.812654175379995891e+01 1.580098847506837956e+01 1.578410915026042183e+01 1.638688079681924847e+01 1.629286092242557871e+01
1.824478365032797100e+01 1.583466152685798178e+01 1.582859600290718127e+01 1.645377327599265271e+01 1.635842117313603339e+01
1.836213872738569108e+01 1.587425158612182585e+01 1.588038747803017436e+01 1.652624007446808108e+01 1.642997306233909072e+01
1.847862102589654043e+01 1.591972225139283914e+01 1.593944838700202027e+01 1.660425168485579661e+01 1.650745895642042527e+01
1.859424358941840794e+01 1.597103776669651509e+01 1.600574433202480407e+01 1.668777869756068100e+01 1.659081786424546934e+01
1.870901832093511885e+01 1.602816296545445596e+01 1.607924156109956826e+01 1.677679171298130711e+01 1.667998490018700153e+01
1.882295580790716727e+01 1.609106320659726208e+01 1.615990679124252694e+01 1.687126124725755716e+01 1.677489070669208715e+01
1.893606511920198088e+01 1.615970431138171648e+01 1.624770703127169824e+01 1.697115760741277413e+01 1.687546083918030604e+01
1.904835355746977399e+01 1.623405249132972017e+01 1.634260937529504432e+01 1.707645074780293015e+01 1.698161510762329485e+01
1.915982636175351317e+01 1.631407426698706686e+01 1.644458076598058582e+01 1.718711009309802762e+01 1.709326686764432779e+01
1.927048636483822008e+01 1.639973638155527524e+01 1.655358772608131446e+01 1.730310433596436681e+01 1.721032225914865776e+01
1.938033358598713107e+01 1.649100570864949944e+01 1.666959603041768645e+01 1.742440118117928094e+01 1.733267939024878501e+01
1.948936476090974779e+01 1.658784913001393235e+01 1.679257032276796124e+01 1.755096703409435577e+01 1.746022746458581665e+01
1.959757279951275422e+01 1.669023340619256501e+01 1.692247365570282014e+01 1.768276663287126027e+01 1.759284584872647983e+01
1.970494613348916246e+01 1.679812504545644458e+01 1.705926693713296061e+01 1.781976259032296639e+01 1.773040307694143181e+01
1.981146799082463517e+01 1.691149010836498690e+01 1.720290826310130683e+01 1.796191488838356065e+01 1.787275579256800739e+01
1.991711557397382748e+01 1.703029400305521079e+01 1.735335210850827536e+01 1.810918017575660244e+01 1.801974762651476070e+01
2.002185910382293343e+01 1.715450126766113570e+01 1.751054835867136106e+01 1.826151099982233461e+01 1.817120801410292685e+01
2.012566078845410900e+01 1.728407526556532758e+01 1.767444113923147242e+01 1.841885483183778049e+01 1.832695095245868089e+01
2.022847359129028888e+01 1.741897782866043087e+01 1.784496738900570278e+01 1.858115297215389816e+01 1.848677370260685038e+01
2.033023993850850530e+01 1.755916886571241520e+01 1.802205515104937916e+01 1.874833913393069906e+01 1.865045544287268342e+01
2.043089028163725374e+01 1.770460588608729324e+01 1.820562151594377909e+01 1.892033778074491934e+01 1.881775588278187072e+01
2.053034152975229887e+01 1.785524333651427753e+01 1.839557015521081595e+01 1.909706216432986992e+01 1.898841384950506850e+01
2.062849542080077825e+01 1.801103184936089363e+01 1.859178837145429597e+01 1.927841197627831704e+01 1.916214586234865180e+01
2.072523671394520761e+01 1.817191749150556390e+01 1.879414355602288467e+01 1.946427068993183340e+01 1.933864471493087223e+01
2.082043139668714815e+01 1.833784045132418683e+01 1.900247910182782363e+01 1.965450211251009449e+01 1.951757808939109395e+01
2.091392484044677147e+01 1.850873365177341157e+01 1.921660939534715240e+01 1.984894662363216256e+01 1.969858723219687846e+01
2.100554001781110358e+01 1.868452126282182491e+01 1.943631405574807047e+01 2.004741664115790201e+01 1.988128572687632811e+01
2.109507579649861597e+01 1.886511639345193103e+01 1.966133120747003815e+01 2.024969170455041834e+01 2.006525840532370353e+01
2.118230542691364704e+01 1.905041835636193071e+01 1.989134970810101777e+01 2.045551231348624199e+01 2.025006044611267697e+01
2.126697533464318468e+01 1.924030908977529819e+01 2.012600027294712035e+01 2.066457327523666976e+01 2.043521671533204298e+01
2.134880432108076675e+01 1.943464897327420715e+01 2.036484545683579128e+01 2.087651626352960932e+01 2.062022141261940078e+01
2.142748334393515819e+01 1.963327149181154141e+01 2.060736862572669992e+01 2.109092175697972849e+01 2.080453809203927307e+01
2.150267584330794080e+01 1.983597632488010021e+01 2.085296198481703200e+01 2.130730031853271811e+01 2.098760013386679191e+01
2.157401905655500585e+01 2.004252062071854112e+01 2.110091384243381540e+01 2.152508326229014912e+01 2.116881175255108971e+01
2.164112609316773472e+01 2.025260862494380731e+01 2.135039587884708467e+01 2.174361379135790528e+01 2.134754960304030647e+01
2.174704828319440253e+01 2.049566319544288362e+01 2.163313928465588987e+01 2.198783139745916770e+01 2.155330052744993097e+01
2.193050485287979967e+01 2.080020169729922586e+01 2.197861453534145681e+01 2.228102800807167583e+01 2.181284696212367891e+01
2.218462673564737031e+01 2.116423641561673463e+01 2.238196787488195483e+01 2.261963346499909733e+01 2.212130284421429138e+01
2.250238949511483710e+01 2.158531256073064242e+01 2.283758118270225879e+01 2.299955264820512113e+01 2.247355194666995004e+01
2.287649675923722370e+01 2.206037948562971351e+01 2.333902350710217277e+01 2.341613596058266111e+01 2.286426345474512445e+01
2.329934844837391239e+01 2.258564580278194356e+01 2.387903561008059938e+01 2.386416895591965570e+01 2.328791515330665973e+01
2.376305842252227762e+01 2.315641039045852878e+01 2.444955347253630151e+01 2.433788925744364562e+01 2.373882393243994926e+01
2.425950496967792347e+01 2.376690088768078368e+01 2.504178584674239261e+01 2.483103601023109164e+01 2.421118445843579536e+01
2.478040880653092870e+01 2.441012233530589981e+01 2.564635505490244682e+01 2.533693715070970143e+01 2.469911638492337858e+01
2.531743328365565304e+01 2.507775836435044781e+01 2.625350683533305229e+01 2.584863776755173603e+01 2.519672118178901954e+01
2.586230417500933498e+01 2.576016376678993680e+01 2.685338925959149492e+01 2.635906750977028423e+01 2.569814861705187425e+01
2.640694372191659767e+01 2.644649782403852356e+01 2.743638909225676414e+01 2.686124009244517907e+01 2.619767245503265229e+01
2.694361502170730205e+01 2.712503836729086970e+01 2.799350335933505107e+01 2.734847441064367857e+01 2.668977439531950679e+01
2.746507031707429647e+01 2.778369418002676738e+01 2.851671249613936254e+01 2.781461845221647522e+01 2.716923352814806947e+01
2.796469609632385911e+01 2.841068938399704535e+01 2.899931521434375270e+01 2.825425727865596315e+01 2.763121892789079936e+01
2.843664721889265579e+01 2.899534222234444769e+01 2.943618501653818598e+01 2.866288562194316825e+01 2.807138186744151298e+01
2.887596196142928306e+01 2.952881510633011430e+01 2.982391661564574648e+01 2.903702686417425127e+01 2.848593967198123167e+01
2.927865046858573805e+01 3.000469835769741067e+01 3.016084570747744209e+01 2.937428965934239500e+01 2.887174754329396009e+01
2.964175035256980451e+01 3.041931828135125215e+01 3.044694455231395125e+01 2.967335838456268249e+01 2.922635317345906714e+01
2.996334519408864949e+01 3.077172287917312943e+01 3.068361397059305418e+01 2.993392367552325695e+01 2.954802717554907332e+01
3.024254423715596829e+01 3.106337732278556985e+01 3.087340442253415063e+01 3.015656443944306631e+01 2.983576672519552986e+01
3.047942434691599445e+01 3.129765791564689437e+01 3.101970495404282246e+01 3.034259737232506993e+01 3.008927038141058929e+01
3.067493799936039878e+01 3.147925999761658744e+01 3.112643525818727852e+01 3.049391193199107875e+01 3.030888512756474995e+01
3.083079338184164442e+01 3.161362239426399512e+01 3.119776858666197228e+01 3.061280434069900025e+01 3.049552940401294521e+01
3.094931438294226211e+01 3.170643903376193862e+01 3.123790275230440017e+01 3.070182428736977442e+01 3.065059809791129197e+01
3.103328925322442799e+01 3.176329073654186530e+01 3.125088628728049400e+01 3.076364215649433476e+01 3.077585709307415129e+01
3.108581695752254959e+01 3.178939898186696311e+01 3.124049865364030154e+01 3.080093994614112063e+01 3.087333539759181278e+01
3.111015950718110901e+01 3.178948535249346108e+01 3.121017802631490667e+01 3.081632796850386313e+01 3.094522224180221315e+01
3.110960796021754504e+01 3.176771186011033521e+01 3.116298771179304339e+01 3.081228507391796256e+01 3.099377503908678122e+01
3.108736825443188678e+01 3.172767745236633985e+01 3.110161125310210295e+01 3.079111938988518915e+01 3.102124205760789621e+01
3.104647111997381259e+01 3.167244963247318523e+01 3.102836742803039982e+01 3.075494630171569099e+01 3.102980162624266924e+01
3.098970676737420860e+01 3.160461444163339806e+01 3.094523761340831669e+01 3.070567956806495857e+01 3.102151778451267106e+01
3.091958371962855523e+01 3.152633489995595184e+01 3.085389971440998025e+01 3.064503211634378843e+01 3.099831095404461223e+01
3.083822915777599150e+01 3.143937770910435248e+01 3.075574525158168271e+01 3.057445413361943309e+01 3.096176999278466013e+01
3.074752489086564466e+01 3.134521918557516784e+01 3.065194298358337477e+01 3.049524692723502994e+01 3.091339405524823292e+01
3.064916034058978767e+01 3.124511375721325379e+01 3.054349112244910103e+01 3.040862983787112839e+01 3.085470904635783285e+01
3.054454518774708305e+01 3.114009159441983599e+01 3.043121195973697724e+01 3.031565459166014165e+01 3.078705510217397645e+01
3.043484205811757093e+01 3.103100100963084529e+01 3.031578609619656461e+01 3.021722972233346027e+01 3.071160449833489636e+01
3.032100694069216118e+01 3.091853730308300285e+01 3.019777336708173365e+01 3.011413835149383900e+01 3.062937802598429116e+01
3.020381967644260968e+01 3.080327461575246772e+01 3.007763441527852066e+01 3.000705124010719871e+01 3.054126436241246978e+01
3.008391357696883972e+01 3.068568709839258801e+01 2.995574985832273995e+01 2.989654451770686450e+01 3.044803468662240675e+01
2.996180390274101057e+01 3.056616545193843493e+01 2.983243380450201343e+01 2.978311402957983844e+01 3.035035648798058361e+01
2.983790861398122729e+01 3.044503321217680281e+01 2.970794434337025081e+01 2.966718431764228825e+01 3.024880729772538857e+01
2.971256573081643637e+01 3.032255990844230098e+01 2.958249402078010348e+01 2.954911934633902959e+01 3.014388846948619261e+01
2.958604933339610099e+01 3.019897024323660162e+01 2.945625952086518140e+01 2.942923111360413202e+01 3.003603427996971931e+01
2.945858240411408957e+01 3.007445105726351287e+01 2.932938780812171231e+01 2.930778679424987843e+01 2.992562036148214233e+01
2.933034682029991913e+01 2.994915846783976932e+01 2.920200054135461798e+01 2.918501555925768898e+01 2.981297218843756269e+01
2.920149111975951683e+01 2.982322346264275126e+01 2.907419838581133220e+01 2.906111447226702538e+01 2.969837221250158876e+01
2.907213666534154939e+01 2.969675605038454691e+01 2.894606497904998221e+01 2.893625265642137023e+01 2.958206573492223512e+01
2.894238289817575804e+01 2.956984992305403992e+01 2.881766958846463922e+01 2.881057522932742998e+01 2.946426750432923214e+01
2.881231171530808766e+01 2.944258400293192679e+01 2.868907212025164810e+01 2.868420680461795413e+01 2.934516358638805400e+01
2.868199096490614508e+01 2.931502498307490967e+01 2.856032194960268100e+01 2.855725479187871585e+01 2.922491587698178961e+01
2.855147701643461389e+01 2.918722947801584411e+01 2.843146019296027305e+01 2.842981185066265937e+01 2.910366600315691699e+01
2.842081678763299024e+01 2.905924564109918506e+01 2.830252107906114745e+01 2.830195764183473983e+01 2.898153826770693797e+01
2.829004945059211096e+01 2.893111468623321869e+01 2.817353358361416582e+01 2.817376174781884401e+01 2.885864170293741182e+01
2.815920784621301820e+01 2.880287203653892192e+01 2.804452248851272955e+01 2.804528363335741403e+01 2.873507193404725157e+01
2.802831963171334806e+01 2.867454814092156923e+01 2.791550898782890755e+01 2.791657476481091038e+01 2.861091301346596438e+01
2.789740819040936515e+01 2.854616921876879232e+01 2.778651091402421613e+01 2.778767980630040313e+01 2.848623889767819151e+01
2.776649335812176034e+01 2.841775790285183945e+01 2.765754331076361439e+01 2.765863736687006735e+01 2.836111512086133857e+01
2.763559200526430359e+01 2.828933373166842458e+01 2.752861901088588326e+01 2.752948099517912794e+01 2.823559942997717442e+01
2.750471851328826745e+01 2.816091366860847600e+01 2.739974898385956692e+01 2.740023998356086210e+01 2.810974379728574846e+01
2.737388519770740203e+01 2.803251248260044548e+01 2.727094256360237168e+01 2.727093984198824117e+01 2.798359372142638080e+01
2.724310264105037760e+01 2.790414305225461788e+01 2.714220793368519224e+01 2.714160272841671429e+01 2.785718951765556994e+01
2.711237996285154139e+01 2.777581665045339676e+01 2.701355192588024323e+01 2.701224803639154715e+01 2.773056708727929731e+01
2.698172504268208627e+01 2.764754312570200412e+01 2.688498083466371114e+01 2.688289267161470519e+01 2.760375849497192391e+01
2.685114470673849141e+01 2.751933111506330931e+01 2.675649971053498177e+01 2.675355140153562417e+01 2.747679220508087994e+01
2.672064488482904565e+01 2.739118821585785568e+01 2.662811327431443686e+01 2.662423716925776063e+01 2.734969396587024093e+01
2.659023074256850805e+01 2.726312112217628680e+01 2.649982527247462372e+01 2.649496136457027617e+01 2.722248752701413110e+01
2.645990679327548989e+01 2.713513575534619449e+01 2.637163911633910374e+01 2.636573395777300632e+01 2.709519351869937509e+01
2.632967697832035725e+01 2.700723734891146322e+01 2.624355761400303422e+01 2.623656371245029462e+01 2.696783064125806462e+01
2.619954476666251253e+01 2.687943053824839978e+01 2.611558325854651130e+01 2.610745836925380559e+01 2.684041542562468052e+01
2.606951318196060896e+01 2.675171942335766673e+01 2.598771821776234248e+01 2.597842471357586547e+01 2.671296285041600171e+01
2.593958494767272427e+01 2.662410768593818489e+01 2.585996436789831066e+01 2.584946873274245505e+01 2.658548651116836936e+01
2.580976241445262076e+01 2.649659855344019732e+01 2.573232343375684650e+01 2.572059572704583275e+01 2.645799879040447422e+01
2.568004770907877443e+01 2.636919500258061788e+01 2.560479683084228597e+01 2.559181037173683038e+01 2.633051098374951948e+01
2.555044268241620031e+01 2.624189959314863430e+01 2.547738591132700492e+01 2.546311680103651653e+01 2.620303325833862118e+01
2.542094898123300695e+01 2.611471473044880653e+01 2.535009175359533273e+01 2.533451868779089011e+01 2.607557486827853666e+01
2.529156807346762648e+01 2.598764246869544792e+01 2.522291535880538405e+01 2.520601927923016206e+01 2.594814415003413188e+01
2.516230125676568008e+01 2.586068472929365214e+01 2.509585756074556429e+01 2.507762145445025226e+01 2.582074871936332983e+01
2.503314969572940996e+01 2.573384318187983766e+01 2.496891909406932797e+01 2.494932776154468712e+01 2.569339551459080440e+01
2.490411442897655192e+01 2.560711936337847661e+01 2.484210060252328134e+01 2.482114047257588751e+01 2.556609086618086835e+01
2.477519638481469499e+01 2.548051464192309012e+01 2.471540264783065410e+01 2.469306161297525648e+01 2.543884052530632900e+01
2.464639640005753662e+01 2.535403026809160565e+01 2.458882572023112445e+01 2.456509295759588341e+01 2.531164995468448708e+01
2.451771521605898485e+01 2.522766736551524502e+01 2.446237025906141582e+01 2.443723617033894868e+01 2.518452372844447140e+01
2.438915350412062111e+01 2.510142696704216903e+01 2.433603663223960112e+01 2.430949261508866144e+01 2.505746656199829303e+01
2.426071186093107812e+01 2.497530999735114676e+01 2.420982517365789022e+01 2.418186364925208665e+01 2.493048263696001854e+01
2.413239082436047767e+01 2.484931731169120539e+01 2.408373615681627911e+01 2.405435035091635498e+01 2.480357548641709542e+01
2.400419087811620145e+01 2.472344967484453093e+01 2.395776982454213311e+01 2.392695377439569882e+01 2.467674890494852846e+01
2.387611245585355135e+01 2.459770779383710959e+01 2.383192637811160353e+01 2.379967481714907152e+01 2.455000589458421700e+01
2.374815595077104646e+01 2.447209230586436490e+01 2.370620598996477568e+01 2.367251427476000103e+01 2.442334946252051964e+01
2.362032171459247820e+01 2.434660379784400419e+01 2.358060880526628722e+01 2.354547287282356649e+01 2.429678236832907601e+01
2.349261006584962885e+01 2.422124280434750787e+01 2.345513494429557255e+01 2.341855124444433400e+01 2.417030702904527217e+01
2.336502129101286940e+01 2.409600981717420254e+01 2.332978450746119847e+01 2.329174996992025015e+01 2.404392576677746973e+01
2.323755564792605455e+01 2.397090528704926271e+01 2.320455757398156393e+01 2.316506955161665005e+01 2.391764070211118920e+01
2.311021337029331235e+01 2.384592962939666094e+01 2.307945420746067100e+01 2.303851046046176521e+01 2.379145380312642644e+01
2.298299466820800063e+01 2.372108322574025152e+01 2.295447445341061155e+01 2.291207309508710210e+01 2.366536690069717253e+01
2.285589973223790494e+01 2.359636642857774547e+01 2.282961834471922913e+01 2.278575782864954036e+01 2.353938167702002460e+01
2.272892873462317098e+01 2.347177956236240703e+01 2.270488589990504380e+01 2.265956498700964517e+01 2.341349974543944157e+01
2.260208183146985306e+01 2.334732292743053961e+01 2.258027712685133181e+01 2.253349485551638054e+01 2.328772256423905418e+01
2.247535916395049327e+01 2.322299680148191214e+01 2.245579202250776163e+01 2.240754769617046094e+01 2.316205149489466208e+01
2.234876085987157524e+01 2.309880144200406349e+01 2.233143057527864528e+01 2.228172373179386412e+01 2.303648784589237408e+01
2.222228703542657868e+01 2.297473708851519447e+01 2.220719276448781088e+01 2.215602316693885854e+01 2.291103276308258074e+01
2.209593779630511534e+01 2.285080396346151232e+01 2.208307856301486893e+01 2.203044617683929474e+01 2.278568737019588397e+01
2.196971323868931236e+01 2.272700227501195158e+01 2.195908793576795759e+01 2.190499292059129743e+01 2.266045269080720104e+01
2.184361345013644851e+01 2.260333221684690486e+01 2.183522084254089179e+01 2.177966353459348525e+01 2.253532967199747716e+01
2.171763851038338089e+01 2.247979397117780564e+01 2.171147723653366768e+01 2.165445814115758694e+01 2.241031920637530206e+01
2.159178849206150730e+01 2.235638770801556774e+01 2.158785706635685386e+01 2.152937684662897055e+01 2.228542212337864825e+01
2.146606346136477583e+01 2.223311358806006055e+01 2.146436027534658564e+01 2.140441974174047246e+01 2.216063920125908737e+01
2.134046347853334780e+01 2.210997176190724645e+01 2.134098680368938972e+01 2.127958690812292275e+01 2.203597116680639800e+01
2.121498859823756789e+01 2.198696237259537867e+01 2.121773658698442588e+01 2.115487841163699301e+01 2.191141869785405305e+01
2.108963886986726877e+01 2.186408555488872096e+01 2.109460955702493834e+01 2.103029431194995880e+01 2.178698244131033235e+01
2.096441433774962704e+01 2.174134143747735592e+01 2.097160564469075439e+01 2.090583465601645941e+01 2.166266298475160568e+01
2.083931504127001233e+01 2.161873014228894618e+01 2.084872477581702199e+01 2.078149948483073928e+01 2.153846089481492854e+01
2.071434101493160185e+01 2.149625178643340817e+01 2.072596687387646952e+01 2.065728883054808662e+01 2.141437669957278800e+01
2.058949228834759282e+01 2.137390648151880512e+01 2.060333186226588253e+01 2.053320271904878069e+01 2.129041088448740382e+01
2.046476888616691880e+01 2.125169433536491326e+01 2.048081965946849081e+01 2.040924117035328678e+01 2.116656391665398473e+01
2.034017082793730324e+01 2.112961545141119402e+01 2.035843018303117091e+01 2.028540419845041498e+01 2.104283622696456035e+01
2.021569812801616450e+01 2.100766993013905548e+01 2.023616334975081443e+01 2.016169181355240170e+01 2.091922822237343382e+01
2.009135079543764846e+01 2.088585786866055827e+01 2.011401907303636705e+01 2.003810402012124214e+01 2.079574028605340885e+01
1.996712883377409042e+01 2.076417936184250124e+01 1.999199726585003489e+01 1.991464082023830073e+01 2.067237277631069148e+01
1.984303224103435426e+01 2.064263450204935424e+01 1.987009783993227074e+01 1.979130221105130616e+01 2.054912603328053677e+01
1.971906100961201957e+01 2.052122338000293666e+01 1.974832070514747784e+01 1.966808818774397949e+01 2.042600037489348352e+01
1.959521512627972584e+01 2.039994608445483593e+01 1.962666577093818532e+01 1.954499874218821986e+01 2.030299610186489900e+01
1.947149457223469327e+01 2.027880270351801428e+01 1.950513294572365908e+01 1.942203386390177045e+01 2.018011349965368595e+01
1.934789932320678929e+01 2.015779332425335824e+01 1.938372213660800014e+01 1.929919354054056768e+01 2.005735283288990090e+01
1.922442934962554872e+01 2.003691803211807709e+01 1.926243325057300027e+01 1.917647775762286599e+01 1.993471435644669398e+01
1.910108461684281522e+01 1.991617691372309906e+01 1.914126619381445238e+01 1.905388649948002566e+01 1.981219830836882068e+01
1.897786508539921613e+01 1.979557005494746136e+01 1.902022087134991679e+01 1.893141974832084529e+01 1.968980491312818160e+01
1.885477071133554361e+01 1.967509754045365256e+01 1.889929718842854101e+01 1.880907748631164367e+01 1.956753438512296484e+01
1.873180144652933521e+01 1.955475945712304053e+01 1.877849504958699356e+01 1.868685969494768173e+01 1.944538692466425545e+01
1.860895723905021981e+01 1.943455589149166940e+01 1.865781435853012482e+01 1.856476635329500979e+01 1.932336272354605100e+01
1.848623803352618822e+01 1.931448692983305548e+01 1.853725501916982310e+01 1.844279744125181608e+01 1.920146196280537154e+01
1.836364377151242167e+01 1.919455266062670518e+01 1.841681693488890303e+01 1.832095293938347425e+01 1.907968481389466930e+01
1.824117439185333467e+01 1.907475317278376536e+01 1.829650000865122905e+01 1.819923282717050483e+01 1.895803144089300218e+01
1.811882983103276956e+01 1.895508855604157716e+01 1.817630414346882262e+01 1.807763708193381547e+01 1.883650199817726190e+01
1.799661002350809724e+01 1.883555890208543104e+01 1.805622924207133906e+01 1.795616568469210250e+01 1.871509663434077098e+01
1.787451490202620974e+01 1.871616430387694763e+01 1.793627520703351408e+01 1.783481861592023776e+01 1.859381549051991556e+01
1.775254439791802952e+01 1.859690485597741016e+01 1.781644194096169898e+01 1.771359585379775581e+01 1.847265870065387361e+01
1.763069844136884612e+01 1.847778065504207845e+01 1.769672934633000239e+01 1.759249737955412840e+01 1.835162639409871943e+01
1.750897696167012185e+01 1.835879179958572394e+01 1.757713732560989683e+01 1.747152317466509786e+01 1.823071869336203576e+01
1.738737988744768614e+01 1.823993839021856900e+01 1.745766578139202352e+01 1.735067322078539931e+01 1.810993571661657242e+01
1.726590714686356520e+01 1.812122053009081313e+01 1.733831461619623582e+01 1.722994750003914177e+01 1.798927757729970622e+01
1.714455866781472793e+01 1.800263832460029079e+01 1.721908373267474701e+01 1.710934599624769348e+01 1.786874438388994335e+01
1.702333437810536765e+01 1.788419188166997031e+01 1.709997303365851806e+01 1.698886869398771537e+01 1.774833624165389523e+01
1.690223420558870160e+01 1.776588131217837585e+01 1.698098242198479113e+01 1.686851557869423957e+01 1.762805325165539827e+01
1.678125807832217475e+01 1.764770672966864851e+01 1.686211180073368965e+01 1.674828663735928203e+01 1.750789551186127468e+01
1.666040592467827608e+01 1.752966825065155021e+01 1.674336107318964650e+01 1.662818185824049877e+01 1.738786311740922130e+01
1.653967767345256590e+01 1.741176599489617871e+01 1.662473014276186234e+01 1.650820123084537627e+01 1.726795616020941893e+01
1.641907325397818695e+01 1.729400008533933786e+01 1.650621891316645673e+01 1.638834474622741766e+01 1.714817473033774320e+01
1.629859259622347167e+01 1.717637064831390958e+01 1.638782728836420688e+01 1.626861239722366648e+01 1.702851891532585427e+01
1.617823563087320338e+01 1.705887781371695411e+01 1.626955517255711570e+01 1.614900417825609225e+01 1.690898880082123767e+01
1.605800228940816510e+01 1.694152171511455052e+01 1.615140247029093601e+01 1.602952008512071203e+01 1.678958447107909180e+01
1.593789250418071646e+01 1.682430248987941113e+01 1.603336908642474867e+01 1.591016011595665525e+01 1.667030600847127886e+01
1.581790620848314610e+01 1.670722027932465181e+01 1.591545492613419732e+01 1.579092427069483406e+01 1.655115349460577079e+01
1.569804333660682616e+01 1.659027522888533923e+01 1.579765989499443002e+01 1.567181255104365611e+01 1.643212700991721320e+01
1.557830382390751645e+01 1.647346748821676954e+01 1.567998389895433853e+01 1.555282496093310129e+01 1.631322663402116646e+01
1.545868760686449583e+01 1.635679721133523756e+01 1.556242684434519497e+01 1.543396150650264076e+01 1.619445244620419899e+01
1.533919462313431659e+01 1.624026455682716019e+01 1.544498863795262444e+01 1.531522219611148472e+01 1.607580452512316072e+01
1.521982481160515555e+01 1.612386968791820152e+01 1.532766918699456049e+01 1.519660704046808775e+01 1.595728294954397875e+01
1.510057811244986148e+01 1.600761277263141125e+01 1.521046839914188809e+01 1.507811605268782706e+01 1.583888779818638781e+01
1.498145446717853702e+01 1.589149398405509039e+01 1.509338618256505526e+01 1.495974924839897824e+01 1.572061914992714371e+01
1.486245381868781479e+01 1.577551350033290767e+01 1.497642244593242289e+01 1.484150664603585135e+01 1.560247708423815283e+01
1.474357611131346779e+01 1.565967150486866544e+01 1.485957709843494889e+01 1.472338826656267585e+01 1.548446168100791276e+01
1.462482129088138016e+01 1.554396818667713021e+01 1.474285004980966995e+01 1.460539413378237228e+01 1.536657302104588219e+01
1.450618930475873825e+01 1.542840374025012373e+01 1.462624121036190061e+01 1.448752427449830904e+01 1.524881118606031549e+01
1.438768010190626256e+01 1.531297836584915650e+01 1.450975049098390457e+01 1.436977871858219480e+01 1.513117625877344885e+01
1.426929363293096920e+01 1.519769226992455557e+01 1.439337780317035609e+01 1.425215749887527217e+01 1.501366832343846802e+01
1.415102985013977488e+01 1.508254566485081227e+01 1.427712305905577317e+01 1.413466065149030371e+01 1.489628746579888841e+01
1.403288870759581286e+01 1.496753876933574112e+01 1.416098617142329630e+01 1.401728821611204268e+01 1.477903377303704069e+01
1.391487016117344844e+01 1.485267180888020100e+01 1.404496705372371324e+01 1.390004023559340673e+01 1.466190733409862368e+01
1.379697416861710479e+01 1.473794501539952506e+01 1.392906562012310623e+01 1.378291675640725700e+01 1.454490824034266439e+01
1.367920068960035174e+01 1.462335862776157036e+01 1.381328178549734353e+01 1.366591782890309048e+01 1.442803658522014132e+01
1.356154968578823983e+01 1.450891289225159042e+01 1.369761546546232012e+01 1.354904350719271733e+01 1.431129246411098599e+01
1.344402112090159918e+01 1.439460806213971722e+01 1.358206657643372672e+01 1.343229384915553659e+01 1.419467597507174972e+01
1.332661496078112862e+01 1.428044439829964318e+01 1.346663503559650898e+01 1.331566891684748732e+01 1.407818721911686310e+01
1.320933117345769858e+01 1.416642216971099799e+01 1.335132076095956499e+01 1.319916877689972523e+01 1.396182630000345348e+01
1.309216972922327571e+01 1.405254165295737856e+01 1.323612367142020751e+01 1.308279349979736494e+01 1.384559332428215406e+01
1.297513060070407498e+01 1.393880313294353002e+01 1.312104368671263899e+01 1.296654316062634926e+01 1.372948840188292330e+01
1.285821376293604423e+01 1.382520690343152303e+01 1.300608072748833521e+01 1.285041783959136019e+01 1.361351164611838627e+01
1.274141919344785734e+01 1.371175326646839743e+01 1.289123471537804200e+01 1.273441762137533928e+01 1.349766317380674963e+01
1.262474687234893977e+01 1.359844253321582563e+01 1.277650557293177869e+01 1.261854259553431490e+01 1.338194310585191893e+01
1.250819678239080446e+01 1.348527502451138282e+01 1.266189322371799797e+01 1.250279285701046206e+01 1.326635156671762772e+01
1.239176890910975537e+01 1.337225107023433246e+01 1.254739759238196939e+01 1.238716850644313183e+01 1.315088868506867925e+01
1.227546324083397700e+01 1.325937101025764520e+01 1.243301860458263164e+01 1.227166964936489890e+01 1.303555459391827576e+01
1.215927976888668738e+01 1.314663519502563105e+01 1.231875618711172926e+01 1.215629639714735788e+01 1.292034943154464877e+01
1.204321848759029301e+01 1.303404398486695648e+01 1.220461026794273707e+01 1.204104886794729090e+01 1.280527334007773810e+01
