2.521594904722590513e+01
5.458610265743440770e+00
4.306793663614842949e+00
4.883095000982790035e-01
2.469816070195014923e+00
2.078704011627346748e+00
7.590456994151095316e+00
1.955474828230961970e+00
6.642660973454454165e+00
1.618048449471853667e+00
1.050000000000000000e+01
0.000000000000000000e+00
1.000000000000000021e-03
0.000000000000000000e+00
1.479822093355374069e+00
3.329466788605338259e-03
1.000000000000000056e-01
0.000000000000000000e+00
2.996223341656695932e-02
5.792446683313390993e-02
1.000000000000000021e-03
0.000000000000000000e+00
1.000000000000000056e-01
0.000000000000000000e+00
5.000000000000000000e+00
0.000000000000000000e+00
1.394378148260042316e+01
1.381570231126799442e+00
1.500000000000000000e+01
0.000000000000000000e+00
3.103457830914193097e-02
3.985638908397177473e-03
3.049534681177208384e+01
9.473272759780080321e+00
6.791342986357230771e+00
4.173140272855391797e-01
3.588491514777077729e+00
4.607706923363906748e-01
4.291206029550991841e-01
3.889844096864054079e-01
