2.002954824062197492e+00
2.005890887263279687e+00
2.008808366333909579e+00
2.011707436389631010e+00
2.014588270939252634e+00
2.017451041893468577e+00
2.020295919573690924e+00
2.023123072721073168e+00
2.025932668505717960e+00
2.028724872536053603e+00
2.031499848868366431e+00
2.034257760016472183e+00
2.036998766961528595e+00
2.039723029161960799e+00
2.042430704563501287e+00
2.045121949609334244e+00
2.047796919250323366e+00
2.050455766955332493e+00
2.053098644721613741e+00
2.055725703085264033e+00
2.058337091131740237e+00
2.060932956506426716e+00
2.063513445425241954e+00
2.066078702685293145e+00
2.068628871675551206e+00
2.071164094387556442e+00
2.073684511426144628e+00
2.076190262020185529e+00
2.078681484033331639e+00
2.081158313974769580e+00
2.083620887009974609e+00
2.086069336971456689e+00
2.088503796369499454e+00
2.090924396402888963e+00
2.093331266969619797e+00
2.095724536677588290e+00
2.098104332855256882e+00
2.100470781562295830e+00
2.102824007600193834e+00
2.105164134522836683e+00
2.107491284647049490e+00
2.109805579063106062e+00
2.112107137645194310e+00
2.114396079061839462e+00
2.116672520786287759e+00
2.118936579106839080e+00
2.121188369137135599e+00
2.123428004826398929e+00
2.125655598969615756e+00
2.127871263217673281e+00
2.130075108087437830e+00
2.132267242971779275e+00
2.134447776149539511e+00
2.136616814795442743e+00
2.138774464989945834e+00
2.140920831729032248e+00
2.143056018933940265e+00
2.145180129460834806e+00
2.147293265110413962e+00
2.149395526637453813e+00
2.151487013760289724e+00
2.153567825170233263e+00
2.155638058540923829e+00
2.157697810537618111e+00
2.159747176826409820e+00
2.161786252083386373e+00
2.163815130003720721e+00
2.165833903310692587e+00
2.167842663764646627e+00
2.169841502171883096e+00
2.171830508393481907e+00
2.173809771354057396e+00
2.175779379050448270e+00
2.177739418560340035e+00
2.179689976050819933e+00
2.181631136786865266e+00
2.183562985139764656e+00
2.185485604595469145e+00
2.187399077762883337e+00
2.189303486382081942e+00
2.191198911332465471e+00
2.193085432640847987e+00
2.194963129489475140e+00
2.196832080223981798e+00
2.198692362361279073e+00
2.200544052597377842e+00
2.202387226815149202e+00
2.204221960092012544e+00
2.206048326707570340e+00
2.207866400151165642e+00
2.209676253129384538e+00
2.211477957573492414e+00
2.213271584646803181e+00
2.215057204751991637e+00
2.216834887538337462e+00
2.218604701908908794e+00
2.220366716027684539e+00
2.222120997326614500e+00
2.223867612512615555e+00
2.225606627574513219e+00
2.227338107789914812e+00
2.229062117732028891e+00
2.230778721276419851e+00
2.232487981607708782e+00
2.234189961226208165e+00
2.235884721954507715e+00
2.237572324943990498e+00
2.239252830681302431e+00
2.240926298994757371e+00
2.242592789060687597e+00
2.244252359409739217e+00
2.245905067933108512e+00
2.247550971888725435e+00
2.249190127907383818e+00
2.250822591998809408e+00
2.252448419557682602e+00
2.254067665369602125e+00
2.255680383616997187e+00
2.257286627884984576e+00
2.258886451167177345e+00
2.260479905871437545e+00
2.262067043825579660e+00
2.263647916283021644e+00
2.265222573928385330e+00
2.266791066883048877e+00
2.268353444710643707e+00
2.269909756422509695e+00
2.271460050483094406e+00
2.273004374815307926e+00
2.274542776805827948e+00
2.276075303310356457e+00
2.277602000658831560e+00
2.279122914660589583e+00
2.280638090609480972e+00
2.282147573288943132e+00
2.283651406977024401e+00
2.285149635451362737e+00
2.286642301994120441e+00
2.288129449396877124e+00
2.289611119965472508e+00
2.291087355524810576e+00
2.292558197423617106e+00
2.294023686539158557e+00
2.295483863281913006e+00
2.296938767600203768e+00
2.298388438984787729e+00
2.299832916473403266e+00
2.301272238655279523e+00
2.302706443675600845e+00
2.304135569239933456e+00
2.305559652618615285e+00
2.306978730651096932e+00
2.308392839750253334e+00
2.309802015906652350e+00
2.311206294692784269e+00
2.312605711267252673e+00
2.314000300378931563e+00
2.315390096371079842e+00
2.316775133185422941e+00
2.318155444366195361e+00
2.319531063064145471e+00
2.320902022040508772e+00
2.322268353670940311e+00
2.323630089949414668e+00
2.324987262492090867e+00
2.326339902541139093e+00
2.327688040968539429e+00
2.329031708279837964e+00
2.330370934617876699e+00
2.331705749766483926e+00
2.333036183154137522e+00
2.334362263857587827e+00
2.335684020605455213e+00
2.337001481781789014e+00
2.338314675429598921e+00
2.339623629254351300e+00
2.340928370627437083e+00
2.342228926589605909e+00
2.343525323854370956e+00
2.344817588811380915e+00
2.346105747529763974e+00
2.347389825761440729e+00
2.348669848944407335e+00
2.349945842205988900e+00
2.351217830366062245e+00
2.352485837940252456e+00
2.353749889143098351e+00
2.355010007891189083e+00
2.356266217806275876e+00
2.357518542218350888e+00
2.358767004168701664e+00
2.360011626412937602e+00
2.361252431423986220e+00
2.362489441395066780e+00
2.363722678242633712e+00
2.364952163609294722e+00
2.366177918866703145e+00
2.367399965118421878e+00
2.368618323202763776e+00
2.369833013695605395e+00
2.371044056913174991e+00
2.372251472914816528e+00
2.373455281505725711e+00
2.374655502239664706e+00
2.375852154421650209e+00
2.377045257110618426e+00
2.378234829122063854e+00
2.379420889030655406e+00
2.380603455172830785e+00
2.381782545649361982e+00
2.382958178327903465e+00
2.384130370845511937e+00
2.385299140611148339e+00
2.386464504808150533e+00
2.387626480396691786e+00
2.388785084116207269e+00
2.389940332487808128e+00
2.391092241816666242e+00
2.392240828194378999e+00
2.393386107501314974e+00
2.394528095408935631e+00
2.395666807382096586e+00
2.396802258681327569e+00
2.397934464365090168e+00
2.399063439292018263e+00
2.400189198123137135e+00
2.401311755324055497e+00
2.402431125167148629e+00
2.403547321733713105e+00
2.404660358916102858e+00
2.405770250419849265e+00
2.406877009765756803e+00
2.407980650291985381e+00
2.409081185156103810e+00
2.410178627337135282e+00
2.411272989637578412e+00
2.412364284685407423e+00
2.413452524936057220e+00
2.414537722674389819e+00
2.415619890016641680e+00
2.416699038912353270e+00
2.417775181146277319e+00
2.418848328340276410e+00
2.419918491955197482e+00
2.420985683292726787e+00
2.422049913497236862e+00
2.423111193557602405e+00
2.424169534309013052e+00
2.425224946434761275e+00
2.426277440468011193e+00
2.427327026793560716e+00
2.428373715649575271e+00
2.429417517129315307e+00
2.430458441182837159e+00
2.431496497618690800e+00
2.432531696105587393e+00
2.433564046174063300e+00
2.434593557218118764e+00
2.435620238496847278e+00
2.436644099136046293e+00
2.437665148129815051e+00
2.438683394342133326e+00
2.439698846508427721e+00
2.440711513237124208e+00
2.441721403011182456e+00
2.442728524189618167e+00
2.443732885009008537e+00
2.444734493584984403e+00
2.445733357913709050e+00
2.446729485873340604e+00
2.447722885225481093e+00
2.448713563616612188e+00
2.449701528579516285e+00
2.450686787534682498e+00
2.451669347791703313e+00
2.452649216550651268e+00
2.453626400903448967e+00
2.454600907835216894e+00
2.455572744225619886e+00
2.456541916850189633e+00
2.457508432381638741e+00
2.458472297391163242e+00
2.459433518349729120e+00
2.460392101629347295e+00
2.461348053504337940e+00
2.462301380152578378e+00
2.463252087656740308e+00
2.464200182005518602e+00
2.465145669094839675e+00
2.466088554729065851e+00
2.467028844622183303e+00
2.467966544398978002e+00
2.468901659596201892e+00
2.469834195663725751e+00
2.470764157965681829e+00
2.471691551781592722e+00
2.472616382307491367e+00
2.473538654657027713e+00
2.474458373862565175e+00
2.475375544876265987e+00
2.476290172571164572e+00
2.477202261742231126e+00
2.478111817107423676e+00
2.479018843308727682e+00
2.479923344913189887e+00
2.480825326413935272e+00
2.481724792231178700e+00
2.482621746713221444e+00
2.483516194137443289e+00
2.484408138711277747e+00
2.485297584573181062e+00
2.486184535793593664e+00
2.487068996375881635e+00
2.487950970257281291e+00
2.488830461309824660e+00
2.489707473341256527e+00
2.490582010095947929e+00
2.491454075255790546e+00
2.492323672441088878e+00
2.493190805211440875e+00
2.494055477066609239e+00
2.494917691447379848e+00
2.495777451736419739e+00
2.496634761259115542e+00
2.497489623284410598e+00
2.498342041025629623e+00
2.499192017641294949e+00
2.500039556235933880e+00
2.500884659860879822e+00
2.501727331515060548e+00
2.502567574145779350e+00
2.503405390649490858e+00
2.504240783872562659e+00
2.505073756612035574e+00
2.505904311616366620e+00
2.506732451586173749e+00
2.507558179174964597e+00
2.508381496989862569e+00
2.509202407592318718e+00
2.510020913498824502e+00
2.510837017181605901e+00
2.511650721069321524e+00
2.512462027547741172e+00
2.513270938960426637e+00
2.514077457609398270e+00
2.514881585755798010e+00
2.515683325620542199e+00
2.516482679384969057e+00
2.517279649191478175e+00
2.518074237144161565e+00
2.518866445309428048e+00
2.519656275716624094e+00
2.520443730358639556e+00
2.521228811192516073e+00
2.522011520140039931e+00
2.522791859088334476e+00
2.523569829890441873e+00
2.524345434365898644e+00
2.525118674301306321e+00
2.525889551450893666e+00
2.526658067537072228e+00
2.527424224250988782e+00
2.528188023253064021e+00
2.528949466173534333e+00
2.529708554612977611e+00
2.530465290142842161e+00
2.531219674305960066e+00
2.531971708617061889e+00
2.532721394563282491e+00
2.533468733604658407e+00
2.534213727174623898e+00
2.534956376680496337e+00
2.535696683503959825e+00
2.536434649001540365e+00
2.537170274505076595e+00
2.537903561322183421e+00
2.538634510736708982e+00
2.539363124009192951e+00
2.540089402377307959e+00
2.540813347056306348e+00
2.541534959239454938e+00
2.542254240098464013e+00
2.542971190783917645e+00
2.543685812425690251e+00
2.544398106133363591e+00
2.545108072996635773e+00
2.545815714085728487e+00
2.546521030451782686e+00
2.547224023127256043e+00
2.547924693126312423e+00
2.548623041445205128e+00
2.549319069062659260e+00
2.550012776940242532e+00
2.550704166022739638e+00
2.551393237238514189e+00
2.552079991499871081e+00
2.552764429703412219e+00
2.553446552730386454e+00
2.554126361447038640e+00
2.554803856704947584e+00
2.555479039341368441e+00
2.556151910179562670e+00
2.556822470029127992e+00
2.557490719686321246e+00
2.558156659934380794e+00
2.558820291543840053e+00
2.559481615272840571e+00
2.560140631867437566e+00
2.560797342061904569e+00
2.561451746579031408e+00
2.562103846130420415e+00
2.562753641416775974e+00
2.563401133128192289e+00
2.564046321944435380e+00
2.564689208535222420e+00
2.565329793560498839e+00
2.565968077670706560e+00
2.566604061507054002e+00
2.567237745701777651e+00
2.567869130878404960e+00
2.568498217652007920e+00
2.569125006629458419e+00
2.569749498409675148e+00
2.570371693583870520e+00
2.570991592735791809e+00
2.571609196441961398e+00
2.572224505271910822e+00
2.572837519788411242e+00
2.573448240547704824e+00
2.574056668099727663e+00
2.574662802988330057e+00
2.575266645751499883e+00
2.575868196921572206e+00
2.576467457025445107e+00
2.577064426584786627e+00
2.577659106116240828e+00
2.578251496131630294e+00
2.578841597138156860e+00
2.579429409638596127e+00
2.580014934131492854e+00
2.580598171111349703e+00
2.581179121068816418e+00
2.581757784490872787e+00
2.582334161861012944e+00
2.582908253659420783e+00
2.583480060363149811e+00
2.584049582446294124e+00
2.584616820380158497e+00
2.585181774633430685e+00
2.585744445672340408e+00
2.586304833960826333e+00
2.586862939960694607e+00
2.587418764131775628e+00
2.587972306932080357e+00
2.588523568817951315e+00
2.589072550244212234e+00
2.589619251664315058e+00
2.590163673530486932e+00
2.590705816293869201e+00
2.591245680404660412e+00
2.591783266312252643e+00
2.592318574465365177e+00
2.592851605312181285e+00
2.593382359300473450e+00
2.593910836877737491e+00
2.594437038491314240e+00
2.594960964588516550e+00
2.595482615616749200e+00
2.596001992023628802e+00
2.596519094257101035e+00
2.597033922765557001e+00
2.597546477997945580e+00
2.598056760403884446e+00
2.598564770433770654e+00
2.599070508538886326e+00
2.599573975171503903e+00
2.600075170784990508e+00
2.600574095833907862e+00
2.601070750774111318e+00
2.601565136062849781e+00
2.602057252158858525e+00
2.602547099522455554e+00
2.603034678615629982e+00
2.603519989902135290e+00
2.604003033847577253e+00
2.604483810919498765e+00
2.604962321587466434e+00
2.605438566323153182e+00
2.605912545600419516e+00
2.606384259895392130e+00
2.606853709686545173e+00
2.607320895454773524e+00
2.607785817683469620e+00
2.608248476858595399e+00
2.608708873468755574e+00
2.609167008005266464e+00
2.609622880962224833e+00
2.610076492836575834e+00
2.610527844128178732e+00
2.610976935339869076e+00
2.611423766977524874e+00
2.611868339550123430e+00
2.612310653569806185e+00
2.612750709551932449e+00
2.613188508015141132e+00
2.613624049481401812e+00
2.614057334476074246e+00
2.614488363527957215e+00
2.614917137169340933e+00
2.615343655936060330e+00
2.615767920367541688e+00
2.616189931006851932e+00
2.616609688400743927e+00
2.617027193099703997e+00
2.617442445657994998e+00
2.617855446633699845e+00
2.618266196588763250e+00
2.618674696089031695e+00
2.619080945704295615e+00
2.619484946008326709e+00
2.619886697578913459e+00
2.620286200997901105e+00
2.620683456851224058e+00
2.621078465728941431e+00
2.621471228225270345e+00
2.621861744938617900e+00
2.622250016471611378e+00
2.622636043431130659e+00
2.623019826428335310e+00
2.623401366078693009e+00
2.623780663002009295e+00
2.624157717822449776e+00
2.624532531168568994e+00
2.624905103673332629e+00
2.625275435974144145e+00
2.625643528712862995e+00
2.626009382535830827e+00
2.626372998093888800e+00
2.626734376042401120e+00
2.627093517041271920e+00
2.627450421754963905e+00
2.627805090852517456e+00
2.628157525007565720e+00
2.628507724898352826e+00
2.628855691207746315e+00
2.629201424623254457e+00
2.629544925837039138e+00
2.629886195545927396e+00
2.630225234451426086e+00
2.630562043259732530e+00
2.630896622681744734e+00
2.631228973433073381e+00
2.631559096234049822e+00
2.631886991809735399e+00
2.632212660889929889e+00
2.632536104209179495e+00
2.632857322506783060e+00
2.633176316526798733e+00
2.633493087018049739e+00
2.633807634734130154e+00
2.634119960433407570e+00
2.634430064879029754e+00
2.634737948838925981e+00
2.635043613085811032e+00
2.635347058397186526e+00
2.635648285555343584e+00
2.635947295347362829e+00
2.636244088565117050e+00
2.636538666005269871e+00
2.636831028469275751e+00
2.637121176763379538e+00
2.637409111698614694e+00
2.637694834090801965e+00
2.637978344760546712e+00
2.638259644533237136e+00
2.638538734239040728e+00
2.638815614712899382e+00
2.639090286794527618e+00
2.639362751328407697e+00
2.639633009163782518e+00
2.639901061154653394e+00
2.640166908159772952e+00
2.640430551042640239e+00
2.640691990671491851e+00
2.640951227919297928e+00
2.641208263663753719e+00
2.641463098787272035e+00
2.641715734176976138e+00
2.641966170724690421e+00
2.642214409326933300e+00
2.642460450884907885e+00
2.642704296304492217e+00
2.642945946496230381e+00
2.643185402375322735e+00
2.643422664861616145e+00
2.643657734879592880e+00
2.643890613358360842e+00
2.644121301231641574e+00
2.644349799437760051e+00
2.644576108919633128e+00
2.644800230624757997e+00
2.645022165505199752e+00
2.645241914517578952e+00
2.645459478623060079e+00
2.645674858787338657e+00
2.645888055980628373e+00
2.646099071177647755e+00
2.646307905357605961e+00
2.646514559504192565e+00
2.646719034605559795e+00
2.646921331654310983e+00
2.647121451647485912e+00
2.647319395586547941e+00
2.647515164477366234e+00
2.647708759330204664e+00
2.647900181159705379e+00
2.648089430984873704e+00
2.648276509829063929e+00
2.648461418719963323e+00
2.648644158689577477e+00
2.648824730774213432e+00
2.649003136014466797e+00
2.649179375455202656e+00
2.649353450145541355e+00
2.649525361138843849e+00
2.649695109492692602e+00
2.649862696268877382e+00
2.650028122533379271e+00
2.650191389356352012e+00
2.650352497812107355e+00
2.650511448979099516e+00
2.650668243939905189e+00
2.650822883781209782e+00
2.650975369593788766e+00
2.651125702472490797e+00
2.651273883516223062e+00
2.651419913827930852e+00
2.651563794514583794e+00
2.651705526687155867e+00
2.651845111460608972e+00
2.651982549953877832e+00
2.652117843289849564e+00
2.652250992595348578e+00
2.652381999001118817e+00
2.652510863641804217e+00
2.652637587655934936e+00
2.652762172185907819e+00
2.652884618377968629e+00
2.653004927382195621e+00
2.653123100352481778e+00
2.653239138446516154e+00
2.653353042825769670e+00
2.653464814655473347e+00
2.653574455104604102e+00
2.653681965345865645e+00
2.653787346555671611e+00
2.653890599914127790e+00
2.653991726605015700e+00
2.654090727815773487e+00
2.654187604737480388e+00
2.654282358564837629e+00
2.654374990496152886e+00
2.654465501733321187e+00
2.654553893481808924e+00
2.654640166950636981e+00
2.654724323352361637e+00
2.654806363903059907e+00
2.654886289822309564e+00
2.654964102333176257e+00
2.655039802662192194e+00
2.655113392039341047e+00
2.655184871698042848e+00
2.655254242875134452e+00
2.655321506810853993e+00
2.655386664748823566e+00
2.655449717936035015e+00
2.655510667622829946e+00
2.655569515062886410e+00
2.655626261513199360e+00
2.655680908234067772e+00
2.655733456489076438e+00
2.655783907545079092e+00
2.655832262672185973e+00
2.655878523143742953e+00
2.655922690236319994e+00
2.655964765229692492e+00
2.656004749406827514e+00
2.656042644053866919e+00
2.656078450460113594e+00
2.656112169918014132e+00
2.656143803723144181e+00
2.656173353174194673e+00
2.656200819572954952e+00
2.656226204224299003e+00
2.656249508436170803e+00
2.656270733519567884e+00
2.656289880788529345e+00
2.656306951560118979e+00
2.656321947154413721e+00
2.656334868894486334e+00
2.656345718106393416e+00
2.656354496119160302e+00
2.656361204264769071e+00
2.656365843878143007e+00
2.656368416297132828e+00
2.656368922862505588e+00
2.656367364917928686e+00
2.656363743809958766e+00
2.656358060888027062e+00
2.656350317504428293e+00
2.656340515014306458e+00
2.656328654775643283e+00
2.656314738149244015e+00
2.656298766498727648e+00
2.656280741190513606e+00
2.656260663593809745e+00
2.656238535080599039e+00
2.656214357025631578e+00
2.656188130806408587e+00
2.656159857803175317e+00
2.656129539398905948e+00
2.656097176979296037e+00
2.656062771932749200e+00
2.656026325650366893e+00
2.655987839525938643e+00
2.655947314955930505e+00
2.655904753339475288e+00
2.655860156078363232e+00
2.655813524577032236e+00
2.655764860242554537e+00
2.655714164484632267e+00
2.655661438715585021e+00
2.655606684350341418e+00
2.655549902806430218e+00
2.655491095503969667e+00
2.655430263865662166e+00
2.655367409316782723e+00
2.655302533285172739e+00
2.655235637201229348e+00
2.655166722497900089e+00
2.655095790610674023e+00
2.655022842977573738e+00
2.654947881039146473e+00
2.654870906238461448e+00
2.654791920021098317e+00
2.654710923835140957e+00
2.654627919131173908e+00
2.654542907362271720e+00
2.654455889983994510e+00
2.654366868454383521e+00
2.654275844233951354e+00
2.654182818785680187e+00
2.654087793575012011e+00
2.653990770069848182e+00
2.653891749740539208e+00
2.653790734059884304e+00
2.653687724503122070e+00
2.653582722547930928e+00
2.653475729674420247e+00
2.653366747365128564e+00
2.653255777105019142e+00
2.653142820381475087e+00
2.653027878684298013e+00
2.652910953505702274e+00
2.652792046340313625e+00
2.652671158685164343e+00
2.652548292039692335e+00
2.652423447905736698e+00
2.652296627787537275e+00
2.652167833191731106e+00
2.652037065627350199e+00
2.651904326605820650e+00
2.651769617640961751e+00
2.651632940248982440e+00
2.651494295948481739e+00
2.651353686260446541e+00
2.651211112708253381e+00
2.651066576817665332e+00
2.650920080116832001e+00
2.650771624136290416e+00
2.650621210408965922e+00
2.650468840470168619e+00
2.650314515857598696e+00
2.650158238111344655e+00
2.650000008773883753e+00
2.649839829390084223e+00
2.649677701507206606e+00
2.649513626674904643e+00
2.649347606445228376e+00
2.649179642372624155e+00
2.649009736013939076e+00
2.648837888928421425e+00
2.648664102677724674e+00
2.648488378825909262e+00
2.648310718939447916e+00
2.648131124587226104e+00
2.647949597340546468e+00
2.647766138773133271e+00
2.647580750461136834e+00
2.647393433983135758e+00
2.647204190920142697e+00
2.647013022855609243e+00
2.646819931375428592e+00
2.646624918067943977e+00
2.646427984523951338e+00
2.646229132336705092e+00
2.646028363101925240e+00
2.645825678417801363e+00
2.645621079885001503e+00
2.645414569106675273e+00
2.645206147688462295e+00
2.644995817238498415e+00
2.644783579367424142e+00
2.644569435688389536e+00
2.644353387817063972e+00
2.644135437371641473e+00
2.643915585972852256e+00
2.643693835243965395e+00
2.643470186810802591e+00
2.643244642301744385e+00
2.643017203347738153e+00
2.642787871582308767e+00
2.642556648641567474e+00
2.642323536164220332e+00
2.642088535791578874e+00
2.641851649167569871e+00
2.641612877938745108e+00
2.641372223754293369e+00
2.641129688266048436e+00
2.640885273128501964e+00
2.640638979998812808e+00
2.640390810536820787e+00
2.640140766405055572e+00
2.639888849268750004e+00
2.639635060795851196e+00
2.639379402657033857e+00
2.639121876525710952e+00
2.638862484078047910e+00
2.638601226992974169e+00
2.638338106952197837e+00
2.638073125640218120e+00
2.637806284744337315e+00
2.637537585954678132e+00
2.637267030964193903e+00
2.636994621468685018e+00
2.636720359166812688e+00
2.636444245760114047e+00
2.636166282953016804e+00
2.635886472452853457e+00
2.635604815969877723e+00
2.635321315217280080e+00
2.635035971911202424e+00
2.634748787770755385e+00
2.634459764518033875e+00
2.634168903878133516e+00
2.633876207579167072e+00
2.633581677352283101e+00
2.633285314931680166e+00
2.632987122054625928e+00
2.632687100461475804e+00
2.632385251895687173e+00
2.632081578103841579e+00
2.631776080835659837e+00
2.631468761844022008e+00
2.631159622884986948e+00
2.630848665717807844e+00
2.630535892104955309e+00
2.630221303812134259e+00
2.629904902608303452e+00
2.629586690265698135e+00
2.629266668559845144e+00
2.628944839269588218e+00
2.628621204177105763e+00
2.628295765067930834e+00
2.627968523730974670e+00
2.627639481958544909e+00
2.627308641546369561e+00
2.626976004293616551e+00
2.626641572002916813e+00
2.626305346480385605e+00
2.625967329535645156e+00
2.625627522981846873e+00
2.625285928635693988e+00
2.624942548317464208e+00
2.624597383851034138e+00
2.624250437063900598e+00
2.623901709787205494e+00
2.623551203855758907e+00
2.623198921108064408e+00
2.622844863386341707e+00
2.622489032536551523e+00
2.622131430408420005e+00
2.621772058855464937e+00
2.621410919735018386e+00
2.621048014908255119e+00
2.620683346240215261e+00
2.620316915599830043e+00
2.619948724859951561e+00
2.619578775897372758e+00
2.619207070592859843e+00
2.618833610831175385e+00
2.618458398501104512e+00
2.618081435495485110e+00
2.617702723711232249e+00
2.617322265049365271e+00
2.616940061415039320e+00
2.616556114717568438e+00
2.616170426870456200e+00
2.615782999791422814e+00
2.615393835402435307e+00
2.615002935629734626e+00
2.614610302403863606e+00
2.614215937659698952e+00
2.613819843336478321e+00
2.613422021377830529e+00
2.613022473731805295e+00
2.612621202350902117e+00
2.612218209192102236e+00
2.611813496216897956e+00
2.611407065391321503e+00
2.610998918685979220e+00
2.610589058076079993e+00
2.610177485541467224e+00
2.609764203066648580e+00
2.609349212640831528e+00
2.608932516257949086e+00
2.608514115916697573e+00
2.608094013620564589e+00
2.607672211377863203e+00
2.607248711201765268e+00
2.606823515110332057e+00
2.606396625126547129e+00
2.605968043278351853e+00
2.605537771598676944e+00
2.605105812125474873e+00
2.604672166901756292e+00
2.604236837975621555e+00
2.603799827400296696e+00
2.603361137234164957e+00
2.602920769540803647e+00
2.602478726389018338e+00
2.602035009852876168e+00
2.601589622011743153e+00
2.601142564950317038e+00
2.600693840758664610e+00
2.600243451532255001e+00
2.599791399371996992e+00
2.599337686384275870e+00
2.598882314680987182e+00
2.598425286379573595e+00
2.597966603603063085e+00
2.597506268480103131e+00
2.597044283144998911e+00
2.596580649737750157e+00
2.596115370404087130e+00
2.595648447295510586e+00
2.595179882569325525e+00
2.594709678388682050e+00
2.594237836922612228e+00
2.593764360346066944e+00
2.593289250839954541e+00
2.592812510591179898e+00
2.592334141792684399e+00
2.591854146643480572e+00
2.591372527348692945e+00
2.590889286119599344e+00
2.590404425173664649e+00
2.589917946734586529e+00
2.589429853032329643e+00
2.588940146303167378e+00
2.588448828789722711e+00
2.587955902741005509e+00
2.587461370412454720e+00
2.586965234065978336e+00
2.586467495969992925e+00
2.585968158399464478e+00
2.585467223635949718e+00
2.584964693967636506e+00
2.584460571689384256e+00
2.583954859102766122e+00
2.583447558516108966e+00
2.582938672244536882e+00
2.582428202610010715e+00
2.581916151941370696e+00
2.581402522574377745e+00
2.580887316851756985e+00
2.580370537123236385e+00
2.579852185745593829e+00
2.579332265082695752e+00
2.578810777505540219e+00
2.578287725392301777e+00
2.577763111128372309e+00
2.577236937106403225e+00
2.576709205726350316e+00
2.576179919395517270e+00
2.575649080528596091e+00
2.575116691547713277e+00
2.574582754882472013e+00
2.574047272969997024e+00
2.573510248254976762e+00
2.572971683189707814e+00
2.572431580234139314e+00
2.571889941855916906e+00
2.571346770530428039e+00
2.570802068740843271e+00
2.570255838978163787e+00
2.569708083741264026e+00
2.569158805536938317e+00
2.568608006879943062e+00
2.568055690293043813e+00
2.567501858307059681e+00
2.566946513460906409e+00
2.566389658301645671e+00
2.565831295384525923e+00
2.565271427273030813e+00
2.564710056538923144e+00
2.564147185762291059e+00
2.563582817531593783e+00
2.563016954443706030e+00
2.562449599103966413e+00
2.561880754126219628e+00
2.561310422132866194e+00
2.560738605754906416e+00
2.560165307631987464e+00
2.559590530412448217e+00
2.559014276753366790e+00
2.558436549320607156e+00
2.557857350788864448e+00
2.557276683841712916e+00
2.556694551171649898e+00
2.556110955480146885e+00
2.555525899477691265e+00
2.554939385883837399e+00
2.554351417427251025e+00
2.553761996845756777e+00
2.553171126886384812e+00
2.552578810305418333e+00
2.551985049868441990e+00
2.551389848350385403e+00
2.550793208535575118e+00
2.550195133217777688e+00
2.549595625200249849e+00
2.548994687295785155e+00
2.548392322326759718e+00
2.547788533125181942e+00
2.547183322532739158e+00
2.546576693400846025e+00
2.545968648590690275e+00
2.545359190973281560e+00
2.544748323429499859e+00
2.544136048850142107e+00
2.543522370135970601e+00
2.542907290197760073e+00
2.542290811956345653e+00
2.541672938342672161e+00
2.541053672297840738e+00
2.540433016773155916e+00
2.539810974730176252e+00
2.539187549140759614e+00
2.538562742987113374e+00
2.537936559261840586e+00
2.537309000967988837e+00
2.536680071119099988e+00
2.536049772739254138e+00
2.535418108863123354e+00
2.534785082536014311e+00
2.534150696813920245e+00
2.533514954763568028e+00
2.532877859462465242e+00
2.532239413998949917e+00
2.531599621472238937e+00
2.530958484992474666e+00
2.530316007680773804e+00
2.529672192669277120e+00
2.529027043101196082e+00
2.528380562130859932e+00
2.527732752923768089e+00
2.527083618656634112e+00
2.526433162517436326e+00
2.525781387705465786e+00
2.525128297431374236e+00
2.524473894917222516e+00
2.523818183396527637e+00
2.523161166114313847e+00
2.522502846327158821e+00
2.521843227303241175e+00
2.521182312322391983e+00
2.520520104676139628e+00
2.519856607667759540e+00
2.519191824612323050e+00
2.518525758836744011e+00
2.517858413679828100e+00
2.517189792492321665e+00
2.516519898636958352e+00
2.515848735488508403e+00
2.515176306433826614e+00
2.514502614871900743e+00
2.513827664213899027e+00
2.513151457883218587e+00
2.512473999315534279e+00
2.511795291958846210e+00
2.511115339273528146e+00
2.510434144732374584e+00
2.509751711820651376e+00
2.509068044036140588e+00
2.508383144889191563e+00
2.507697017902766667e+00
2.507009666612490140e+00
2.506321094566697383e+00
2.505631305326482039e+00
2.504940302465742175e+00
2.504248089571232239e+00
2.503554670242607028e+00
2.502860048092473200e+00
2.502164226746435016e+00
2.501467209843141859e+00
2.500769001034339301e+00
2.500069603984912625e+00
2.499369022372938787e+00
2.498667259889732595e+00
2.497964320239894676e+00
2.497260207141358990e+00
2.496554924325442126e+00
2.495848475536889044e+00
2.495140864533923697e+00
2.494432095088294776e+00
2.493722170985325448e+00
2.493011096023958206e+00
2.492298874016807275e+00
2.491585508790202130e+00
2.490871004184238124e+00
2.490155364052823117e+00
2.489438592263727212e+00
2.488720692698628056e+00
2.488001669253160575e+00
2.487281525836964491e+00
2.486560266373732286e+00
2.485837894801256720e+00
2.485114415071479677e+00
2.484389831150540129e+00
2.483664147018820767e+00
2.482937366670998180e+00
2.482209494116089044e+00
2.481480533377499409e+00
2.480750488493071781e+00
2.480019363515135300e+00
2.479287162510551479e+00
2.478553889560763501e+00
2.477819548761845070e+00
2.477084144224547479e+00
2.476347680074349356e+00
2.475610160451503283e+00
2.474871589511085546e+00
2.474131971423045417e+00
2.473391310372250906e+00
2.472649610558540711e+00
2.471906876196769076e+00
2.471163111516858191e+00
2.470418320763844822e+00
2.469672508197930050e+00
2.468925678094526788e+00
2.468177834744310850e+00
2.467428982453268915e+00
2.466679125542746487e+00
2.465928268349500296e+00
2.465176415225743600e+00
2.464423570539198582e+00
2.463669738673145648e+00
2.462914924026470942e+00
2.462159131013716973e+00
2.461402364065135018e+00
2.460644627626730419e+00
2.459885926160315872e+00
2.459126264143561613e+00
2.458365646070043375e+00
2.457604076449294794e+00
2.456841559806857145e+00
2.456078100684330412e+00
2.455313703639423029e+00
2.454548373246005166e+00
2.453782114094156253e+00
2.453014930790220038e+00
2.452246827956853004e+00
2.451477810233077204e+00
2.450707882274331784e+00
2.449937048752525826e+00
2.449165314356088086e+00
2.448392683790022062e+00
2.447619161775956176e+00
2.446844753052197508e+00
2.446069462373784198e+00
2.445293294512539184e+00
2.444516254257121712e+00
2.443738346413083296e+00
2.442959575802919225e+00
2.442179947266123197e+00
2.441399465659241930e+00
2.440618135855928905e+00
2.439835962746998543e+00
2.439052951240481715e+00
2.438269106261680808e+00
2.437484432753225239e+00
2.436698935675125632e+00
2.435912620004831552e+00
2.435125490737286569e+00
2.434337552884984657e+00
2.433548811478026153e+00
2.432759271564176817e+00
2.431968938208923348e+00
2.431177816495531996e+00
2.430385911525105858e+00
2.429593228416642159e+00
2.428799772307092208e+00
2.428005548351420018e+00
2.427210561722661364e+00
2.426414817611981967e+00
2.425618321228740104e+00
2.424821077800542568e+00
2.424023092573310834e+00
2.423224370811336570e+00
2.422424917797346033e+00
2.421624738832560908e+00
2.420823839236760922e+00
2.420022224348343798e+00
2.419219899524392314e+00
2.418416870140732922e+00
2.417613141592002801e+00
2.416808719291712926e+00
2.416003608672310676e+00
2.415197815185248231e+00
2.414391344301044295e+00
2.413584201509352045e+00
2.412776392319024854e+00
2.411967922258182018e+00
2.411158796874278032e+00
2.410349021734167430e+00
2.409538602424173614e+00
2.408727544550159028e+00
2.407915853737592649e+00
2.407103535631619273e+00
2.406290595897130125e+00
2.405477040218833462e+00
2.404662874301324305e+00
2.403848103869158592e+00
2.403032734666921577e+00
2.402216772459303762e+00
2.401400223031171510e+00
2.400583092187641654e+00
2.399765385754156100e+00
2.398947109576555548e+00
2.398128269521156319e+00
2.397308871474823633e+00
2.396488921345050205e+00
2.395668425060033080e+00
2.394847388568750457e+00
2.394025817841039849e+00
2.393203718867676688e+00
2.392381097660454703e+00
2.391557960252265858e+00
2.390734312697178510e+00
2.389910161070522232e+00
2.389085511468966416e+00
2.388260370010605538e+00
2.387434742835039980e+00
2.386608636103461301e+00
2.385782055998733941e+00
2.384955008725484493e+00
2.384127500510185182e+00
2.383299537601238693e+00
2.382471126269067430e+00
2.381642272806200999e+00
2.380812983527363258e+00
2.379983264769562901e+00
2.379153122892182282e+00
2.378322564277068452e+00
2.377491595328623308e+00
2.376660222473896855e+00
2.375828452162678683e+00
2.374996290867590787e+00
2.374163745084184374e+00
2.373330821331030904e+00
2.372497526149820235e+00
2.371663866105455654e+00
2.370829847786150246e+00
2.369995477803526818e+00
2.369160762792712926e+00
2.368325709412443469e+00
2.367490324345158825e+00
2.366654614297104775e+00
2.365818585998436419e+00
2.364982246203317207e+00
2.364145601690024634e+00
2.363308659261053268e+00
2.362471425743217779e+00
2.361633907987759962e+00
2.360796112870453989e+00
2.359958047291713878e+00
2.359119718176700964e+00
2.358281132475430475e+00
2.357442297162884781e+00
2.356603219239118641e+00
2.355763905729373775e+00
2.354924363684188560e+00
2.354084600179511710e+00
2.353244622316813306e+00
2.352404437223201139e+00
2.351564052051533960e+00
2.350723473980539158e+00
2.349882710214926007e+00
2.349041767985505569e+00
2.348200654549307931e+00
2.347359377189700780e+00
2.346517943216508417e+00
2.345676359966133884e+00
2.344834634801680640e+00
2.343992775113071581e+00
2.343150788317174715e+00
2.342308681857926178e+00
2.341466463206453685e+00
2.340624139861203545e+00
2.339781719348066780e+00
2.338939209220504356e+00
2.338096617059676863e+00
2.337253950474572406e+00
2.336411217102134508e+00
2.335568424607395333e+00
2.334725580683604473e+00
2.333882693052360846e+00
2.333039769463747248e+00
2.332196817696460478e+00
2.331353845557949445e+00
2.330510860884546620e+00
2.329667871541605706e+00
2.328824885423637081e+00
2.327981910454448577e+00
2.327138954587277375e+00
2.326296025804934775e+00
2.325453132119943422e+00
2.324610281574676751e+00
2.323767482241501980e+00
2.322924742222922223e+00
2.322082069651716374e+00
2.321239472691086547e+00
2.320396959534799741e+00
2.319554538407333055e+00
2.318712217564020239e+00
2.317870005291197799e+00
2.317027909906350214e+00
2.316185939758261814e+00
2.315344103227161554e+00
2.314502408724874005e+00
2.313660864694969010e+00
2.312819479612912232e+00
2.311978261986217031e+00
2.311137220354595456e+00
2.310296363290111010e+00
2.309455699397333195e+00
2.308615237313490276e+00
2.307774985708623383e+00
2.306934953285743273e+00
2.306095148780985760e+00
2.305255580963766704e+00
2.304416258636940995e+00
2.303577190636958427e+00
2.302738385834024015e+00
2.301899853132254314e+00
2.301061601469838180e+00
2.300223639819196197e+00
2.299385977187142327e+00
2.298548622615042447e+00
2.297711585178977778e+00
2.296874873989906085e+00
2.296038498193824218e+00
2.295202466971930644e+00
2.294366789540789320e+00
2.293531475152493115e+00
2.292696533094828570e+00
2.291861972691439764e+00
2.291027803301993515e+00
2.290194034322345917e+00
2.289360675184706206e+00
2.288527735357804627e+00
2.287695224347057632e+00
2.286863151694737084e+00
2.286031526980133233e+00
2.285200359819726135e+00
2.284369659867351743e+00
2.283539436814369328e+00
2.282709700389831120e+00
2.281880460360649732e+00
2.281051726531766466e+00
2.280223508746320960e+00
2.279395816885820381e+00
2.278568660870307738e+00
2.277742050658531525e+00
2.276915996248114915e+00
2.276090507675725849e+00
2.275265595017245346e+00
2.274441268387938919e+00
2.273617537942624889e+00
2.272794413875844022e+00
2.271971906422029175e+00
2.271150025855675825e+00
2.270328782491510378e+00
2.269508186684659368e+00
2.268688248830821319e+00
2.267868979366432391e+00
2.267050388768838687e+00
2.266232487556461450e+00
2.265415286288969821e+00
2.264598795567446032e+00
2.263783026034554613e+00
2.262967988374711581e+00
2.262153693314250091e+00
2.261340151621588745e+00
2.260527374107397680e+00
2.259715371624765989e+00
2.258904155069368258e+00
2.258093735379628431e+00
2.257284123536885012e+00
2.256475330565558046e+00
2.255667367533312540e+00
2.254860245551220554e+00
2.254053975773924634e+00
2.253248569399800338e+00
2.252444037671120114e+00
2.251640391874210945e+00
2.250837643339617333e+00
2.250035803442258509e+00
2.249234883601590518e+00
2.248434895281760770e+00
2.247635849991767021e+00
2.246837759285615466e+00
2.246040634762471733e+00
2.245244488066818978e+00
2.244449330888610650e+00
2.243655174963421484e+00
2.242862032072601153e+00
2.242069914043423484e+00
2.241278832749234784e+00
2.240488800109603940e+00
2.239699828090468081e+00
2.238911928704278687e+00
2.238125114010145911e+00
2.237339396113981138e+00
2.236554787168640424e+00
2.235771299374063048e+00
2.234988944977410963e+00
2.234207736273207789e+00
2.233427685603473378e+00
2.232648805357857480e+00
2.231871107973775636e+00
2.231094605936538855e+00
2.230319311779481062e+00
2.229545238084091441e+00
2.228772397480137446e+00
2.228000802645790479e+00
2.227230466307748458e+00
2.226461401241356164e+00
2.225693620270723816e+00
2.224927136268844752e+00
2.224161962157710892e+00
2.223398110908423320e+00
2.222635595541304188e+00
2.221874429126007744e+00
2.221114624781622471e+00
2.220356195676777222e+00
2.219599155029742921e+00
2.218843516108534697e+00
2.218089292231004706e+00
2.217336496764939380e+00
2.216585143128152247e+00
2.215835244788572300e+00
2.215086815264331488e+00
2.214339868123850419e+00
2.213594416985920521e+00
2.212850475519780424e+00
2.212108057445196341e+00
2.211367176532533119e+00
2.210627846602827073e+00
2.209890081527850825e+00
2.209153895230182130e+00
2.208419301683262503e+00
2.207686314911458503e+00
2.206954948990116350e+00
2.206225218045613889e+00
2.205497136255412105e+00
2.204770717848098638e+00
2.204045977103431309e+00
2.203322928352379861e+00
2.202601585977157050e+00
2.201881964411256387e+00
2.201164078139476565e+00
2.200447941697950327e+00
2.199733569674162226e+00
2.199020976706969943e+00
2.198310177486616723e+00
2.197601186754741143e+00
2.196894019304385992e+00
2.196188689979996500e+00
2.195485213677422998e+00
2.194783605343912924e+00
2.194083879978100615e+00
2.193386052629994865e+00
2.192690138400960720e+00
2.191996152443695500e+00
2.191304109962203484e+00
2.190614026211764376e+00
2.189925916498896008e+00
2.189239796181316144e+00
2.188555680667897185e+00
2.187873585418615541e+00
2.187193525944498784e+00
2.186515517807566589e+00
2.185839576620765445e+00
2.185165718047902050e+00
2.184493957803568698e+00
2.183824311653063344e+00
2.183156795412308337e+00
2.182491424947760716e+00
2.181828216176316282e+00
2.181167185065214120e+00
2.180508347631928245e+00
2.179851719944058352e+00
2.179197318119217019e+00
2.178545158324905806e+00
2.177895256778390021e+00
2.177247629746566382e+00
2.176602293545826239e+00
2.175959264541909910e+00
2.175318559149757913e+00
2.174680193833357311e+00
2.174044185105579619e+00
2.173410549528013380e+00
2.172779303710790089e+00
2.172150464312406548e+00
2.171524048039538801e+00
2.170900071646850282e+00
2.170278551936792422e+00
2.169659505759402585e+00
2.169042950012090909e+00
2.168428901639424478e+00
2.167817377632903941e+00
2.167208395030730816e+00
2.166601970917571229e+00
2.165998122424312999e+00
2.165396866727813396e+00
2.164798221050642013e+00
2.164202202660816976e+00
2.163608828871533163e+00
2.163018117040882426e+00
2.162430084571569822e+00
2.161844748910619174e+00
2.161262127549073764e+00
2.160682238021689905e+00
2.160105097906620308e+00
2.159530724825094339e+00
2.158959136441087612e+00
2.158390350460983154e+00
2.157824384633229897e+00
2.157261256747987854e+00
2.156700984636770624e+00
2.156143586172075466e+00
2.155589079267011154e+00
2.155037481874909844e+00
2.154488811988940267e+00
2.153943087641706722e+00
2.153400326904842732e+00
2.152860547888593157e+00
2.152323768741395416e+00
2.151790007649443393e+00
2.151259282836252229e+00
2.150731612562204909e+00
2.150207015124100618e+00
2.149685508854688010e+00
2.149167112122190915e+00
2.148651843329829170e+00
2.148139720915326123e+00
2.147630763350412142e+00
2.147124989140313911e+00
2.146622416823242396e+00
2.146123064969863936e+00
2.145626952182769553e+00
2.145134097095930059e+00
2.144644518374148490e+00
2.144158234712496558e+00
2.143675264835747996e+00
2.143195627497796352e+00
2.142719341481072792e+00
2.142246425595947912e+00
2.141776898680125107e+00
2.141310779598027736e+00
2.140848087240176056e+00
2.140388840522553515e+00
2.139933058385962816e+00
2.139480759795378884e+00
2.139031963739284059e+00
2.138586689228998861e+00
2.138144955298006078e+00
2.137706781001258438e+00
2.137272185414480941e+00
2.136841187633463424e+00
2.136413806773343804e+00
2.135990061967881104e+00
2.135569972368717817e+00
2.135153557144637837e+00
2.134740835480807064e+00
2.134331826578010460e+00
2.133926549651877114e+00
2.133525023932095088e+00
2.133127268661619169e+00
2.132733303095865729e+00
2.132343146501898712e+00
2.131956818157610734e+00
2.131574337350885973e+00
2.131195723378759066e+00
2.130820995546564234e+00
2.130450173167071526e+00
2.130083275559616851e+00
2.129720322049219572e+00
2.129361331965693438e+00
2.129006324642741976e+00
2.128655319417048553e+00
2.128308335627358439e+00
2.127965392613548889e+00
2.127626509715688119e+00
2.127291706273084504e+00
2.126961001623329128e+00
2.126634415101327669e+00
2.126311966038318069e+00
2.125993673760886438e+00
2.125679557589966961e+00
2.125369636839832932e+00
2.125063930817083779e+00
2.124762458819613453e+00
2.124465240135577027e+00
2.124172294042343978e+00
2.123883639805442147e+00
2.123599296677494586e+00
2.123319283897141752e+00
2.123043620687961930e+00
2.122772326257374331e+00
2.122505419795538195e+00
2.122242920474241679e+00
2.121984847445778755e+00
2.121731219841819449e+00
2.121482056772271196e+00
2.121237377324128648e+00
2.120997200560318152e+00
2.120761545518528024e+00
2.120530431210034816e+00
2.120303876618517602e+00
2.120081900698864708e+00
2.119864522375972005e+00
2.119651760543529218e+00
2.119443634062803561e+00
2.119240161761409613e+00
2.119041362432070752e+00
2.118847254831377036e+00
2.118657857678527989e+00
2.118473189654073607e+00
2.118293269398642487e+00
2.118118115511661070e+00
2.117947746550071564e+00
2.117782181027033417e+00
2.117621437410622143e+00
2.117465534122520587e+00
2.117314489536698652e+00
2.117168321978088130e+00
2.117027049721249998e+00
2.116890690989033708e+00
2.116759263951228931e+00
2.116632786723210646e+00
2.116511277364577559e+00
2.116394753877780754e+00
2.116283234206749242e+00
2.116176736235507505e+00
2.116075277786783726e+00
2.115978876620614901e+00
2.115887550432945297e+00
2.115801316854216463e+00
2.115720193447951480e+00
2.115644197709336094e+00
2.115573347063788301e+00
2.115507658865529272e+00
2.115447150396142728e+00
2.115391838863131646e+00
2.115341741398469644e+00
2.115296875057144810e+00
2.115257256815701759e+00
2.115222903570776580e+00
2.115193832137627794e+00
2.115170059248662415e+00
2.115151601551956251e+00
2.115138475609774193e+00
2.115130697897080747e+00
2.115128284800050995e+00
2.115131252614574464e+00
2.115139617544758543e+00
2.115153395701425243e+00
2.115172603100607063e+00
2.115197255662038422e+00
2.115227369207644426e+00
2.115262959460029180e+00
2.115304042040953902e+00
2.115350632469823910e+00
2.115402746162163172e+00
2.115460398428093747e+00
2.115523604470809005e+00
2.115592379385047739e+00
2.115666738155565607e+00
2.115746695655605691e+00
2.115832266645366833e+00
2.115923465770474188e+00
2.116020307560446234e+00
2.116122806427159553e+00
2.116230976663321162e+00
2.116344832440929746e+00
2.116464387809747105e+00
2.116589656695764265e+00
2.116720652899667598e+00
2.116857390095310709e+00
2.116999881828182328e+00
2.117148141513878201e+00
2.117302182436572977e+00
2.117462017747495651e+00
2.117627660463403227e+00
2.117799123465060607e+00
2.117976419495720908e+00
2.118159561159607573e+00
2.118348560920402246e+00
2.118543431099730423e+00
2.118744183875655551e+00
2.118950831281174896e+00
2.119163385202718519e+00
2.119381857378650480e+00
2.119606259397778913e+00
2.119836602697865668e+00
2.120072898564146602e+00
2.120315158127846544e+00
2.120563392364712030e+00
2.120817612093540916e+00
2.121077827974718222e+00
2.121344050508762624e+00
2.121616290034873842e+00
2.121894556729489345e+00
2.122178860604845951e+00
2.122469211507551634e+00
2.122765619117159552e+00
2.123068092944752294e+00
2.123376642331534114e+00
2.123691276447429832e+00
2.124012004289692612e+00
2.124338834681518406e+00
2.124671776270672385e+00
2.125010837528118923e+00
2.125356026746668014e+00
2.125707352039622577e+00
2.126064821339442634e+00
2.126428442396414376e+00
2.126798222777333436e+00
2.127174169864194386e+00
2.127556290852893550e+00
2.127944592751941144e+00
2.128339082381185410e+00
2.128739766370550068e+00
2.129146651158777104e+00
2.129559742992188198e+00
2.129979047923455049e+00
2.130404571810382119e+00
2.130836320314701382e+00
2.131274298900882158e+00
2.131718512834950729e+00
2.132168967183326824e+00
2.132625666811670317e+00
2.133088616383745251e+00
2.133557820360291846e+00
2.134033282997920722e+00
2.134515008348014664e+00
2.135003000255650818e+00
2.135497262358531767e+00
2.135997798085935262e+00
2.136504610657682601e+00
2.137017703083113673e+00
2.137537078160088200e+00
2.138062738473993640e+00
2.138594686396776190e+00
2.139132924085985099e+00
2.139677453483836089e+00
2.140228276316287204e+00
2.140785394092135530e+00
2.141348808102130796e+00
2.141918519418107181e+00
2.142494528892128880e+00
2.143076837155660996e+00
2.143665444618747973e+00
2.144260351469222670e+00
2.144861557671922991e+00
2.145469062967936047e+00
2.146082866873855188e+00
2.146702968681059698e+00
2.147329367455010907e+00
2.147962062034569630e+00
2.148601051031333586e+00
2.149246332828995243e+00
2.149897905582715207e+00
2.150555767218524483e+00
2.151219915432734719e+00
2.151890347691381322e+00
2.152567061229680334e+00
2.153250053051507518e+00
2.153939319928897422e+00
2.154634858401567765e+00
2.155336664776460243e+00
2.156044735127302214e+00
2.156759065294197253e+00
2.157479650883228572e+00
2.158206487266088658e+00
2.158939569579733320e+00
2.159678892726050847e+00
2.160424451371558696e+00
2.161176239947121935e+00
2.161934252647692567e+00
2.162698483432071939e+00
2.163468926022695360e+00
2.164245573905440700e+00
2.165028420329457859e+00
2.165817458307023546e+00
2.166612680613416497e+00
2.167414079786818881e+00
2.168221648128235923e+00
2.169035377701444389e+00
2.169855260332960167e+00
2.170681287612031163e+00
2.171513450890651953e+00
2.172351741283605531e+00
2.173196149668523702e+00
2.174046666685974127e+00
2.174903282739570010e+00
2.175765987996103323e+00
2.176634772385702465e+00
2.177509625602011667e+00
2.178390537102397939e+00
2.179277496108175782e+00
2.180170491604862537e+00
2.181069512342449723e+00
2.181974546835705908e+00
2.182885583364499560e+00
2.183802609974143216e+00
2.184725614475765187e+00
2.185654584446703907e+00
2.186589507230926266e+00
2.187530369939466368e+00
2.188477159450894050e+00
2.189429862411801153e+00
2.190388465237314453e+00
2.191352954111630780e+00
2.192323314988576577e+00
2.193299533592189210e+00
2.194281595417324926e+00
2.195269485730285464e+00
2.196263189569471752e+00
2.197262691746058927e+00
2.198267976844693994e+00
2.199279029224218807e+00
2.200295833018411695e+00
2.201318372136757517e+00
2.202346630265235472e+00
2.203380590867131783e+00
2.204420237183873699e+00
2.205465552235888804e+00
2.206516518823482986e+00
2.207573119527741046e+00
2.208635336711452624e+00
2.209703152520056779e+00
2.210776548882607440e+00
2.211855507512764163e+00
2.212940009909802885e+00
2.214030037359645764e+00
2.215125570935915889e+00
2.216226591501011534e+00
2.217333079707199062e+00
2.218445015997728920e+00
2.219562380607972951e+00
2.220685153566579917e+00
2.221813314696653219e+00
2.222946843616947277e+00
2.224085719743083889e+00
2.225229922288788131e+00
2.226379430267145576e+00
2.227534222491876381e+00
2.228694277578628924e+00
2.229859573946296525e+00
2.231030089818344830e+00
2.232205803224164953e+00
2.233386692000440377e+00
2.234572733792535182e+00
2.235763906055898698e+00
2.236960186057487032e+00
2.238161550877203698e+00
2.239367977409354893e+00
2.240579442364124318e+00
2.241795922269065322e+00
2.243017393470605914e+00
2.244243832135573768e+00
2.245475214252734553e+00
2.246711515634347123e+00
2.247952711917735602e+00
2.249198778566875667e+00
2.250449690873993713e+00
2.251705423961184671e+00
2.252965952782042258e+00
2.254231252123304774e+00
2.255501296606510664e+00
2.256776060689675401e+00
2.258055518668975470e+00
2.259339644680448789e+00
2.260628412701705781e+00
2.261921796553655994e+00
2.263219769902245826e+00
2.264522306260206896e+00
2.265829378988819087e+00
2.267140961299683788e+00
2.268457026256508691e+00
2.269777546776903687e+00
2.271102495634186091e+00
2.272431845459199184e+00
2.273765568742140974e+00
2.275103637834398729e+00
2.276446024950397273e+00
2.277792702169455286e+00
2.279143641437653134e+00
2.280498814569702937e+00
2.281858193250835054e+00
2.283221749038688131e+00
2.284589453365208023e+00
2.285961277538555603e+00
2.287337192745019898e+00
2.288717170050939220e+00
2.290101180404632064e+00
2.291489194638328897e+00
2.292881183470113271e+00
2.294277117505872710e+00
2.295676967241246036e+00
2.297080703063583584e+00
2.298488295253911406e+00
2.299899713988898586e+00
2.301314929342828552e+00
2.302733911289578383e+00
2.304156629704594561e+00
2.305583054366883378e+00
2.307013154960994239e+00
2.308446901079012292e+00
2.309884262222549722e+00
2.311325207804747706e+00
2.312769707152268150e+00
2.314217729507296095e+00
2.315669244029543439e+00
2.317124219798252227e+00
2.318582625814196163e+00
2.320044431001690555e+00
2.321509604210592936e+00
2.322978114218316126e+00
2.324449929731827513e+00
2.325925019389660786e+00
2.327403351763917438e+00
2.328884895362275831e+00
2.330369618629990924e+00
2.331857489951898899e+00
2.333348477654417774e+00
2.334842550007546702e+00
2.336339675226863033e+00
2.337839821475517166e+00
2.339342956866222956e+00
2.340849049463249454e+00
2.342358067284406431e+00
2.343869978303025015e+00
2.345384750449940992e+00
2.346902351615464788e+00
2.348422749651358998e+00
2.349945912372800816e+00
2.351471807560345795e+00
2.353000402961884951e+00
2.354531666294599201e+00
2.356065565246904470e+00
2.357602067480395025e+00
2.359141140631778377e+00
2.360682752314806176e+00
2.362226870122199784e+00
2.363773461627564743e+00
2.365322494387303465e+00
2.366873935942519935e+00
2.368427753820916415e+00
2.369983915538683483e+00
2.371542388602382978e+00
2.373103140510822051e+00
2.374666138756921452e+00
2.376231350829571820e+00
2.377798744215489979e+00
2.379368286401055688e+00
2.380939944874149727e+00
2.382513687125975554e+00
2.384089480652877846e+00
2.385667292958147723e+00
2.387247091553821754e+00
2.388828843962469417e+00
2.390412517718972563e+00
2.391998080372291557e+00
2.393585499487225654e+00
2.395174742646161814e+00
2.396765777450811541e+00
2.398358571523939720e+00
2.399953092511080577e+00
2.401549308082244760e+00
2.403147185933613983e+00
2.404746693789224565e+00
2.406347799402642984e+00
2.407950470558624545e+00
2.409554675074765839e+00
2.411160380803141212e+00
2.412767555631931682e+00
2.414376167487038316e+00
2.415986184333686282e+00
2.417597574178014241e+00
2.419210305068654865e+00
2.420824345098299801e+00
2.422439662405253546e+00
2.424056225174973545e+00
2.425674001641603184e+00
2.427292960089482587e+00
2.428913068854654522e+00
2.430534296326353871e+00
2.432156610948482456e+00
2.433779981221076305e+00
2.435404375701753832e+00
2.437029763007155125e+00
2.438656111814363925e+00
2.440283390862318935e+00
2.441911568953211376e+00
2.443540614953866541e+00
2.445170497797115150e+00
2.446801186483149593e+00
2.448432650080864192e+00
2.450064857729185253e+00
2.451697778638384229e+00
2.453331382091377577e+00
2.454965637445015059e+00
2.456600514131351165e+00
2.458235981658901004e+00
2.459872009613888633e+00
2.461508567661473634e+00
2.463145625546967032e+00
2.464783153097033441e+00
2.466421120220876784e+00
2.468059496911415351e+00
2.469698253246437325e+00
2.471337359389745636e+00
2.472976785592288174e+00
2.474616502193271561e+00
2.476256479621263384e+00
2.477896688395275326e+00
2.479537099125839195e+00
2.481177682516059857e+00
2.482818409362661072e+00
2.484459250557010890e+00
2.486100177086138618e+00
2.487741160033730470e+00
2.489382170581117659e+00
2.491023180008243632e+00
2.492664159694622406e+00
2.494305081120276935e+00
2.495945915866669473e+00
2.497586635617610185e+00
2.499227212160158640e+00
2.500867617385504893e+00
2.502507823289838562e+00
2.504147801975205478e+00
2.505787525650345682e+00
2.507426966631522980e+00
2.509066097343331858e+00
2.510704890319499061e+00
2.512343318203666076e+00
2.513981353750156078e+00
2.515618969824730655e+00
2.517256139405331883e+00
2.518892835582805745e+00
2.520529031561617561e+00
2.522164700660548764e+00
2.523799816313383459e+00
2.525434352069577226e+00
2.527068281594916144e+00
2.528701578672158057e+00
2.530334217201662295e+00
2.531966171202006510e+00
2.533597414810587978e+00
2.535227922284209789e+00
2.536857667999659061e+00
2.538486626454267370e+00
2.540114772266456988e+00
2.541742080176276897e+00
2.543368525045923700e+00
2.544994081860249668e+00
2.546618725727257004e+00
2.548242431878579239e+00
2.549865175669952855e+00
2.551486932581668032e+00
2.553107678219015408e+00
2.554727388312713288e+00
2.556346038719328639e+00
2.557963605421676334e+00
2.559580064529215715e+00
2.561195392278425853e+00
2.562809565033175474e+00
2.564422559285076897e+00
2.566034351653826207e+00
2.567644918887536321e+00
2.569254237863051404e+00
2.570862285586255069e+00
2.572469039192363915e+00
2.574074475946207308e+00
2.575678573242499159e+00
2.577281308606095944e+00
2.578882659692243173e+00
2.580482604286809423e+00
2.582081120306512378e+00
2.583678185799128446e+00
2.585273778943693923e+00
2.586867878050695513e+00
2.588460461562248849e+00
2.590051508052265916e+00
2.591640996226610927e+00
2.593228904923245981e+00
2.594815213112366070e+00
2.596399899896524754e+00
2.597982944510744741e+00
2.599564326322623575e+00
2.601144024832426016e+00
2.602722019673163523e+00
2.604298290610670641e+00
2.605872817543664510e+00
2.607445580503798155e+00
2.609016559655700895e+00
2.610585735297011656e+00
2.612153087858401612e+00
2.613718597903585739e+00
2.615282246129329913e+00
2.616844013365438482e+00
2.618403880574744491e+00
2.619961828853080377e+00
2.621517839429247765e+00
2.623071893664971288e+00
2.624623973054848847e+00
2.626174059226288104e+00
2.627722133939439875e+00
2.629268179087117741e+00
2.630812176694709681e+00
2.632354108920086144e+00
2.633893958053492135e+00
2.635431706517437966e+00
2.636967336866578027e+00
2.638500831787579326e+00
2.640032174098988715e+00
2.641561346751086337e+00
2.643088332825733744e+00
2.644613115536212700e+00
2.646135678227059085e+00
2.647656004373886596e+00
2.649174077583202891e+00
2.650689881592221742e+00
2.652203400268662303e+00
2.653714617610548832e+00
2.655223517745995299e+00
2.656730084932987346e+00
2.658234303559157574e+00
2.659736158141554174e+00
2.661235633326398453e+00
2.662732713888843250e+00
2.664227384732716697e+00
2.665719630890266867e+00
2.667209437521896209e+00
2.668696789915887102e+00
2.670181673488129181e+00
2.671664073781832016e+00
2.673143976467239558e+00
2.674621367341330380e+00
2.676096232327519697e+00
2.677568557475351607e+00
2.679038328960186899e+00
2.680505533082884195e+00
2.681970156269479322e+00
2.683432185070852682e+00
2.684891606162398414e+00
2.686348406343683770e+00
2.687802572538104062e+00
2.689254091792536272e+00
2.690702951276983335e+00
2.692149138284212206e+00
2.693592640229395485e+00
2.695033444649738819e+00
2.696471539204110091e+00
2.697906911672661501e+00
2.699339549956446760e+00
2.700769442077036064e+00
2.702196576176123965e+00
2.703620940515136795e+00
2.705042523474832983e+00
2.706461313554898940e+00
2.707877299373545377e+00
2.709290469667092971e+00
2.710700813289561140e+00
2.712108319212248375e+00
2.713512976523311249e+00
2.714914774427338973e+00
2.716313702244924855e+00
2.717709749412233755e+00
2.719102905480567767e+00
2.720493160115926123e+00
2.721880503098564663e+00
2.723264924322551295e+00
2.724646413795314803e+00
2.726024961637199873e+00
2.727400558081007453e+00
2.728773193471540903e+00
2.730142858265147687e+00
2.731509543029255749e+00
2.732873238441908104e+00
2.734233935291298767e+00
2.735591624475300687e+00
2.736946297000994122e+00
2.738297943984193239e+00
2.739646556648970055e+00
2.740992126327172596e+00
2.742334644457948389e+00
2.743674102587257302e+00
2.745010492367390587e+00
2.746343805556480167e+00
2.747674034018012357e+00
2.749001169720336701e+00
2.750325204736173035e+00
2.751646131242118987e+00
2.752963941518150826e+00
2.754278627947130076e+00
2.755590183014303030e+00
2.756898599306800701e+00
2.758203869513136119e+00
2.759505986422703838e+00
2.760804942925272787e+00
2.762100732010482673e+00
2.763393346767335945e+00
2.764682780383691973e+00
2.765969026145756793e+00
2.767252077437571955e+00
2.768531927740505605e+00
2.769808570632741329e+00
2.771081999788762573e+00
2.772352208978841936e+00
2.773619192068525141e+00
2.774882943018118553e+00
2.776143455882170485e+00
2.777400724808956944e+00
2.778654744039965152e+00
2.779905507909374851e+00
2.781153010843541384e+00
2.782397247360478332e+00
2.783638212069337037e+00
2.784875899669890575e+00
2.786110304952011507e+00
2.787341422795155399e+00
2.788569248167839021e+00
2.789793776127122538e+00
2.791015001818087260e+00
2.792232920473318725e+00
2.793447527412384002e+00
2.794658818041314774e+00
2.795866787852084201e+00
2.797071432422089554e+00
2.798272747413632189e+00
2.799470728573397071e+00
2.800665371731934083e+00
2.801856672803139769e+00
2.803044627783739084e+00
2.804229232752764478e+00
2.805410483871039418e+00
2.806588377380661914e+00
2.807762909604486268e+00
2.808934076945604819e+00
2.810101875886834577e+00
2.811266302990200749e+00
2.812427354896419374e+00
2.813585028324385284e+00
2.814739320070656969e+00
2.815890227008944535e+00
2.817037746089595895e+00
2.818181874339085624e+00
2.819322608859503365e+00
2.820459946828043574e+00
2.821593885496497478e+00
2.822724422190741933e+00
2.823851554310234491e+00
2.824975279327503586e+00
2.826095594787644938e+00
2.827212498307815292e+00
2.828325987576727929e+00
2.829436060354152627e+00
2.830542714470409393e+00
2.831645947825869758e+00
2.832745758390458501e+00
2.833842144203151392e+00
2.834935103371480025e+00
2.836024634071034445e+00
2.837110734544967983e+00
2.838193403103502988e+00
2.839272638123438774e+00
2.840348438047658686e+00
2.841420801384639372e+00
2.842489726707964071e+00
2.843555212655832776e+00
2.844617257930575072e+00
2.845675861298167852e+00
2.846731021587748600e+00
2.847782737691134436e+00
2.848831008562340728e+00
2.849875833217100585e+00
2.850917210732388352e+00
2.851955140245942655e+00
2.852989620955789452e+00
2.854020652119769963e+00
2.855048233055067275e+00
2.856072363137736492e+00
2.857093041802234445e+00
2.858110268540952514e+00
2.859124042903752105e+00
2.860134364497496584e+00
2.861141232985591643e+00
2.862144648087521226e+00
2.863144609578390121e+00
2.864141117288464766e+00
2.865134171102716287e+00
2.866123770960367079e+00
2.867109916854434726e+00
2.868092608831285251e+00
2.869071846990178809e+00
2.870047631482824269e+00
2.871019962512931123e+00
2.871988840335767179e+00
2.872954265257713136e+00
2.873916237635823379e+00
2.874874757877383669e+00
2.875829826439478154e+00
2.876781443828549278e+00
2.877729610599966126e+00
2.878674327357589657e+00
2.879615594753345498e+00
2.880553413486792724e+00
2.881487784304698430e+00
2.882418708000610508e+00
2.883346185414438434e+00
2.884270217432026495e+00
2.885190804984739454e+00
2.886107949049041554e+00
2.887021650646081294e+00
2.887931910841278427e+00
2.888838730743910954e+00
2.889742111506705236e+00
2.890642054325427424e+00
2.891538560438476235e+00
2.892431631126480607e+00
2.893321267711894684e+00
2.894207471558598144e+00
2.895090244071497398e+00
2.895969586696127251e+00
2.896845500918258320e+00
2.897717988263500910e+00
2.898587050296915990e+00
2.899452688622625285e+00
2.900314904883423583e+00
2.901173700760391938e+00
2.902029077972517523e+00
2.902881038276308612e+00
2.903729583465417097e+00
2.904574715370259241e+00
2.905416435857639978e+00
2.906254746830381208e+00
2.907089650226945654e+00
2.907921148021072266e+00
2.908749242221402298e+00
2.909573934871118706e+00
2.910395228047577110e+00
2.911213123861946972e+00
2.912027624458849662e+00
2.912838732016000076e+00
2.913646448743852257e+00
2.914450776885241456e+00
2.915251718715034190e+00
2.916049276539776969e+00
2.916843452697346795e+00
2.917634249556606552e+00
2.918421669517057726e+00
2.919205715008499347e+00
2.919986388490686036e+00
2.920763692452989613e+00
2.921537629414062476e+00
