1.556441641882179461e+01 1.560752910781718406e+01 1.555104774444023619e+01 1.553930315960169040e+01 1.555099857270624852e+01
1.553320547145775166e+01 1.561812416272653792e+01 1.550670728771688722e+01 1.548343961539377212e+01 1.550663010535352093e+01
1.550633260273551528e+01 1.563176128362053063e+01 1.546694954937754751e+01 1.543239067690201338e+01 1.546687820112026301e+01
1.548376384564783770e+01 1.564841743794803541e+01 1.543174612056726858e+01 1.538613795862490541e+01 1.543172660688470010e+01
1.546546580631104462e+01 1.566807029617617530e+01 1.540106923177453524e+01 1.534466336106354234e+01 1.540115921142655431e+01
1.545140564984132503e+01 1.569069810029599132e+01 1.537489172333566501e+01 1.530794905372582093e+01 1.537516004407383718e+01
1.544155108714190128e+01 1.571627954375082403e+01 1.535318701864609992e+01 1.527597745991706901e+01 1.535371327378432049e+01
1.543587036252297295e+01 1.574479366037621375e+01 1.533592909969901541e+01 1.524873124308428451e+01 1.533680320862064228e+01
1.543433224206221155e+01 1.577621972048116383e+01 1.532309248475029939e+01 1.522619329454898818e+01 1.532441429557251134e+01
1.543690600264252133e+01 1.581053713250750903e+01 1.531465220788557602e+01 1.520834672244430585e+01 1.531653112068681644e+01
1.544356142160070000e+01 1.584772534897433438e+01 1.531058380029730337e+01 1.519517484169919364e+01 1.531313840946438987e+01
1.545426876691971607e+01 1.588776377562676068e+01 1.531086327309297701e+01 1.518666116492187079e+01 1.531422102748492797e+01
1.546899878790870098e+01 1.593063168287569908e+01 1.531546710147084234e+01 1.518278939404480177e+01 1.531976398122297311e+01
1.548772270631153880e+01 1.597630811874970824e+01 1.532437221011449502e+01 1.518354341260204166e+01 1.532975241901927355e+01
1.551041220779249485e+01 1.602477182270200728e+01 1.533755595967104313e+01 1.518890727851691302e+01 1.534417163217342051e+01
1.553703943374855712e+01 1.607600113967341215e+01 1.535499613418495812e+01 1.519886521728343709e+01 1.536300705612503315e+01
1.556757697339980595e+01 1.612997393391738044e+01 1.537667092937184954e+01 1.521340161542964076e+01 1.538624427169244768e+01
1.560199785611342627e+01 1.618666750212512895e+01 1.540255894162458361e+01 1.523250101415424673e+01 1.541386900633924917e+01
1.564027554391705799e+01 1.624605848545171938e+01 1.543263915764952898e+01 1.525614810303054369e+01 1.544586713544052081e+01
1.568238392415918803e+01 1.630812278006213489e+01 1.546689094463882341e+01 1.528432771367245380e+01 1.548222468352208736e+01
1.572829730227617873e+01 1.637283544585955752e+01 1.550529404088970864e+01 1.531702481325793563e+01 1.552292782544748206e+01
1.577799039462498421e+01 1.644017061307132721e+01 1.554782854678521353e+01 1.535422449780372744e+01 1.556796288752874702e+01
1.583143832134166296e+01 1.651010138638558544e+01 1.559447491605530089e+01 1.539591198508312075e+01 1.561731634853826556e+01
1.588861659918506497e+01 1.658259974634221834e+01 1.564521394723984749e+01 1.544207260707461238e+01 1.567097484060013635e+01
1.594950113432403782e+01 1.665763644768612650e+01 1.570002677527602053e+01 1.549269180182390571e+01 1.572892514994040170e+01
1.601406821502473576e+01 1.673518091439409972e+01 1.575889486313349153e+01 1.554775510459467114e+01 1.579115421747629355e+01
1.608229450419154105e+01 1.681520113108438252e+01 1.582179999342111287e+01 1.560724813817387258e+01 1.585764913922488972e+01
1.615415703171201756e+01 1.689766353051183501e+01 1.588872425988535220e+01 1.567115660218607331e+01 1.592839716651192639e+01
1.622963318654985798e+01 1.698253287684415724e+01 1.595965005871921072e+01 1.573946626125627368e+01 1.600338570596092325e+01
1.630870070852397546e+01 1.706977214440098578e+01 1.603456007959310625e+01 1.581216293184280097e+01 1.608260231924192851e+01
1.639133767970326261e+01 1.715934239152430862e+01 1.611343729631502697e+01 1.588923246753984131e+01 1.616603472255723162e+01
1.647752251533336576e+01 1.725120262923082137e+01 1.619626495701560387e+01 1.597066074262187740e+01 1.625367078583893843e+01
1.656723395420031153e+01 1.734530968427415232e+01 1.628302657374183937e+01 1.605643363356938380e+01 1.634549853162895872e+01
1.666045104831574264e+01 1.744161805622300321e+01 1.637370591132859587e+01 1.614653699827521294e+01 1.644150613360652358e+01
1.675715315178471698e+01 1.754007976813154457e+01 1.646828697539558561e+01 1.624095665258185051e+01 1.654168191471991278e+01
1.685731990869292218e+01 1.764064421034998986e+01 1.656675399929170567e+01 1.633967834374008987e+01 1.664601434486855780e+01
1.696093123980610784e+01 1.774325797699111007e+01 1.666909142977866054e+01 1.644268772030723014e+01 1.675449203806467224e+01
1.706796732783384840e+01 1.784786469452934554e+01 1.677528391120294060e+01 1.654997029791233487e+01 1.686710374898764542e+01
1.717840860095198252e+01 1.795440484197361997e+01 1.688531626785400874e+01 1.666151142020723697e+01 1.698383836880888609e+01
1.729223571419367289e+01 1.806281556200999816e+01 1.699917348414540186e+01 1.677729621418597006e+01 1.710468492013095698e+01
1.740942952823419532e+01 1.817303046246874842e+01 1.711684068216932531e+01 1.689730953888759402e+01 1.722963255082817824e+01
1.752997108496945344e+01 1.828497940742682459e+01 1.723830309607249589e+01 1.702153592628804191e+01 1.735867052649989262e+01
1.765384157910694540e+01 1.839858829720450828e+01 1.736354604257265066e+01 1.714995951292744891e+01 1.749178822114033238e+01
1.778102232480863165e+01 1.851377883648699907e+01 1.749255488675772341e+01 1.728256396048817223e+01 1.762897510547630020e+01
1.791149471616219202e+01 1.863046828972284885e+01 1.762531500209325230e+01 1.741933236312928557e+01 1.777022073220493326e+01
1.804524017984285322e+01 1.874856922295356298e+01 1.776181172328512403e+01 1.756024713885452115e+01 1.791551471704598697e+01
1.818224011792100825e+01 1.886798923117401117e+01 1.790203029026599069e+01 1.770528990152016391e+01 1.806484671405610598e+01
1.832247583812089786e+01 1.898863065030840858e+01 1.804595578106905407e+01 1.785444130922537909e+01 1.821820638296369310e+01
1.846592846800396615e+01 1.911039025288871684e+01 1.819357303074547971e+01 1.800768088371387066e+01 1.837558334525072823e+01
1.861257884844582478e+01 1.923315892654355963e+01 1.834486653261907918e+01 1.816498679394764793e+01 1.853696712415676728e+01
1.876240740027082055e+01 1.935682133446627518e+01 1.849982031696101714e+01 1.832633559511429766e+01 1.870234706140622905e+01
1.891539395587772177e+01 1.948125555714740287e+01 1.865841780068098643e+01 1.849170191178968636e+01 1.887171219988374204e+01
1.907151754494450913e+01 1.960633271482370077e+01 1.882064159948682658e+01 1.866105805062129619e+01 1.904505111601540790e+01
1.923075611949965946e+01 1.973191657037068936e+01 1.898647329104377590e+01 1.883437352332417802e+01 1.922235167728454286e+01
1.939308619855739835e+01 1.985786311274758020e+01 1.915589311368887238e+01 1.901161445462680177e+01 1.940360068800387339e+01
1.955848240521843096e+01 1.998402012165082553e+01 1.932887957961616010e+01 1.919274284167166655e+01 1.958878336839728007e+01
1.972691685977632403e+01 2.011022671479576829e+01 1.950540897365473114e+01 1.937771561939964471e+01 1.977788258681368205e+01
1.989835837864074719e+01 2.023631288026315289e+01 1.968545469767847678e+01 1.956648347081404538e+01 1.997087773132090760e+01
2.007277141062369097e+01 2.036209899773635712e+01 1.986898640491028445e+01 1.975898929852042585e+01 2.016774306531362271e+01
2.025011461716994887e+01 2.048739535428614289e+01 2.005596884608153729e+01 1.995516624255527205e+01 2.036844536389265059e+01
2.043033896916984915e+01 2.061200166277851054e+01 2.024636031711424167e+01 2.015493508502016340e+01 2.057294057567593626e+01
2.061338518755073679e+01 2.073570659410977157e+01 2.044011055141353950e+01 2.035820081909538359e+01 2.078116919742863900e+01
2.079918029532278467e+01 2.085828733853119132e+01 2.063715783540953552e+01 2.056484807079814559e+01 2.099304998036455316e+01
2.098763297187753807e+01 2.097950921640873645e+01 2.083742502978649114e+01 2.077473493614018096e+01 2.120847150010751392e+01
2.117862730535784976e+01 2.109912536515381731e+01 2.104081404825950941e+01 2.098768462057800832e+01 2.142728101590206791e+01
2.137201442656793304e+01 2.121687653731055079e+01 2.124719816375587556e+01 2.120347403343666315e+01 2.164926993566600899e+01
2.156760138404056804e+01 2.133249105358144604e+01 2.145641127031511175e+01 2.142181818397925852e+01 2.187415511975924431e+01
2.176513650448332271e+01 2.144568496618799358e+01 2.166823292520369648e+01 2.164234887295071630e+01 2.210155524849781017e+01
2.196429040376463604e+01 2.155616250035083681e+01 2.188236764939741619e+01 2.186458584798532101e+01 2.233096161406702507e+01
2.216463183091754274e+01 2.166361685444789842e+01 2.209841663690392366e+01 2.208789848309119108e+01 2.256170308026483085e+01
2.236559773527350714e+01 2.176773145193232040e+01 2.231583985481455557e+01 2.231145654882224960e+01 2.279290572577965790e+01
2.256645747959020554e+01 2.186818174768459855e+01 2.253390676496569967e+01 2.253417038999571531e+01 2.302344902167671847e+01
2.276627216783439778e+01 2.196463769533101384e+01 2.275163498108329563e+01 2.275462457612359302e+01 2.325192245061149166e+01
2.296385182482978138e+01 2.205676697410371645e+01 2.296771867409445989e+01 2.297101523928264299e+01 2.347658929473474387e+01
2.315771581429574866e+01 2.214423905285153182e+01 2.318045311564735300e+01 2.318110909803202446e+01 2.369536763900770993e+01
2.334606534900719410e+01 2.222673012370229628e+01 2.338766884909738408e+01 2.338224892573912328e+01 2.390584164646294951e+01
2.352678066579048632e+01 2.230392886932929741e+01 2.358669813567630769e+01 2.357143160983634900e+01 2.410531731786496223e+01
2.369745802117897782e+01 2.237554293299979591e+01 2.377440500139451274e+01 2.374547639509794550e+01 2.429093411428045002e+01
2.385550081296266356e+01 2.244130584650045535e+01 2.394731275637444412e+01 2.390128020319371061e+01 2.445983508393337758e+01
2.399827217812813274e+01 2.250098405219138442e+01 2.410185104534068046e+01 2.403612727921770542e+01 2.460938338283921922e+01
2.412330202240099197e+01 2.255438355494386116e+01 2.423471229194836951e+01 2.414799241002026164e+01 2.473739565815156283e+01
2.422852190190741339e+01 2.260135568497079817e+01 2.434325962128174226e+01 2.423576575450953996e+01 2.484234960520647562e+01
2.431248372119047829e+01 2.264180146764065782e+01 2.442588653280334299e+01 2.429934342689244176e+01 2.492352179745477514e+01
2.437451265571131032e+01 2.267567419235995274e+01 2.448222266565004901e+01 2.433956741710911231e+01 2.498102605682145594e+01
2.441475733060988418e+01 2.270297994055809454e+01 2.451312439842327962e+01 2.435804281117499670e+01 2.501574786236593084e+01
2.443412799413209413e+01 2.272377604347304114e+01 2.452046431911822211e+01 2.435688891518395494e+01 2.502919615740051285e+01
2.443414411441601430e+01 2.273816765233665649e+01 2.450679760044927491e+01 2.433848450578912903e+01 2.502331007646655436e+01
2.441673296124436021e+01 2.274630277584259375e+01 2.447500448239414794e+01 2.430525137883391906e+01 2.500026020591725029e+01
2.438402383366214465e+01 2.274836624497154602e+01 2.442798673210301530e+01 2.425949721980115115e+01 2.496227476606067341e+01
2.433817167982541108e+01 2.274457309515463166e+01 2.436845547255586908e+01 2.420331919610647020e+01 2.491150707195564706e+01
2.428122718562962135e+01 2.273516182021158727e+01 2.429881191506671456e+01 2.413855808638322742e+01 2.484994776233259728e+01
2.421505553823849510e+01 2.272038787240673585e+01 2.422110218713563512e+01 2.406678869032660373e+01 2.477937669559332079e+01
2.414129670011984530e+01 2.270051768200055875e+01 2.413702164248999793e+01 2.398933301145665098e+01 2.470134543722378240e+01
2.406135625391317490e+01 2.267582336793220676e+01 2.404794688774709144e+01 2.390728560269636560e+01 2.461718071150681197e+01
2.397641597735381325e+01 2.264657822222160277e+01 2.395497976563834186e+01 2.382154373932765878e+01 2.452800053400238056e+01
2.388745532825187468e+01 2.261305298092259264e+01 2.385899344127807353e+01 2.373283787406150580e+01 2.443473676920666904e+01
2.379527754572500342e+01 2.257551284525337820e+01 2.376067525844501205e+01 2.364175987870734374e+01 2.433815984699466739e+01
2.370053634374646379e+01 2.253421518577783189e+01 2.366056402121659019e+01 2.354878793543059246e+01 2.423890299428833117e+01
2.360376090593330645e+01 2.248940784658965697e+01 2.355908111251390835e+01 2.345430776492869285e+01 2.413748452590211357e+01
2.350537808016266794e+01 2.244132796133272834e+01 2.345655577773959521e+01 2.335863033361130547e+01 2.403432753313779457e+01
2.340573141551402614e+01 2.239020119508050044e+01 2.335324530175711288e+01 2.326200640065642489e+01 2.392977680247895833e+01
2.330509710999377404e+01 2.233624133266326695e+01 2.324935091823618905e+01 2.316463834426045310e+01 2.382411307773484310e+01
2.320369715253880827e+01 2.227965014288607648e+01 2.314503025499524469e+01 2.306668970754128623e+01 2.371756492001881256e+01
2.310171002862452738e+01 2.222061745774952612e+01 2.304040702073164226e+01 2.296829286746292453e+01 2.361031847476673917e+01
2.299927937114652465e+01 2.215932141534129229e+01 2.293557852243521822e+01 2.286955517770503121e+01 2.350252545987438424e+01
2.289652091232181519e+01 2.209592882396514568e+01 2.283062149098034155e+01 2.277056388140231391e+01 2.339430966756013319e+01
2.279352804980248237e+01 2.203059561304061376e+01 2.272559659424160827e+01 2.267139003711914214e+01 2.328577223935397811e+01
2.269037629318550842e+01 2.196346734325447869e+01 2.262055193521700858e+01 2.257209165721721789e+01 2.317699593694343818e+01
2.258712681185300752e+01 2.189467975438643776e+01 2.251552576646695059e+01 2.247271621807033171e+01 2.306804859605942681e+01
2.248382926465123433e+01 2.182435933425152896e+01 2.241054859970706303e+01 2.237330267018475283e+01 2.295898591845026360e+01
2.238052405730672945e+01 2.175262389641854455e+01 2.230564484860292040e+01 2.227388305019808357e+01 2.284985372903168255e+01
2.227724414457582469e+01 2.167958315791250001e+01 2.220083411053533951e+01 2.217448377579662733e+01 2.274068980161231224e+01
2.217401647047556423e+01 2.160533931113045369e+01 2.209613216915612099e+01 2.207512668788626797e+01 2.263152533691434343e+01
2.207086312081806412e+01 2.152998758684999814e+01 2.199155178045566217e+01 2.197582989103294437e+01 2.252238616038956565e+01
2.196780224699519479e+01 2.145361680764877832e+01 2.188710329059092530e+01 2.187660843265036092e+01 2.241329369441022124e+01
2.186484880771520523e+01 2.137630993347132602e+01 2.178279512273810070e+01 2.177747485302708341e+01 2.230426574811566098e+01
2.176201516544128012e+01 2.129814460371125762e+01 2.167863416172662383e+01 2.167843963196503410e+01 2.219531716042204295e+01
2.165931156722319884e+01 2.121919368333155020e+01 2.157462605870385985e+01 2.157951155180087000e+01 2.208646032426162265e+01
2.155674653291830722e+01 2.113952582464096253e+01 2.147077547308096257e+01 2.148069799364928656e+01 2.197770561468628969e+01
2.145432716930142547e+01 2.105920606198477785e+01 2.136708626516083243e+01 2.138200517937809764e+01 2.186906173912145590e+01
2.135205942475472796e+01 2.097829646453004315e+01 2.126356164987588926e+01 2.128343836980854675e+01 2.176053602440163459e+01
2.124994829618717773e+01 2.089685688328130198e+01 2.116020431994857276e+01 2.118500202739390303e+01 2.165213465245070523e+01
2.114799799749808784e+01 2.081494584220518718e+01 2.105701654443137016e+01 2.108669995004363784e+01 2.154386285412243396e+01
2.104621209701278772e+01 2.073262163542416658e+01 2.095400024818887630e+01 2.098853538144916797e+01 2.143572506893279694e+01
2.094459362983277018e+01 2.064994368353916698e+01 2.085115707584993672e+01 2.089051110223137897e+01 2.132772507691276687e+01
2.084314518986757037e+01 2.056697411006616605e+01 2.074848844352898070e+01 2.079262950540581301e+01 2.121986610764857417e+01
2.074186900535654843e+01 2.048377916616006900e+01 2.064599558070305463e+01 2.069489265898981145e+01 2.111215093058730474e+01
2.064076700107919393e+01 2.040042932842112577e+01 2.054367956420720631e+01 2.059730235805244192e+01 2.100458193010269881e+01
2.053984084945486899e+01 2.031699591789422499e+01 2.044154134590058547e+01 2.049986016806677469e+01 2.089716116772532217e+01
2.043909201285114818e+01 2.023354315653283919e+01 2.033958177522587008e+01 2.040256746109952246e+01 2.078989043406814829e+01
2.033852177855561649e+01 2.015011962207151797e+01 2.023780161764497265e+01 2.030542544613604150e+01 2.068277129215860555e+01
2.023813128776149028e+01 2.006675572075036129e+01 2.013620156974287667e+01 2.020843519434964719e+01 2.057580511360512787e+01
2.013792155963280450e+01 1.998346772979185104e+01 2.003478227162284497e+01 2.011159766044580621e+01 2.046899310890559320e+01
2.003789351132412477e+01 1.990026352893098505e+01 1.993354431710360330e+01 2.001491370056485408e+01 2.036233635284179755e+01
1.993804797467270618e+01 1.981714675302304940e+01 1.983248826212612670e+01 1.991838408736788324e+01 2.025583580581433907e+01
1.983838571012752539e+01 1.973411906861972298e+01 1.973161463169685348e+01 1.982200952278076045e+01 2.014949233179410726e+01
1.973890741840310170e+01 1.965118126558263612e+01 1.963092392563633481e+01 1.972579064876402200e+01 2.004330671344619930e+01
1.963961375024609879e+01 1.956833374811600024e+01 1.953041662334820217e+01 1.962972805644309560e+01 1.993727966489534964e+01
1.954050531462982576e+01 1.948557674919644356e+01 1.943009318778268124e+01 1.953382229385280056e+01 1.983141184252191280e+01
1.944158268564567749e+01 1.940291042309609182e+01 1.932995406873930833e+01 1.943807387252363128e+01 1.972570385410138982e+01
1.934284640830887625e+01 1.932033488529310361e+01 1.922999970562389294e+01 1.934248327309049742e+01 1.962015626655742651e+01
1.924429700345498162e+01 1.923785022990105276e+01 1.913023052975492888e+01 1.924705095007771760e+01 1.951476961255119491e+01
1.914593497187905058e+01 1.915545653752792532e+01 1.903064696629798291e+01 1.915177733598823906e+01 1.940954439608774962e+01
1.904776079784059917e+01 1.907315387905095960e+01 1.893124943589114295e+01 1.905666284480436801e+01 1.930448109729614714e+01
1.894977495203496431e+01 1.899094231762865093e+01 1.883203835601434761e+01 1.896170787498985533e+01 1.919958017651311621e+01
1.885197789411806113e+01 1.890882190993132994e+01 1.873301414214589400e+01 1.886691281206881143e+01 1.909484207777585141e+01
1.875437007485540875e+01 1.882679270700607432e+01 1.863417720874116768e+01 1.877227803084534230e+01 1.899026723181626508e+01
1.865695193795350093e+01 1.874485475495348297e+01 1.853552797006326358e+01 1.867780389731685275e+01 1.888585605863329775e+01
1.855972392162430751e+01 1.866300809549523620e+01 1.843706684089321968e+01 1.858349077032669072e+01 1.878160896970574001e+01
1.846268645992396173e+01 1.858125276646704904e+01 1.833879423713133860e+01 1.848933900299426369e+01 1.867752636990076809e+01
1.836583998390004524e+01 1.849958880225678470e+01 1.824071057631412174e+01 1.839534894395485054e+01 1.857360865912390580e+01
1.826918492257706461e+01 1.841801623419647882e+01 1.814281627806098030e+01 1.830152093843667060e+01 1.846985623374788688e+01
1.817272170380469731e+01 1.833653509091559997e+01 1.804511176445662812e+01 1.820785532919839866e+01 1.836626948785377778e+01
1.807645075498902187e+01 1.825514539866168562e+01 1.794759746038337056e+01 1.811435245734703159e+01 1.826284881431201157e+01
1.798037250372458828e+01 1.817384718158893975e+01 1.785027379381008217e+01 1.802101266305287552e+01 1.815959460572609885e+01
1.788448737834195512e+01 1.809264046202124021e+01 1.775314119604427532e+01 1.792783628617615932e+01 1.805650725525940459e+01
1.778879580838287922e+01 1.801152526069209969e+01 1.765620010195329215e+01 1.783482366681743514e+01 1.795358715736189126e+01
1.769329822501401139e+01 1.793050159696259271e+01 1.755945095015954394e+01 1.774197514580228230e+01 1.785083470841092890e+01
1.759799506138784153e+01 1.784956948902062734e+01 1.746289418321345011e+01 1.764929106510943768e+01 1.774825030727859243e+01
1.750288675295850638e+01 1.776872895406322073e+01 1.736653024774773613e+01 1.755677176824987384e+01 1.764583435583613635e+01
1.740797373775889412e+01 1.768798000846346952e+01 1.727035959461561276e+01 1.746441760060360338e+01 1.754358725940418751e+01
1.731325645664460922e+01 1.760732266792392053e+01 1.717438267901556159e+01 1.737222890971977662e+01 1.744150942715664954e+01
1.721873535350907147e+01 1.752675694761758862e+01 1.707859996060455998e+01 1.728020604558504658e+01 1.733960127248479566e+01
1.712441087547479057e+01 1.744628286231796466e+01 1.698301190360149349e+01 1.718834936086437892e+01 1.723786321332686811e+01
1.703028347306320711e+01 1.736590042651900490e+01 1.688761897688218028e+01 1.709665921111793807e+01 1.713629567246896102e+01
1.693635360034546977e+01 1.728560965454627407e+01 1.679242165406729015e+01 1.700513595499726094e+01 1.703489907782086377e+01
1.684262171507799266e+01 1.720541056065989238e+01 1.669742041360418838e+01 1.691377995442332960e+01 1.693367386266868380e+01
1.674908827882522644e+01 1.712530315915026335e+01 1.660261573884357844e+01 1.682259157474891964e+01 1.683262046591018901e+01
1.665575375706935546e+01 1.704528746442730025e+01 1.650800811811163626e+01 1.673157118490738071e+01 1.673173933227494103e+01
1.656261861931047719e+01 1.696536349110357733e+01 1.641359804477839290e+01 1.664071915754943731e+01 1.663103091252951415e+01
1.646968333915769023e+01 1.688553125407225153e+01 1.631938601732283445e+01 1.655003586916967961e+01 1.653049566367205259e+01
1.637694839441253691e+01 1.680579076858016663e+01 1.622537253939523083e+01 1.645952170022399841e+01 1.643013404911665631e+01
1.628441426714563889e+01 1.672614205029648460e+01 1.613155811987698485e+01 1.636917703523919343e+01 1.632994653886968095e+01
1.619208144376749559e+01 1.664658511537749419e+01 1.603794327293853073e+01 1.627900226291568941e+01 1.622993360969882204e+01
1.609995041509425917e+01 1.656711998052785262e+01 1.594452851809534621e+01 1.618899777622431202e+01 1.613009574529653989e+01
1.600802167640883766e+01 1.648774666305857650e+01 1.585131438026251871e+01 1.609916397249781994e+01 1.603043343643851770e+01
1.591629572751825883e+01 1.640846518094215156e+01 1.575830138980795248e+01 1.600950125351817732e+01 1.593094718113810337e+01
1.582477307280742096e+01 1.632927555286509147e+01 1.566549008260442655e+01 1.592001002559955225e+01 1.583163748479761779e+01
1.573345422128991089e+01 1.625017779827809150e+01 1.557288100008069165e+01 1.583069069966777676e+01 1.573250486035693285e+01
1.564233968665605268e+01 1.617117193744411452e+01 1.548047468927169135e+01 1.574154369133735365e+01 1.563354982844021812e+01
1.555142998731861148e+01 1.609225799148456204e+01 1.538827170286802470e+01 1.565256942098557502e+01 1.553477291750107625e+01
1.546072564645636049e+01 1.601343598242371868e+01 1.529627259926476768e+01 1.556376831382441317e+01 1.543617466396674764e+01
1.537022719205574894e+01 1.593470593323176665e+01 1.520447794260969765e+01 1.547514079997056236e+01 1.533775561238162766e+01
1.527993515695088789e+01 1.585606786786636668e+01 1.511288830285100815e+01 1.538668731451378768e+01 1.523951631555055641e+01
1.518985007886197636e+01 1.577752181131304354e+01 1.502150425578455817e+01 1.529840829758392395e+01 1.514145733468211219e+01
1.509997250043237216e+01 1.569906778962456073e+01 1.493032638310070759e+01 1.521030419441656356e+01 1.504357923953228493e+01
1.501030296926437479e+01 1.562070582995928980e+01 1.483935527243076535e+01 1.512237545541780648e+01 1.494588260854867023e+01
1.492084203795387864e+01 1.554243596061878918e+01 1.474859151739308416e+01 1.503462253622811318e+01 1.484836802901551067e+01
1.483159026412393899e+01 1.546425821108469201e+01 1.465803571763881763e+01 1.494704589778540438e+01 1.475103609719971587e+01
1.474254821045734865e+01 1.538617261205494202e+01 1.456768847889737906e+01 1.485964600638762967e+01 1.465388741849807985e+01
1.465371644472832102e+01 1.530817919547951256e+01 1.447755041302156975e+01 1.477242333375476591e+01 1.455692260758585554e+01
1.456509553983324601e+01 1.523027799459572407e+01 1.438762213803243029e+01 1.468537835709048878e+01 1.446014228856683026e+01
1.447668607382068551e+01 1.515246904396317262e+01 1.429790427816379328e+01 1.459851155914348375e+01 1.436354709512504435e+01
1.438848862992051814e+01 1.507475237949838487e+01 1.420839746390653069e+01 1.451182342826856164e+01 1.426713767067826844e+01
1.430050379657236270e+01 1.499712803850926512e+01 1.411910233205251686e+01 1.442531445848757699e+01 1.417091466853339199e+01
1.421273216745323253e+01 1.491959605972942526e+01 1.403001952573826649e+01 1.433898514955024339e+01 1.407487875204376238e+01
1.412517434150449525e+01 1.484215648335234938e+01 1.394114969448827956e+01 1.425283600699488673e+01 1.397903059476867327e+01
1.403783092295808288e+01 1.476480935106562775e+01 1.385249349425804155e+01 1.416686754220917166e+01 1.388337088063497049e+01
1.395070252136203415e+01 1.468755470608515878e+01 1.376405158747669155e+01 1.408108027249085481e+01 1.378790030410099376e+01
1.386378975160531191e+01 1.461039259318942918e+01 1.367582464308932444e+01 1.399547472110858415e+01 1.369261957032282950e+01
1.377709323394191543e+01 1.453332305875395747e+01 1.358781333659890400e+01 1.391005141736277295e+01 1.359752939532302030e+01
1.369061359401427680e+01 1.445634615078588503e+01 1.350001835010784923e+01 1.382481089664656970e+01 1.350263050616176663e+01
1.360435146287597519e+01 1.437946191895879622e+01 1.341244037235912856e+01 1.373975370050696654e+01 1.340792364111071144e+01
1.351830747701367841e+01 1.430267041464779076e+01 1.332508009877691180e+01 1.365488037670603738e+01 1.331340954982937319e+01
1.343248227836836861e+01 1.422597169096485281e+01 1.323793823150676907e+01 1.357019147928231106e+01 1.321908899354426481e+01
1.334687651435581124e+01 1.414936580279460365e+01 1.315101547945542215e+01 1.348568756861232387e+01 1.312496274523081752e+01
1.326149083788624239e+01 1.407285280683038309e+01 1.306431255832992022e+01 1.340136921147233373e+01 1.303103158979807930e+01
1.317632590738326748e+01 1.399643276161076599e+01 1.297783019067627919e+01 1.331723698110019960e+01 1.293729632427636567e+01
1.309138238680194100e+01 1.392010572755656739e+01 1.289156910591753302e+01 1.323329145725745271e+01 1.284375775800778285e+01
1.300666094564601138e+01 1.384387176700829514e+01 1.280553004039117049e+01 1.314953322629152943e+01 1.275041671283979205e+01
1.292216225898431148e+01 1.376773094426411248e+01 1.271971373738592348e+01 1.306596288119818361e+01 1.265727402332181128e+01
1.283788700746623057e+01 1.369168332561843648e+01 1.263412094717788392e+01 1.298258102168407468e+01 1.256433053690487789e+01
1.275383587733630719e+01 1.361572897940104632e+01 1.254875242706587102e+01 1.289938825422951751e+01 1.247158711414452092e+01
1.267000956044783777e+01 1.353986797601685410e+01 1.246360894140604003e+01 1.281638519215140093e+01 1.237904462890674750e+01
1.258640875427552430e+01 1.346410038798634368e+01 1.237869126164570410e+01 1.273357245566623774e+01 1.228670396857736158e+01
1.250303416192705441e+01 1.338842628998668438e+01 1.229400016635629989e+01 1.265095067195338530e+01 1.219456603427447483e+01
1.241988649215378793e+01 1.331284575889356780e+01 1.220953644126545257e+01 1.256852047521836724e+01 1.210263174106460582e+01
1.233696645936032787e+01 1.323735887382381193e+01 1.212530087928816869e+01 1.248628250675634277e+01 1.201090201818159287e+01
1.225427478361279299e+01 1.316196571617875577e+01 1.204129428055696671e+01 1.240423741501564514e+01 1.191937780924904899e+01
1.217181219064600306e+01 1.308666636968846930e+01 1.195751745245103770e+01 1.232238585566143740e+01 1.182806007250681724e+01
1.208957941186956475e+01 1.301146092045681968e+01 1.187397120962432240e+01 1.224072849163942678e+01 1.173694978104078146e+01
1.200757718437272814e+01 1.293634945700743089e+01 1.179065637403243905e+01 1.215926599323961632e+01 1.164604792301584624e+01
1.192580625092793056e+01 1.286133207033058490e+01 1.170757377495845297e+01 1.207799903816011344e+01 1.155535550191241434e+01
1.184426735999297797e+01 1.278640885393103943e+01 1.162472424903744184e+01 1.199692831157092066e+01 1.146487353676665322e+01
1.176296126571189582e+01 1.271157990387688308e+01 1.154210864027971262e+01 1.191605450617773698e+01 1.137460306241447938e+01
1.168188872791439081e+01 1.263684531884939055e+01 1.145972780009271652e+01 1.183537832228570785e+01 1.128454512973911505e+01
1.160105051211384364e+01 1.256220520019394904e+01 1.137758258730153926e+01 1.175490046786310216e+01 1.119470080592225614e+01
1.152044738950382019e+01 1.248765965197216588e+01 1.129567386816794539e+01 1.167462165860491830e+01 1.110507117469896698e+01
1.144008013695300718e+01 1.241320878101500647e+01 1.121400251640785228e+01 1.159454261799634800e+01 1.101565733661629487e+01
1.135994953699857035e+01 1.233885269697691811e+01 1.113256941320730320e+01 1.151466407737613373e+01 1.092646040929566809e+01
1.128005637783784820e+01 1.226459151239147438e+01 1.105137544723668697e+01 1.143498677599968794e+01 1.083748152769900841e+01
1.120040145331835824e+01 1.219042534272835709e+01 1.097042151466326843e+01 1.135551146110201692e+01 1.074872184439862899e+01
1.112098556292605167e+01 1.211635430645148226e+01 1.088970851916193539e+01 1.127623888796038010e+01 1.066018252985090342e+01
1.104180951177173320e+01 1.204237852507839257e+01 1.080923737192405198e+01 1.119716981995669336e+01 1.057186477267371494e+01
1.096287411057565464e+01 1.196849812324082585e+01 1.072900899166437583e+01 1.111830502863957904e+01 1.048376977992771764e+01
1.088418017565015816e+01 1.189471322874742398e+01 1.064902430462602112e+01 1.103964529378606585e+01 1.039589877740136714e+01
1.080572852888034774e+01 1.182102397264724658e+01 1.056928424458322979e+01 1.096119140346285548e+01 1.030825300989972604e+01
