1.346714450727649925e+01 1.367148803540383106e+01 1.349800441351530367e+01 1.346725898478386085e+01 1.342699755636683712e+01
1.343567747734332940e+01 1.386051826434346879e+01 1.349690841445197620e+01 1.343623332751790755e+01 1.335822554117369698e+01
1.340559647493459750e+01 1.406264174718064197e+01 1.349670100578232024e+01 1.340691230963449598e+01 1.329359848410785538e+01
1.337689892373707679e+01 1.426978749604753638e+01 1.349737104409666877e+01 1.337928508536356986e+01 1.323303219350621696e+01
1.334958229594448653e+01 1.446967154013914225e+01 1.349890767913549894e+01 1.335334087701386707e+01 1.317644391185036135e+01
1.332364410956940048e+01 1.464777917177060829e+01 1.350130031712950895e+01 1.332906895113042367e+01 1.312375228410573236e+01
1.329908191832770470e+01 1.479239844256905201e+01 1.350453858874131363e+01 1.330645861653014883e+01 1.307487727197553795e+01
1.327589331278744389e+01 1.489930234583958857e+01 1.350861231308551069e+01 1.328549922138195605e+01 1.302974019068676270e+01
1.325407591922597739e+01 1.497191228536240182e+01 1.351351149461071621e+01 1.326618014586816052e+01 1.298826370679610420e+01
1.323362739942542099e+01 1.501763854219159455e+01 1.351922632406200364e+01 1.324849079363319504e+01 1.295037182281668109e+01
1.321454544610289794e+01 1.504418998266458729e+01 1.352574717663059012e+01 1.323242058491408990e+01 1.291598986545147909e+01
1.319682778235084797e+01 1.505777599950524426e+01 1.353306459710519150e+01 1.321795894776687241e+01 1.288504446310593110e+01
1.318047216035922986e+01 1.506281457426227810e+01 1.354116928466719472e+01 1.320509531524809610e+01 1.285746351256438480e+01
1.316547635974367836e+01 1.506226125364946178e+01 1.355005208300850406e+01 1.319381911585782952e+01 1.283317614767243953e+01
1.315183818725874332e+01 1.505804022879865123e+01 1.355970397399470784e+01 1.318411976369423932e+01 1.281211270206935815e+01
1.313955547496289178e+01 1.505139318636669721e+01 1.357011606841177986e+01 1.317598665316059403e+01 1.279420467360746372e+01
1.312862607857322672e+01 1.504312304750785323e+01 1.358127960061964679e+01 1.316940914900802539e+01 1.277938468051990384e+01
1.311904787710120779e+01 1.503375304888595565e+01 1.359318591947935850e+01 1.316437657473734824e+01 1.276758640916139420e+01
1.311081877010539110e+01 1.502362791790727137e+01 1.360582649035636926e+01 1.316087820468753300e+01 1.275874456627284026e+01
1.310393667827383268e+01 1.501297759709559188e+01 1.361919285697563886e+01 1.315890325759529134e+01 1.275279482544674359e+01
1.309839954023497377e+01 1.500195744716059032e+01 1.363327667927312170e+01 1.315844088121357736e+01 1.274967376622846160e+01
1.309420531288342460e+01 1.499067381078792494e+01 1.364806967060903631e+01 1.315948013794636218e+01 1.274931883083290707e+01
1.309135196860078665e+01 1.497920054057198236e+01 1.366356363497460080e+01 1.316201001750901334e+01 1.275166824484673178e+01
1.308983749490892379e+01 1.496758940550798123e+01 1.367975043008955893e+01 1.316601938273566752e+01 1.275666095863766536e+01
1.308965989228206972e+01 1.495587717790525240e+01 1.369662196416877720e+01 1.317149702050837234e+01 1.276423658214178047e+01
1.309081717322143845e+01 1.494409030865515398e+01 1.371417020597677627e+01 1.317843154752578805e+01 1.277433531419884893e+01
1.309330735968912762e+01 1.493224798488962790e+01 1.373238713832506974e+01 1.318681147839549794e+01 1.278689787634613495e+01
1.309712848234229199e+01 1.492036428117457092e+01 1.375126479241719224e+01 1.319662513750657773e+01 1.280186544460666020e+01
1.310227857728520640e+01 1.490844968923434699e+01 1.377079519711095124e+01 1.320786069804915286e+01 1.281917956133068870e+01
1.310875568511363021e+01 1.489651206494160363e+01 1.379097039464012120e+01 1.322050613375841799e+01 1.283878206573146130e+01
1.311655784734060326e+01 1.488455729637478164e+01 1.381178242549154334e+01 1.323454921960828834e+01 1.286061501519877659e+01
1.312568310475854183e+01 1.487258986186776610e+01 1.383322329350777302e+01 1.324997750625277959e+01 1.288462059880292720e+01
1.313612949370561900e+01 1.486061321395916224e+01 1.385528500303532340e+01 1.326677831064669277e+01 1.291074107343326638e+01
1.314789504341373139e+01 1.484863003051053454e+01 1.387795948609798202e+01 1.328493868211744555e+01 1.293891865891367132e+01
1.316097777211414410e+01 1.483664238766425036e+01 1.390123864233933126e+01 1.330444540302148404e+01 1.296909545385233997e+01
1.317537568297018957e+01 1.482465191161201723e+01 1.392511429151663194e+01 1.332528493907050482e+01 1.300121334836714126e+01
1.319108676012595183e+01 1.481265989142132788e+01 1.394957816153317864e+01 1.334744344420662721e+01 1.303521392954234237e+01
1.320810896257781053e+01 1.480066735486125395e+01 1.397462190654561986e+01 1.337090671164000888e+01 1.307103838608840540e+01
1.322644022045819945e+01 1.478867514006694250e+01 1.400023702798814895e+01 1.339566016686628735e+01 1.310862742576356865e+01
1.324607842601763963e+01 1.477668390857472858e+01 1.402641493258815331e+01 1.342168882797417773e+01 1.314792114815626078e+01
1.326702143021351610e+01 1.476469419087071522e+01 1.405314684330715203e+01 1.344897728633136325e+01 1.318885895204528147e+01
1.328926702965702056e+01 1.475270641874206490e+01 1.408042382572352658e+01 1.347750967068891903e+01 1.323137942762697961e+01
1.331281296437720840e+01 1.474072093668358718e+01 1.410823676038787688e+01 1.350726961896900313e+01 1.327542023864125120e+01
1.333765689938696397e+01 1.472873804799308672e+01 1.413657627520761295e+01 1.353824024455585828e+01 1.332091802929730662e+01
1.336379642354818209e+01 1.471675797108112604e+01 1.416543281643991214e+01 1.357040409676672255e+01 1.336780828854365488e+01
1.339122902411125082e+01 1.470478094318368356e+01 1.419479650502237611e+01 1.360374313259822543e+01 1.341602522689452748e+01
1.341995208759583313e+01 1.469280710423834435e+01 1.422465721466146604e+01 1.363823866279676089e+01 1.346550165231746909e+01
1.344996286448792766e+01 1.468083663180409992e+01 1.425500447460400189e+01 1.367387132998470278e+01 1.351616878542986555e+01
1.348125847334991789e+01 1.466886962406191053e+01 1.428582744346361899e+01 1.371062104045296337e+01 1.356795639309535773e+01
1.351383585224214912e+01 1.465690619615250512e+01 1.431711494561596787e+01 1.374846694635036215e+01 1.362079233739227568e+01
1.354769176735781855e+01 1.464494642397496271e+01 1.434885530210918247e+01 1.378738736219112049e+01 1.367460260258133253e+01
1.358282274646384558e+01 1.463299037823089677e+01 1.438103645512259021e+01 1.382735975461114464e+01 1.372931108043657566e+01
1.361922509450369034e+01 1.462103811822037791e+01 1.441364577069757225e+01 1.386836064613951613e+01 1.378483952266242696e+01
1.365689480395511168e+01 1.460908969437784499e+01 1.444667009678418701e+01 1.391036560308892334e+01 1.384110744535127324e+01
1.369582757824652752e+01 1.459714514482239522e+01 1.448009569907596195e+01 1.395334912050623366e+01 1.389803201068170857e+01
1.373601870971600292e+01 1.458520451279046881e+01 1.451390810548810606e+01 1.399728462214888403e+01 1.395552794970784483e+01
1.377746311712567362e+01 1.457326784303305445e+01 1.454809229291671535e+01 1.404214432202504703e+01 1.401350746850936524e+01
1.382015517936254589e+01 1.456133514159795972e+01 1.458263234547787235e+01 1.408789922997902444e+01 1.407188022441055431e+01
1.386408879110150849e+01 1.454940644555603058e+01 1.461751152144241850e+01 1.413451899704604919e+01 1.413055333504724054e+01
1.390925713846610634e+01 1.453748179707388211e+01 1.465271216760887896e+01 1.418197192123223260e+01 1.418943140228587119e+01
1.395565277894481682e+01 1.452556120704638865e+01 1.468821566022475622e+01 1.423022477707592159e+01 1.424841663657728041e+01
1.400326733893672326e+01 1.451364468078734227e+01 1.472400231210425403e+01 1.427924282231132480e+01 1.430740900724129006e+01
1.405209162733344641e+01 1.450173225696126522e+01 1.476005127673010442e+01 1.432898960886214645e+01 1.436630647907290026e+01
1.410211522764600467e+01 1.448982395440491544e+01 1.479634045049807156e+01 1.437942698885580484e+01 1.442500529183388380e+01
1.415332665761841469e+01 1.447791976576277051e+01 1.483284636874485507e+01 1.443051491851619161e+01 1.448340038784527373e+01
1.420571282058796925e+01 1.446601971493766037e+01 1.486954409318595083e+01 1.448221143861459126e+01 1.454138590863191993e+01
1.425925922331134288e+01 1.445412381344170782e+01 1.490640708497001121e+01 1.453447249701214794e+01 1.459885577969834713e+01
1.431394925683060393e+01 1.444223206509496116e+01 1.494340708789131611e+01 1.458725188928474559e+01 1.465570434846017989e+01
1.436976445322884821e+01 1.443034447820952693e+01 1.498051397520441697e+01 1.464050110466344989e+01 1.471182717301976695e+01
1.442668360575006226e+01 1.441846105753349327e+01 1.501769559436049306e+01 1.469416922733613262e+01 1.476712183180117144e+01
1.448468299458972908e+01 1.440658181099371760e+01 1.505491760621244346e+01 1.474820280530797589e+01 1.482148874997460375e+01
1.454373555754860803e+01 1.439470674404782891e+01 1.509214330921865432e+01 1.480254571727114943e+01 1.487483211003644357e+01
1.460381050592879504e+01 1.438283586104796896e+01 1.512933345180595701e+01 1.485713906167056209e+01 1.492706064476836936e+01
1.466487277204548434e+01 1.437096916697443483e+01 1.516644602750280590e+01 1.491192099950215777e+01 1.497808839492740951e+01
1.472688243757167115e+01 1.435910666697921378e+01 1.520343613512431880e+01 1.496682665745892393e+01 1.502783540644511007e+01
1.478979410866655364e+01 1.434724836704380202e+01 1.524025560490533060e+01 1.502178796608298228e+01 1.507622831209621062e+01
1.485355604511840255e+01 1.433539427276357259e+01 1.527685285969487161e+01 1.507673356471750559e+01 1.512320076198340502e+01
1.491810925912077401e+01 1.432354438527531748e+01 1.531317270573109646e+01 1.513158866846873885e+01 1.516869370011278129e+01
1.498338667999399831e+01 1.431169871125240967e+01 1.534915611632719035e+01 1.518627495344658307e+01 1.521265549682274454e+01
1.504931184315855575e+01 1.429985725580710820e+01 1.538473992928167711e+01 1.524071050591766685e+01 1.525504193316676016e+01
1.511579778587533873e+01 1.428802002014165851e+01 1.541985662963980275e+01 1.529480965363187117e+01 1.529581606950657147e+01
1.518274586377354218e+01 1.427618700857872547e+01 1.545443422270878564e+01 1.534848307763312469e+01 1.533494799836578970e+01
1.525004422250913905e+01 1.426435822419395549e+01 1.548839609880800694e+01 1.540163751424150362e+01 1.537241448901926155e+01
1.531756642204112140e+01 1.425253366998461857e+01 1.552166094743644642e+01 1.545417609646816892e+01 1.540819857896298295e+01
1.538517006975572876e+01 1.424071334854449589e+01 1.555414277512572063e+01 1.550599822082843815e+01 1.544228912021195121e+01
1.545269526121604642e+01 1.422889726190536308e+01 1.558575106116684417e+01 1.555699976128904183e+01 1.547468029828343994e+01
1.551996337497751632e+01 1.421708541243942747e+01 1.561639109545511594e+01 1.560707325487210007e+01 1.550537113877126316e+01
1.558677592750550112e+01 1.420527780323966205e+01 1.564596452162205509e+01 1.565610811224092025e+01 1.553436501652787705e+01
1.565291361504384504e+01 1.419347443609532000e+01 1.567437013918829081e+01 1.570399102107136535e+01 1.556166918138602639e+01
1.571813622842883440e+01 1.418167531322884400e+01 1.570150501568005019e+01 1.575060646238121898e+01 1.558729431534348642e+01
1.578218295303847363e+01 1.416988043701615041e+01 1.572726592313359717e+01 1.579583738080655486e+01 1.561125410119628754e+01
1.584477339506708660e+01 1.415808980977368314e+01 1.575155113004367458e+01 1.583956590808496934e+01 1.563356482836610617e+01
1.590560955166323964e+01 1.414630343397026380e+01 1.577426248913310580e+01 1.588167422062659284e+01 1.565424503313889204e+01
1.596437898020420221e+01 1.413452131129527878e+01 1.579530775275403265e+01 1.592204558663298997e+01 1.567331518236998278e+01
1.602075914977159243e+01 1.412274344404261228e+01 1.581460298039154999e+01 1.596056559415149323e+01 1.569079735530897501e+01
1.607442311608720686e+01 1.411096983451256115e+01 1.583207487196873053e+01 1.599712349102499331e+01 1.570671499721528264e+01
1.612504629703855130e+01 1.409920048462118203e+01 1.584766277236638032e+01 1.603161361762903780e+01 1.572109265335105199e+01
1.617231422017516707e+01 1.408743539614853013e+01 1.586132019647999769e+01 1.606393691127033208e+01 1.573395575588940609e+01
1.621593096797735001e+01 1.407567457109396436e+01 1.587301572357052670e+01 1.609400243792040541e+01 1.574533049174827681e+01
1.625562786132470805e+01 1.406391801129450592e+01 1.588273319791105820e+01 1.612172888582655617e+01 1.575524358414770987e+01
1.629117183117120859e+01 1.405216571862426100e+01 1.589047121060914058e+01 1.614704594945107630e+01 1.576372216816689864e+01
1.632237289298506866e+01 1.404041769475978363e+01 1.589624199650434200e+01 1.616989552600422542e+01 1.577079367004984967e+01
1.634909016475951660e+01 1.402867394136419676e+01 1.590006992778473993e+01 1.619023265719237514e+01 1.577648567893376352e+01
1.637123604575295133e+01 1.401693446038277280e+01 1.590198970780597598e+01 1.620802615682859127e+01 1.578082583994379107e+01
1.638877815364254076e+01 1.400519925342672778e+01 1.590204449117585206e+01 1.622325889259452936e+01 1.578384179704722712e+01
1.640173813027660188e+01 1.399346832219824321e+01 1.590028404554956332e+01 1.623592770899050919e+01 1.578556110518000466e+01
1.641018948420157386e+01 1.398174166840969512e+01 1.589676304665255735e+01 1.624604296125819047e+01 1.578601115905581054e+01
1.641425293733051660e+01 1.397001929377543306e+01 1.589153957096853098e+01 1.625362774839754465e+01 1.578521916429119365e+01
1.641408998033602273e+01 1.395830120002085373e+01 1.588467380622215508e+01 1.625871686779050762e+01 1.578321207174274043e+01
1.640989546210007077e+01 1.394658738881479465e+01 1.587622698850502623e+01 1.626135556453921538e+01 1.578001653414898797e+01
1.640188995001109973e+01 1.393487786176767074e+01 1.586626053284687643e+01 1.626159814753081889e+01 1.577565888865684052e+01
1.639031201672808891e+01 1.392317262059897587e+01 1.585483537447008295e+01 1.625950654291336406e+01 1.577016512186889052e+01
1.637541089750773793e+01 1.391147166696960369e+01 1.584201143798618183e+01 1.625514884869774690e+01 1.576356084014910586e+01
1.635743992921224788e+01 1.389977500244884112e+01 1.582784722342719874e+01 1.624859794334309626e+01 1.575587126363046764e+01
1.633665096917701831e+01 1.388808262868140098e+01 1.581239954829361238e+01 1.623993018841565217e+01 1.574712120399733450e+01
1.631328980845682963e+01 1.387639454726507537e+01 1.579572337991560183e+01 1.622922425249028322e+01 1.573733504905791492e+01
1.628759258671866306e+01 1.386471075981543954e+01 1.577787171422972712e+01 1.621656007472867955e+01 1.572653676012907020e+01
1.625978321295730566e+01 1.385303126790535444e+01 1.575889549592082695e+01 1.620201795761651908e+01 1.571474986260687778e+01
1.623007163423446642e+01 1.384135607310099125e+01 1.573884358307342346e+01 1.618567782047716008e+01 1.570199743814771409e+01
1.619865282099724979e+01 1.382968517699253930e+01 1.571776275199368555e+01 1.616761857198574504e+01 1.568830212717569772e+01
1.616570635320739058e+01 1.381801858116094195e+01 1.569569773043843064e+01 1.614791760625218942e+01 1.567368612560329488e+01
1.613139649386857499e+01 1.380635628716467345e+01 1.567269124643064870e+01 1.612665040821698881e+01 1.565817118330134683e+01
1.609587260521855967e+01 1.379469829656973978e+01 1.564878408556477929e+01 1.610389026034143356e+01 1.564177860884875493e+01
1.605926981104642692e+01 1.378304461094161404e+01 1.562401515286610909e+01 1.607970801902406066e+01 1.562452927382777013e+01
1.602170984023095457e+01 1.377139523184699499e+01 1.559842154218427801e+01 1.605417196610259012e+01 1.560644360423250454e+01
1.598330195926052610e+01 1.375975016085159375e+01 1.557203861270717304e+01 1.602734771776815492e+01 1.558754160631023744e+01
1.594414393934812857e+01 1.374810939949052191e+01 1.554490006548921244e+01 1.599929818073390386e+01 1.556784284097003024e+01
1.590432304492774485e+01 1.373647294932952434e+01 1.551703801845489394e+01 1.597008354554769305e+01 1.554736645775907711e+01
1.586391699774538644e+01 1.372484081192322947e+01 1.548848308018217246e+01 1.593976130935828905e+01 1.552613118975757978e+01
1.582299495338569173e+01 1.371321298880922868e+01 1.545926442254774535e+01 1.590838632021957544e+01 1.550415535165205050e+01
1.578161834106322914e+01 1.370158948153202161e+01 1.542940985170910118e+01 1.587601084153002162e+01 1.548145686962384815e+01
1.573984166122617445e+01 1.368997029163268309e+01 1.539894587673657078e+01 1.584268462881330386e+01 1.545805326097556431e+01
1.569771322733575047e+01 1.367835542065057730e+01 1.536789777534555590e+01 1.580845501542561315e+01 1.543396166476302334e+01
1.565527584911493797e+01 1.366674487012318373e+01 1.533628965458390425e+01 1.577336700467591157e+01 1.540919883294951198e+01
1.561256744828955334e+01 1.365513864158223356e+01 1.530414451644930374e+01 1.573746336571132787e+01 1.538378114449550260e+01
1.556962160796279449e+01 1.364353673656045274e+01 1.527148430749998553e+01 1.570078473131255059e+01 1.535772461073708861e+01
1.552646807165560894e+01 1.363193915659549837e+01 1.523832998304419029e+01 1.566336969605731788e+01 1.533104488481669492e+01
1.548313318401140037e+01 1.362034590321668048e+01 1.520470155285861935e+01 1.562525491362220187e+01 1.530375726787953639e+01
1.543964028147547474e+01 1.360875697795553307e+01 1.517061812453300540e+01 1.558647519216146549e+01 1.527587671630599964e+01
1.539601005281385859e+01 1.359717238234254388e+01 1.513609796542911390e+01 1.554706358593885263e+01 1.524741785199450561e+01
1.535226083168409161e+01 1.358559211790926824e+01 1.510115852630778477e+01 1.550705148912880560e+01 1.521839496649388224e+01
1.530840888098937924e+01 1.357401618618739647e+01 1.506581649877468898e+01 1.546646871814937185e+01 1.518882203123858332e+01
1.526446863435610801e+01 1.356244458870433078e+01 1.503008784652115537e+01 1.542534359899189944e+01 1.515871270403153304e+01
1.522045290761784209e+01 1.355087732698934389e+01 1.499398784284288411e+01 1.538370305016263018e+01 1.512808033527603868e+01
1.517637309409589008e+01 1.353931440257295726e+01 1.495753111382304468e+01 1.534157264436318791e+01 1.509693797765373802e+01
1.513223932158666507e+01 1.352775581698355367e+01 1.492073165885942210e+01 1.529897670199999027e+01 1.506529839071287036e+01
1.508806060239327174e+01 1.351620157174811432e+01 1.488360289295063765e+01 1.525593833791588594e+01 1.503317404922963441e+01
1.504384496328728282e+01 1.350465166839536479e+01 1.484615766917230317e+01 1.521247953964974009e+01 1.500057715020930083e+01
1.499959955835341141e+01 1.349310610845331659e+01 1.480840830674669917e+01 1.516862122752551834e+01 1.496751961826220345e+01
1.495533077128965438e+01 1.348156489345138809e+01 1.477036662379993359e+01 1.512438330595005453e+01 1.493401311469876624e+01
1.491104430180363849e+01 1.347002802491682161e+01 1.473204395282072099e+01 1.507978473257315066e+01 1.490006904084762418e+01
1.486674523881067778e+01 1.345849550437739950e+01 1.469345117240004761e+01 1.503484355536588879e+01 1.486569854834614368e+01
1.482243812889403678e+01 1.344696733336078509e+01 1.465459872479835646e+01 1.498957697031555369e+01 1.483091254096917488e+01
1.477812705493694168e+01 1.343544351339583365e+01 1.461549663660718501e+01 1.494400136822816805e+01 1.479572168539761456e+01
1.473381566679982768e+01 1.342392404601514144e+01 1.457615454378430719e+01 1.489813236931881413e+01 1.476013641339882021e+01
1.468950725838046267e+01 1.341240893274570034e+01 1.453658170273638994e+01 1.485198487788390587e+01 1.472416692976896435e+01
1.464520477803538157e+01 1.340089817511703885e+01 1.449678701477486875e+01 1.480557310842189089e+01 1.468782321792556900e+01
1.460091087844025814e+01 1.338939177465902297e+01 1.445677903886422655e+01 1.475891062902252138e+01 1.465111504391109776e+01
1.455662795000702658e+01 1.337788973290271066e+01 1.441656600779892727e+01 1.471201039701074720e+01 1.461405196484904678e+01
1.451235812953821203e+01 1.336639205138121511e+01 1.437615584576525407e+01 1.466488478377805826e+01 1.457664333023686076e+01
1.446810335952626581e+01 1.335489873162545038e+01 1.433555617545977512e+01 1.461754561580935530e+01 1.453889829189351879e+01
1.442386537718880746e+01 1.334340977516813709e+01 1.429477434785072987e+01 1.457000419391444623e+01 1.450082580388478526e+01
1.437964576826882457e+01 1.333192518354273481e+01 1.425381742982708211e+01 1.452227132509109175e+01 1.446243463254907446e+01
1.433544595503229147e+01 1.332044495828299802e+01 1.421269224258143460e+01 1.447435734961847054e+01 1.442373335555853409e+01
1.429126724280033578e+01 1.330896910092284635e+01 1.417140536788589955e+01 1.442627215906223981e+01 1.438473037174736824e+01
1.424711080157662479e+01 1.329749761299832223e+01 1.412996312535950594e+01 1.437802522348257206e+01 1.434543390678936881e+01
1.420297770838589990e+01 1.328603049604576647e+01 1.408837164496217476e+01 1.432962560857009038e+01 1.430585201212048041e+01
1.415886893124354273e+01 1.327456775160241520e+01 1.404663681593480540e+01 1.428108201547169642e+01 1.426599256492182199e+01
1.411478535984702631e+01 1.326310938120533756e+01 1.400476432771240987e+01 1.423240274926637383e+01 1.422586329390234106e+01
1.407072780039289661e+01 1.325165538639162399e+01 1.396275968177411286e+01 1.418359581702258509e+01 1.418547176811064858e+01
1.402669699187200614e+01 1.324020576870145760e+01 1.392062817210477021e+01 1.413466887905799574e+01 1.414482537951205821e+01
1.398269361048340542e+01 1.322876052967491844e+01 1.387837492914538196e+01 1.408562926852576069e+01 1.410393139435497289e+01
1.393871827464110424e+01 1.321731967085297654e+01 1.383600490053923160e+01 1.403648406980836327e+01 1.406279692796710101e+01
1.389477155562831001e+01 1.320588319377688435e+01 1.379352286944115669e+01 1.398724002548192580e+01 1.402142894345171520e+01
1.385085397459560497e+01 1.319445109998851606e+01 1.375093346549631157e+01 1.393790366000141034e+01 1.397983426139379404e+01
1.380696601671720281e+01 1.318302339103163412e+01 1.370824115538632171e+01 1.388848122474049696e+01 1.393801957963107441e+01
1.376310812507959724e+01 1.317160006845043796e+01 1.366545027178935889e+01 1.383897871511165256e+01 1.389599145835674676e+01
1.371928071245030623e+01 1.316018113379002763e+01 1.362256499964879985e+01 1.378940191820027472e+01 1.385375631562405729e+01
1.367548415575948084e+01 1.314876658859638070e+01 1.357958938895612278e+01 1.373975637862962351e+01 1.381132045899509642e+01
1.363171881267694197e+01 1.313735643441640200e+01 1.353652736735952544e+01 1.369004744799148376e+01 1.376869006929800854e+01
1.358798501198683617e+01 1.312595067279801420e+01 1.349338272649775128e+01 1.364028027298731693e+01 1.372587120041174558e+01
1.354428305390633369e+01 1.311454930529007434e+01 1.345015914953548908e+01 1.359045980137952370e+01 1.368286979321157482e+01
1.350061323681438097e+01 1.310315233344242536e+01 1.340686019938122087e+01 1.354059081572153289e+01 1.363969167806200922e+01
1.345697582565233930e+01 1.309175975880584453e+01 1.336348932715188376e+01 1.349067790498359010e+01 1.359634257103131993e+01
1.341337106798754419e+01 1.308037158293212521e+01 1.332004988311370219e+01 1.344072550695589285e+01 1.355282807403428968e+01
1.336979921360150136e+01 1.306898780737415144e+01 1.327654510798204157e+01 1.339073789829127570e+01 1.350915369288969714e+01
1.332626047867761265e+01 1.305760843368581448e+01 1.323297815101473418e+01 1.334071919314057908e+01 1.346532482864393820e+01
1.328275507494615049e+01 1.304623346342206780e+01 1.318935206374771596e+01 1.329067337574913665e+01 1.342134677140454002e+01
1.323928320859679530e+01 1.303486289813854881e+01 1.314566980509760441e+01 1.324060427840660381e+01 1.337722472382028371e+01
1.319584506312595451e+01 1.302349673939209040e+01 1.310193425095100928e+01 1.319051560788258293e+01 1.333296379179151003e+01
1.315244082157029659e+01 1.301213498874084173e+01 1.305814818598216220e+01 1.314041094435547130e+01 1.328856898352667670e+01
1.310907065708696173e+01 1.300077764774387212e+01 1.301431431938054928e+01 1.309029373954110298e+01 1.324404521383250000e+01
1.306573473193358303e+01 1.298942471796134512e+01 1.297043527932308038e+01 1.304016733833429065e+01 1.319939731587498422e+01
1.302243320542153171e+01 1.297807620095406023e+01 1.292651361628148443e+01 1.299003496626333387e+01 1.315463003370878248e+01
1.297916622985895607e+01 1.296673209828412965e+01 1.288255181176714359e+01 1.293989974634691187e+01 1.310974801869007855e+01
1.293593394960826082e+01 1.295539241151494991e+01 1.283855227164552915e+01 1.288976470098129568e+01 1.306475584918811528e+01
1.289273650810123861e+01 1.294405714221085724e+01 1.279451733784302014e+01 1.283963274779278052e+01 1.301965802070702871e+01
1.284957404248718760e+01 1.293272629193727852e+01 1.275044928510938824e+01 1.278950671896253333e+01 1.297445894555324486e+01
1.280644668356065097e+01 1.292139986226048798e+01 1.270635032298921097e+01 1.273938935025975283e+01 1.292916296109677354e+01
1.276335456265345059e+01 1.291007785474801750e+01 1.266222260286041568e+01 1.268928329318376846e+01 1.288377433255192805e+01
1.272029780502515273e+01 1.289876027096855537e+01 1.261806820987063205e+01 1.263919111847490129e+01 1.283829724978883569e+01
1.267727653221072437e+01 1.288744711249182373e+01 1.257388917818688512e+01 1.258911531177342624e+01 1.279273582671876497e+01
1.263429086534821622e+01 1.287613838088864782e+01 1.252968748757681183e+01 1.253905828842249548e+01 1.274709411415177662e+01
1.259134092108745229e+01 1.286483407773087784e+01 1.248546506668255596e+01 1.248902238638714834e+01 1.270137609334929252e+01
1.254842681429912155e+01 1.285353420459153462e+01 1.244122376972020838e+01 1.243900987401868541e+01 1.265558567308417359e+01
1.250554865849608532e+01 1.284223876304476164e+01 1.239696542871278950e+01 1.238902295412492194e+01 1.260972670266017737e+01
1.246270656440550439e+01 1.283094775466579840e+01 1.235269182225963824e+01 1.233906376006500061e+01 1.256380296777154726e+01
1.241990064192214227e+01 1.281966118103100527e+01 1.230840468482292849e+01 1.228913436742313614e+01 1.251781818969024229e+01
1.237713099962588181e+01 1.280837904371779246e+01 1.226410566968450055e+01 1.223923678877891419e+01 1.247177602731622592e+01
1.233439774398412858e+01 1.279710134430476032e+01 1.221979643028231699e+01 1.218937297903652706e+01 1.242568008484141551e+01
1.229170098147593571e+01 1.278582808437163898e+01 1.217547856547659535e+01 1.213954483923444805e+01 1.237953390735895098e+01
1.224904081741613027e+01 1.277455926549927767e+01 1.213115363409370140e+01 1.208975421019521335e+01 1.233334097830240061e+01
1.220641735545420659e+01 1.276329488926966604e+01 1.208682312550138782e+01 1.204000288930938289e+01 1.228710473194920816e+01
1.216383069968397379e+01 1.275203495726577074e+01 1.204248852630646915e+01 1.199029262461974632e+01 1.224082854725305580e+01
1.212128095317720522e+01 1.274077947107185338e+01 1.199815127456894359e+01 1.194062511322052345e+01 1.219451574778860881e+01
1.207876821801910516e+01 1.272952843227329112e+01 1.195381277178378454e+01 1.189100199515889322e+01 1.214816960635105758e+01
1.203629259664753626e+01 1.271828184245658022e+01 1.190947436860642128e+01 1.184142488765543888e+01 1.210179334750362123e+01
1.199385419079687409e+01 1.270703970320936982e+01 1.186513740045553433e+01 1.179189536170375519e+01 1.205539014527723474e+01
1.195145310184554255e+01 1.269580201612027359e+01 1.182080316346103643e+01 1.174241493576059980e+01 1.200896312247934006e+01
1.190908943134218489e+01 1.268456878277924282e+01 1.177647292108645871e+01 1.169298508327442399e+01 1.196251535923520137e+01
1.186676328049236062e+01 1.267334000477731593e+01 1.173214789785300916e+01 1.164360726209324248e+01 1.191604988872363435e+01
1.182447475053588271e+01 1.266211568370666640e+01 1.168782929781140822e+01 1.159428288725601952e+01 1.186956969577496857e+01
1.178222394289402963e+01 1.265089582116061528e+01 1.164351829265983795e+01 1.154501332236614175e+01 1.182307772411334135e+01
1.174001095882483980e+01 1.263968041873351744e+01 1.159921602484230974e+01 1.149579990352612135e+01 1.177657687471312364e+01
1.169783589992782957e+01 1.262846947802100317e+01 1.155492360201020219e+01 1.144664394363288729e+01 1.173007000508408026e+01
1.165569886804223998e+01 1.261726300061980233e+01 1.151064211446189844e+01 1.139754671990467294e+01 1.168355993023485873e+01
1.161359996494625513e+01 1.260606098812779230e+01 1.146637262355699960e+01 1.134850946611317468e+01 1.163704942782169738e+01
1.157153929300534223e+01 1.259486344214399089e+01 1.142211616401529817e+01 1.129953339769543064e+01 1.159054123540504655e+01
1.152951695482843952e+01 1.258367036426851193e+01 1.137787373827316806e+01 1.125061970118551535e+01 1.154403804869306427e+01
1.148753305318907891e+01 1.257248175610268603e+01 1.133364633520462128e+01 1.120176953462791580e+01 1.149754252953288791e+01
1.144558769147129063e+01 1.256129761924896471e+01 1.128943491697030765e+01 1.115298402102018827e+01 1.145105730203077599e+01
1.140368097340019915e+01 1.255011795531094521e+01 1.124524042151939085e+01 1.110426426769862651e+01 1.140458495098953051e+01
1.136181300306497732e+01 1.253894276589337409e+01 1.120106375873682580e+01 1.105561135450665766e+01 1.135812802695952506e+01
1.131998388515939880e+01 1.252777205260210103e+01 1.115690582535385644e+01 1.100702633669713038e+01 1.131168904890964910e+01
1.127819372478252369e+01 1.251660581704418362e+01 1.111276749425308452e+01 1.095851024003693830e+01 1.126527050154173537e+01
1.123644262753334111e+01 1.250544406082780569e+01 1.106864961654873802e+01 1.091006407689114077e+01 1.121887483747454795e+01
1.119473069971316725e+01 1.249428678556230565e+01 1.102455301970417345e+01 1.086168883568946519e+01 1.117250446979422129e+01
