3.740619348911854303e+01 3.745981806246521728e+01 3.743489092679372732e+01 3.745460935484724274e+01 3.746645348814508480e+01
3.732042585231511111e+01 3.742595613544727939e+01 3.737834197253481960e+01 3.741981171936111394e+01 3.744038328497411072e+01
3.724259141651391047e+01 3.739832495637974574e+01 3.733021934218174209e+01 3.739537349539683930e+01 3.742175400609680480e+01
3.717259881024389045e+01 3.737684197615233472e+01 3.729039818593092548e+01 3.738108497081394432e+01 3.741053042884197311e+01
3.711036781153993047e+01 3.736143054155559184e+01 3.725876152455889923e+01 3.737675618941339906e+01 3.740667782253647999e+01
3.705582712670224055e+01 3.735201921147042725e+01 3.723519957179316719e+01 3.738221390724847026e+01 3.741016195366186281e+01
3.700891265880090941e+01 3.734854106011177777e+01 3.721960871043272334e+01 3.739729906413704441e+01 3.742094906600825510e+01
3.696956619498354968e+01 3.735093314121771613e+01 3.721189082087231270e+01 3.742186476993356337e+01 3.743900582954259448e+01
3.693773446782937242e+01 3.735913606232914219e+01 3.721195273456751806e+01 3.745577468335498139e+01 3.746429931080391640e+01
3.691336834254266819e+01 3.737309360071510866e+01 3.721970571035107156e+01 3.749890154132116749e+01 3.749679694408133912e+01
3.689642215748300202e+01 3.739275238364434983e+01 3.723506483885239504e+01 3.755112594103294299e+01 3.753646649117838763e+01
3.688685323799790439e+01 3.741806157202023542e+01 3.725794856935598887e+01 3.761233535972959885e+01 3.758327598182918905e+01
3.688462147927696577e+01 3.744897255300998751e+01 3.728827835660352008e+01 3.768242326300962475e+01 3.763719369382927482e+01
3.688968898245501293e+01 3.748543869922512783e+01 3.732597830419850737e+01 3.776128824673626383e+01 3.769818810994916447e+01
3.690201972507409067e+01 3.752741516786394271e+01 3.737097476364567683e+01 3.784883330508387189e+01 3.776622783349194634e+01
3.692157929579974507e+01 3.757485869565724101e+01 3.742319596653329228e+01 3.794496516589376256e+01 3.784128149411970554e+01
3.694833467594942533e+01 3.762772737626858088e+01 3.748257165526751322e+01 3.804959364372223973e+01 3.792331769714266443e+01
3.698225401053921502e+01 3.768598045634121974e+01 3.754903276365099174e+01 3.816263097983826214e+01 3.801230493137533273e+01
3.702330641154416213e+01 3.774957812725211426e+01 3.762251107043351084e+01 3.828399122476183436e+01 3.810821147943212850e+01
3.707146176842967122e+01 3.781848132219821679e+01 3.770293883038857530e+01 3.841358959711941168e+01 3.821100528750390168e+01
3.712669056526056011e+01 3.789265150819888817e+01 3.779024845992237402e+01 3.855134184448378676e+01 3.832065381018777117e+01
3.718896369905512955e+01 3.797205045479125118e+01 3.788437211233619450e+01 3.869716352977638252e+01 3.843712392163660496e+01
3.725825229453884191e+01 3.805663999578703738e+01 3.798524131589176989e+01 3.885096929855351533e+01 3.856038161848263002e+01
3.733452751339333275e+01 3.814638174471438958e+01 3.809278651928034520e+01 3.901267207264103831e+01 3.869039200147486923e+01
3.741776034688124497e+01 3.824123683134791918e+01 3.820693664607593121e+01 3.918218216590889824e+01 3.882711876611931956e+01
3.750792140442045763e+01 3.834116548245813050e+01 3.832761863579986539e+01 3.935940630575755250e+01 3.897052422720278031e+01
3.760498068084232415e+01 3.844612675474856900e+01 3.845475690486615150e+01 3.954424654294700758e+01 3.912056865102145764e+01
3.770890728368723899e+01 3.855607801213503905e+01 3.858827276429586561e+01 3.973659902910637243e+01 3.927721020536755248e+01
3.781966914172427607e+01 3.867097441815628400e+01 3.872808383016623424e+01 3.993635264058690382e+01 3.944040420770438971e+01
3.793723267985681247e+01 3.879076854424020837e+01 3.887410333612220370e+01 4.014338742676937954e+01 3.961010288938231128e+01
3.806156245461112064e+01 3.891540946292577274e+01 3.902623934485292523e+01 4.035757285868070454e+01 3.978625455800296606e+01
3.819262071130722092e+01 3.904484223624888273e+01 3.918439395488195487e+01 4.057876585104168754e+01 3.996880310092827671e+01
3.833036690698337878e+01 3.917900697221599415e+01 3.934846243459045212e+01 4.080680852921980772e+01 4.015768702072898577e+01
3.847475715933578755e+01 3.931783769136412587e+01 3.951833212862356248e+01 4.104152571187388787e+01 4.035283857567296906e+01
3.862574363302324798e+01 3.946126160461075472e+01 3.969388136570402992e+01 4.128272207961716589e+01 4.055418268139184335e+01
3.878327375764926899e+01 3.960919734798979164e+01 3.987497836288624598e+01 4.153017899995647610e+01 4.076163590374112289e+01
3.894728938753470970e+01 3.976155375676933801e+01 4.006147968277697657e+01 4.178365097882498702e+01 4.097510424871860124e+01
3.911772579973366959e+01 3.991822833535756843e+01 4.025322877080470363e+01 4.204286171890131385e+01 4.119448182359253252e+01
3.929451060731931022e+01 4.007910478512739161e+01 4.045005444995989308e+01 4.230749975643833949e+01 4.141964881587041702e+01
3.947756232426635847e+01 4.024405158277061645e+01 4.065176887586044785e+01 4.257721367326826112e+01 4.165046937180404285e+01
3.966678883351278984e+01 4.041291892687524268e+01 4.085816551344800729e+01 4.285160688550779895e+01 4.188678867844978981e+01
3.986208550979641529e+01 4.058553589404217377e+01 4.106901707130556645e+01 4.313023202989330684e+01 4.212842975612182528e+01
4.006333323654531853e+01 4.076170844305021745e+01 4.128407283775658243e+01 4.341258499502860957e+01 4.237519033371938093e+01
4.027039567582806256e+01 4.094121450360493952e+01 4.150305588949179025e+01 4.369809867788980284e+01 4.262683809540626356e+01
4.048311638945956759e+01 4.112380088570964887e+01 4.172566027361607155e+01 4.398613658863295228e+01 4.288310611700572395e+01
4.070131527431767893e+01 4.130917909028369905e+01 4.195154763318178226e+01 4.427598647992110870e+01 4.314368786123050370e+01
4.092478479474450381e+01 4.149702111030854468e+01 4.218034342326613029e+01 4.456685424129908313e+01 4.340823091298331349e+01
4.115328478835859727e+01 4.168695476117770227e+01 4.241163316205059175e+01 4.485785837485907734e+01 4.367633000388417486e+01
4.138653695849155412e+01 4.187855878089312966e+01 4.264495834537199670e+01 4.514802545860181482e+01 4.394751972010246988e+01
4.162421811510292002e+01 4.207135799362868056e+01 4.287981153864858186e+01 4.543628705868864870e+01 4.422126686188328648e+01
4.186595370453452603e+01 4.226481862297607961e+01 4.311563210739297602e+01 4.572147855503783376e+01 4.449696084789604811e+01
4.215017665781986267e+01 4.249729079322938219e+01 4.338925714809516876e+01 4.605092894145185767e+01 4.480482902580806126e+01
4.251407646306874000e+01 4.280502510500654978e+01 4.373545058969596511e+01 4.646735401448413683e+01 4.517350953630113963e+01
4.295506803897412595e+01 4.318394035386935315e+01 4.415021367617572423e+01 4.696205964192771631e+01 4.559961018372374753e+01
4.347010778446168899e+01 4.362945023919976251e+01 4.462912600841188748e+01 4.752563797528649303e+01 4.607924557946380162e+01
4.405560579482889949e+01 4.413642533673312585e+01 4.516729529082290640e+01 4.814800032177600286e+01 4.660798728930583934e+01
4.470732331727321451e+01 4.469916962064583998e+01 4.575931399173153835e+01 4.881845214598504867e+01 4.718082430360435353e+01
4.542026732958293422e+01 4.531141342319263998e+01 4.639921851593644675e+01 4.952580728745910932e+01 4.779213027919988122e+01
4.618857249858145764e+01 4.596632621353749926e+01 4.708045804029990222e+01 5.025854268541831260e+01 4.843565237038725257e+01
4.700537783696719174e+01 4.665655488377910132e+01 4.779587900673943324e+01 5.100499427666401431e+01 4.910452615538272880e+01
4.786271104793922149e+01 4.737428891767233097e+01 4.853772542288925251e+01 5.175358788074039751e+01 4.979132354619027723e+01
4.875139448633901651e+01 4.811135552528122616e+01 4.929766591616613880e+01 5.249309500241314197e+01 5.048814139049066796e+01
4.966099911329317251e+01 4.885934595544866710e+01 5.006685602422533066e+01 5.321290419081166334e+01 5.118673340642462222e+01
5.057986952056571539e+01 4.960977080503305103e+01 5.083604369824362834e+01 5.390329091158849906e+01 5.187869731203041823e+01
5.149525864495625882e+01 5.035423948365615132e+01 5.159572660700929703e+01 5.455566779309187808e+01 5.255568965722192587e+01
5.239361195411424177e+01 5.108465578326147494e+01 5.233636613533153081e+01 5.516279700554073884e+01 5.320968570803846376e+01
5.326102220553485722e+01 5.179341870949552629e+01 5.304865848744773160e+01 5.571894777862372194e+01 5.383325244917175922e+01
5.408385794812259206e+01 5.247361546294190759e+01 5.372385256878899185e+01 5.621998679707224511e+01 5.441980693441737316e+01
5.484952794431358569e+01 5.311919262969980338e+01 5.435409526758581933e+01 5.666339330052398537e+01 5.496384921248422017e+01
5.554729564519696083e+01 5.372509288159177743e+01 5.493277279870534358e+01 5.704820042558530702e+01 5.546113657893235427e+01
5.616901932339136039e+01 5.428734697813472820e+01 5.545480747956885637e+01 5.737486909969866389e+01 5.590878272409170080e+01
5.670968045079200692e+01 5.480311444527177400e+01 5.591686824358799868e+01 5.764510708045667542e+01 5.630527381299318535e+01
5.716758394489199446e+01 5.527067245234490400e+01 5.631746136378043133e+01 5.786165031627760413e+01 5.665040166300122593e+01
5.754420387527114400e+01 5.568935621933913893e+01 5.665688146914470025e+01 5.802802509198323833e+01 5.694512655715014660e+01
5.784370669459361380e+01 5.605945864995267414e+01 5.693703100110438697e+01 5.814830817148820330e+01 5.719138860154577486e+01
5.807226073444535785e+01 5.638210021290805685e+01 5.716113470856782186e+01 5.822690035258778352e+01 5.739189036474849104e+01
5.823727419479035916e+01 5.665908112946621600e+01 5.733339154500496448e+01 5.826832492419612208e+01 5.754987328238588873e+01
5.834668264086420919e+01 5.689272737879072395e+01 5.745861264443620087e+01 5.827705818245401304e+01 5.766890649832042470e+01
5.840836970895771429e+01 5.708574077227295618e+01 5.754188634874484620e+01 5.825739543337244442e+01 5.775270154830887037e+01
5.842975497054131750e+01 5.724106112398848012e+01 5.758829793167814870e+01 5.821335300653981903e+01 5.780496053714650628e+01
5.841754416346797285e+01 5.736174568326806877e+01 5.760271886956873999e+01 5.814860322383042046e+01 5.782926001324720033e+01
5.837761350663794957e+01 5.745086856468083880e+01 5.758966483756590549e+01 5.806643859862746382e+01 5.782896903273844202e+01
5.831499189946259065e+01 5.751144120788868719e+01 5.755321469103290610e+01 5.796976030989024053e+01 5.780719728609235375e+01
5.823390581560123280e+01 5.754635241754161967e+01 5.749697811869821606e+01 5.786108545738967734e+01 5.776676792234887614e+01
5.813781133024946968e+01 5.755796146936737756e+01 5.742400466204592391e+01 5.774254212546144771e+01 5.771008815479819987e+01
5.802956534252395215e+01 5.754860570177930157e+01 5.733695615899229381e+01 5.761593755402735439e+01 5.763933422107648852e+01
5.791154801221515669e+01 5.752082195776251439e+01 5.723820261780310403e+01 5.748281908048215882e+01 5.755655426111374595e+01
5.778567464505984930e+01 5.747687785577002728e+01 5.712972688966892321e+01 5.734446050115427340e+01 5.746351228328386185e+01
5.765348830395502233e+01 5.741879276670096033e+01 5.701318899560378384e+01 5.720190620026709638e+01 5.736172668206670266e+01
5.751622853771353050e+01 5.734835582081525729e+01 5.688996857053039236e+01 5.705600371259972547e+01 5.725250040976192167e+01
5.737488527480729772e+01 5.726714536839793368e+01 5.676120608062780093e+01 5.690744120254132099e+01 5.713694203180304498e+01
5.723025716388428208e+01 5.717654795569758619e+01 5.662785320044516624e+01 5.675677430792053002e+01 5.701599835086334878e+01
5.708298619417579545e+01 5.707777911296207662e+01 5.649069759144118308e+01 5.660444808179772025e+01 5.689047648567215276e+01
5.693358836386811817e+01 5.697190295765528845e+01 5.635039119719685630e+01 5.645081926685549689e+01 5.676106275987722682e+01
5.678247976859780266e+01 5.685984870212251963e+01 5.620747478789339624e+01 5.629617480588284195e+01 5.662833844015477069e+01
5.662999570128474147e+01 5.674242572256904538e+01 5.606239672267066254e+01 5.614074502265381739e+01 5.649279686205458262e+01
5.647640804147436455e+01 5.662033842945437101e+01 5.591552855291382684e+01 5.598471326558595962e+01 5.635485877635968421e+01
5.632193794327741188e+01 5.649419979868787323e+01 5.576717907926572337e+01 5.582822570330556999e+01 5.621488282949404436e+01
5.616676496453005285e+01 5.636454327861434876e+01 5.561760616234726484e+01 5.567139951844980317e+01 5.607317360299773412e+01
5.601103513813724533e+01 5.623183253681697380e+01 5.546702449081934816e+01 5.551432909080617861e+01 5.592998964504646864e+01
5.585486797073638598e+01 5.609647050011957248e+01 5.531561289299501283e+01 5.535709013612145668e+01 5.578555092178070396e+01
5.569836166287335999e+01 5.595880759687157280e+01 5.516352075081278628e+01 5.519974349482459530e+01 5.564004553933790476e+01
5.554159693746746029e+01 5.581914814012674952e+01 5.501087312218703573e+01 5.504233848763536230e+01 5.549363446406630374e+01
5.538464127726557962e+01 5.567775674100175110e+01 5.485777584674979579e+01 5.488491409367102847e+01 5.534645502381972904e+01
5.522754975656468446e+01 5.553486375620674664e+01 5.470431758723835003e+01 5.472750190602033626e+01 5.519862618222395412e+01
5.507036778952650735e+01 5.539066975088225320e+01 5.455057299478735189e+01 5.457012749210277036e+01 5.505024890744604704e+01
5.491313312582143169e+01 5.524534982037383202e+01 5.439660554168369799e+01 5.441281180711239784e+01 5.490140998786281301e+01
5.475587723733269030e+01 5.509905639399305954e+01 5.424246807482268906e+01 5.425557188873565906e+01 5.475218428962198658e+01
5.459862661013352181e+01 5.495192252191465343e+01 5.408820550607079980e+01 5.409842154865473418e+01 5.460263626988026431e+01
5.444140344484237914e+01 5.480406441744919732e+01 5.393385597381440277e+01 5.394137204649642570e+01 5.445282164971828820e+01
5.428422638112292020e+01 5.465558379011491752e+01 5.377945212456958046e+01 5.378443258050183573e+01 5.430278881242501399e+01
5.412711111610730796e+01 5.450656966264977399e+01 5.362502171926328032e+01 5.362761066894240258e+01 5.415257983847733669e+01
5.397007085090811529e+01 5.435710002849168632e+01 5.347058844553189516e+01 5.347091249963138893e+01 5.400223110533888615e+01
5.381311673755817537e+01 5.420724331430265863e+01 5.331617264682011381e+01 5.331434316394713591e+01 5.385177429745233013e+01
5.365625825569535579e+01 5.405705961706197371e+01 5.316179161022557054e+01 5.315790687065840814e+01 5.370123710891108715e+01
5.349950346436664006e+01 5.390660181651053762e+01 5.300746018751588906e+01 5.300160708298298573e+01 5.355064364683352807e+01
5.334285926812182055e+01 5.375591641774669682e+01 5.285319114429333354e+01 5.284544663809444387e+01 5.340001501817619811e+01
5.318633152040236922e+01 5.360504441748778959e+01 5.269899552675403243e+01 5.268942788127353083e+01 5.324936981629397792e+01
5.302992522154039534e+01 5.345402198543359162e+01 5.254488283301701301e+01 5.253355274820516030e+01 5.309872432353863303e+01
5.287364464944868558e+01 5.330288110495653342e+01 5.239086126268834676e+01 5.237782284781518172e+01 5.294809285389747799e+01
5.271749344912640112e+01 5.315165004489821854e+01 5.223693792663074476e+01 5.222223950321294694e+01 5.279748805623656693e+01
5.256147477767549248e+01 5.300035383369882425e+01 5.208311895781037038e+01 5.206680380462648117e+01 5.264692106904339397e+01
5.240559132200318970e+01 5.284901466111499957e+01 5.192940967504801364e+01 5.191151664789921938e+01 5.249640173608479898e+01
5.224984543099566991e+01 5.269765222658242010e+01 5.177581464550221568e+01 5.175637876285728112e+01 5.234593878548374590e+01
5.209423916288721301e+01 5.254628404334013680e+01 5.162233793727818210e+01 5.160139074781591262e+01 5.219553996976323162e+01
5.193877422103516750e+01 5.239492568210904011e+01 5.146898296265162287e+01 5.144655308427875440e+01 5.204521216301933606e+01
5.178345219220618389e+01 5.224359101136759875e+01 5.131575284810574544e+01 5.129186617141841964e+01 5.189496148112566942e+01
5.162827430249377869e+01 5.209229234638144845e+01 5.116265025397348154e+01 5.113733032727760985e+01 5.174479338714514398e+01
5.147324172115921925e+01 5.194104078369807809e+01 5.100967748863243401e+01 5.098294580242616547e+01 5.159471273787834633e+01
5.131835536031876188e+01 5.178984606743107832e+01 5.085683666738748343e+01 5.082871279662759179e+01 5.144472384780731744e+01
5.116361605350941488e+01 5.163871719887447398e+01 5.070412947776842572e+01 5.067463144845638112e+01 5.129483063893530215e+01
5.100902449270009953e+01 5.148766193154477122e+01 5.055155753459968082e+01 5.052070186458229273e+01 5.114503652759996299e+01
5.085458128912874542e+01 5.133668754679064961e+01 5.039912212419753246e+01 5.036692410630885064e+01 5.099534470376335094e+01
5.070028695409493480e+01 5.118580027780776476e+01 5.024682443889670935e+01 5.021329821103846314e+01 5.084575795140960253e+01
5.054614195436896296e+01 5.103500594399287849e+01 5.009466547964562011e+01 5.005982418981547966e+01 5.069627879919018199e+01
5.039214665408278648e+01 5.088430960309131734e+01 4.994264615092541248e+01 4.990650203321280998e+01 5.054690955629907734e+01
5.023830140092312746e+01 5.073371590373653106e+01 4.979076721224701174e+01 4.975333171656263431e+01 5.039765222164039216e+01
5.008460645143981793e+01 5.058322896453641704e+01 4.963902937389581638e+01 4.960031319894476809e+01 5.024850867687010236e+01
4.993106204474432275e+01 5.043285255172169457e+01 4.948743320539847446e+01 4.944744642717142113e+01 5.009948054335090717e+01
4.977766836007098306e+01 5.028259001608553547e+01 4.933597924840567117e+01 4.929473133670943241e+01 4.995056933257697551e+01
4.962442555045848991e+01 5.013244444608160677e+01 4.918466794340164228e+01 4.914216785176272850e+01 4.980177637731397766e+01
4.947133373368568243e+01 4.998241857013353950e+01 4.903349967778042640e+01 4.898975588893701172e+01 4.965310290886631606e+01
4.931839300386997849e+01 4.983251492029633312e+01 4.888247478622411535e+01 4.883749535616514237e+01 4.950455001514856690e+01
4.916560342762243607e+01 4.968273572768965352e+01 4.873159354688349509e+01 4.868538615571902284e+01 4.935611871301347975e+01
4.901296505669698433e+01 4.953308305728638317e+01 4.858085620193092069e+01 4.853342818444362194e+01 4.920780989783105497e+01
4.886047791818603514e+01 4.938355874207145746e+01 4.843026295214487931e+01 4.838162133337777959e+01 4.905962439696304500e+01
4.870814202728040954e+01 4.923416446714391270e+01 4.827981396925271440e+01 4.822996549065453564e+01 4.891156295532629628e+01
4.855595738093418134e+01 4.908490174131703299e+01 4.812950939103718184e+01 4.807846054349985110e+01 4.876362624035875371e+01
4.840392396325550806e+01 4.893577194915026496e+01 4.797934933729013096e+01 4.792710637118599948e+01 4.861581486629686566e+01
4.825204174634186671e+01 4.878677633222817178e+01 4.782933389416224657e+01 4.777590285202626319e+01 4.846812937742346605e+01
4.810031069059887443e+01 4.863791603391987906e+01 4.767946313780523582e+01 4.762484986862369851e+01 4.832057027489352663e+01
4.794873074742996266e+01 4.848919207583448099e+01 4.752973711508526833e+01 4.747394729471272257e+01 4.817313800489779396e+01
4.779730185940697140e+01 4.834060540116882976e+01 4.738015586346356400e+01 4.732319500015940150e+01 4.802583297739155199e+01
4.764602396172817578e+01 4.819215685144016703e+01 4.723071940014622072e+01 4.717259286285312214e+01 4.787865555571629272e+01
4.749489698251044700e+01 4.804384720198483905e+01 4.708142773100482970e+01 4.702214075369396085e+01 4.773160607600704708e+01
4.734392084438591297e+01 4.789567714653515651e+01 4.693228084877215167e+01 4.687183853836579317e+01 4.758468483300403307e+01
4.719309546343817630e+01 4.774764732166804748e+01 4.678327873575535278e+01 4.672168608871714213e+01 4.743789209860173628e+01
4.704242075188424366e+01 4.759975829867583030e+01 4.663442136457432952e+01 4.657168327275329744e+01 4.729122811287610517e+01
4.689189661614808813e+01 4.745201060060961140e+01 4.648570869886855661e+01 4.642182995593733352e+01 4.714469309134335617e+01
4.674152295952517733e+01 4.730440469654471514e+01 4.633714069535144375e+01 4.627212600532786269e+01 4.699828722729573371e+01
4.659129968081585105e+01 4.715694101578932163e+01 4.618871730214455340e+01 4.612257128671311790e+01 4.685201069070127033e+01
4.644122667599810939e+01 4.700961994198333826e+01 4.604043846274147711e+01 4.597316566562982842e+01 4.670586363409285724e+01
4.629130383767431312e+01 4.686244182577007678e+01 4.589230411291418221e+01 4.582390900727236271e+01 4.655984619002957459e+01
4.614153105608630767e+01 4.671540697945425080e+01 4.574431418476610389e+01 4.567480117672938178e+01 4.641395847671318364e+01
4.599190821867355794e+01 4.656851568732430025e+01 4.559646860436937033e+01 4.552584203839496979e+01 4.626820059491413417e+01
4.584243521110339259e+01 4.642176820199583887e+01 4.544876729444614227e+01 4.537703145743438427e+01 4.612257263395029128e+01
4.569311191656672833e+01 4.627516475206075341e+01 4.530121017314237974e+01 4.522836929892505964e+01 4.597707466758011918e+01
4.554393821689841815e+01 4.612870553992563316e+01 4.515379715576869302e+01 4.507985542625424102e+01 4.583170676003980049e+01
4.539491399185756393e+01 4.598239074679183602e+01 4.500652815397793205e+01 4.493148970459795777e+01 4.568646896115074441e+01
4.524603912003940565e+01 4.583622053096846116e+01 4.485940307702529850e+01 4.478327199873088915e+01 4.554136131295088319e+01
4.509731347841830029e+01 4.569019503690115158e+01 4.471242183135565540e+01 4.463520217229096687e+01 4.539638384969399709e+01
4.494873694293328725e+01 4.554431438892061834e+01 4.456558432114283619e+01 4.448728008991874106e+01 4.525153659315548538e+01
4.480030938814766017e+01 4.539857869091453324e+01 4.441889044855896174e+01 4.433950561604553542e+01 4.510681955628578521e+01
4.465203068786082241e+01 4.525298804399692187e+01 4.427234011364585342e+01 4.419187861496232017e+01 4.496223275174813239e+01
4.450390071511858281e+01 4.510754252904315820e+01 4.412593321486334474e+01 4.404439895106278158e+01 4.481777618231748761e+01
4.435591934159135263e+01 4.496224220771154734e+01 4.397966964876417251e+01 4.389706648878864570e+01 4.467344983479851095e+01
4.420808643865136389e+01 4.481708714469729671e+01 4.383354931110852704e+01 4.374988109277592940e+01 4.452925370377753467e+01
4.406040187739317560e+01 4.467207738622937541e+01 4.368757209633385941e+01 4.360284262773144093e+01 4.438518777545755967e+01
4.391286552759686401e+01 4.452721296329517742e+01 4.354173789646708315e+01 4.345595095844913658e+01 4.424125202019454406e+01
4.376547725857955129e+01 4.438249390797395222e+01 4.339604660441077044e+01 4.330920594986744732e+01 4.409744641445437452e+01
4.361823693991977535e+01 4.423792023879599355e+01 4.325049811204136319e+01 4.316260746709018292e+01 4.395377092775394345e+01
4.347114444018444601e+01 4.409349196413095484e+01 4.310509230810482251e+01 4.301615537543794687e+01 4.381022552268276371e+01
4.332419962722408258e+01 4.394920908961442763e+01 4.295982908303014369e+01 4.286984954029085060e+01 4.366681015827573731e+01
4.317740236930342235e+01 4.380507161210825728e+01 4.281470832637435109e+01 4.272368982712745833e+01 4.352352479180395761e+01
4.303075253404269773e+01 4.366107952169186746e+01 4.266972992592771874e+01 4.257767610177104700e+01 4.338036937601530951e+01
4.288424998850354797e+01 4.351723280482427469e+01 4.252489376920978259e+01 4.243180823010845870e+01 4.323734385966162819e+01
4.273789459993555795e+01 4.337353144150728212e+01 4.238019974410077140e+01 4.228608607810610209e+01 4.309444819002206373e+01
4.259168623524886499e+01 4.322997540635473257e+01 4.223564773749635037e+01 4.214050951203562789e+01 4.295168231138446657e+01
4.244562476105286208e+01 4.308656467179373095e+01 4.209123763549991537e+01 4.199507839829490052e+01 4.280904616377443972e+01
4.229971004400189827e+01 4.294329920448426918e+01 4.194696932460293937e+01 4.184979260345096463e+01 4.266653968700875765e+01
4.215394195060456894e+01 4.280017896643464326e+01 4.180284269078980941e+01 4.170465199426261194e+01 4.252416281838808487e+01
4.200832034711346097e+01 4.265720391861756866e+01 4.165885761957228084e+01 4.155965643767666506e+01 4.238191549150988635e+01
4.186284509992771063e+01 4.251437401701397789e+01 4.151501399659538549e+01 4.141480580086639662e+01 4.223979763898400819e+01
4.171751607537770923e+01 4.237168921387974763e+01 4.137131170730841490e+01 4.127009995117083463e+01 4.209780919229302754e+01
4.157233313952436049e+01 4.222914946043366058e+01 4.122775063678693641e+01 4.112553875614482735e+01 4.195595008030296924e+01
4.142729615865688686e+01 4.208675470415008135e+01 4.108433067029168484e+01 4.098112208354143604e+01 4.181422022951862516e+01
4.128240499903606064e+01 4.194450488976598024e+01 4.094105169304733494e+01 4.083684980133773479e+01 4.167261956636028231e+01
4.113765952677810844e+01 4.180239996069196451e+01 4.079791359001679041e+01 4.069272177772431576e+01 4.153114801530751521e+01
4.099305960811943095e+01 4.166043985769185554e+01 4.065491624617473576e+01 4.054873788105623333e+01 4.138980549865956249e+01
4.084860510936536571e+01 4.151862451952487021e+01 4.051205954672185783e+01 4.040489797995357435e+01 4.124859193843881400e+01
4.070429589679125826e+01 4.137695388375220062e+01 4.036934337673115891e+01 4.026120194324047219e+01 4.110750725523887894e+01
4.056013183673743328e+01 4.123542788587271701e+01 4.022676762113088245e+01 4.011764963992897037e+01 4.096655136817587817e+01
4.041611279565494641e+01 4.109404645983489246e+01 4.008433216519294007e+01 3.997424093927232036e+01 4.082572419567159727e+01
4.027223864003831011e+01 4.095280953879796471e+01 3.994203689416701764e+01 3.983097571073966492e+01 4.068502565525088954e+01
4.012850923645862622e+01 4.081171705415653861e+01 3.979988169323575420e+01 3.968785382401872397e+01 4.054445566330976902e+01
3.998492445161667064e+01 4.067076893608128785e+01 3.965786644785126924e+01 3.954487514902018575e+01 4.040401413534387842e+01
3.984148415229724804e+01 4.052996511425343584e+01 3.951599104353279301e+01 3.940203955587907814e+01 4.026370098643106843e+01
3.969818820537220461e+01 4.038930551691458248e+01 3.937425536586937369e+01 3.925934691496167517e+01 4.012351613076017998e+01
3.955503647787688237e+01 4.024879007137668196e+01 3.923265930063652718e+01 3.911679709686239192e+01 3.998345948139336059e+01
3.941202883695466141e+01 4.010841870456436453e+01 3.909120273376633747e+01 3.897438997240438852e+01 3.984353095136381029e+01
3.926916514983607698e+01 3.996819134235062876e+01 3.894988555131310903e+01 3.883212541264393280e+01 3.970373045297703385e+01
3.912644528394618249e+01 3.982810790994370365e+01 3.880870763950072444e+01 3.869000328887165807e+01 3.956405789749922519e+01
3.898386910683626638e+01 3.968816833221875129e+01 3.866766888477828701e+01 3.854802347261551887e+01 3.942451319615669547e+01
3.884143648615989974e+01 3.954837253332269142e+01 3.852676917375256949e+01 3.840618583563779964e+01 3.928509625960283813e+01
3.869914728977178697e+01 3.940872043695557636e+01 3.838600839317155788e+01 3.826449024993666370e+01 3.914580699787497764e+01
3.855700138567107160e+01 3.926921196659303348e+01 3.824538643007090855e+01 3.812293658775545424e+01 3.900664532060777390e+01
3.841499864198879521e+01 3.912984704518774492e+01 3.810490317167336372e+01 3.798152472157591575e+01 3.886761113718034011e+01
3.827313892704966491e+01 3.899062559541744122e+01 3.796455850534592003e+01 3.784025452411984958e+01 3.872870435652666288e+01
3.813142210934118026e+01 3.885154753987125531e+01 3.782435231875930270e+01 3.769912586835634016e+01 3.858992488714343239e+01
3.798984805751062055e+01 3.871261280075906086e+01 3.768428449979295891e+01 3.755813862749890575e+01 3.845127263739009038e+01
3.784841664039189624e+01 3.857382130015367494e+01 3.754435493653034683e+01 3.741729267500880241e+01 3.831274751530845890e+01
3.770712772700194648e+01 3.843517296014638873e+01 3.740456351731854312e+01 3.727658788459478245e+01 3.817434942850576363e+01
3.756598118653131735e+01 3.829666770259165531e+01 3.726491013075595760e+01 3.713602413021621373e+01 3.803607828455986350e+01
3.742497688836095193e+01 3.815830544932084223e+01 3.712539466568149038e+01 3.699560128608651866e+01 3.789793399079433556e+01
3.728411470206915368e+01 3.802008612225552753e+01 3.698601701119005014e+01 3.685531922667013305e+01 3.775991645422157461e+01
3.714339449741925137e+01 3.788200964322395237e+01 3.684677705665318825e+01 3.671517782668734498e+01 3.762202558173936495e+01
3.700281614436855193e+01 3.774407593412885831e+01 3.670767469170455399e+01 3.657517696111626293e+01 3.748426128014335745e+01
3.686237951308379479e+01 3.760628491702450305e+01 3.656870980623930478e+01 3.643531650519229714e+01 3.734662345602295375e+01
3.672208447392767994e+01 3.746863651391940664e+01 3.642988229045038651e+01 3.629559633441115096e+01 3.720911201578415728e+01
3.658193089746210092e+01 3.733113064703098161e+01 3.629119203481019440e+01 3.615601632453040537e+01 3.707172686583579946e+01
3.644191865446639866e+01 3.719376723884076341e+01 3.615263893005803197e+01 3.601657635157063453e+01 3.693446791245503391e+01
3.630204761592618468e+01 3.705654621203257193e+01 3.601422286724933031e+01 3.587727629181733846e+01 3.679733506175041668e+01
3.616231765303443524e+01 3.691946748947713530e+01 3.587594373773100642e+01 3.573811602182352942e+01 3.666032821986925683e+01
3.602272863720668994e+01 3.678253099374173729e+01 3.573780143313924640e+01 3.559909541840983138e+01 3.652344729288149239e+01
3.588328044007358386e+01 3.664573664847446821e+01 3.559979584542289643e+01 3.546021435866686033e+01 3.638669218675790518e+01
3.574397293347777804e+01 3.650908437738289081e+01 3.546192686684317863e+01 3.532147271995875570e+01 3.625006280748741716e+01
3.560480598949584419e+01 3.637257410454669326e+01 3.532419438996991801e+01 3.518287037992262611e+01 3.611355906105097802e+01
