1.896976975903658058e+01
6.712687993742518344e+00
2.603735622523549065e+00
1.233878007508319330e+00
5.250657698732347001e+00
3.154417834173036450e+00
6.326603125958203400e+00
3.556616781036589181e+00
1.501348201726009357e+01
1.048989705279323559e+01
1.025472931237856322e+01
3.004049876753551174e-01
1.595346024317966460e+00
1.960761361631772060e+00
1.000000000000000056e-01
0.000000000000000000e+00
1.000000000000000056e-01
0.000000000000000000e+00
2.702403111472710326e-02
5.204806222945420474e-02
3.182601107851378702e-02
4.022215362837858882e-02
9.983728096557938081e-02
3.254380688412494838e-04
6.917442864868901531e-02
1.136567112104947506e-03
5.531968682805489479e+00
3.279517353178849071e+00
8.685962962458606995e+00
3.797761672088581175e+00
1.135112995360058538e-02
4.663664010998065830e-03
2.446868221102100804e+01
7.516957368982622789e+00
4.116573979648312509e+00
1.998683279310450533e+00
3.864923086544567177e+00
1.729052672169895333e+00
5.160963275011529738e-01
2.844624252451009028e-01
