1.346933999512554792e+01 1.342846272084585735e+01 1.350620739455283292e+01 1.341391772029073870e+01 1.344839771658337568e+01
1.344025147767384887e+01 1.336101564308987300e+01 1.351329660586002746e+01 1.333127725500519034e+01 1.339992264430922120e+01
1.341272290324315897e+01 1.329756130203901954e+01 1.352125116643614078e+01 1.325206674974089260e+01 1.335452846920231629e+01
1.338674311233017988e+01 1.323800414157974181e+01 1.353005454994467804e+01 1.317627456386620111e+01 1.331216850022572551e+01
1.336230130666685945e+01 1.318225042358431409e+01 1.353969016039691198e+01 1.310388924416691303e+01 1.327279563813409169e+01
1.333938702750579886e+01 1.313020816453245843e+01 1.355014132107787894e+01 1.303489949744970033e+01 1.323636235099243486e+01
1.331799013559939482e+01 1.308178709192550215e+01 1.356139126379075144e+01 1.296929416123288981e+01 1.320282065571857899e+01
1.329810079273293688e+01 1.303689861482015999e+01 1.357342311798482015e+01 1.290706217157157809e+01 1.317212210514757409e+01
1.327970944463850600e+01 1.299545580398639011e+01 1.358621989996311008e+01 1.284819252704476078e+01 1.314421777995237761e+01
1.326280680515400867e+01 1.295737337820192181e+01 1.359976450209706123e+01 1.279267424792313790e+01 1.311905828500704807e+01
1.324738384150168358e+01 1.292256769395996230e+01 1.361403968202771253e+01 1.274049632955199662e+01 1.309659374968669532e+01
1.323343176057541015e+01 1.289095673647649321e+01 1.362902805185053445e+01 1.269164768902597196e+01 1.307677383169836105e+01
1.322094199613656862e+01 1.286246011037336068e+01 1.364471206726530284e+01 1.264611710430261304e+01 1.305954772403868347e+01
1.320990619682905987e+01 1.283699902880853294e+01 1.366107401668313770e+01 1.260389314500040570e+01 1.304486416471775456e+01
1.320031621493236074e+01 1.281449630014945740e+01 1.367809601027801314e+01 1.256496409425265881e+01 1.303267144891968599e+01
1.319216409577897231e+01 1.279487631154604443e+01 1.369575996897407499e+01 1.252931786113865797e+01 1.302291744328847756e+01
1.318544206776884131e+01 1.277806500896843289e+01 1.371404761335969091e+01 1.249694188338492573e+01 1.301554960206376599e+01
1.318014253291881666e+01 1.276398987346467173e+01 1.373294045252056428e+01 1.246782302021726530e+01 1.301051498481174029e+01
1.317625805788973103e+01 1.275257989352219923e+01 1.375241977278540162e+01 1.244194743544411885e+01 1.300776027551887459e+01
1.317378136543757172e+01 1.274376553353785546e+01 1.377246662637877783e+01 1.241930047105737955e+01 1.300723180284439451e+01
1.317270532623832047e+01 1.273747869849231229e+01 1.379306181997675829e+01 1.239986651184415756e+01 1.300887556134344791e+01
1.317302295103855059e+01 1.273365269499837282e+01 1.381418590316276429e+01 1.238362884170255818e+01 1.301263723349726931e+01
1.317472738308586067e+01 1.273222218894778734e+01 1.383581915678225194e+01 1.237056949256206018e+01 1.301846221240551316e+01
1.317781189079443394e+01 1.273312316002569666e+01 1.385794158119637842e+01 1.236066908697021027e+01 1.302629562501361171e+01
1.318226986060201966e+01 1.273629285339171169e+01 1.388053288443709121e+01 1.235390667555096478e+01 1.303608235576714591e+01
1.318809478997465945e+01 1.274166972884786198e+01 1.390357247026770260e+01 1.235025957076299363e+01 1.304776707059928142e+01
1.319528028051529489e+01 1.274919340782819610e+01 1.392703942615535340e+01 1.234970317839670173e+01 1.306129424117438376e+01
1.320382003113143199e+01 1.275880461855004633e+01 1.395091251116465436e+01 1.235221082841275475e+01 1.307660816932446401e+01
1.321370783121552250e+01 1.277044513966833961e+01 1.397517014378425060e+01 1.235775360676261769e+01 1.309365301162722517e+01
1.322493755378942026e+01 1.278405774277116791e+01 1.399979038970153944e+01 1.236630018987472823e+01 1.311237280408716543e+01
1.323750314856109433e+01 1.279958613404734891e+01 1.402475094954450086e+01 1.237781668349931152e+01 1.313271148689104351e+01
1.325139863484141145e+01 1.281697489544689184e+01 1.405002914661348079e+01 1.239226646759492390e+01 1.315461292921865244e+01
1.326661809425515770e+01 1.283616942564360386e+01 1.407560191463074517e+01 1.240961004889395092e+01 1.317802095409812502e+01
1.328315566318586960e+01 1.285711588109518644e+01 1.410144578554056594e+01 1.242980492272597104e+01 1.320287936330205802e+01
1.330100552488191390e+01 1.287976111748194796e+01 1.412753687739891539e+01 1.245280544559218150e+01 1.322913196228680199e+01
1.332016190114110366e+01 1.290405263178981521e+01 1.415385088239850120e+01 1.247856271989166643e+01 1.325672258518249436e+01
1.334061904348627259e+01 1.292993850528786837e+01 1.418036305508192996e+01 1.250702449207517652e+01 1.328559511984510166e+01
1.336237122372957309e+01 1.295736734763530329e+01 1.420704820080559472e+01 1.253813506538010714e+01 1.331569353298516845e+01
1.338541272381142555e+01 1.298628824233690260e+01 1.423388066452571898e+01 1.257183522816354149e+01 1.334696189538986211e+01
1.340973782478393161e+01 1.301665069375125761e+01 1.426083431998834072e+01 1.260806219871445677e+01 1.337934440725621421e+01
1.343534079479022125e+01 1.304840457584276692e+01 1.428788255941972984e+01 1.264674958727605514e+01 1.341278542365416904e+01
1.346221587586975055e+01 1.308150008285430843e+01 1.431499828382552408e+01 1.268782737586469622e+01 1.344722948013728114e+01
1.349035726939430191e+01 1.311588768204033251e+01 1.434215389402221419e+01 1.273122191633653344e+01 1.348262131851831036e+01
1.351975911990988166e+01 1.315151806866598250e+01 1.436932128254592733e+01 1.277685594701549299e+01 1.351890591282516851e+01
1.355041549712524152e+01 1.318834212334820855e+01 1.439647182659944491e+01 1.282464862806883055e+01 1.355602849545005562e+01
1.358232037574733475e+01 1.322631087189442489e+01 1.442357638222090266e+01 1.287451559568356352e+01 1.359393458350253781e+01
1.361546761281675622e+01 1.326537544775530364e+01 1.445060527988786880e+01 1.292636903499921530e+01 1.363257000537319819e+01
1.364985092214113749e+01 1.330548705718593894e+01 1.447752832179206806e+01 1.298011777163776514e+01 1.367188092751118411e+01
1.368546384536002414e+01 1.334659694721798040e+01 1.450431478105274330e+01 1.303566738159012495e+01 1.371181388141521929e+01
1.372229971909957769e+01 1.338865637652680363e+01 1.453093340317828819e+01 1.309292031910839604e+01 1.375231579083223288e+01
1.376035163758801083e+01 1.343161658926962865e+01 1.455735241011464076e+01 1.315177606219971729e+01 1.379333399915433667e+01
1.379961241000063765e+01 1.347542879196517696e+01 1.458353950726819548e+01 1.321213127522494091e+01 1.383481629699909909e+01
1.384007451168513825e+01 1.352004413346868184e+01 1.460946189393717454e+01 1.327387998806210767e+01 1.387671094995344490e+01
1.388173002828032132e+01 1.356541368810457016e+01 1.463508627763733649e+01 1.333691379119612996e+01 1.391896672645673050e+01
1.392457059162431499e+01 1.361148844199337837e+01 1.466037889286072016e+01 1.340112204606539770e+01 1.396153292579293037e+01
1.396858730592119002e+01 1.365821928261161311e+01 1.468530552488150320e+01 1.346639210991285474e+01 1.400435940615703245e+01
1.401377066303406949e+01 1.370555699161086416e+01 1.470983153926489884e+01 1.353260957434428846e+01 1.404739661275492857e+01
1.406011044469976312e+01 1.375345224091770469e+01 1.473392191782672889e+01 1.359965851670451897e+01 1.409059560589668614e+01
1.410759560987622230e+01 1.380185559212822710e+01 1.475754130186446922e+01 1.366742176333394809e+01 1.413390808902705764e+01
1.415621416475033456e+01 1.385071749919728212e+01 1.478065404352898682e+01 1.373578116367939650e+01 1.417728643664374566e+01
1.420595301275722555e+01 1.389998831442061977e+01 1.480322426631960653e+01 1.380461787416470720e+01 1.422068372204674347e+01
1.425679778150865040e+01 1.394961829768905837e+01 1.482521593574544738e+01 1.387381265062664326e+01 1.426405374485319655e+01
1.430873262314653083e+01 1.399955762900269285e+01 1.484659294123206230e+01 1.394324614804617823e+01 1.430735105821631592e+01
1.436173998415941178e+01 1.404975642420259341e+01 1.486731919047448791e+01 1.401279922620771323e+01 1.435053099567958235e+01
1.441580034028631019e+01 1.410016475388215795e+01 1.488735871743945971e+01 1.408235325983051922e+01 1.439354969759517644e+01
1.447089189162787548e+01 1.415073266542151487e+01 1.490667580520605107e+01 1.415179045161908711e+01 1.443636413703217514e+01
1.452699021260482581e+01 1.420141020808324939e+01 1.492523512492029703e+01 1.422099414659642491e+01 1.447893214510364501e+01
1.458406785105170300e+01 1.425214746109592312e+01 1.494300189198745876e+01 1.428984914600117762e+01 1.452121243563661146e+01
1.464209387037525723e+01 1.430289456463584408e+01 1.495994204049578613e+01 1.435824201895539076e+01 1.456316462910517728e+01
1.470103332855530454e+01 1.435360175361198820e+01 1.497602241681444113e+01 1.442606141004927345e+01 1.460474927575279835e+01
1.476084668775576425e+01 1.440421939413852215e+01 1.499121099289744485e+01 1.449319834094576898e+01 1.464592787782924255e+01
1.482148914882199620e+01 1.445469802258210912e+01 1.500547709927058726e+01 1.455954650408003381e+01 1.468666291086909936e+01
1.488290990567906036e+01 1.450498838704161031e+01 1.501879167757746458e+01 1.462500254652052689e+01 1.472691784392962155e+01
1.494505131606174864e+01 1.455504149111757073e+01 1.503112755143158275e+01 1.468946634207541457e+01 1.476665715872620943e+01
1.500784798734522596e+01 1.460480863981008781e+01 1.504245971366240298e+01 1.475284124977529743e+01 1.480584636759312112e+01
1.507122577939982300e+01 1.465424148737578847e+01 1.505276562694942832e+01 1.481503435692486192e+01 1.484445203020939275e+01
1.513510073087737240e+01 1.470329208696161238e+01 1.506202553360886576e+01 1.487595670501500678e+01 1.488244176901259763e+01
1.519937792120539477e+01 1.475191294181900226e+01 1.507022276891714085e+01 1.493552349689945657e+01 1.491978428326110873e+01
1.526395028832624057e+01 1.480005705789457160e+01 1.507734407086068096e+01 1.499365428380464671e+01 1.495644936168062422e+01
1.532869743149321629e+01 1.484767799757911355e+01 1.508337987767875532e+01 1.505027313089629537e+01 1.499240789365659587e+01
1.539348443988817827e+01 1.489472993439329862e+01 1.508832460311949220e+01 1.510530876033170422e+01 1.502763187890758090e+01
1.545816080124180836e+01 1.494116770837198338e+01 1.509217687812101083e+01 1.515869467091595268e+01 1.506209443562874917e+01
1.552255945825376493e+01 1.498694688190645330e+01 1.509493974679921813e+01 1.521036923374562022e+01 1.509576980705804594e+01
1.558649609685316584e+01 1.503202379579506598e+01 1.509662080443110810e+01 1.526027576342390901e+01 1.512863336644635659e+01
1.564976876398777961e+01 1.507635562524832196e+01 1.509723226568552690e+01 1.530836256470387902e+01 1.516066162039789056e+01
1.571215792487984864e+01 1.511990043558921215e+01 1.509679095286863948e+01 1.535458295462916034e+01 1.519183221058883149e+01
1.577342707675742695e+01 1.516261723738749545e+01 1.509531819651541618e+01 1.539889526053343261e+01 1.522212391384614705e+01
1.583332403564216939e+01 1.520446604076494523e+01 1.509283964406569112e+01 1.544126279445389116e+01 1.525151664058540391e+01
1.589158300198685581e+01 1.524540790861184547e+01 1.508938497683463176e+01 1.548165380476683772e+01 1.527999143161264328e+01
1.594792748449414432e+01 1.528540500845129735e+01 1.508498754032298628e+01 1.552004140603571258e+01 1.530753045331278450e+01
1.600207412356208181e+01 1.532442066269837255e+01 1.507968389762620021e+01 1.555640348828937292e+01 1.533411699123946903e+01
1.605373739744256767e+01 1.536241939706219028e+01 1.507351332043664449e+01 1.559072260708535396e+01 1.535973544212316533e+01
1.610263512469257563e+01 1.539936698685037442e+01 1.506651723561804701e+01 1.562298585587428867e+01 1.538437130433857725e+01
1.614849459704926460e+01 1.543523050094156623e+01 1.505873864763599101e+01 1.565318472228351432e+01 1.540801116686767536e+01
1.619105909665416476e+01 1.546997834320241516e+01 1.505022155788094729e+01 1.568131493005045307e+01 1.543064269680288447e+01
1.623009448099634966e+01 1.550358029114197222e+01 1.504101040107659415e+01 1.570737626838123369e+01 1.545225462542480521e+01
1.626539546959437033e+01 1.553600753160603354e+01 1.503114951670335131e+01 1.573137241055380819e+01 1.547283673292396777e+01
1.629679124878318319e+01 1.556723269333873638e+01 1.502068267001545898e+01 1.575331072358818041e+01 1.549237983181548550e+01
1.632415003199058390e+01 1.559722987623927182e+01 1.500965263321156051e+01 1.577320207080012793e+01 1.551087574911364442e+01
1.634738227399479271e+01 1.562597467717951361e+01 1.499810083309210640e+01 1.579106060900919140e+01 1.552831730731639936e+01
1.636644233368431500e+01 1.565344421225440108e+01 1.498606706752272011e+01 1.580690358211403357e+01 1.554469830428742938e+01
1.638132849946738645e+01 1.567961713536652724e+01 1.497358928950222534e+01 1.582075111267084466e+01 1.556001349209458340e+01
1.639208141917973194e+01 1.570447365306097609e+01 1.496070345483816055e+01 1.583262599301961693e+01 1.557425855488563116e+01
1.639878109540528328e+01 1.572799553554985330e+01 1.494744342742781740e+01 1.584255347739518704e+01 1.558743008586289491e+01
1.640154270291304783e+01 1.575016612389320336e+01 1.493384093489059161e+01 1.585056107634484057e+01 1.559952556345158392e+01
1.640051154748720208e+01 1.577097033331867593e+01 1.491992556673683801e+01 1.585667835465259756e+01 1.561054332672835265e+01
1.639585751091448529e+01 1.579039465269573306e+01 1.490572480724833149e+01 1.586093673384438318e+01 1.562048255019199416e+01
1.638776931738108189e+01 1.580842714018204020e+01 1.489126409563749043e+01 1.586336930021557201e+01 1.562934321795088444e+01
1.637644891874664665e+01 1.582505741510524189e+01 1.487656690672113413e+01 1.586401061919733380e+01 1.563712609741297221e+01
1.636210623945235199e+01 1.584027664614748154e+01 1.486165484616866728e+01 1.586289655674899990e+01 1.564383271255119823e+01
1.634495445607678121e+01 1.585407753593027103e+01 1.484654775527059378e+01 1.586006410834648150e+01 1.564946531682118191e+01
1.632520592053170105e+01 1.586645430210894858e+01 1.483126382103461260e+01 1.585555123600947702e+01 1.565402686580806169e+01
1.630306877619230121e+01 1.587740265510632476e+01 1.481581968827613771e+01 1.584939671370989345e+01 1.565752098967732842e+01
1.627874426696557464e+01 1.588691977263550470e+01 1.480023057105245421e+01 1.584163998139210427e+01 1.565995196550029078e+01
1.625242470216466018e+01 1.589500427117106440e+01 1.478451036147420616e+01 1.583232100775280493e+01 1.566132468952382162e+01
1.622429201497615381e+01 1.590165617454955260e+01 1.476867173445656256e+01 1.582148016182389583e+01 1.566164464945334167e+01
1.619451683794535413e+01 1.590687687987720267e+01 1.475272624741742256e+01 1.580915809334050515e+01 1.566091789681294877e+01
1.616325801326513911e+01 1.591066912095055130e+01 1.473668443429414410e+01 1.579539562179639667e+01 1.565915101944387899e+01
1.613066245654574615e+01 1.591303692939159120e+01 1.472055589353363914e+01 1.578023363404025936e+01 1.565635111420221293e+01
1.609686529809171063e+01 1.591398559371226717e+01 1.470434936992856123e+01 1.576371299019926475e+01 1.565252575991014794e+01
1.606199023374803758e+01 1.591352161652322472e+01 1.468807283033773103e+01 1.574587443768616168e+01 1.564768299061392121e+01
1.602615002671560518e+01 1.591165267010679862e+01 1.467173353344645470e+01 1.572675853300171589e+01 1.564183126919577127e+01
1.598944711126720719e+01 1.590838755057710152e+01 1.465533809380700525e+01 1.570640557102392521e+01 1.563497946139084682e+01
1.595197425860072649e+01 1.590373613084687854e+01 1.463889254045562360e+01 1.568485552144166917e+01 1.562713681024566625e+01
1.591381527334787371e+01 1.589770931262185272e+01 1.462240237043312341e+01 1.566214797198358966e+01 1.561831291106053854e+01
1.587504569643430585e+01 1.589031897763500467e+01 1.460587259755426714e+01 1.563832207807692321e+01 1.560851768684795893e+01
1.583573349640597350e+01 1.588157793833444487e+01 1.458930779677552181e+01 1.561341651856984214e+01 1.559776136434696525e+01
1.579593973630574233e+01 1.587149988822831226e+01 1.457271214450297059e+01 1.558746945714214149e+01 1.558605445061254002e+01
1.575571920734146580e+01 1.586009935208449484e+01 1.455608945517590769e+01 1.556051850903592815e+01 1.557340771021093495e+01
1.571512102384744658e+01 1.584739163617399527e+01 1.453944321444145515e+01 1.553260071274087295e+01 1.555983214304150408e+01
1.567418917654917898e+01 1.583339277873852247e+01 1.452277660921961377e+01 1.550375250627840451e+01 1.554533896280815419e+01
1.563296304301017337e+01 1.581811950085243978e+01 1.450609255493870364e+01 1.547400970773566442e+01 1.552993957614980047e+01
1.559147785554381649e+01 1.580158915783914964e+01 1.448939372019908589e+01 1.544340749971341964e+01 1.551364556244631032e+01
1.554976512784456055e+01 1.578381969138937535e+01 1.447268254910576424e+01 1.541198041736534030e+01 1.549646865431209086e+01
1.550785304224299743e+01 1.576482958252100097e+01 1.445596128148860515e+01 1.537976233972028517e+01 1.547842071878400638e+01
1.546576679991968817e+01 1.574463780550467185e+01 1.443923197121095647e+01 1.534678648399329681e+01 1.545951373920632044e+01
1.542352893664258495e+01 1.572326378287039539e+01 1.442249650274992767e+01 1.531308540260810780e+01 1.543975979781605368e+01
1.538115960669396998e+01 1.570072734159638195e+01 1.440575660621426479e+01 1.527869098267316161e+01 1.541917105903420193e+01
1.533867683763658363e+01 1.567704867057196338e+01 1.438901387095110707e+01 1.524363444760840380e+01 1.539775975345564163e+01
1.529609675851802741e+01 1.565224827941433361e+01 1.437226975787839578e+01 1.520794636081750184e+01 1.537553816253578276e+01
1.525343380398633641e+01 1.562634695870633905e+01 1.435552561066632649e+01 1.517165663108089646e+01 1.535251860396665968e+01
1.521070089664254255e+01 1.559936574171373636e+01 1.433878266587967865e+01 1.513479451946444598e+01 1.532871341774266938e+01
1.516790960979732539e+01 1.557132586762589099e+01 1.432204206217806153e+01 1.509738864762961263e+01 1.530413495289832859e+01
1.512507031263148427e+01 1.554224874636168430e+01 1.430530484868014973e+01 1.505946700732292776e+01 1.527879555491291441e+01
1.508219229959198593e+01 1.551215592496367357e+01 1.428857199255689281e+01 1.502105697089106151e+01 1.525270755376683596e+01
1.503928390568296969e+01 1.548106905560110746e+01 1.427184438591520177e+01 1.498218530268587401e+01 1.522588325264598019e+01
1.499635260916503121e+01 1.544900986518970143e+01 1.425512285208400343e+01 1.494287817121589335e+01 1.519833491726947372e+01
1.495340512302240299e+01 1.541600012663174368e+01 1.423840815132167492e+01 1.490316116192519580e+01 1.517007476583330394e+01
1.491044747642127888e+01 1.538206163167143004e+01 1.422170098601145760e+01 1.486305929048627306e+01 1.514111495955060605e+01
1.486748508725576912e+01 1.534721616535220434e+01 1.420500200539887814e+01 1.482259701650734840e+01 1.511146759378022075e+01
1.482452282676419841e+01 1.531148548205935178e+01 1.418831180990655483e+01 1.478179825755786325e+01 1.508114468971711375e+01
1.478156507709354628e+01 1.527489128312140743e+01 1.417163095507124737e+01 1.474068640343156744e+01 1.505015818663372684e+01
1.473861578258932070e+01 1.523745519594691977e+01 1.415495995513708927e+01 1.469928433057097017e+01 1.501851993465382229e+01
1.469567849550114857e+01 1.519919875465940073e+01 1.413829928633672495e+01 1.465761441658570696e+01 1.498624168804333046e+01
1.465275641679022911e+01 1.516014338219615354e+01 1.412164938988978236e+01 1.461569855480421154e+01 1.495333509899586666e+01
1.460985243243335496e+01 1.512031037382938337e+01 1.410501067474455184e+01 1.457355816880473931e+01 1.491981171189764410e+01
1.456696914587463887e+01 1.507972088206834194e+01 1.408838352008655725e+01 1.453121422687743802e+01 1.488568295805531783e+01
1.452410890699714230e+01 1.503839590289762995e+01 1.407176827763526106e+01 1.448868725637516519e+01 1.485096015086724996e+01
1.448127383797208800e+01 1.499635626330379701e+01 1.405516527374776636e+01 1.444599735791540418e+01 1.481565448141948238e+01
1.443846585637232849e+01 1.495362261004296478e+01 1.403857481134754970e+01 1.440316421940019609e+01 1.477977701448899239e+01
1.439568669582612159e+01 1.491021539959799647e+01 1.402199717169344950e+01 1.436020712982579717e+01 1.474333868493972943e+01
1.435293792449300732e+01 1.486615488927895434e+01 1.400543261600325273e+01 1.431714499285602571e+01 1.470635029449031705e+01
1.431022096159866663e+01 1.482146112941305738e+01 1.398888138694473504e+01 1.427399634013849372e+01 1.466882250883786298e+01
1.426753709223687316e+01 1.477615395657542052e+01 1.397234371000578790e+01 1.423077934434511249e+01 1.463076585512002836e+01
1.422488748063164898e+01 1.473025298780899028e+01 1.395581979475441159e+01 1.418751183192089549e+01 1.459219071970256820e+01
1.418227318202459131e+01 1.468377761578490492e+01 1.393930983599765483e+01 1.414421129552781409e+01 1.455310734627154723e+01
1.413969515333615412e+01 1.463674700485400848e+01 1.392281401484873271e+01 1.410089490617321495e+01 1.451352583421728148e+01
1.409715426273299066e+01 1.458918008794045384e+01 1.390633249970975349e+01 1.405757952501286567e+01 1.447345613729289759e+01
1.405465129821902437e+01 1.454109556423072469e+01 1.388986544717559468e+01 1.401428171482183771e+01 1.443290806253631686e+01
1.401218697535277080e+01 1.449251189761045033e+01 1.387341300287409496e+01 1.397101775112795607e+01 1.439189126943639252e+01
1.396976194418552986e+01 1.444344731580646446e+01 1.385697530223795582e+01 1.392780363300295754e+01 1.435041526933222045e+01
1.392737679550191210e+01 1.439391981018836653e+01 1.384055247120964083e+01 1.388465509350835880e+01 1.430848942503061849e+01
1.388503206643614263e+01 1.434394713619112594e+01 1.382414462690046086e+01 1.384158760979442349e+01 1.426612295063097413e+01
1.384272824553018744e+01 1.429354681431453855e+01 1.380775187820098537e+01 1.379861641285063989e+01 1.422332491154151413e+01
1.380046577729090629e+01 1.424273613164040064e+01 1.379137432634315275e+01 1.375575649690713576e+01 1.418010422467683362e+01
1.375824506629881938e+01 1.419153214387865880e+01 1.377501206541868939e+01 1.371302262848848308e+01 1.413646965882465878e+01
1.371606648091471392e+01 1.413995167789317087e+01 1.375866518286062146e+01 1.367042935511997293e+01 1.409242983517092540e+01
1.367393035662123602e+01 1.408801133460754151e+01 1.374233375989050465e+01 1.362799101368798560e+01 1.404799322797112993e+01
1.363183699905079571e+01 1.403572749234612793e+01 1.372601787193113232e+01 1.358572173845640840e+01 1.400316816535836217e+01
1.358978668672486023e+01 1.398311631052974491e+01 1.370971758898971871e+01 1.354363546874156654e+01 1.395796283027850748e+01
1.354777967350326584e+01 1.393019373372087344e+01 1.369343297601317211e+01 1.350174595624674190e+01 1.391238526154255162e+01
1.350581619082501561e+01 1.387697549596133584e+01 1.367716409321924509e+01 1.346006677206089286e+01 1.386644335498676561e+01
1.346389644973324451e+01 1.382347712541467111e+01 1.366091099640235562e+01 1.341861131332306556e+01 1.382014486473227777e+01
1.342202064270956718e+01 1.376971394925065972e+01 1.364467373721860710e+01 1.337739280955573307e+01 1.377349740453646554e+01
1.338018894532591041e+01 1.371570109878156352e+01 1.362845236345027367e+01 1.333642432866988337e+01 1.372650844922738855e+01
1.333840151775679850e+01 1.366145351479953796e+01 1.361224691925277774e+01 1.329571878264580675e+01 1.367918533621421240e+01
1.329665850614057376e+01 1.360698595312215353e+01 1.359605744538348659e+01 1.325528893289031451e+01 1.363153526706783225e+01
1.325496004382170767e+01 1.355231299030136682e+01 1.357988397941512382e+01 1.321514739527605542e+01 1.358356530916222482e+01
1.321330625247499135e+01 1.349744902950143022e+01 1.356372655593438559e+01 1.317530664486433167e+01 1.353528239736521854e+01
1.317169724312952184e+01 1.344240830650937646e+01 1.354758520672735322e+01 1.313577902031464717e+01 1.348669333579151086e+01
1.313013311709964626e+01 1.338720489587960571e+01 1.353145996095220660e+01 1.309657672798366512e+01 1.343780479959763419e+01
1.308861396683012224e+01 1.333185271718511444e+01 1.351535084530010700e+01 1.305771184571725385e+01 1.338862333680932259e+01
1.304713987666850805e+01 1.327636554137221836e+01 1.349925788414548222e+01 1.301919632633619273e+01 1.333915537018332920e+01
1.300571092356500991e+01 1.322075699720013908e+01 1.348318109968629130e+01 1.298104200082039128e+01 1.328940719910194979e+01
1.296432717771403809e+01 1.316504057775856396e+01 1.346712051207529548e+01 1.294326058119289868e+01 1.323938500149083275e+01
1.292298870313534742e+01 1.310922964705093463e+01 1.345107613954225911e+01 1.290586366310627930e+01 1.318909483575769315e+01
1.288169555820778811e+01 1.305333744663495565e+01 1.343504799850845188e+01 1.286886272813353393e+01 1.313854264274633010e+01
1.284044779615342513e+01 1.299737710231228505e+01 1.341903610369354993e+01 1.283226914576650302e+01 1.308773424770406812e+01
1.279924546548175002e+01 1.294136163085871516e+01 1.340304046821605688e+01 1.279609417512234870e+01 1.303667536225889911e+01
1.275808861039452324e+01 1.288530394678942770e+01 1.338706110368679170e+01 1.276034896636164362e+01 1.298537158640256273e+01
1.271697727115600429e+01 1.282921686915137549e+01 1.337109802029669581e+01 1.272504456181952470e+01 1.293382841047663590e+01
1.267591148443213633e+01 1.277311312833894696e+01 1.335515122689894518e+01 1.269019189685171334e+01 1.288205121715927781e+01
1.263489128359994673e+01 1.271700537292615252e+01 1.333922073108593764e+01 1.265580180039731850e+01 1.283004528344992323e+01
1.259391669903214073e+01 1.266090617651241246e+01 1.332330653926124775e+01 1.262188499526080676e+01 1.277781578264933060e+01
1.255298775835639624e+01 1.260482804457656769e+01 1.330740865670757245e+01 1.258845209811394028e+01 1.272536778633292087e+01
1.251210448669449526e+01 1.254878342133663516e+01 1.329152708765180968e+01 1.255551361922035980e+01 1.267270626631536956e+01
1.247126690688024375e+01 1.249278469661138935e+01 1.327566183532388955e+01 1.252307996188466532e+01 1.261983609660448735e+01
1.243047503966065825e+01 1.243684421268140916e+01 1.325981290201080753e+01 1.249116142162756660e+01 1.256676205534321866e+01
1.238972890387975312e+01 1.238097427114705695e+01 1.324398028911020653e+01 1.245976818508911599e+01 1.251348882673712026e+01
1.234902851664788948e+01 1.232518713978101310e+01 1.322816399718006330e+01 1.242891032866244494e+01 1.246002100296685278e+01
1.230837389349729882e+01 1.226949505937394136e+01 1.321236402598505855e+01 1.239859781685949791e+01 1.240636308608395133e+01
1.226776504852492877e+01 1.221391025057094026e+01 1.319658037454128241e+01 1.236884050041115835e+01 1.235251948988877224e+01
1.222720199452425582e+01 1.215844492069819083e+01 1.318081304115606756e+01 1.233964811410465323e+01 1.229849454178926216e+01
1.218668474310616112e+01 1.210311127057736869e+01 1.316506202346683452e+01 1.231103027436015829e+01 1.224429248464080722e+01
1.214621330481080008e+01 1.204792150132797524e+01 1.314932731847755853e+01 1.228299647654943882e+01 1.218991747856434671e+01
1.210578768921017101e+01 1.199288782115498897e+01 1.313360892259295909e+01 1.225555609205954433e+01 1.213537360274349908e+01
1.206540790500326210e+01 1.193802245212237878e+01 1.311790683165105875e+01 1.222871836510454813e+01 1.208066485719955985e+01
1.202507396010335761e+01 1.188333763690995681e+01 1.310222104095349849e+01 1.220249240928811929e+01 1.202579516454378350e+01
1.198478586171903970e+01 1.182884564555400964e+01 1.308655154529395226e+01 1.217688720392149548e+01 1.197076837170626007e+01
1.194454361642880080e+01 1.177455878216945884e+01 1.307089833898528575e+01 1.215191159009997257e+01 1.191558825164164759e+01
1.190434723025010832e+01 1.172048939165350134e+01 1.305526141588504530e+01 1.212757426654219728e+01 1.186025850501083312e+01
1.186419670870336063e+01 1.166664986636883583e+01 1.303964076941939787e+01 1.210388378519669672e+01 1.180478276183786868e+01
1.182409205687094023e+01 1.161305265280572030e+01 1.302403639260621482e+01 1.208084854662080510e+01 1.174916458314287837e+01
1.178403327945214940e+01 1.155971025822126208e+01 1.300844827807601334e+01 1.205847679513592396e+01 1.169340746255020136e+01
1.174402038081388611e+01 1.150663525725430780e+01 1.299287641809238103e+01 1.203677661376614338e+01 1.163751482787167646e+01
1.170405336503792526e+01 1.145384029851457974e+01 1.297732080457109483e+01 1.201575591896514617e+01 1.158149004266504711e+01
1.166413223596458160e+01 1.140133811114336027e+01 1.296178142909814390e+01 1.199542245513789673e+01 1.152533640776835533e+01
1.162425699723348771e+01 1.134914151134462657e+01 1.294625828294690351e+01 1.197578378896371731e+01 1.146905716280820542e+01
1.158442765232135407e+01 1.129726340888261404e+01 1.293075135709424117e+01 1.195684730352845904e+01 1.141265548768408422e+01
1.154464420457724394e+01 1.124571681354491837e+01 1.291526064223566195e+01 1.193862019227196747e+01 1.135613450402784608e+01
1.150490665725535600e+01 1.119451484156567034e+01 1.289978612879984965e+01 1.192110945276002099e+01 1.129949727663868586e+01
1.146521501354562922e+01 1.114367072200807662e+01 1.288432780696233237e+01 1.190432188028441018e+01 1.124274681489336025e+01
1.142556927660231025e+01 1.109319780309903791e+01 1.286888566665836819e+01 1.188826406132103308e+01 1.118588607413352598e+01
1.138596944957061829e+01 1.104310955851552478e+01 1.285345969759538853e+01 1.187294236682898152e+01 1.112891795702762820e+01
1.134641553561163541e+01 1.099341959361323440e+01 1.283804988926435975e+01 1.185836294539407021e+01 1.107184531490984369e+01
1.130690753792572245e+01 1.094414165159762753e+01 1.282265623095087470e+01 1.184453171626194923e+01 1.101467094909553168e+01
1.126744545977463297e+01 1.089528961962538567e+01 1.280727871174558707e+01 1.183145436225781921e+01 1.095739761217352282e+01
