9.569473489951503709e+00 9.498102775326747960e+00 9.497158934583323386e+00 9.493308609347415938e+00 9.498965928005969062e+00
9.539269762382252438e+00 9.403957390505706115e+00 9.399413214494906299e+00 9.391614905433735672e+00 9.404227874989858904e+00
9.509403453132001971e+00 9.317183600933715226e+00 9.306612411142399566e+00 9.294865943585932655e+00 9.315508222882559863e+00
9.479886301768054579e+00 9.237419686710346411e+00 9.218613162488535906e+00 9.203008001370859503e+00 9.232542627042345629e+00
9.450727331858988833e+00 9.164320985966170952e+00 9.135278296816281340e+00 9.115986478338458099e+00 9.155079185673313802e+00
9.421933141253653332e+00 9.097559044441201337e+00 9.056476717213016059e+00 9.033745767819153727e+00 9.082877677937466032e+00
9.393508113809977189e+00 9.036820963825030972e+00 8.982082973561515971e+00 8.956229153076701976e+00 9.015709089628627382e+00
9.365454643190194162e+00 8.981808351593917550e+00 8.911976940207965825e+00 8.883378679467973882e+00 8.953355118490275544e+00
9.337773357344017811e+00 8.932236568279845912e+00 8.846043556898477433e+00 8.815135015943424079e+00 8.895607664057690656e+00
9.310463324520332762e+00 8.887834011375906229e+00 8.784172565954335710e+00 8.751437339691918282e+00 8.842268268495679706e+00
9.283522242866025564e+00 8.848341403774956149e+00 8.726258260056821925e+00 8.692223211993409748e+00 8.793147639938213800e+00
9.256946613885292052e+00 8.813510992451005777e+00 8.672199229382011154e+00 8.637428425041566271e+00 8.748065232612065145e+00
9.230731924011523759e+00 8.783105958562041238e+00 8.621898168915015148e+00 8.586986833047143719e+00 8.706848845085861655e+00
9.204872808957198060e+00 8.756899784553532129e+00 8.575261637906669066e+00 8.540830222644610004e+00 8.669334205196554066e+00
9.179363179011492235e+00 8.734675580166799236e+00 8.532199665698461999e+00 8.498888177056038273e+00 8.635364574759369916e+00
9.154196338517445852e+00 8.716225457902373464e+00 8.492625657961363927e+00 8.461087924411799577e+00 8.604790362051353725e+00
9.129365104487462190e+00 8.701349808207984537e+00 8.456456152805690962e+00 8.427354183183114245e+00 8.577468756850608500e+00
9.104861910641353973e+00 8.689856787089375700e+00 8.423610633717810714e+00 8.397608999647237837e+00 8.553263385982811329e+00
9.080678895627315228e+00 8.681561841497709153e+00 8.394011335444004018e+00 8.371771588124971686e+00 8.532044004371247325e+00
9.056807978352127364e+00 8.676287136584814874e+00 8.367583024824808646e+00 8.349758167734600889e+00 8.513686118688621463e+00
9.033240926797207138e+00 8.673861017923419681e+00 8.344252792778140915e+00 8.331481795502808652e+00 8.498070768354859084e+00
9.009969418580746847e+00 8.674117475289877532e+00 8.323949836721409312e+00 8.316852191863665311e+00 8.485084136355958151e+00
8.986985091926804614e+00 8.676895620617649740e+00 8.306605260273444813e+00 8.305775558530550384e+00 8.474617326168125686e+00
8.964279589028199879e+00 8.682039218256493385e+00 8.292151873902163572e+00 8.298154390987027895e+00 8.466566040340888222e+00
8.941844593320150025e+00 8.689396225506730076e+00 8.280523981272533973e+00 8.293887284397280624e+00 8.460830302881474196e+00
8.919671861215718422e+00 8.698818347114066540e+00 8.271657168837215579e+00 8.292868731744095001e+00 8.457314212052041924e+00
8.897753248639425294e+00 8.710160613464131174e+00 8.265488068676683397e+00 8.294988913908870387e+00 8.455925635935166440e+00
8.876080732913941063e+00 8.723280979128007928e+00 8.261954114863742760e+00 8.300133482159337106e+00 8.456575984344155472e+00
8.854646430671454738e+00 8.738039951158372176e+00 8.260993288513672539e+00 8.308183334128065312e+00 8.459179918705613588e+00
8.833442612351527501e+00 8.754300257555120979e+00 8.262543833997417764e+00 8.319014386143850359e+00 8.463655099873529153e+00
8.812461713683472198e+00 8.771926550396500488e+00 8.266543948724430990e+00 8.332497344916555804e+00 8.469921913206182040e+00
8.791696344688533671e+00 8.790785151169426825e+00 8.272931445603994405e+00 8.348497481997769754e+00 8.477903200948748719e+00
8.771139296225245019e+00 8.810743860373493774e+00 8.281643339640735846e+00 8.366874412025632424e+00 8.487523973668798405e+00
8.750783544723821805e+00 8.831671805480633353e+00 8.292615406249996823e+00 8.387481901508646587e+00 8.498711124482333901e+00
8.730622255074422355e+00 8.853439358698366846e+00 8.305781667903273657e+00 8.410167706858420189e+00 8.511393134132308802e+00
8.710648782335342233e+00 8.875918114187724584e+00 8.321073785945481305e+00 8.434773460125798650e+00 8.525499716865763133e+00
8.690856672369340785e+00 8.898980932766253460e+00 8.338420342406882568e+00 8.461134619865589457e+00 8.540961558728803027e+00
8.671239662616565980e+00 8.922502083590828192e+00 8.357745999628457767e+00 8.489080555342898293e+00 8.557709864883758399e+00
8.651791678561076893e+00 8.946357430870696348e+00 8.378970511547180422e+00 8.518434721995962633e+00 8.575676000327126403e+00
8.632506832098812311e+00 8.970424703069365790e+00 8.402007517916523227e+00 8.549015017635394287e+00 8.594791053771279721e+00
8.613379419125305247e+00 8.994583819927800761e+00 8.426763225238303789e+00 8.580634341234326001e+00 8.614985382283483872e+00
8.594403916397423515e+00 9.018717283922171646e+00 8.453134869659670869e+00 8.613101399759116816e+00 8.636188090560306563e+00
8.575574979072836612e+00 9.042710639491199132e+00 8.481009016169114290e+00 8.646221773587067005e+00 8.658326458461839792e+00
8.556887435717731805e+00 9.066452942433359752e+00 8.510259811600672464e+00 8.679799269748006196e+00 8.681325313953186296e+00
8.538336285184616514e+00 9.089837263904028575e+00 8.540747317915379000e+00 8.713637531133020531e+00 8.705106345868580675e+00
8.519916691706953316e+00 9.112761197731732210e+00 8.572316130824034985e+00 8.747541903892892989e+00 8.729587358541202491e+00
8.501623980997930374e+00 9.135127367843054458e+00 8.604794623595683589e+00 8.781321468656763329e+00 8.754681497210468066e+00
8.483453635894470324e+00 9.156843901352255344e+00 8.637995083986430345e+00 8.814791156693093654e+00 8.780296358121677969e+00
8.465401292007852518e+00 9.177824855867980247e+00 8.671714972986832137e+00 8.847773838845842675e+00 8.806333173056778207e+00
8.447462733318435113e+00 9.197990592419213129e+00 8.705739504092774084e+00 8.880102282280715187e+00 8.832686012619276994e+00
8.429633887931011316e+00 9.217268129492833140e+00 8.739845423584270634e+00 8.911620859401759631e+00 8.859241072951860474e+00
8.411911772057642622e+00 9.235606807230237081e+00 8.773851222097851732e+00 8.942211953461175256e+00 8.885944159656128605e+00
8.394297126812656273e+00 9.253017796580220278e+00 8.807732303473084556e+00 8.971857640967321856e+00 8.912979850352304112e+00
8.376791219134762656e+00 9.269516173779695833e+00 8.841447794548383143e+00 9.000543650275941943e+00 8.940524552678470016e+00
8.359394880105904591e+00 9.285106162591857171e+00 8.874903756619948680e+00 9.028237625214623918e+00 8.968672842022909819e+00
8.342108558042276911e+00 9.299783678548807941e+00 8.907968831948933186e+00 9.054895681831082399e+00 8.997441447205284604e+00
8.324932353978814703e+00 9.313538631144512081e+00 8.940488672404415027e+00 9.080467423694875251e+00 9.026774919070017944e+00
8.307866057500637780e+00 9.326357029394294784e+00 8.972298396773544127e+00 9.104900257243633277e+00 9.056554091401803674e+00
8.290909183610404298e+00 9.338222477002064537e+00 9.003232765549833871e+00 9.128142329327449289e+00 9.086606811863008559e+00
8.274061000666856458e+00 9.349117684886280699e+00 9.033133826617341100e+00 9.150144930402543508e+00 9.116720789130042135e+00
8.257320559407103744e+00 9.359025669033632866e+00 9.061856414718704400e+00 9.170864129689004329e+00 9.146657488575304029e+00
8.240686717062040145e+00 9.367930474749307734e+00 9.089271655565250185e+00 9.190261714005723448e+00 9.176166057947561683e+00
8.224158158189474932e+00 9.375817909413381557e+00 9.115268841041194392e+00 9.208305857761200031e+00 9.204996199679035485e+00
8.207733415079038863e+00 9.382676132377131495e+00 9.139755977728167835e+00 9.224971461054172650e+00 9.232909089059180729e+00
8.191410889174781218e+00 9.388495940583553079e+00 9.162659525128010074e+00 9.240239959437690942e+00 9.259685841053185484e+00
8.175188870701775912e+00 9.393270918025811156e+00 9.183923449964845886e+00 9.254099191926684398e+00 9.285133224658590478e+00
8.159065552973350677e+00 9.396997576018565113e+00 9.203507873457740018e+00 9.266543122223039219e+00 9.309086868334775389e+00
8.143039043077745731e+00 9.399675376663200410e+00 9.221387535616612396e+00 9.277571371723578153e+00 9.331412309296732488e+00
8.127107375328943561e+00 9.401306734072614191e+00 9.237550134950000214e+00 9.287188747206258199e+00 9.352004341025038414e+00
8.111268524689492665e+00 9.401896776935416256e+00 9.251994690077912864e+00 9.295404749885101126e+00 9.370785185728067290e+00
8.095520417159317361e+00 9.401453216768230092e+00 9.264729977655031590e+00 9.302233080824976241e+00 9.387701927760723208e+00
8.079860938865445874e+00 9.399986209181788510e+00 9.275773065393487116e+00 9.307691146490528311e+00 9.402723576004245132e+00
8.064287948378414228e+00 9.397508147368034415e+00 9.285147964213269489e+00 9.311799583783441747e+00 9.415838046549488638e+00
8.048799279172639487e+00 9.394033443516647708e+00 9.292884418355891185e+00 9.314581817545898090e+00 9.427049205343658755e+00
8.033392756367637944e+00 9.389578307973211579e+00 9.299016843991619652e+00 9.316063645834201878e+00 9.436374143399396175e+00
8.018066191268957255e+00 9.384160535710218909e+00 9.303583392693345999e+00 9.316272855081827231e+00 9.443840714763348743e+00
8.002817393304281879e+00 9.377799301403515031e+00 9.306625121900113484e+00 9.315238868045513598e+00 9.449485356617667975e+00
7.987644176104973681e+00 9.370514963790258278e+00 9.308185280642826243e+00 9.312992427120812877e+00 9.453351205520611700e+00
7.972544359998109620e+00 9.362328877387678716e+00 9.308308700478718833e+00 9.309565305775654664e+00 9.455486521906395936e+00
7.957515779929103417e+00 9.353263212936672844e+00 9.307041275303189920e+00 9.304990051882958468e+00 9.455943338450573776e+00
7.942556287860424113e+00 9.343340791829923830e+00 9.304429517750905987e+00 9.299299759534326526e+00 9.454776328849725076e+00
7.927663755109487731e+00 9.332584935979767238e+00 9.300520185322492139e+00 9.292527861706030734e+00 9.452041873512895265e+00
7.912836080480986745e+00 9.321019330528679703e+00 9.295359964875817838e+00 9.284707950327391046e+00 9.447797307651827126e+00
7.898071187456795705e+00 9.308667896462088365e+00 9.288995213094207060e+00 9.275873621781208556e+00 9.442100301350626168e+00
7.883366884677195152e+00 9.295554611351976249e+00 9.281471875071439115e+00 9.266058296174861653e+00 9.435008490575883755e+00
7.868720638053827265e+00 9.281702464250706441e+00 9.272834839218509373e+00 9.255294577212710649e+00 9.426578405993051746e+00
7.854129879189581054e+00 9.267134717437210512e+00 9.263127907286927254e+00 9.243614711197770006e+00 9.416866245810549430e+00
7.839592098819109012e+00 9.251874626406094038e+00 9.252394563121713489e+00 9.231050865435726394e+00 9.405926934261318095e+00
7.825104896614461403e+00 9.235945352219635751e+00 9.240676964792381654e+00 9.217634663476792056e+00 9.393814070987696496e+00
7.810665978235845408e+00 9.219369934975681247e+00 9.228016128579488608e+00 9.203397223894217660e+00 9.380579903328939650e+00
7.796273140137541802e+00 9.202171182325384891e+00 9.214451950556519222e+00 9.188369140971524018e+00 9.366275094495934539e+00
7.781924258549175910e+00 9.184371618390896330e+00 9.200023156896703469e+00 9.172580409848174909e+00 9.350948684084560369e+00
7.767617288117892649e+00 9.165993430291342392e+00 9.184767190282471461e+00 9.156060343831329718e+00 9.334648063089545644e+00
7.753350265953358189e+00 9.147058415554766952e+00 9.168720235596817147e+00 9.138837551407990034e+00 9.317418952545901689e+00
7.739121309528348647e+00 9.127587940224911378e+00 9.151917254287541326e+00 9.120939927417261117e+00 9.299305389793467214e+00
7.724928618360489274e+00 9.107602906854221914e+00 9.134391975014436227e+00 9.102394631769447741e+00 9.280349732712586786e+00
7.710770464044869321e+00 9.087123733926295799e+00 9.116176896462491186e+00 9.083228068572907432e+00 9.260592679020652085e+00
7.696645185359009211e+00 9.066170332306299429e+00 9.097303306613270024e+00 9.063465875524082449e+00 9.240073294761511846e+00
7.682551187839924189e+00 9.044762092124811304e+00 9.077801299474298702e+00 9.043132923046501404e+00 9.218829048285291705e+00
7.668486941582606242e+00 9.022917871698661330e+00 9.057699787295508287e+00 9.022253312966521221e+00 9.196895845856639440e+00
7.654450979809267253e+00 9.000655999547999997e+00 9.037026556907866492e+00 9.000850382043529052e+00 9.174308081135157167e+00
7.640441895923266280e+00 8.977994256257648686e+00 9.015808249511966466e+00 8.978946705797719474e+00 9.151098675902952451e+00
7.626458341101085558e+00 8.954949885862708570e+00 8.994070451908562802e+00 8.956564103642323360e+00 9.127299125724134043e+00
7.612499027384833639e+00 8.931539579829562925e+00 8.971837692087522242e+00 8.933723654736901665e+00 9.102939547939818965e+00
7.598562713639291921e+00 8.907779496622341142e+00 8.949133485814257938e+00 8.910445705129152572e+00 9.078048746908981670e+00
7.584648224463380828e+00 8.883685247031428034e+00 8.925980355379719455e+00 8.886749890413065955e+00 9.052654221063594520e+00
7.570754420156880826e+00 8.859271932118945259e+00 8.902399875710434785e+00 8.862655141994872920e+00 9.026782268075587368e+00
7.556880223011277486e+00 8.834554116317207217e+00 8.878412701656772654e+00 8.838179704395779268e+00 9.000457948241052719e+00
7.543024593926547006e+00 8.809545874596842907e+00 8.854038592089860771e+00 8.813341166367573365e+00 8.973705223708423162e+00
7.529186540163482988e+00 8.784260773225883057e+00 8.829296453519519972e+00 8.788156458597626397e+00 8.946546964173281324e+00
7.515365113044984113e+00 8.758711899177164639e+00 8.804204375175068265e+00 8.762641871074901445e+00 8.919004996111601358e+00
7.501559404490969030e+00 8.732911858548812134e+00 8.778779644983396580e+00 8.736813084392938578e+00 8.891100151393221296e+00
7.487768546105423972e+00 8.706872786530436059e+00 8.753038794448285032e+00 8.710685181732293003e+00 8.862852308904919596e+00
7.473991710594232174e+00 8.680606371577454183e+00 8.726997617635884552e+00 8.684272663192848185e+00 8.834280422955872680e+00
7.460228105651260044e+00 8.654123865981377506e+00 8.700671209714277765e+00 8.657589467321443522e+00 8.805402570138957330e+00
7.446476976527795166e+00 8.627436073203528011e+00 8.674073995463293940e+00 8.630648987575012754e+00 8.776235986895349228e+00
7.432737602432946566e+00 8.600553397987750870e+00 8.647219754534399172e+00 8.603464090617212179e+00 8.746797109656737845e+00
7.419009295715936148e+00 8.573485850889316140e+00 8.620121638266986963e+00 8.576047133861438354e+00 8.717101602631327495e+00
7.405291400663824852e+00 8.546243011652890686e+00 8.592792223630548065e+00 8.548409983594408956e+00 8.687164404837920628e+00
7.391583291979435977e+00 8.518834112812870174e+00 8.565243500640189467e+00 8.520564032308351798e+00 8.656999774805338888e+00
7.377884373343890800e+00 8.491268037107351674e+00 8.537486923634675762e+00 8.492520211170322852e+00 8.626621262032958981e+00
7.364194076548068679e+00 8.463553274665750692e+00 8.509533431240800638e+00 8.464289015864354226e+00 8.596041809726358451e+00
7.350511860433615929e+00 8.435697998746514159e+00 8.481393442424336016e+00 8.435880517939791545e+00 8.565273803139776376e+00
7.336837209105034674e+00 8.407710063928812261e+00 8.453076923136787713e+00 8.407304360180672731e+00 8.534328962126172868e+00
7.323169632325146949e+00 8.379596996070734605e+00 8.424593363075805641e+00 8.378569817486127391e+00 8.503218483671215466e+00
7.309508662674712554e+00 8.351366016986318641e+00 8.395951829837715152e+00 8.349685780105986055e+00 8.471953116418090346e+00
7.295853856526741232e+00 8.323024051374396493e+00 8.367160970018028721e+00 8.320660745465293218e+00 8.440543011017336283e+00
7.282204791363028562e+00 8.294577755228170091e+00 8.338229022304076921e+00 8.291502898080745254e+00 8.408997843757145318e+00
7.268561066245536217e+00 8.266033498139631064e+00 8.309163862935445621e+00 8.262220074193535879e+00 8.377326915937549856e+00
7.254922299940633756e+00 8.237397378407294468e+00 8.279972980886540768e+00 8.232819757073009725e+00 8.345539022424345532e+00
7.241288130679122581e+00 8.208675261314013483e+00 8.250663539371842603e+00 8.203309156517780920e+00 8.313642532899581994e+00
7.227658215062934488e+00 8.179872756339568340e+00 8.221242358631947411e+00 8.173695170180433678e+00 8.281645483510088113e+00
7.214032227252106466e+00 8.150995233742957424e+00 8.191715939268393143e+00 8.143984386089199390e+00 8.249555490972539928e+00
7.200409858543281416e+00 8.122047851794590656e+00 8.162090491459105479e+00 8.114183146669059710e+00 8.217379801866179889e+00
7.186790816040013574e+00 8.093035545801974706e+00 8.132371918433419111e+00 8.084297518215473488e+00 8.185125367262298113e+00
7.173174822858432442e+00 8.063963041521894581e+00 8.102565866143880413e+00 8.054333296747337556e+00 8.152798783426488782e+00
7.159561616394363170e+00 8.034834876363991185e+00 8.072677704458007142e+00 8.024296058899665240e+00 8.120406321835174523e+00
7.145950948864280505e+00 8.005655389836130453e+00 8.042712555475779013e+00 7.994191137510277656e+00 8.087954006703323984e+00
7.132342585561429082e+00 7.976428734342900562e+00 8.012675306695651756e+00 7.964023627861149812e+00 8.055447553603421795e+00
7.118736305233892558e+00 7.947158902229967126e+00 7.982570604305638362e+00 7.933798433029623176e+00 8.022892386493298389e+00
7.105131898849799121e+00 7.917849706782120300e+00 7.952402891129206175e+00 7.903520239622960908e+00 7.990293729120796939e+00
7.091529169414321210e+00 7.888504792780167918e+00 7.922176388078034925e+00 7.873193524764107387e+00 7.957656535694280997e+00
7.077927931394240701e+00 7.859127669241386727e+00 7.891895125891250196e+00 7.842822598666891132e+00 7.924985500004133598e+00
7.064328010038130934e+00 7.829721684788305325e+00 7.861562944833321076e+00 7.812411578778424293e+00 7.892285148552729446e+00
7.050729241280626169e+00 7.800290038493689515e+00 7.831183497866209819e+00 7.781964398690449869e+00 7.859559775956515892e+00
7.037131470763569041e+00 7.770835810075027439e+00 7.800760276473934773e+00 7.751484846136623474e+00 7.826813449995817074e+00
7.023534554049330580e+00 7.741361938425177946e+00 7.770296594687780001e+00 7.720976537793252881e+00 7.794050092112468242e+00
7.009938355486944772e+00 7.711871231403241822e+00 7.739795621426300620e+00 7.690442930164211432e+00 7.761273426761937877e+00
6.996342748572450532e+00 7.682366390409724133e+00 7.709260370752502034e+00 7.659887351043278336e+00 7.728486982524774618e+00
6.982747614844965867e+00 7.652849995310678999e+00 7.678693711970804969e+00 7.629312976725889150e+00 7.695694160253369276e+00
6.969152844108907452e+00 7.623324512932127206e+00 7.648098385523467435e+00 7.598722844058197978e+00 7.662898193258682156e+00
6.955558333727810627e+00 7.593792315391610259e+00 7.617476992389992319e+00 7.568119876330118956e+00 7.630102143208024934e+00
6.941963988418084597e+00 7.564255666860574046e+00 7.586832019581969178e+00 7.537506865164058212e+00 7.597308964134137810e+00
6.928369719994018183e+00 7.534716729010549230e+00 7.556165830350157542e+00 7.506886483172551472e+00 7.564521466250379689e+00
6.914775446942297066e+00 7.505177585217958303e+00 7.525480676559966220e+00 7.476261301235118673e+00 7.531742307629839317e+00
6.901181094493207269e+00 7.475640223166110765e+00 7.494778706287839043e+00 7.445633772108213755e+00 7.498974057113018787e+00
6.887586593481275443e+00 7.446106541505534970e+00 7.464061959256405032e+00 7.415006244073876651e+00 7.466219159484002610e+00
6.873991880467527515e+00 7.416578369042627905e+00 7.433332385216976590e+00 7.384380978647612892e+00 7.433479925811288247e+00
6.860396899137886528e+00 7.387057450846175932e+00 7.402591835114305852e+00 7.353760133095790685e+00 7.400758591654077456e+00
6.846801596670324841e+00 7.357545453168054195e+00 7.371842074965616831e+00 7.323145775001891344e+00 7.368057285951159052e+00
6.833205925511061096e+00 7.328043981980406407e+00 7.341084786838104392e+00 7.292539893875777501e+00 7.335378021857520636e+00
6.819609844071581328e+00 7.298554570042721679e+00 7.310321568870207898e+00 7.261944387532916600e+00 7.302722747024926520e+00
6.806013315811108022e+00 7.269078681636820249e+00 7.279553948304371858e+00 7.231361076542577315e+00 7.270093317933170596e+00
6.792416306885098010e+00 7.239617727682974291e+00 7.248783373168786071e+00 7.200791712589707849e+00 7.237491489473796946e+00
6.778818788330794654e+00 7.210173055197471648e+00 7.218011227396023521e+00 7.170237967393022771e+00 7.204918960864958422e+00
6.765220737327658718e+00 7.180745950867287064e+00 7.187238826530354174e+00 7.139701446384952632e+00 7.172377352961412100e+00
6.751622132555455735e+00 7.151337655394415016e+00 7.156467421654778782e+00 7.109183693900277490e+00 7.139868204816357533e+00
6.738022957096428733e+00 7.121949353548828299e+00 7.125698207258163386e+00 7.078686183472197690e+00 7.107393003119288899e+00
6.724423198450882211e+00 7.092582177421458134e+00 7.094932315973603743e+00 7.048210332123513666e+00 7.074953170204152819e+00
6.710822847275002445e+00 7.063237218986197163e+00 7.064170830215711128e+00 7.017757503175739764e+00 7.042550047556145110e+00
6.697221897048819983e+00 7.033915521333916843e+00 7.033414777904168247e+00 6.987328997452838308e+00 7.010184940308562318e+00
6.683620344649918721e+00 7.004618081277268260e+00 7.002665137514331839e+00 6.956926067601672870e+00 6.977859094683217300e+00
6.670018190239249911e+00 6.975345861002025138e+00 6.971922841422975026e+00 6.926549918749677737e+00 6.945573693395156845e+00
6.656415436319865542e+00 6.946099779962565890e+00 6.941188771333082208e+00 6.896201700827402803e+00 6.913329880817332906e+00
6.642812088148305705e+00 6.916880717182109173e+00 6.910463773617287586e+00 6.865882522834894530e+00 6.881128753564993872e+00
6.629208154482341797e+00 6.887689521538369775e+00 6.879748654443869071e+00 6.835593451621112315e+00 6.848971352995952167e+00
6.615603645818186607e+00 6.858527004628887980e+00 6.849044174331703871e+00 6.805335505777429184e+00 6.816858686354445140e+00
6.601998574959027088e+00 6.829393942656005301e+00 6.818351055670277994e+00 6.775109668967538745e+00 6.784791720704960838e+00
6.588392957338484734e+00 6.800291085683605630e+00 6.787669999682924171e+00 6.744916887491501534e+00 6.752771377774953621e+00
6.574786810975344231e+00 6.771219151286327786e+00 6.757001673360764293e+00 6.714758065319261782e+00 6.720798547570147718e+00
6.561180155221737920e+00 6.742178826180410312e+00 6.726346684226348849e+00 6.684634076849879314e+00 6.688874086801439134e+00
6.547573011622075612e+00 6.713170774310554201e+00 6.695705633968076498e+00 6.654545763389726254e+00 6.656998812550916078e+00
6.533965404325165593e+00 6.684195631361881773e+00 6.665079097345555148e+00 6.624493929078348664e+00 6.625173514291270216e+00
6.520357358539399684e+00 6.655254006100063791e+00 6.634467617952786611e+00 6.594479353145145772e+00 6.593398953823074393e+00
6.506748901404688645e+00 6.626346487534146235e+00 6.603871689865413508e+00 6.564502785471476365e+00 6.561675859117742426e+00
6.493140061943407204e+00 6.597473640099297931e+00 6.573291811123127104e+00 6.534564943321837127e+00 6.530004933465166417e+00
6.479530870810219945e+00 6.568636004776854165e+00 6.542728447381790602e+00 6.504666522952592622e+00 6.498386857094763158e+00
6.465921359875062002e+00 6.539834105426842292e+00 6.512182037278582136e+00 6.474808194576887388e+00 6.466822281147420526e+00
6.452311562569128078e+00 6.511068444543925082e+00 6.481652992298537974e+00 6.444990600213904131e+00 6.435311834752580396e+00
6.438701514104709922e+00 6.482339504166541033e+00 6.451141714345371980e+00 6.415214363610235004e+00 6.403856127847436852e+00
6.425091250513184526e+00 6.453647751553255318e+00 6.420648582215349620e+00 6.385480085759680513e+00 6.372455745828623286e+00
6.411480809195059472e+00 6.424993635390828572e+00 6.390173953892570147e+00 6.355788343268817364e+00 6.341111254497963756e+00
6.397870229020020005e+00 6.396377586552662642e+00 6.359718171708939494e+00 6.326139696829034875e+00 6.309823203450777740e+00
6.384259549870233030e+00 6.367800023142270227e+00 6.329281563231674568e+00 6.296534687278898978e+00 6.278592121528210335e+00
6.370648812574515318e+00 6.339261347146447179e+00 6.298864440517922603e+00 6.266973834412359778e+00 6.247418520272426612e+00
6.357038059117641637e+00 6.310761945065602063e+00 6.268467085052479071e+00 6.237457644160202541e+00 6.216302897667811855e+00
6.343427332713852174e+00 6.282302192365691873e+00 6.238089781510817389e+00 6.207986605154030002e+00 6.185245734127996720e+00
6.329816677168343730e+00 6.253882450554978156e+00 6.207732795701135231e+00 6.178561187862085191e+00 6.154247494887886916e+00
6.316206137265311327e+00 6.225503067710824290e+00 6.177396379095834611e+00 6.149181850721200604e+00 6.123308633856686889e+00
6.302595758913440704e+00 6.197164382378610448e+00 6.147080766434089405e+00 6.119849036696833444e+00 6.092429589995465911e+00
6.288985588594832699e+00 6.168866720299993389e+00 6.116786187539720920e+00 6.090563171222975747e+00 6.061610788907672465e+00
6.275375673561141454e+00 6.140610394808361683e+00 6.086512859201082648e+00 6.061324672255307355e+00 6.030852646859140798e+00
6.261766061899333380e+00 6.112395713080396753e+00 6.056260982546017857e+00 6.032133944661120850e+00 6.000155567402059020e+00
6.248156802492485618e+00 6.084222972295423304e+00 6.026030748609967347e+00 6.002991382732697723e+00 5.969519942385334232e+00
6.234547944680194576e+00 6.056092461568149510e+00 5.995822343079888483e+00 5.973897360776840415e+00 5.938946155901291490e+00
6.220939538482829434e+00 6.028004451996646473e+00 5.965635940534022019e+00 5.944852249871954264e+00 5.908434581270086028e+00
6.207331634749802873e+00 5.999959216868309575e+00 5.935471703391465681e+00 5.915856414290254328e+00 5.877985581594651343e+00
6.193724284633985278e+00 5.971957021554295864e+00 5.905329788891694243e+00 5.886910208134701783e+00 5.847599513520947312e+00
6.180117539885710443e+00 5.943998124283832674e+00 5.875210345932872613e+00 5.858013971923921481e+00 5.817276724601894600e+00
6.166511452852450503e+00 5.916082771855843525e+00 5.845113515137168037e+00 5.829168024408132531e+00 5.787017553541545567e+00
6.152906076366204680e+00 5.888211194081656608e+00 5.815039425763638192e+00 5.800372699458551828e+00 5.756822333638877964e+00
6.139301463603062281e+00 5.860383634238332640e+00 5.784988205468648559e+00 5.771628315241934537e+00 5.726691390541025051e+00
6.125697668211858016e+00 5.832600322802290016e+00 5.754959973761022418e+00 5.742935183489323414e+00 5.696625042239331194e+00
6.112094744385870193e+00 5.804861485409017696e+00 5.724954842742794980e+00 5.714293593906014657e+00 5.666623602243277880e+00
6.098492746517780283e+00 5.777167330651292509e+00 5.694972917884678409e+00 5.685703844060505219e+00 5.636687377626795836e+00
6.084891729398243854e+00 5.749518071863512603e+00 5.665014301267967234e+00 5.657166223902259539e+00 5.606816668851264396e+00
6.071291748253231368e+00 5.721913918713183556e+00 5.635079089088930182e+00 5.628681015965600665e+00 5.577011772688670987e+00
6.057692858566710470e+00 5.694355074451725507e+00 5.605167369140791500e+00 5.600248494298885049e+00 5.547272980506008366e+00
6.044095116074182705e+00 5.666841736743148061e+00 5.575279226649246134e+00 5.571868924332110673e+00 5.517600577962886277e+00
6.030498576829104174e+00 5.639374094194663734e+00 5.545414742772812211e+00 5.543542573397085782e+00 5.487994847705261137e+00
6.016903297221294800e+00 5.611952339281540247e+00 5.515573993732532543e+00 5.515269701207013320e+00 5.458456067848412196e+00
6.003309333758931388e+00 5.584576658026866980e+00 5.485757048973571415e+00 5.487050563075755782e+00 5.428984511608295094e+00
5.989716743200529159e+00 5.557247233181718649e+00 5.455963977005248822e+00 5.458885408186381127e+00 5.399580449737937826e+00
5.976125582612391796e+00 5.529964243424099202e+00 5.426194841677092207e+00 5.430774484169631933e+00 5.370244149208762252e+00
5.962535909156367886e+00 5.502727865267229568e+00 5.396449702524113157e+00 5.402718034526228230e+00 5.340975872808395586e+00
5.948947780175309674e+00 5.475538273048577764e+00 5.366728614342525461e+00 5.374716299589502810e+00 5.311775881316394887e+00
5.935361253210587940e+00 5.448395638595387780e+00 5.337031630825955553e+00 5.346769512033186622e+00 5.282644432370341647e+00
5.921776385981522672e+00 5.421300130439312248e+00 5.307358801844422658e+00 5.318877900006027559e+00 5.253581780052736683e+00
5.908193236270111726e+00 5.394251907791990597e+00 5.277710173353788115e+00 5.291041695243174026e+00 5.224588176818381058e+00
5.894611861999061730e+00 5.367251137729690313e+00 5.248085788821498454e+00 5.263261123860323742e+00 5.195663872524788118e+00
5.881032321284402897e+00 5.340297981781554348e+00 5.218485689636341185e+00 5.235536409343649389e+00 5.166809114015637583e+00
5.867454672243574976e+00 5.313392599755469625e+00 5.188909914476437457e+00 5.207867769176475647e+00 5.138024146832757211e+00
5.853878973102998096e+00 5.286535148109461346e+00 5.159358495928708876e+00 5.180255423075881716e+00 5.109309214380617803e+00
5.840305282248221985e+00 5.259725782404773398e+00 5.129831468723534016e+00 5.152699587178608986e+00 5.080664557515749635e+00
5.826733658107526637e+00 5.232964657945230691e+00 5.100328864290128550e+00 5.125200475818269652e+00 5.052090416068254264e+00
5.813164159085345339e+00 5.206251928218468272e+00 5.070850712258751614e+00 5.097758297748941736e+00 5.023587028103945862e+00
5.799596843646937394e+00 5.179587745196329251e+00 5.041397040708094579e+00 5.070373260655218317e+00 4.995154629600261131e+00
