1.992764759591714840e+00
1.985676279971438252e+00
1.978731153025835354e+00
1.971926004085648776e+00
1.965257496606421350e+00
1.958722336282860299e+00
1.952317274640752665e+00
1.946039112148437056e+00
1.939884700887601232e+00
1.933850946820906858e+00
1.927934811691609074e+00
1.922133314588050812e+00
1.916443533203639582e+00
1.910862604820767530e+00
1.905387727044994151e+00
1.900016158313870385e+00
1.894745218202844583e+00
1.889572287548949348e+00
1.884494808411270927e+00
1.879510283885656774e+00
1.874616277789639796e+00
1.869810414232226936e+00
1.865090377081916939e+00
1.860453909345160639e+00
1.855898812466399761e+00
1.851422945559812350e+00
1.847024224581997442e+00
1.842700621453969845e+00
1.838450163140065818e+00
1.834270930690657941e+00
1.830161058254895945e+00
1.826118732069134554e+00
1.822142189426113168e+00
1.818229717629483044e+00
1.814379652937801790e+00
1.810590379501700653e+00
1.806860328297545726e+00
1.803187976060560471e+00
1.799571844220057670e+00
1.796010497839147790e+00
1.792502544561002331e+00
1.789046633563538435e+00
1.785641454524140359e+00
1.782285736595861980e+00
1.778978247396349355e+00
1.775717792010568674e+00
1.772503212008279760e+00
1.769333384477040916e+00
1.766207221071431910e+00
1.763123667079052215e+00
1.760081700503752566e+00
1.757080331166484211e+00
1.754118599824045166e+00
1.751195577305941109e+00
1.748310363669514977e+00
1.745462087373431226e+00
1.742649904469552036e+00
1.739872997813195932e+00
1.737130576291725070e+00
1.734421874071366165e+00
1.731746149862145812e+00
1.729102686200778560e+00
1.726490788751333216e+00
1.723909785623470414e+00
1.721359026708022766e+00
1.718837883029685543e+00
1.716345746116552551e+00
1.713882027386236073e+00
1.711446157548280667e+00
1.709037586022593480e+00
1.706655780373586007e+00
1.704300225759726617e+00
1.701970424398200565e+00
1.699665895044364161e+00
1.697386172485683131e+00
1.695130807049834987e+00
1.692899364126668749e+00
1.690691423703706064e+00
1.688506579914867300e+00
1.686344440602115080e+00
1.684204626889703293e+00
1.682086772770727379e+00
1.679990524705671229e+00
1.677915541232651631e+00
1.675861492589064694e+00
1.673828060344338287e+00
1.671814937043508920e+00
1.669821825861335318e+00
1.667848440266671783e+00
1.665894503696832452e+00
1.663959749241666453e+00
1.662043919337092834e+00
1.660146765467830354e+00
1.658268047879073448e+00
1.656407535296860578e+00
1.654565004656900040e+00
1.652740240841609642e+00
1.650933036425143774e+00
1.649143191426177157e+00
1.647370513068229014e+00
1.645614815547305376e+00
1.643875919806661701e+00
1.642153653318446649e+00
1.640447849872084252e+00
1.638758349369144440e+00
1.637084997624536076e+00
1.635427646173836402e+00
1.633786152086571075e+00
1.632160377785269345e+00
1.630550190870129645e+00
1.628955463949115945e+00
1.627376074473336320e+00
1.625811904577535438e+00
1.624262840925553952e+00
1.622728774560598053e+00
1.621209600760183500e+00
1.619705218895604037e+00
1.618215532295792070e+00
1.616740448115433271e+00
1.615279877207212778e+00
1.613833733998060183e+00
1.612401936369272759e+00
1.610984405540399456e+00
1.609581065956769086e+00
1.608191845180548807e+00
1.606816673785229410e+00
1.605455485253424186e+00
1.604108215877884547e+00
1.602774804665630048e+00
1.601455193245097330e+00
1.600149325776212939e+00
1.598857148863298994e+00
1.597578611470727328e+00
1.596313664841227498e+00
1.595062262416776067e+00
1.593824359761979892e+00
1.592599914489875257e+00
1.591388886190070018e+00
1.590191236359153493e+00
1.589006928333303259e+00
1.587835927223018473e+00
1.586678199849914872e+00
1.585533714685512852e+00
1.584402441791961103e+00
1.583284352764628533e+00
1.582179420676510517e+00
1.581087620024387075e+00
1.580008926676683911e+00
1.578943317822974590e+00
1.577890771925077207e+00
1.576851268669694273e+00
1.575824788922544739e+00
1.574811314683940644e+00
1.573810829045766413e+00
1.572823316149809969e+00
1.571848761147406570e+00
1.570887150160355183e+00
1.569938470243060769e+00
1.569002709345867164e+00
1.568079856279545714e+00
1.567169900680893679e+00
1.566272832979416663e+00
1.565388644365055093e+00
1.564517326756921012e+00
1.563658872773014741e+00
1.562813275700890570e+00
1.561980529469237711e+00
1.561160628620352986e+00
1.560353568283468384e+00
1.559559344148915505e+00
1.558777952443091808e+00
1.558009389904208231e+00
1.557253653758791767e+00
1.556510741698918121e+00
1.555780651860153130e+00
1.555063382800167426e+00
1.554358933478031446e+00
1.553667303234145036e+00
1.552988491770779467e+00
1.552322499133229394e+00
1.551669325691544588e+00
1.551028972122821648e+00
1.550401439394044401e+00
1.549786728745450537e+00
1.549184841674408286e+00
1.548595779919788917e+00
1.548019545446816858e+00
1.547456140432384109e+00
1.546905567250813851e+00
1.546367828460056382e+00
1.545842926788308702e+00
1.545330865121038677e+00
1.544831646488406651e+00
1.544345274053066097e+00
1.543871751098336409e+00
1.543411081016733410e+00
1.542963267298846253e+00
1.542528313522551153e+00
1.542106223342550653e+00
1.541697000480228397e+00
1.541300648713809229e+00
1.540917171868815938e+00
1.540546573808812436e+00
1.540188858426424945e+00
1.539844029634633849e+00
1.539512091358324231e+00
1.539193047526092872e+00
1.538886902062297724e+00
1.538593658879347625e+00
1.538313321870221850e+00
1.538045894901212129e+00
1.537791381804885393e+00
1.537549786373252569e+00
1.537321112351145880e+00
1.537105363429791538e+00
1.536902543240575847e+00
1.536712655348998258e+00
1.536535703248806506e+00
1.536371690356305830e+00
1.536220620004840054e+00
1.536082495439441198e+00
1.535957319811636079e+00
1.535845096174413893e+00
1.535745827477343672e+00
1.535659516561841409e+00
1.535586166156580390e+00
1.535525778873043201e+00
1.535478357201208066e+00
1.535443903505371077e+00
1.535422420020094325e+00
1.535413908846282371e+00
1.535418371947380844e+00
1.535435811145694052e+00
1.535466228118819831e+00
1.535509624396197426e+00
1.535566001355767485e+00
1.535635360220737322e+00
1.535717702056455414e+00
1.535813027767386263e+00
1.535921338094186961e+00
1.536042633610883446e+00
1.536176914722139797e+00
1.536324181660624122e+00
1.536484434484468364e+00
1.536657673074812047e+00
1.536843897133433723e+00
1.537043106180482566e+00
1.537255299552283461e+00
1.537480476399222251e+00
1.537718635683719581e+00
1.537969776178283565e+00
1.538233896463637951e+00
1.538510994926930886e+00
1.538801069760017626e+00
1.539104118957818068e+00
1.539420140316749119e+00
1.539749131433227447e+00
1.540091089702246840e+00
1.540446012316020186e+00
1.540813896262695382e+00
1.541194738325139646e+00
1.541588535079787992e+00
1.541995282895560759e+00
1.542414977932847542e+00
1.542847616142554390e+00
1.543293193265216079e+00
1.543751704830171434e+00
1.544223146154806159e+00
1.544707512343851397e+00
1.545204798288748016e+00
1.545714998667073958e+00
1.546238107942031315e+00
1.546774120361991134e+00
1.547323029960102403e+00
1.547884830553961866e+00
1.548459515745337800e+00
1.549047078919958409e+00
1.549647513247358166e+00
1.550260811680781448e+00
1.550886966957144564e+00
1.551525971597060183e+00
1.552177817904915269e+00
1.552842497969009417e+00
1.553520003661752025e+00
1.554210326639915429e+00
1.554913458344949317e+00
1.555629390003348433e+00
1.556358112627082457e+00
1.557099617014083615e+00
1.557853893748788909e+00
1.558620933202744085e+00
1.559400725535265320e+00
1.560193260694158868e+00
1.560998528416496889e+00
1.561816518229456996e+00
1.562647219451217984e+00
1.563490621191913066e+00
1.564346712354646174e+00
1.565215481636566652e+00
1.566096917530000798e+00
1.566991008323648238e+00
1.567897742103837366e+00
1.568817106755840518e+00
1.569749089965250866e+00
1.570693679219421712e+00
1.571650861808967736e+00
1.572620624829328628e+00
1.573602955182393792e+00
1.574597839578194325e+00
1.575605264536656280e+00
1.576625216389416329e+00
1.577657681281707136e+00
1.578702645174305141e+00
1.579760093845543834e+00
1.580830012893394532e+00
1.581912387737615555e+00
1.583007203621967340e+00
1.584114445616495059e+00
1.585234098619882515e+00
1.586366147361876644e+00
1.587510576405778195e+00
1.588667370151005898e+00
1.589836512835735682e+00
1.591017988539606298e+00
1.592211781186502195e+00
1.593417874547411017e+00
1.594636252243354813e+00
1.595866897748396074e+00
1.597109794392722160e+00
1.598364925365808764e+00
1.599632273719657993e+00
1.600911822372119042e+00
1.602203554110288364e+00
1.603507451593991995e+00
1.604823497359348261e+00
1.606151673822416859e+00
1.607491963282930758e+00
1.608844347928114482e+00
1.610208809836587429e+00
1.611585330982358455e+00
1.612973893238908829e+00
1.614374478383360678e+00
1.615787068100743351e+00
1.617211643988352154e+00
1.618648187560195906e+00
1.620096680251544630e+00
1.621557103423574064e+00
1.623029438368108313e+00
1.624513666312457749e+00
1.626009768424364621e+00
1.627517725817050565e+00
1.629037519554361602e+00
1.630569130656027710e+00
1.632112540103026088e+00
1.633667728843053890e+00
1.635234677796109759e+00
1.636813367860192825e+00
1.638403779917114722e+00
1.640005894838424405e+00
1.641619693491454868e+00
1.643245156745490876e+00
1.644882265478057715e+00
1.646531000581331616e+00
1.648191342968682083e+00
1.649863273581340772e+00
1.651546773395197842e+00
1.653241823427736401e+00
1.654948404745101964e+00
1.656666498469308468e+00
1.658396085785582841e+00
1.660137147949856562e+00
1.661889666296406221e+00
1.663653622245629071e+00
1.665428997311985793e+00
1.667215773112088018e+00
1.669013931372947290e+00
1.670823453940377679e+00
1.672644322787570470e+00
1.674476520023832515e+00
1.676320027903486665e+00
1.678174828834956500e+00
1.680040905390023820e+00
1.681918240313261981e+00
1.683806816531657979e+00
1.685706617164421273e+00
1.687617625532987331e+00
1.689539825171207044e+00
1.691473199835747288e+00
1.693417733516693335e+00
1.695373410448352880e+00
1.697340215120279217e+00
1.699318132288515137e+00
1.701307146987053764e+00
1.703307244539526755e+00
1.705318410571129206e+00
1.707340631020787258e+00
1.709373892153554397e+00
1.711418180573271997e+00
1.713473483235478545e+00
1.715539787460583998e+00
1.717617080947301700e+00
1.719705351786365410e+00
1.721804588474528552e+00
1.723914779928832353e+00
1.726035915501189066e+00
1.728167984993260076e+00
1.730310978671639743e+00
1.732464887283355015e+00
1.734629702071698087e+00
1.736805414792393032e+00
1.738992017730088158e+00
1.741189503715218079e+00
1.743397866141220609e+00
1.745617098982120252e+00
1.747847196810487391e+00
1.750088154815798047e+00
1.752339968823194205e+00
1.754602635312634717e+00
1.756876151438495182e+00
1.759160515049591478e+00
1.761455724709644732e+00
1.763761779718207467e+00
1.766078680132069145e+00
1.768406426787146657e+00
1.770745021320855761e+00
1.773094466195018537e+00
1.775454764719299083e+00
1.777825921075164572e+00
1.780207940340421180e+00
1.782600828514329772e+00
1.785004592543317337e+00
1.787419240347277727e+00
1.789844780846536088e+00
1.792281223989455663e+00
1.794728580780696081e+00
1.797186863310182625e+00
1.799656084782792043e+00
1.802136259548769770e+00
1.804627403134887453e+00
1.807129532276416928e+00
1.809642664949911328e+00
1.812166820406783119e+00
1.814702019207787842e+00
1.817248283258390718e+00
1.819805635845048952e+00
1.822374101672429081e+00
1.824953706901643047e+00
1.827544479189501248e+00
1.830146447728764336e+00
1.832759643289550322e+00
1.835384098261842567e+00
1.838019846699160409e+00
1.840666924363420831e+00
1.843325368771086437e+00
1.845995219240607055e+00
1.848676516941136549e+00
1.851369304942718230e+00
1.854073628267885132e+00
1.856789533944729564e+00
1.859517071061524307e+00
1.862256290822976723e+00
1.865007246608149094e+00
1.867769994030027858e+00
1.870544590996980228e+00
1.873331097776048226e+00
1.876129577058128106e+00
1.878940094025181695e+00
1.881762716419558501e+00
1.884597514615479419e+00
1.887444561692684486e+00
1.890303933512471835e+00
1.893175708796347223e+00
1.896059969206958629e+00
1.898956799431625875e+00
1.901866287268871192e+00
1.904788523717614979e+00
1.907723603069378937e+00
1.910671623003600716e+00
1.913632684686165986e+00
1.916606892871285384e+00
1.919594356006879332e+00
1.922595186343607043e+00
1.925609500047716693e+00
1.928637417317851765e+00
1.931679062505991862e+00
1.934734564242742705e+00
1.937804055567129646e+00
1.940887674061108292e+00
1.943985561988984312e+00
1.947097866442021097e+00
1.950224739488404024e+00
1.953366338328841989e+00
1.956522825458031134e+00
1.959694368832332279e+00
1.962881142043856997e+00
1.966083324501316731e+00
1.969301101617914940e+00
1.972534665006712373e+00
1.975784212683702634e+00
1.979049949279033216e+00
1.982332086256762604e+00
1.985630842143607966e+00
1.988946442767051570e+00
1.992279121503303330e+00
1.995629119535655027e+00
1.998996686123724054e+00
2.002382078884111127e+00
2.005785564083057526e+00
2.009207416941817481e+00
2.012647921955301733e+00
2.016107373224726551e+00
2.019586074804823994e+00
2.023084341067220571e+00
2.026602497079309284e+00
2.030140879000919885e+00
2.033699834499071102e+00
2.037279723181868452e+00
2.040880917052716903e+00
2.044503800985897790e+00
2.048148773224724994e+00
2.051816245903617997e+00
2.055506645595404969e+00
2.059220413885309409e+00
2.062958007973240360e+00
2.066719901305974272e+00
2.070506584241009751e+00
2.074318564744057625e+00
2.078156369122081681e+00
2.082020542794112750e+00
2.085911651102182240e+00
2.089830280164745702e+00
2.093777037775334193e+00
2.097752554349287646e+00
2.101757483921487868e+00
2.105792505198507580e+00
2.109858322668648256e+00
2.113955667773479430e+00
2.118085300145164052e+00
2.122248008913805606e+00
2.126444614089356477e+00
2.130675968023414857e+00
2.134942956956169091e+00
2.139246502654041926e+00
2.143587564145448709e+00
2.147967139559729066e+00
2.152386268078083642e+00
2.156846032003792324e+00
2.161347558960470927e+00
2.165892024227562107e+00
2.170480653223183953e+00
2.175114724145183143e+00
2.179795570782206315e+00
2.184524585507582550e+00
2.189303222469909826e+00
2.194133000995396987e+00
2.199015509218389397e+00
2.203952407957853854e+00
2.208945434859204582e+00
2.213996408822577866e+00
2.219107234740506307e+00
2.224279908570003350e+00
2.229516522766417541e+00
2.234819272108757193e+00
2.240190459949006563e+00
2.245632504920918038e+00
2.251147948147034228e+00
2.256739460986114221e+00
2.262409853367840284e+00
2.268162082764850762e+00
2.273999263857258590e+00
2.279924678951030792e+00
2.285941789215912401e+00
2.292054246815433682e+00
2.298265908008279901e+00
2.304580847307597047e+00
2.311003372792867605e+00
2.317538042677584009e+00
2.324189683245482918e+00
2.330963408277971993e+00
2.337864640106203318e+00
2.344899132432578526e+00
2.352072995078500206e+00
2.359392720827428125e+00
2.366865214544921159e+00
2.374497824770028132e+00
2.382298377984418458e+00
2.390275215776785256e+00
2.398437235129224021e+00
2.406793932059228869e+00
2.415355448852725573e+00
2.424132625120371642e+00
2.433137052897610619e+00
2.442381135982831797e+00
2.451878153673243244e+00
2.461642328994482209e+00
2.471688901434552665e+00
2.482034204069851757e+00
2.492695744802641222e+00
2.503692291202367581e+00
2.515043958142054503e+00
2.526772297027458425e+00
2.538900384908241215e+00
2.551452911112332522e+00
2.564456258233139163e+00
2.577938573289046076e+00
2.591929823655720444e+00
2.606461830906172672e+00
2.621568274003853727e+00
2.637284651388986045e+00
2.653648189455258599e+00
2.670697682869393130e+00
2.688473250356358424e+00
2.707015988295609521e+00
2.726367504226226757e+00
2.746569313738417506e+00
2.767662087959445127e+00
2.789684745668152832e+00
2.812673394617187128e+00
2.836660141172528071e+00
2.861671805506464050e+00
2.887728599949783259e+00
2.914842848221541161e+00
2.943017839477120479e+00
2.972246919251086528e+00
3.002512915437725471e+00
3.033787979068114815e+00
3.066033887106006439e+00
3.099202811442516747e+00
3.133238511339815346e+00
3.168077863897742930e+00
3.203652616242306905e+00
3.239891228985297467e+00
3.276720684173842990e+00
3.314068149796452811e+00
3.351862421661720770e+00
3.390035095994872183e+00
3.428521456885572860e+00
3.467261088011078130e+00
3.506198236003287061e+00
3.545281963319073970e+00
3.584466132551419992e+00
3.623709263381822865e+00
3.662974299503812148e+00
3.702228317309703698e+00
3.741442202041707077e+00
3.780590311218596344e+00
3.819650139897863284e+00
3.858601997907597614e+00
3.897428705637960178e+00
3.936115312246124542e+00
3.974648838098302939e+00
4.013018041825855420e+00
4.051213211385503499e+00
4.089225977879855201e+00
4.127049150522335452e+00
4.164676570946295620e+00
4.202102985004835034e+00
4.239323930242121286e+00
4.276335637306410753e+00
4.313134943696655732e+00
4.349719218372217533e+00
4.386086295897820619e+00
4.422234418935858891e+00
4.458162188031450590e+00
4.493868517759334047e+00
4.529352598414522646e+00
4.564613862530428001e+00
4.599651955598989872e+00
4.634466710447760818e+00
4.669058124799806642e+00
4.703426341604298067e+00
4.737571631780046921e+00
4.771494379061417490e+00
4.805195066677141469e+00
4.838674265628307936e+00
4.871932624362453446e+00
4.904970859667614924e+00
4.937789748633949927e+00
4.970390121549094431e+00
5.002772855612289682e+00
5.034938869366588854e+00
5.066889117761548711e+00
5.098624587770121508e+00
5.130146294493233228e+00
5.161455277693868915e+00
5.192552598709989198e+00
5.223439337701785590e+00
5.254116591194439856e+00
5.284585469882338238e+00
5.314847096664791160e+00
5.344902604887071362e+00
5.374753136763659178e+00
5.404399841963394735e+00
5.433843876338688261e+00
5.463086400783073060e+00
5.492128580202686017e+00
5.520971582590510351e+00
5.549616578191213456e+00
5.578064738747778861e+00
5.606317236821049654e+00
5.634375245174767066e+00
5.662239936219271463e+00
5.689912481507988673e+00
5.717394051281299738e+00
5.744685814053098305e+00
5.771788936235806133e+00
5.798704581800062208e+00
5.825433911965758327e+00
5.851978084921356071e+00
5.878338255568835713e+00
5.904515575291831020e+00
5.930511191744812116e+00
5.956326248661356182e+00
5.981961885679770496e+00
6.007419238184479759e+00
6.032699437161789469e+00
6.057803609068744599e+00
6.082732875713918297e+00
6.107488354149127829e+00
6.132071156571102577e+00
6.156482390232293156e+00
6.180723157360035636e+00
6.204794555083414487e+00
6.228697675367073749e+00
6.252433604951514567e+00
6.276003425299513161e+00
6.299408212547802144e+00
6.322649037463859756e+00
6.345726965407405551e+00
6.368643056296138028e+00
6.391398364575477054e+00
6.413993939191976246e+00
6.436430823570132631e+00
6.458710055592359112e+00
6.480832667581886142e+00
6.502799686288380343e+00
6.524612132876087323e+00
6.546271022914336157e+00
6.567777366370222580e+00
6.589132167603334089e+00
6.610336425362384638e+00
6.631391132783620357e+00
6.652297277390880836e+00
6.673055841097221830e+00
6.693667800207976804e+00
6.714134125425185395e+00
6.734455781853293743e+00
6.754633729006040532e+00
6.774668920814469253e+00
6.794562305635986732e+00
6.814314826264409319e+00
6.833927419940938996e+00
6.853401018365996578e+00
6.872736547711896904e+00
6.891934928636266555e+00
6.910997076296215624e+00
6.929923900363165856e+00
6.948716305038341368e+00
6.967375189068854446e+00
6.985901445764365114e+00
7.004295963014277149e+00
7.022559623305441256e+00
7.040693303740340525e+00
7.058697876055712861e+00
7.076574206641613962e+00
7.094323156560866650e+00
7.111945581568896557e+00
7.129442332133914206e+00
7.146814253457435484e+00
7.164062185495118307e+00
7.181186962977888832e+00
7.198189415433355443e+00
7.215070367207468749e+00
7.231830637486444502e+00
7.248471040318910319e+00
7.264992384638255807e+00
7.281395474285209168e+00
7.297681108030583452e+00
7.313850079598203102e+00
7.329903177688009031e+00
7.345841185999292478e+00
7.361664883254099401e+00
7.377375043220740558e+00
7.392972434737449916e+00
7.408457821736131876e+00
7.423831963266231071e+00
7.439095613518685646e+00
7.454249521849977356e+00
7.469294432806247386e+00
7.484231086147498324e+00
7.499060216871848539e+00
7.513782555239849614e+00
7.528398826798855303e+00
7.542909752407427781e+00
7.557316048259787422e+00
7.571618425910289218e+00
7.585817592297933842e+00
7.599914249770884034e+00
7.613909096111016517e+00
7.627802824558461481e+00
7.641596123836166932e+00
7.655289678174447054e+00
7.668884167335540347e+00
7.682380266638149102e+00
7.695778646981970006e+00
7.709079974872206087e+00
7.722284912444070670e+00
7.735394117487241594e+00
7.748408243470312762e+00
7.761327939565195067e+00
7.774153850671497779e+00
7.786886617440861968e+00
7.799526876301257516e+00
7.812075259481233935e+00
7.824532395034124121e+00
7.836898906862205472e+00
7.849175414740795276e+00
7.861362534342304365e+00
7.873460877260226809e+00
7.885471051033070999e+00
7.897393659168230329e+00
7.909229301165790815e+00
7.920978572542268559e+00
7.932642064854283248e+00
7.944220365722158839e+00
7.955714058853457615e+00
7.967123724066433432e+00
7.978449937313413898e+00
7.989693270704107064e+00
8.000854292528828182e+00
8.011933567281642965e+00
8.022931655683432695e+00
8.033849114704889161e+00
8.044686497589390584e+00
8.055444353875833130e+00
8.066123229421354068e+00
8.076723666423971437e+00
8.087246203445129566e+00
8.097691375432161109e+00
8.108059713740669139e+00
8.118351746156784898e+00
8.128567996919375815e+00
8.138708986742127394e+00
8.148775232835541615e+00
8.158767248928841198e+00
8.168685545291783257e+00
8.178530628756362830e+00
8.188303002738438252e+00
8.198003167259237500e+00
8.207631618966782838e+00
8.217188851157212426e+00
8.226675353796000678e+00
8.236091613539077372e+00
8.245438113753852605e+00
8.254715334540135174e+00
8.263923752750951479e+00
8.273063842013273828e+00
8.282136072748620848e+00
8.291140912193585066e+00
8.300078824420248580e+00
8.308950270356485035e+00
8.317755707806167464e+00
8.326495591469283752e+00
8.335170372961931307e+00
8.343780500836219360e+00
8.352326420600062917e+00
8.360808574736877219e+00
8.369227402725165632e+00
8.377583341058011612e+00
8.385876823262451651e+00
8.394108279918757631e+00
8.402278138679617925e+00
8.410386824289201257e+00
8.418434758602131751e+00
8.426422360602344952e+00
8.434350046421858593e+00
8.442218229359426118e+00
8.450027319899087175e+00
8.457777725728627516e+00
8.465469851757921660e+00
8.473104100137181405e+00
8.480680870275095984e+00
8.488200558856874522e+00
8.495663559862181913e+00
8.503070264582978766e+00
8.510421061641245899e+00
8.517716337006623561e+00
8.524956474013942298e+00
8.532141853380641905e+00
8.539272853224112225e+00
8.546349849078907823e+00
8.553373213913872064e+00
8.560343318149179481e+00
8.567260529673241365e+00
8.574125213859542072e+00
8.580937733583356319e+00
8.587698449238382992e+00
8.594407718753268810e+00
8.601065897608039634e+00
8.607673338850425182e+00
8.614230393112087825e+00
8.620737408624771447e+00
8.627194731236322411e+00
8.633602704426637686e+00
8.639961669323504623e+00
8.646271964718350134e+00
8.652533927081888621e+00
8.658747890579675754e+00
8.664914187087571662e+00
8.671033146207099307e+00
8.677105095280724711e+00
8.683130359407019938e+00
8.689109261455755018e+00
8.695042122082881519e+00
8.700929259745429079e+00
8.706770990716306002e+00
8.712567629099018163e+00
8.718319486842272426e+00
8.724026873754519684e+00
8.729690097518382430e+00
8.735309463704995281e+00
8.740885275788279785e+00
8.746417835159085996e+00
8.751907441139282540e+00
8.757354390995740090e+00
8.762758979954231364e+00
8.768121501213240521e+00
8.773442245957678409e+00
8.778721503372533874e+00
8.783959560656404264e+00
8.789156703034970874e+00
8.794313213774367810e+00
8.799429374194472686e+00
8.804505463682108513e+00
8.809541759704170971e+00
8.814538537820663322e+00
8.819496071697640716e+00
8.824414633120083451e+00
8.829294492004683192e+00
8.834135916412545697e+00
8.838939172561810054e+00
8.843704524840184433e+00
8.848432235817409008e+00
8.853122566257630055e+00
8.857775775131685236e+00
8.862392119629328491e+00
8.866971855171385641e+00
8.871515235421790990e+00
8.876022512299575951e+00
8.880493935990759979e+00
8.884929754960158022e+00
8.889330215963145321e+00
8.893695564057322756e+00
8.898026042614109343e+00
8.902321893330256586e+00
8.906583356239298865e+00
8.910810669722888377e+00
8.915004070522103419e+00
8.919163793748662528e+00
8.923290072896064018e+00
8.927383139850652682e+00
8.931443224902620770e+00
8.935470556756913041e+00
8.939465362544085636e+00
8.943427867831083233e+00
8.947358296631939822e+00
8.951256871418427963e+00
8.955123813130601462e+00
8.958959341187298975e+00
8.962763673496571215e+00
8.966537026466026461e+00
8.970279615013117436e+00
8.973991652575378453e+00
8.977673351120539991e+00
8.981324921156634389e+00
8.984946571741994958e+00
8.988538510495208911e+00
8.992100943605001007e+00
8.995634075840044375e+00
8.999138110558703829e+00
9.002613249718720567e+00
9.006059693886827588e+00
9.009477642248311824e+00
9.012867292616498105e+00
9.016228841442176289e+00
9.019562483822957333e+00
9.022868413512570740e+00
9.026146822930112279e+00
9.029397903169202877e+00
9.032621844007124423e+00
9.035818833913843662e+00
9.038989060061020098e+00
9.042132708330921531e+00
9.045249963325305842e+00
9.048341008374222838e+00
9.051406025544769918e+00
9.054445195649773126e+00
9.057458698256420249e+00
9.060446711694842392e+00
9.063409413066613851e+00
9.066346978253234212e+00
9.069259581924503877e+00
9.072147397546876491e+00
9.075010597391742095e+00
9.077849352543665873e+00
9.080663832908550503e+00
9.083454207221770105e+00
9.086220643056224233e+00
9.088963306830336819e+00
9.091682363816033785e+00
9.094377978146622965e+00
9.097050312824654483e+00
9.099699529729708303e+00
9.102325789626130259e+00
9.104929252170725462e+00
9.107510075920391301e+00
9.110068418339698937e+00
9.112604435808433934e+00
9.115118283629056961e+00
9.117610116034153833e+00
9.120080086193796731e+00
9.122528346222882334e+00
9.124955047188402446e+00
9.127360339116684429e+00
9.129744371000553471e+00
9.132107290806478872e+00
9.134449245481633284e+00
9.136770380960944848e+00
9.139070842174076503e+00
9.141350773052359102e+00
9.143610316535681903e+00
9.145849614579329767e+00
9.148068808160788379e+00
9.150268037286483747e+00
9.152447440998487949e+00
9.154607157381180471e+00
9.156747323567847374e+00
9.158868075747252036e+00
9.160969549170159709e+00
9.163051878155803465e+00
9.165115196098330586e+00
9.167159635473177914e+00
9.169185327843409894e+00
9.171192403866031739e+00
9.173180993298235109e+00
9.175151225003620681e+00
9.177103226958363891e+00
9.179037126257341583e+00
9.180953049120216036e+00
9.182851120897487007e+00
9.184731466076486939e+00
9.186594208287353069e+00
9.188439470308933821e+00
9.190267374074679196e+00
9.192078040678470785e+00
9.193871590380428671e+00
9.195648142612665055e+00
9.197407815985014778e+00
9.199150728290700130e+00
9.200876996511981432e+00
9.202586736825754343e+00
9.204280064609111633e+00
9.205957094444881861e+00
9.207617940127100553e+00
9.209262714666467176e+00
9.210891530295752361e+00
9.212504498475180270e+00
9.214101729897754112e+00
9.215683334494571000e+00
9.217249421440071089e+00
9.218800099157281380e+00
9.220335475322986696e+00
9.221855656872905982e+00
9.223360750006795783e+00
9.224850860193550162e+00
9.226326092176242000e+00
9.227786549977132324e+00
9.229232336902665423e+00
9.230663555548396459e+00
9.232080307803920860e+00
9.233482694857743311e+00
9.234870817202120108e+00
9.236244774637871302e+00
9.237604666279160881e+00
9.238950590558237863e+00
9.240282645230152525e+00
9.241600927377428221e+00
9.242905533414711883e+00
9.244196559093390775e+00
9.245474099506170162e+00
9.246738249091626116e+00
9.247989101638728116e+00
9.249226750291327903e+00
9.250451287552603929e+00
9.251662805289509350e+00
9.252861394737140088e+00
9.254047146503129539e+00
9.255220150571965121e+00
9.256380496309295935e+00
9.257528272466210240e+00
9.258663567183484489e+00
9.259786467995789749e+00
9.260897061835894561e+00
9.261995435038807400e+00
9.263081673345913813e+00
9.264155861909076251e+00
9.265218085294705475e+00
9.266268427487803550e+00
9.267306971895987289e+00
9.268333801353469070e+00
9.269348998125018113e+00
9.270352643909896884e+00
9.271344819845763752e+00
9.272325606512554330e+00
9.273295083936341499e+00
9.274253331593142136e+00
9.275200428412732734e+00
9.276136452782415276e+00
9.277061482550761795e+00
9.277975595031342948e+00
9.278878867006415732e+00
9.279771374730595213e+00
9.280653193934496059e+00
9.281524399828352756e+00
9.282385067105616727e+00
9.283235269946519708e+00
9.284075082021619352e+00
9.284904576495318196e+00
9.285723826029357753e+00
9.286532902786291288e+00
9.287331878432928178e+00
9.288120824143760501e+00
9.288899810604359430e+00
9.289668908014746762e+00
9.290428186092752227e+00
9.291177714077338834e+00
9.291917560731917547e+00
9.292647794347615786e+00
9.293368482746547699e+00
9.294079693285047128e+00
9.294781492856888150e+00
9.295473947896468303e+00
9.296157124381986492e+00
9.296831087838592467e+00
9.297495903341506107e+00
9.298151635519129599e+00
9.298798348556127635e+00
9.299436106196488083e+00
9.300064971746571985e+00
9.300685008078120930e+00
9.301296277631260878e+00
9.301898842417484659e+00
9.302492764022602501e+00
9.303078103609681904e+00
9.303654921921969745e+00
9.304223279285778858e+00
9.304783235613367509e+00
9.305334850405799330e+00
9.305878182755774830e+00
9.306413291350454031e+00
9.306940234474250673e+00
9.307459070011605107e+00
9.307969855449750085e+00
9.308472647881451678e+00
9.308967504007719995e+00
9.309454480140521682e+00
9.309933632205453335e+00
9.310405015744413149e+00
9.310868685918242349e+00
9.311324697509352433e+00
9.311773104924339961e+00
9.312213962196571160e+00
9.312647322988761189e+00
9.313073240595523217e+00
9.313491767945905053e+00
9.313902957605918687e+00
9.314306861781032509e+00
9.314703532318668877e+00
9.315093020710653704e+00
9.315475378095680270e+00
9.315850655261746383e+00
9.316218902648557787e+00
9.316580170349940460e+00
9.316934508116217373e+00
9.317281965356576379e+00
9.317622591141429211e+00
9.317956434204726079e+00
9.318283542946296905e+00
9.318603965434135716e+00
9.318917749406701034e+00
9.319224942275173618e+00
9.319525591125714215e+00
9.319819742721707101e+00
9.320107443505978750e+00
9.320388739603011174e+00
9.320663676821126842e+00
9.320932300654670044e+00
9.321194656286172275e+00
9.321450788588489189e+00
9.321700742126948214e+00
9.321944561161453535e+00
9.322182289648596409e+00
9.322413971243735276e+00
9.322639649303081200e+00
9.322859366885746013e+00
9.323073166755795782e+00
9.323281091384275854e+00
9.323483182951235904e+00
9.323679483347721231e+00
9.323870034177771160e+00
9.324054876760392574e+00
9.324234052131519235e+00
9.324407601045960448e+00
9.324575563979339066e+00
9.324737981130002851e+00
9.324894892420946491e+00
9.325046337501694538e+00
9.325192355750189677e+00
9.325332986274656122e+00
9.325468267915455911e+00
9.325598239246936316e+00
9.325722938579255938e+00
9.325842403960201921e+00
9.325956673176994727e+00
9.326065783758080485e+00
9.326169772974907346e+00
9.326268677843700061e+00
9.326362535127209696e+00
9.326451381336459789e+00
9.326535252732469417e+00
9.326614185327979811e+00
9.326688214889164996e+00
9.326757376937313992e+00
9.326821706750523688e+00
9.326881239365368614e+00
9.326936009578558284e+00
9.326986051948592760e+00
9.327031400797391569e+00
9.327072090211911970e+00
9.327108154045797406e+00
9.327139625920912280e+00
9.327166539229063247e+00
9.327188927133414964e+00
9.327206822570223821e+00
9.327220258250243035e+00
9.327229266660395979e+00
9.327233880065223914e+00
9.327234130508466947e+00
9.327230049814575708e+00
9.327221669590175068e+00
9.327209021225648655e+00
9.327192135896504865e+00
9.327171044564982694e+00
9.327145777981391106e+00
9.327116366685668680e+00
9.327082841008744296e+00
9.327045231074032827e+00
9.327003566798831358e+00
9.326957877895729609e+00
9.326908193874052344e+00
9.326854544041182749e+00
9.326796957504051022e+00
9.326735463170392038e+00
9.326670089750226822e+00
9.326600865757123771e+00
9.326527819509617956e+00
9.326450979132497210e+00
9.326370372558169919e+00
9.326286027527967093e+00
9.326197971593437330e+00
9.326106232117705730e+00
9.326010836276674709e+00
9.325911811060414891e+00
9.325809183274342828e+00
9.325702979540569260e+00
9.325593226299076832e+00
9.325479949809045266e+00
9.325363176150034406e+00
9.325242931223245435e+00
9.325119240752746563e+00
9.324992130286643643e+00
9.324861625198368031e+00
9.324727750687774375e+00
9.324590531782432024e+00
9.324449993338710385e+00
9.324306160043038361e+00
9.324159056412998581e+00
9.324008706798530000e+00
9.323855135383059434e+00
9.323698366184636654e+00
9.323538423057099678e+00
9.323375329691137026e+00
9.323209109615492096e+00
9.323039786197977463e+00
9.322867382646670364e+00
9.322691922010921672e+00
9.322513427182515855e+00
9.322331920896695934e+00
9.322147425733270154e+00
9.321959964117660036e+00
9.321769558321951976e+00
9.321576230465984381e+00
9.321380002518322883e+00
9.321180896297375895e+00
9.320978933472353845e+00
9.320774135564340312e+00
9.320566523947269033e+00
9.320356119848959509e+00
9.320142944352099335e+00
9.319927018395242513e+00
9.319708362773809540e+00
9.319486998141028877e+00
9.319262945008970789e+00
9.319036223749442627e+00
9.318806854595017342e+00
9.318574857639921660e+00
9.318340252841046834e+00
9.318103060018826156e+00
9.317863298858219068e+00
9.317620988909609991e+00
9.317376149589724932e+00
9.317128800182581827e+00
9.316878959840339647e+00
9.316626647584268284e+00
9.316371882305578112e+00
9.316114682766368560e+00
9.315855067600455897e+00
9.315593055314298709e+00
9.315328664287832794e+00
9.315061912775359332e+00
9.314792818906392213e+00
9.314521400686503583e+00
9.314247675998204912e+00
9.313971662601735702e+00
9.313693378135956991e+00
9.313412840119124070e+00
9.313130065949765779e+00
9.312845072907451893e+00
9.312557878153643998e+00
9.312268498732482414e+00
9.311976951571589112e+00
9.311683253482888389e+00
9.311387421163340505e+00
9.311089471195804990e+00
9.310789420049740528e+00
9.310487284082052284e+00
9.310183079537793560e+00
9.309876822550990028e+00
9.309568529145348492e+00
9.309258215235043821e+00
9.308945896625452576e+00
9.308631589013890206e+00
9.308315307990371323e+00
9.307997069038307814e+00
9.307676887535281551e+00
9.307354778753712310e+00
9.307030757861634029e+00
9.306704839923352068e+00
9.306377039900198156e+00
9.306047372651198302e+00
9.305715852933788668e+00
9.305382495404511900e+00
9.305047314619683263e+00
9.304710325036113616e+00
9.304371541011731139e+00
9.304030976806325626e+00
9.303688646582150668e+00
9.303344564404644856e+00
9.302998744243048179e+00
9.302651199971089468e+00
9.302301945367620561e+00
9.301950994117266447e+00
9.301598359811077188e+00
9.301244055947144318e+00
9.300888095931272304e+00
9.300530493077554084e+00
9.300171260609058521e+00
9.299810411658389953e+00
9.299447959268357877e+00
9.299083916392548943e+00
9.298718295895957553e+00
9.298351110555586274e+00
9.297982373061030259e+00
9.297612096015111405e+00
9.297240291934407708e+00
9.296866973249910515e+00
9.296492152307548551e+00
9.296115841368813193e+00
9.295738052611294933e+00
9.295358798129289113e+00
9.294978089934339494e+00
9.294595939955806685e+00
9.294212360041447241e+00
9.293827361957928801e+00
9.293440957391435830e+00
9.293053157948161669e+00
9.292663975154901834e+00
9.292273420459560285e+00
9.291881505231708971e+00
9.291488240763099427e+00
9.291093638268220545e+00
9.290697708884799511e+00
9.290300463674329379e+00
9.289901913622610863e+00
9.289502069640224846e+00
9.289100942563091934e+00
9.288698543152934306e+00
9.288294882097828165e+00
9.287889970012656704e+00
9.287483817439651901e+00
9.287076434848852813e+00
9.286667832638620723e+00
9.286258021136124086e+00
9.285847010597802154e+00
9.285434811209876571e+00
9.285021433088800791e+00
9.284606886281764559e+00
9.284191180767127349e+00
9.283774326454926396e+00
9.283356333187306575e+00
9.282937210739008904e+00
9.282516968817812852e+00
9.282095617064994642e+00
9.281673165055787322e+00
9.281249622299814206e+00
9.280824998241556045e+00
9.280399302260770256e+00
9.279972543672954544e+00
9.279544731729759022e+00
9.279115875619446285e+00
9.278685984467294645e+00
9.278255067336051098e+00
9.277823133226343444e+00
9.277390191077099502e+00
9.276956249765982321e+00
9.276521318109777425e+00
9.276085404864845785e+00
9.275648518727491521e+00
9.275210668334413100e+00
9.274771862263065714e+00
9.274332109032096483e+00
9.273891417101731705e+00
9.273449794874165875e+00
9.273007250693973802e+00
9.272563792848480091e+00
9.272119429568171256e+00
9.271674169027058099e+00
9.271228019343084270e+00
9.270780988578476212e+00
9.270333084740158824e+00
9.269884315780091200e+00
9.269434689595671628e+00
9.268984214030094648e+00
9.268532896872713422e+00
9.268080745859421654e+00
9.267627768672991095e+00
9.267173972943462346e+00
9.266719366248478806e+00
9.266263956113657940e+00
9.265807750012927002e+00
9.265350755368894298e+00
9.264892979553181362e+00
9.264434429886772904e+00
9.263975113640372072e+00
9.263515038034714877e+00
9.263054210240944997e+00
9.262592637380910432e+00
9.262130326527534763e+00
9.261667284705122682e+00
9.261203518889704611e+00
9.260739036009352887e+00
9.260273842944519274e+00
9.259807946528347600e+00
9.259341353546998832e+00
9.258874070739969042e+00
9.258406104800400271e+00
9.257937462375414484e+00
9.257468150066392454e+00
9.256998174429320159e+00
9.256527541975064111e+00
9.256056259169699985e+00
9.255584332434805717e+00
9.255111768147765261e+00
9.254638572642070571e+00
9.254164752207609368e+00
9.253690313090977781e+00
9.253215261495750354e+00
9.252739603582798011e+00
9.252263345470556288e+00
9.251786493235323761e+00
9.251309052911537378e+00
9.250831030492072671e+00
9.250352431928510200e+00
9.249873263131416223e+00
9.249393529970634020e+00
9.248913238275539683e+00
9.248432393835336995e+00
9.247951002399306120e+00
9.247469069677102027e+00
9.246986601338996081e+00
9.246503603016158479e+00
9.246020080300917598e+00
9.245536038747024676e+00
9.245051483869913156e+00
9.244566421146959811e+00
9.244080856017740544e+00
9.243594793884286176e+00
9.243108240111341800e+00
9.242621200026610140e+00
9.242133678921009121e+00
9.241645682048917010e+00
9.241157214628424654e+00
9.240668281841569964e+00
9.240178888834599036e+00
9.239689040718189972e+00
9.239198742567706901e+00
9.238707999423434458e+00
9.238216816290806932e+00
9.237725198140664062e+00
9.237233149909460650e+00
9.236740676499522351e+00
9.236247782779251736e+00
9.235754473583382307e+00
9.235260753713189885e+00
9.234766627936723538e+00
9.234272100989034726e+00
9.233777177572386918e+00
9.233281862356498948e+00
9.232786159978742191e+00
9.232290075044376820e+00
9.231793612126752535e+00
9.231296775767543039e+00
9.230799570476946769e+00
9.230302000733901835e+00
9.229804070986300957e+00
9.229305785651193972e+00
9.228807149115008102e+00
9.228308165733743351e+00
9.227808839833187449e+00
9.227309175709107691e+00
9.226809177627469438e+00
9.226308849824622627e+00
9.225808196507514936e+00
9.225307221853876527e+00
9.224805930012431432e+00
9.224304325103085844e+00
9.223802411217116415e+00
9.223300192417383414e+00
9.222797672738501262e+00
9.222294856187041034e+00
9.221791746741713425e+00
9.221288348353569475e+00
9.220784664946169329e+00
9.220280700415781183e+00
9.219776458631558924e+00
9.219271943435728645e+00
9.218767158643771609e+00
9.218262108044596559e+00
9.217756795400733338e+00
9.217251224448490987e+00
9.216745398898156694e+00
9.216239322434157444e+00
9.215732998715235880e+00
9.215226431374631488e+00
9.214719624020240474e+00
9.214212580234796945e+00
9.213705303576038119e+00
9.213197797576874848e+00
9.212690065745556822e+00
9.212182111565844878e+00
9.211673938497161984e+00
9.211165549974779765e+00
9.210656949409958827e+00
9.210148140190124622e+00
9.209639125679023763e+00
9.209129909216885679e+00
9.208620494120577149e+00
9.208110883683767511e+00
9.207601081177072544e+00
9.207091089848221444e+00
9.206580912922211368e+00
9.206070553601449546e+00
9.205560015065916701e+00
9.205049300473314489e+00
9.204538412959212934e+00
9.204027355637203200e+00
9.203516131599046801e+00
9.203004743914815933e+00
9.202493195633049794e+00
9.201981489780891366e+00
9.201469629364234848e+00
9.200957617367867769e+00
9.200445456755607765e+00
9.199933150470467780e+00
9.199420701434760872e+00
9.198908112550256533e+00
9.198395386698360099e+00
9.197882526740146503e+00
9.197369535516608963e+00
9.196856415848754907e+00
9.196343170537669920e+00
9.195829802364780647e+00
9.195316314091890320e+00
9.194802708461322638e+00
9.194288988196113621e+00
9.193775156000064896e+00
9.193261214557916006e+00
9.192747166535484737e+00
9.192233014579738182e+00
9.191718761318986353e+00
9.191204409362979888e+00
9.190689961302993538e+00
9.190175419712039329e+00
9.189660787144919851e+00
9.189146066138347280e+00
9.188631259211131663e+00
9.188116368864227113e+00
9.187601397580889895e+00
9.187086347826815214e+00
9.186571222050179841e+00
9.186056022681864164e+00
9.185540752135498366e+00
9.185025412807574341e+00
9.184510007077619775e+00
9.183994537308254991e+00
9.183479005845320842e+00
9.182963415018026154e+00
9.182447767138995687e+00
9.181932064504440660e+00
9.181416309394258235e+00
9.180900504072086576e+00
9.180384650785500256e+00
9.179868751766063539e+00
9.179352809229426313e+00
9.178836825375492836e+00
9.178320802388462596e+00
9.177804742436965313e+00
9.177288647674183508e+00
9.176772520237907571e+00
9.176256362250686749e+00
9.175740175819919742e+00
9.175223963037918651e+00
9.174707725982079509e+00
9.174191466714926690e+00
9.173675187284217714e+00
9.173158889723087128e+00
9.172642576050089147e+00
9.172126248269323767e+00
9.171609908370548681e+00
9.171093558329229012e+00
9.170577200106682980e+00
9.170060835650160058e+00
9.169544466892901369e+00
9.169028095754301333e+00
9.168511724139944974e+00
9.167995353941710945e+00
9.167478987037897653e+00
9.166962625293265887e+00
9.166446270559159615e+00
9.165929924673603679e+00
9.165413589461348209e+00
9.164897266734023162e+00
9.164380958290179180e+00
9.163864665915372854e+00
9.163348391382298175e+00
9.162832136450827392e+00
9.162315902868110484e+00
9.161799692368687076e+00
9.161283506674521959e+00
9.160767347495132995e+00
9.160251216527663942e+00
9.159735115456935972e+00
9.159219045955584448e+00
9.158703009684108665e+00
9.158187008290937570e+00
9.157671043412557665e+00
9.157155116673548534e+00
9.156639229686684089e+00
9.156123384053024949e+00
9.155607581361953962e+00
9.155091823191300549e+00
9.154576111107402880e+00
9.154060446665161166e+00
9.153544831408156668e+00
9.153029266868703218e+00
9.152513754567905835e+00
9.151998296015786849e+00
9.151482892711307215e+00
9.150967546142469544e+00
9.150452257786394483e+00
9.149937029109366904e+00
9.149421861566942482e+00
9.148906756604006318e+00
9.148391715654820899e+00
9.147876740143143337e+00
9.147361831482262673e+00
9.146846991075067379e+00
9.146332220314151940e+00
9.145817520581836391e+00
9.145302893250271126e+00
9.144788339681504397e+00
9.144273861227512512e+00
9.143759459230322406e+00
9.143245135022041836e+00
9.142730889924923332e+00
9.142216725251461895e+00
9.141702642304428750e+00
9.141188642376944173e+00
9.140674726752568091e+00
9.140160896705317839e+00
9.139647153499771193e+00
9.139133498391123211e+00
9.138619932625218212e+00
9.138106457438659902e+00
9.137593074058843357e+00
9.137079783704015412e+00
9.136566587583358157e+00
9.136053486897026232e+00
9.135540482836214338e+00
9.135027576583235387e+00
9.134514769311548932e+00
9.134002062185841098e+00
9.133489456362092085e+00
9.132976952987599262e+00
9.132464553201076640e+00
9.131952258132688627e+00
9.131440068904103313e+00
9.130927986628575965e+00
9.130416012410975668e+00
9.129904147347854604e+00
9.129392392527517330e+00
9.128880749030040320e+00
9.128369217927366108e+00
9.127857800283344147e+00
9.127346497153764560e+00
9.126835309586446954e+00
9.126324238621272400e+00
9.125813285290231391e+00
9.125302450617505556e+00
9.124791735619485422e+00
9.124281141304843246e+00
9.123770668674588080e+00
9.123260318722094198e+00
9.122750092433179248e+00
9.122239990786146890e+00
9.121730014751816995e+00
9.121220165293609128e+00
9.120710443367570974e+00
9.120200849922422748e+00
9.119691385899637126e+00
9.119182052233446356e+00
9.118672849850920414e+00
9.118163779672013192e+00
9.117654842609585586e+00
9.117146039569487215e+00
9.116637371450588390e+00
9.116128839144806761e+00
9.115620443537194362e+00
9.115112185505951814e+00
9.114604065922485177e+00
9.114096085651455681e+00
9.113588245550817035e+00
9.113080546471865162e+00
9.112572989259286160e+00
9.112065574751186503e+00
9.111558303779156986e+00
9.111051177168308257e+00
9.110544195737297457e+00
9.110037360298404607e+00
9.109530671657548595e+00
9.109024130614338688e+00
9.108517737962127825e+00
9.108011494488026827e+00
9.107505400972975451e+00
9.106999458191774366e+00
9.106493666913110019e+00
9.105988027899623916e+00
9.105482541907935712e+00
9.104977209688682294e+00
9.104472031986567515e+00
9.103967009540394173e+00
9.103462143083108415e+00
9.102957433341838822e+00
9.102452881037928378e+00
9.101948486886984213e+00
9.101444251598913127e+00
9.100940175877948235e+00
9.100436260422707591e+00
9.099932505926217274e+00
9.099428913075943370e+00
9.098925482553852362e+00
9.098422215036425342e+00
9.097919111194709529e+00
9.097416171694346687e+00
9.096913397195605100e+00
9.096410788353434640e+00
9.095908345817488083e+00
9.095406070232144202e+00
9.094903962236577044e+00
9.094402022464761259e+00
9.093900251545520064e+00
9.093398650102558989e+00
9.092897218754492528e+00
9.092395958114892096e+00
9.091894868792312678e+00
9.091393951390314143e+00
9.090893206507523416e+00
9.090392634737641586e+00
9.089892236669482983e+00
9.089392012887023142e+00
9.088891963969411236e+00
9.088392090491010933e+00
9.087892393021439474e+00
9.087392872125583665e+00
9.086893528363649608e+00
9.086394362291180471e+00
9.085895374459092011e+00
9.085396565413708103e+00
9.084897935696789162e+00
9.084399485845549904e+00
9.083901216392719746e+00
9.083403127866542803e+00
9.082905220790820522e+00
9.082407495684948984e+00
9.081909953063929564e+00
9.081412593438418668e+00
9.080915417314750826e+00
9.080418425194951126e+00
9.079921617576788506e+00
9.079424994953797068e+00
9.078928557815288514e+00
9.078432306646405436e+00
9.077936241928131977e+00
9.077440364137329354e+00
9.076944673746760728e+00
9.076449171225117851e+00
9.075953857037053041e+00
9.075458731643205823e+00
9.074963795500217145e+00
9.074469049060779113e+00
9.073974492773643874e+00
9.073480127083652036e+00
9.072985952431771750e+00
9.072491969255105815e+00
9.071998177986934309e+00
9.071504579056730577e+00
9.071011172890187879e+00
9.070517959909249583e+00
9.070024940532134039e+00
9.069532115173352338e+00
9.069039484243740290e+00
9.068547048150481515e+00
9.068054807297128761e+00
9.067562762083635874e+00
9.067070912906373792e+00
9.066579260158158959e+00
9.066087804228278202e+00
9.065596545502508263e+00
9.065105484363144228e+00
9.064614621189024390e+00
9.064123956355539136e+00
9.063633490234677126e+00
9.063143223195028853e+00
9.062653155601820387e+00
9.062163287816931145e+00
9.061673620198918755e+00
9.061184153103036820e+00
9.060694886881268673e+00
9.060205821882334476e+00
9.059716958451724977e+00
9.059228296931717495e+00
9.058739837661395455e+00
9.058251580976682149e+00
9.057763527210344279e+00
9.057275676692025712e+00
9.056788029748270574e+00
9.056300586702526800e+00
9.055813347875190544e+00
9.055326313583609732e+00
9.054839484142110706e+00
9.054352859862017766e+00
9.053866441051676262e+00
9.053380228016468578e+00
9.052894221058835456e+00
9.052408420478293749e+00
9.051922826571464853e+00
9.051437439632087134e+00
9.050952259951024814e+00
9.050467287816315931e+00
9.049982523513165233e+00
9.049497967323969050e+00
9.049013619528347263e+00
9.048529480403146863e+00
9.048045550222465039e+00
9.047561829257672272e+00
9.047078317777428325e+00
9.046595016047696447e+00
9.046111924331768250e+00
9.045629042890272586e+00
9.045146371981211075e+00
9.044663911859952776e+00
9.044181662779267938e+00
9.043699624989345764e+00
9.043217798737801516e+00
9.042736184269697830e+00
9.042254781827571364e+00
9.041773591651436348e+00
9.041292613978811232e+00
9.040811849044732895e+00
9.040331297081767303e+00
9.039850958320037932e+00
9.039370832987232873e+00
9.038890921308624371e+00
9.038411223507086589e+00
9.037931739803113373e+00
9.037452470414821804e+00
9.036973415557989497e+00
9.036494575446051059e+00
9.036015950290128274e+00
9.035537540299037218e+00
9.035059345679300691e+00
9.034581366635180188e+00
9.034103603368670576e+00
9.033626056079530287e+00
9.033148724965291976e+00
9.032671610221273184e+00
9.032194712040599427e+00
9.031718030614211301e+00
9.031241566130887577e+00
9.030765318777250528e+00
9.030289288737790798e+00
9.029813476194867405e+00
9.029337881328743265e+00
9.028862504317576310e+00
9.028387345337453240e+00
9.027912404562391302e+00
9.027437682164356048e+00
9.026963178313277325e+00
9.026488893177063488e+00
9.026014826921604950e+00
9.025540979710804379e+00
9.025067351706580254e+00
9.024593943068877522e+00
9.024120753955690688e+00
9.023647784523069149e+00
9.023175034925133176e+00
9.022702505314089905e+00
9.022230195840240441e+00
9.021758106651995845e+00
9.021286237895893123e+00
9.020814589716600551e+00
9.020343162256940772e+00
9.019871955657890794e+00
9.019400970058606859e+00
9.018930205596429772e+00
9.018459662406895561e+00
9.017989340623755012e+00
9.017519240378980783e+00
9.017049361802774499e+00
9.016579705023591629e+00
9.016110270168150365e+00
9.015641057361435173e+00
9.015172066726703903e+00
9.014703298385521535e+00
9.014234752457761957e+00
9.013766429061618624e+00
9.013298328313590346e+00
9.012830450328532805e+00
9.012362795219667433e+00
9.011895363098568978e+00
9.011428154075172614e+00
9.010961168257805909e+00
9.010494405753204816e+00
9.010027866666510121e+00
9.009561551101272769e+00
9.009095459159464525e+00
9.008629590941520604e+00
9.008163946546316581e+00
9.007698526071189704e+00
9.007233329611933570e+00
9.006768357262849634e+00
9.006303609116725895e+00
9.005839085264847554e+00
9.005374785797002346e+00
9.004910710801526719e+00
9.004446860365277416e+00
9.003983234573663452e+00
9.003519833510623016e+00
9.003056657258689199e+00
9.002593705898954468e+00
9.002130979511104414e+00
9.001668478173391108e+00
9.001206201962697051e+00
9.000744150954513856e+00
9.000282325222954682e+00
8.999820724840741804e+00
8.999359349879265224e+00
8.998898200408559589e+00
8.998437276497320170e+00
8.997976578212897536e+00
8.997516105621329530e+00
8.997055858787348370e+00
8.996595837774380655e+00
8.996136042644543807e+00
8.995676473458678046e+00
8.995217130276357054e+00
8.994758013155877308e+00
8.994299122154272297e+00
8.993840457327324955e+00
8.993382018729583649e+00
8.992923806414365728e+00
8.992465820433750423e+00
8.992008060838607264e+00
8.991550527678601412e+00
8.991093221002198987e+00
8.990636140856670622e+00
8.990179287288095011e+00
8.989722660341394445e+00
8.989266260060315261e+00
8.988810086487447393e+00
8.988354139664219034e+00
8.987898419630930391e+00
8.987442926426746581e+00
8.986987660089699403e+00
8.986532620656694448e+00
8.986077808163543068e+00
8.985623222644946395e+00
8.985168864134511324e+00
8.984714732664741632e+00
8.984260828267077059e+00
8.983807150971886202e+00
8.983353700808466513e+00
8.982900477805044304e+00
8.982447481988813820e+00
8.981994713385921258e+00
8.981542172021477199e+00
8.981089857919553054e+00
8.980637771103205935e+00
8.980185911594482207e+00
8.979734279414417486e+00
8.979282874583041973e+00
8.978831697119394661e+00
8.978380747041532217e+00
8.977930024366534312e+00
8.977479529110494738e+00
8.977029261288544504e+00
8.976579220914867818e+00
8.976129408002687882e+00
8.975679822564279320e+00
8.975230464610977066e+00
8.974781334153187018e+00
8.974332431200394922e+00
8.973883755761159264e+00
8.973435307843114828e+00
8.972987087453009991e+00
8.972539094596683640e+00
8.972091329279082927e+00
8.971643791504254395e+00
8.971196481275381274e+00
8.970749398594763946e+00
8.970302543463835931e+00
8.969855915883153230e+00
8.969409515852433401e+00
8.968963343370539576e+00
8.968517398435487564e+00
8.968071681044440524e+00
8.967626191193751595e+00
8.967180928878935475e+00
8.966735894094689741e+00
8.966291086834882407e+00
8.965846507092587458e+00
8.965402154860072415e+00
8.964958030128805433e+00
8.964514132889453535e+00
8.964070463131905697e+00
8.963627020845267523e+00
8.963183806017873678e+00
8.962740818637275453e+00
8.962298058690267410e+00
8.961855526162887386e+00
8.961413221040414712e+00
8.960971143307382647e+00
8.960529292947571278e+00
8.960087669944035937e+00
8.959646274279098321e+00
8.959205105934341162e+00
8.958764164890629544e+00
8.958323451128118009e+00
8.957882964626243449e+00
8.957442705363735769e+00
8.957002673318619657e+00
8.956562868468227023e+00
8.956123290789198776e+00
8.955683940257490150e+00
8.955244816848361822e+00
8.954805920536411890e+00
8.954367251295561658e+00
8.953928809099062747e+00
8.953490593919498863e+00
8.953052605728807123e+00
8.952614844498263835e+00
8.952177310198504046e+00
8.951740002799501994e+00
8.951302922270610196e+00
8.950866068580541679e+00
8.950429441697378863e+00
8.949993041588571785e+00
8.949556868220955863e+00
8.949120921560753672e+00
8.948685201573571391e+00
8.948249708224402355e+00
8.947814441477641267e+00
8.947379401297087753e+00
8.946944587645942804e+00
8.946510000486815883e+00
8.946075639781732036e+00
8.945641505492133660e+00
8.945207597578891168e+00
8.944773916002292324e+00
8.944340460722061792e+00
8.943907231697355797e+00
8.943474228886776345e+00
8.943041452248360557e+00
8.942608901739594884e+00
8.942176577317420438e+00
8.941744478938234764e+00
8.941312606557886511e+00
8.940880960131693200e+00
8.940449539614441221e+00
8.940018344960384056e+00
8.939587376123252938e+00
8.939156633056255075e+00
8.938726115712082532e+00
8.938295824042914006e+00
8.937865758000420158e+00
8.937435917535756502e+00
8.937006302599586505e+00
8.936576913142072698e+00
8.936147749112882011e+00
8.935718810461185768e+00
8.935290097135672127e+00
8.934861609084546075e+00
8.934433346255532982e+00
8.934005308595871497e+00
8.933577496052340194e+00
8.933149908571239806e+00
8.932722546098410987e+00
8.932295408579221885e+00
8.931868495958587673e+00
8.931441808180967001e+00
8.931015345190367327e+00
8.930589106930343135e+00
8.930163093344003045e+00
8.929737304374018692e+00
8.929311739962617622e+00
8.928886400051592176e+00
8.928461284582301261e+00
8.928036393495675682e+00
8.927611726732219921e+00
8.927187284232017461e+00
8.926763065934725461e+00
8.926339071779590739e+00
8.925915301705446225e+00
8.925491755650714509e+00
8.925068433553402514e+00
8.924645335351121034e+00
8.924222460981082961e+00
8.923799810380094399e+00
8.923377383484568881e+00
8.922955180230532690e+00
8.922533200553617760e+00
8.922111444389074109e+00
8.921689911671759177e+00
8.921268602336160924e+00
8.920847516316385395e+00
8.920426653546167373e+00
8.920006013958861502e+00
8.919585597487460049e+00
8.919165404064591129e+00
8.918745433622516927e+00
8.918325686093133697e+00
8.917906161407989529e+00
8.917486859498271912e+00
8.917067780294821944e+00
8.916648923728120124e+00
8.916230289728309444e+00
8.915811878225188281e+00
8.915393689148212175e+00
8.914975722426493832e+00
8.914557977988815551e+00
8.914140455763625681e+00
8.913723155679036836e+00
8.913306077662838334e+00
8.912889221642490867e+00
8.912472587545131830e+00
8.912056175297580651e+00
8.911639984826337013e+00
8.911224016057580855e+00
8.910808268917183028e+00
8.910392743330707077e+00
8.909977439223402129e+00
8.909562356520210002e+00
8.909147495145775864e+00
8.908732855024439345e+00
8.908318436080245206e+00
8.907904238236932670e+00
8.907490261417954969e+00
8.907076505546474010e+00
8.906662970545360380e+00
8.906249656337191567e+00
8.905836562844271498e+00
8.905423689988614555e+00
8.905011037691954456e+00
8.904598605875751360e+00
8.904186394461182985e+00
8.903774403369160595e+00
8.903362632520321895e+00
8.902951081835032809e+00
8.902539751233391030e+00
8.902128640635234902e+00
8.901717749960138093e+00
8.901307079127409594e+00
8.900896628056106152e+00
8.900486396665021616e+00
8.900076384872702917e+00
8.899666592597437642e+00
8.899257019757268239e+00
8.898847666269984913e+00
8.898438532053134509e+00
8.898029617024022286e+00
8.897620921099703040e+00
8.897212444196998860e+00
8.896804186232493805e+00
8.896396147122532128e+00
8.895988326783221822e+00
8.895580725130445288e+00
8.895173342079850443e+00
8.894766177546857833e+00
8.894359231446660630e+00
8.893952503694229961e+00
8.893545994204309579e+00
8.893139702891428300e+00
8.892733629669887563e+00
8.892327774453780975e+00
8.891922137156980099e+00
8.891516717693148664e+00
8.891111515975728352e+00
8.890706531917963673e+00
8.890301765432880643e+00
8.889897216433309879e+00
8.889492884831861730e+00
8.889088770540956475e+00
8.888684873472810111e+00
8.888281193539439684e+00
8.887877730652657959e+00
8.887474484724091184e+00
8.887071455665163100e+00
8.886668643387112709e+00
8.886266047800980061e+00
8.885863668817618688e+00
8.885461506347699157e+00
8.885059560301698411e+00
8.884657830589913985e+00
8.884256317122458668e+00
8.883855019809262288e+00
8.883453938560080587e+00
8.883053073284484569e+00
8.882652423891872928e+00
8.882251990291466726e+00
8.881851772392316491e+00
8.881451770103302223e+00
8.881051983333122735e+00
8.880652411990324069e+00
8.880253055983272858e+00
8.879853915220174088e+00
8.879454989609067539e+00
8.879056279057833123e+00
8.878657783474185550e+00
8.878259502765683209e+00
8.877861436839721065e+00
8.877463585603541318e+00
8.877065948964228070e+00
8.876668526828714434e+00
8.876271319103773649e+00
8.875874325696038625e+00
8.875477546511982396e+00
8.875080981457934115e+00
8.874684630440073718e+00
8.874288493364439034e+00
8.873892570136918678e+00
8.873496860663259156e+00
8.873101364849068418e+00
8.872706082599810529e+00
8.872311013820809222e+00
8.871916158417258558e+00
8.871521516294203380e+00
8.871127087356562413e+00
8.870732871509121154e+00
8.870338868656524767e+00
8.869945078703294072e+00
8.869551501553814887e+00
8.869158137112350460e+00
8.868764985283029034e+00
8.868372045969856288e+00
8.867979319076711775e+00
8.867586804507352483e+00
8.867194502165412828e+00
8.866802411954399332e+00
8.866410533777710157e+00
8.866018867538612014e+00
8.865627413140261481e+00
8.865236170485696121e+00
8.864845139477836256e+00
8.864454320019490297e+00
8.864063712013351193e+00
8.863673315362003535e+00
8.863283129967912899e+00
8.862893155733441830e+00
8.862503392560844517e+00
8.862113840352261462e+00
8.861724499009733691e+00
8.861335368435190318e+00
8.860946448530460984e+00
8.860557739197272298e+00
8.860169240337238961e+00
8.859780951851886854e+00
8.859392873642637056e+00
8.859005005610811168e+00
8.858617347657629537e+00
8.858229899684223696e+00
8.857842661591620370e+00
8.857455633280757468e+00
8.857068814652473421e+00
8.856682205607519620e+00
8.856295806046553309e+00
8.855909615870141138e+00
8.855523634978760938e+00
8.855137863272801724e+00
8.854752300652556585e+00
8.854366947018236900e+00
8.853981802269972334e+00
8.853596866307807289e+00
8.853212139031702677e+00
8.852827620341534143e+00
8.852443310137088517e+00
8.852059208318070915e+00
8.851675314784117177e+00
8.851291629434783204e+00
8.850908152169543186e+00
8.850524882887796707e+00
8.850141821488856309e+00
8.849758967871958149e+00
8.849376321936276213e+00
8.848993883580908104e+00
8.848611652704875041e+00
8.848229629207127189e+00
8.847847812986543659e+00
8.847466203941921847e+00
8.847084801972005863e+00
8.846703606975463430e+00
8.846322618850898323e+00
8.845941837496845039e+00
8.845561262811772352e+00
8.845180894694072649e+00
8.844800733042092133e+00
8.844420777754100627e+00
8.844041028728314657e+00
8.843661485862881477e+00
8.843282149055891495e+00
8.842903018205365839e+00
8.842524093209270575e+00
8.842145373965518473e+00
8.841766860371960135e+00
8.841388552326389316e+00
8.841010449726544707e+00
8.840632552470104599e+00
8.840254860454686892e+00
8.839877373577868624e+00
8.839500091737168219e+00
8.839123014830054359e+00
8.838746142753935331e+00
8.838369475406175013e+00
8.837993012684076888e+00
8.837616754484907133e+00
8.837240700705875085e+00
8.836864851244149222e+00
8.836489205996844731e+00
8.836113764861028841e+00
8.835738527733713710e+00
8.835363494511884852e+00
8.834988665092474491e+00
8.834614039372366889e+00
8.834239617248410781e+00
8.833865398617405162e+00
8.833491383376101069e+00
8.833117571421221115e+00
8.832743962649441727e+00
8.832370556957400254e+00
8.831997354241691411e+00
8.831624354398877941e+00
8.831251557325469292e+00
8.830878962917951824e+00
