2.007208740620160636e+00
2.014293254915813680e+00
2.021256974943479445e+00
2.028103251305639176e+00
2.034835354804427787e+00
2.041456478115848405e+00
2.047969737479766739e+00
2.054378174401202628e+00
2.060684757358746122e+00
2.066892383516175880e+00
2.073003880433633039e+00
2.079022007774957270e+00
2.084949459008062167e+00
2.090788863095458971e+00
2.096542786172291173e+00
2.102213733209466806e+00
2.107804149659703974e+00
2.113316423084509843e+00
2.118752884760338961e+00
2.124115811262344167e+00
2.129407426024337191e+00
2.134629900873738162e+00
2.139785357540478383e+00
2.144875869138929581e+00
2.149903461622133083e+00
2.154870115207691672e+00
2.159777765774826719e+00
2.164628306232224908e+00
2.169423587856388558e+00
2.174165421600303905e+00
2.178855579372354079e+00
2.183495795285425256e+00
2.188087766876300577e+00
2.192633156295439534e+00
2.197133591467337776e+00
2.201590667221687614e+00
2.206005946395624306e+00
2.210380960907365466e+00
2.214717212801603274e+00
2.219016175267024771e+00
2.223279293626355457e+00
2.227507986299360532e+00
2.231703645739232744e+00
2.235867639342821622e+00
2.240001310335151707e+00
2.244105978628709863e+00
2.248182941657941747e+00
2.252233475189443279e+00
2.256258834108284983e+00
2.260260253180931933e+00
2.264238947795202073e+00
2.268196114677686559e+00
2.272132932589064680e+00
2.276050562997705473e+00
2.279950150731952618e+00
2.283832824611452761e+00
2.287699698057904740e+00
2.291551869685528153e+00
2.295390423871562113e+00
2.299216431307117503e+00
2.303030949528602100e+00
2.306835023429975262e+00
2.310629685756041773e+00
2.314415957576962057e+00
2.318194848744140835e+00
2.321967358327618580e+00
2.325734475035063031e+00
2.329497177612430914e+00
2.333256435226336301e+00
2.337013207828131378e+00
2.340768446499675193e+00
2.344523093780737977e+00
2.348278083977937580e+00
2.352034343455108090e+00
2.355792790904923439e+00
2.359554337601598384e+00
2.363319887634451444e+00
2.367090338122060711e+00
2.370866579406740726e+00
2.374649495229009144e+00
2.378439962881699454e+00
2.382238853343326301e+00
2.386047031390302831e+00
2.389865355687553539e+00
2.393694678857051894e+00
2.397535847523784458e+00
2.401389702338610377e+00
2.405257077977469127e+00
2.409138803116358307e+00
2.413035700381485515e+00
2.416948586273993893e+00
2.420878271068625409e+00
2.424825558685686833e+00
2.428791246535687343e+00
2.432776125335988748e+00
2.436780978898829275e+00
2.440806583890092973e+00
2.444853709558191479e+00
2.448923117432457275e+00
2.453015560990474686e+00
2.457131785293795723e+00
2.461272526591536725e+00
2.465438511891409057e+00
2.469630458497769521e+00
2.473849073516367181e+00
2.478095053325530817e+00
2.482369083013622468e+00
2.486671835782691797e+00
2.491003972318369897e+00
2.495366140126140664e+00
2.499758972834312143e+00
2.504183089464092404e+00
2.508639093667366815e+00
2.513127572932948528e+00
2.517649097762217458e+00
2.522204220815294828e+00
2.526793476029076224e+00
2.531417377708680583e+00
2.536076419594069264e+00
2.540771073903869137e+00
2.545501790358611682e+00
2.550268995185918985e+00
2.555073090110357104e+00
2.559914451330984164e+00
2.564793428489846150e+00
2.569710343634951322e+00
2.574665490181496263e+00
2.579659131875379430e+00
2.584691501763261456e+00
2.589762801173678408e+00
2.594873198713915752e+00
2.600022829287552906e+00
2.605211793137766296e+00
2.610440154921616962e+00
2.615707942820692189e+00
2.621015147693544822e+00
2.626361722275431188e+00
2.631747580430890299e+00
2.637172596464644414e+00
2.642636604496292563e+00
2.648139397904109238e+00
2.653680728843130776e+00
2.659260307842522320e+00
2.664877803486945584e+00
2.670532842186331912e+00
2.676225008038190190e+00
2.681953842786108488e+00
2.687718845877692608e+00
2.693519474624753940e+00
2.699355144467960432e+00
2.705225229347668403e+00
2.711129062182068505e+00
2.717065935453118364e+00
2.723035101900164179e+00
2.729035775320506119e+00
2.735067131475436675e+00
2.741128309099758020e+00
2.747218411012031680e+00
2.753336505322212080e+00
2.759481626732757764e+00
2.765652777928660377e+00
2.771848931051288822e+00
2.778069029250506805e+00
2.784311988308945551e+00
2.790576698331971528e+00
2.796862025496512860e+00
2.803166813851558192e+00
2.809489887162944566e+00
2.815830050794833728e+00
2.822186093620153269e+00
2.828556789952232364e+00
2.834940901489837461e+00
2.841337179267899415e+00
2.847744365606317274e+00
2.854161196049421090e+00
2.860586401288891523e+00
2.867018709063199999e+00
2.873456846026973821e+00
2.879899539584036994e+00
2.886345519678255922e+00
2.892793520536762752e+00
2.899242282360568357e+00
2.905690552958017925e+00
2.912137089317039074e+00
2.918580659112615105e+00
2.925020042146366350e+00
2.931454031715667430e+00
2.937881435910128847e+00
2.944301078833793994e+00
2.950711801751851660e+00
2.957112464161036680e+00
2.963501944783390574e+00
2.969879142483404788e+00
2.976242977108906285e+00
2.982592390256457726e+00
2.988926345962311881e+00
2.995243831320242744e+00
3.001543857027887618e+00
3.007825457863404051e+00
3.014087693094492870e+00
3.020329646822013103e+00
3.026550428260545100e+00
3.032749171958401213e+00
3.038925037959699704e+00
3.045077211911154880e+00
3.051204905116344346e+00
3.057307354540219624e+00
3.063383822766651221e+00
3.069433597911809919e+00
3.075455993496172713e+00
3.081450348277893880e+00
3.087416026050274542e+00
3.093352415405977496e+00
3.099258929470599444e+00
3.105135005608133714e+00
3.110980105100768167e+00
3.116793712805399963e+00
3.122575336789149336e+00
3.128324507946057320e+00
3.134040779597072390e+00
3.139723727075322657e+00
3.145372947298580080e+00
3.150988058330709052e+00
3.156568698933823303e+00
3.162114528112744072e+00
3.167625224653277449e+00
3.173100486655731967e+00
3.178540031064994498e+00
3.183943593198404365e+00
3.189310926272578062e+00
3.194641800930229536e+00
3.199936004767999442e+00
3.205193341866163337e+00
3.210413632321073685e+00
3.215596711781077310e+00
3.220742430986609950e+00
3.225850655315078086e+00
3.230921264331108045e+00
3.235954151342653518e+00
3.240949222963433130e+00
3.245906398682014249e+00
3.250825610438073721e+00
3.255706802205948325e+00
3.260549929585829787e+00
3.265354959402837487e+00
3.270121869314109198e+00
3.274850647424102590e+00
3.279541291908211420e+00
3.284193810644792766e+00
3.288808220855659492e+00
3.293384548755094787e+00
3.297922829207398543e+00
3.302423105392964242e+00
3.306885428482861045e+00
3.311309857321879768e+00
3.315696458120004131e+00
3.320045304152221100e+00
3.324356475466604177e+00
3.328630058600549280e+00
3.332866146305104582e+00
3.337064837277248674e+00
3.341226235900009556e+00
3.345350451990299678e+00
3.349437600554332928e+00
3.353487801550490754e+00
3.357501179659499790e+00
3.361477864061757970e+00
3.365417988221689694e+00
3.369321689678960396e+00
3.373189109846410183e+00
3.377020393814551991e+00
3.380815690162474407e+00
3.384575150775011476e+00
3.388298930666017394e+00
3.391987187807594228e+00
3.395640082965116324e+00
3.399257779537919966e+00
3.402840443405487747e+00
3.406388242778998432e+00
3.409901348058076209e+00
3.413379931692620772e+00
3.416824168049554800e+00
3.420234233284367154e+00
3.423610305217299477e+00
3.426952563214054059e+00
3.430261188070882650e+00
3.433536361903934964e+00
3.436778268042733231e+00
3.439987090927648872e+00
3.443163016011266286e+00
3.446306229663514298e+00
3.449416919080438682e+00
3.452495272196514087e+00
3.455541477600386546e+00
3.458555724453926672e+00
3.461538202414502052e+00
3.464489101560357831e+00
3.467408612319006878e+00
3.470296925398542509e+00
3.473154231721762297e+00
3.475980722363027020e+00
3.478776588487759280e+00
3.481542021294490308e+00
3.484277211959382115e+00
3.486982351583134410e+00
3.489657631140197225e+00
3.492303241430214644e+00
3.494919373031628584e+00
3.497506216257364020e+00
3.500063961112519717e+00
3.502592797254015178e+00
3.505092913952104983e+00
3.507564500053716117e+00
3.510007743947528347e+00
3.512422833530748356e+00
3.514809956177519012e+00
3.517169298708899383e+00
3.519501047364371971e+00
3.521805387774805229e+00
3.524082504936844717e+00
3.526332583188662273e+00
3.528555806187021915e+00
3.530752356885619392e+00
3.532922417514642532e+00
3.535066169561515093e+00
3.537183793752775696e+00
3.539275470037055893e+00
3.541341377569111160e+00
3.543381694694875517e+00
3.545396598937488708e+00
3.547386266984274616e+00
3.549350874674623402e+00
3.551290596988752046e+00
3.553205608037303342e+00
3.555096081051758006e+00
3.556962188375623057e+00
3.558804101456372937e+00
3.560621990838102491e+00
3.562416026154885618e+00
3.564186376124785394e+00
3.565933208544511235e+00
3.567656690284682242e+00
3.569356987285688287e+00
3.571034264554103554e+00
3.572688686159654736e+00
3.574320415232694614e+00
3.575929613962182785e+00
3.577516443594137119e+00
3.579081064430542636e+00
3.580623635828693807e+00
3.582144316200958301e+00
3.583643263014932412e+00
3.585120632793979745e+00
3.586576581118140261e+00
3.588011262625358189e+00
3.589424831013058537e+00
3.590817439040058012e+00
3.592189238528739281e+00
3.593540380367508558e+00
3.594871014513542296e+00
3.596181289995772801e+00
3.597471354918121644e+00
3.598741356462954677e+00
3.599991440894756423e+00
3.601221753564000316e+00
3.602432438911213453e+00
3.603623640471217637e+00
3.604795500877534753e+00
3.605948161866950219e+00
3.607081764284219894e+00
3.608196448086911534e+00
3.609292352350372823e+00
3.610369615272807309e+00
3.611428374180462697e+00
3.612468765532913295e+00
3.613490924928428161e+00
3.614494987109414303e+00
3.615481085967939379e+00
3.616449354551308115e+00
3.617399925067697364e+00
3.618332928891836442e+00
3.619248496570730111e+00
3.620146757829408646e+00
3.621027841576712536e+00
3.621891875911088743e+00
3.622738988126403381e+00
3.623569304717762840e+00
3.624382951387338014e+00
3.625180053050179652e+00
3.625960733840026595e+00
3.626725117115102925e+00
3.627473325463893339e+00
3.628205480710893216e+00
3.628921703922334707e+00
3.629622115411877292e+00
3.630306834746261035e+00
3.630975980750926535e+00
3.631629671515581581e+00
3.632268024399728734e+00
3.632891156038138725e+00
3.633499182346270118e+00
3.634092218525639240e+00
3.634670379069121271e+00
3.635233777766200713e+00
3.635782527708152578e+00
3.636316741293160515e+00
3.636836530231366993e+00
3.637342005549855983e+00
3.637833277597567694e+00
3.638310456050135144e+00
3.638773649914654129e+00
3.639222967534379016e+00
3.639658516593341719e+00
3.640080404120894730e+00
3.640488736496184430e+00
3.640883619452539577e+00
3.641265158081792741e+00
3.641633456838517358e+00
3.641988619544189287e+00
3.642330749391278655e+00
3.642659948947256421e+00
3.642976320158534342e+00
3.643279964354318334e+00
3.643570982250398771e+00
3.643849473952857743e+00
3.644115538961707479e+00
3.644369276174454608e+00
3.644610783889593808e+00
3.644840159810029956e+00
3.645057501046430559e+00
3.645262904120509795e+00
3.645456464968246824e+00
3.645638278943037491e+00
3.645808440818779417e+00
3.645967044792898015e+00
3.646114184489307242e+00
3.646249952961310825e+00
3.646374442694447549e+00
3.646487745609277020e+00
3.646589953064107270e+00
3.646681155857673939e+00
3.646761444231763516e+00
3.646830907873786387e+00
3.646889635919302819e+00
3.646937716954497422e+00
3.646975239018611870e+00
3.647002289606332770e+00
3.647018955670133789e+00
3.647025323622582249e+00
3.647021479338603545e+00
3.647007508157707356e+00
3.646983494886181010e+00
3.646949523799245974e+00
3.646905678643184157e+00
3.646852042637430458e+00
3.646788698476638668e+00
3.646715728332717177e+00
3.646633213856841138e+00
3.646541236181436219e+00
3.646439875922142360e+00
3.646329213179754003e+00
3.646209327542139444e+00
3.646080298086141980e+00
3.645942203379460622e+00
3.645795121482520162e+00
3.645639129950319468e+00
3.645474305834268680e+00
3.645300725684015308e+00
3.645118465549254338e+00
3.644927600981532123e+00
3.644728207036039169e+00
3.644520358273392713e+00
3.644304128761415296e+00
3.644079592076904905e+00
3.643846821307399342e+00
3.643605889052937918e+00
3.643356867427818280e+00
3.643099828062350110e+00
3.642834842104607951e+00
3.642561980222181806e+00
3.642281312603926846e+00
3.641992908961715347e+00
3.641696838532186842e+00
3.641393170078501829e+00
3.641081971892095481e+00
3.640763311794437573e+00
3.640437257138788407e+00
3.640103874811968510e+00
3.639763231236122998e+00
3.639415392370495272e+00
3.639060423713204706e+00
3.638698390303029662e+00
3.638329356721195840e+00
3.637953387093169066e+00
3.637570545090458740e+00
3.637180893932422165e+00
3.636784496388080878e+00
3.636381414777937415e+00
3.635971710975806737e+00
3.635555446410649427e+00
3.635132682068413779e+00
3.634703478493887197e+00
3.634267895792551606e+00
3.633825993632450846e+00
3.633377831246060730e+00
3.632923467432173759e+00
3.632462960557784726e+00
3.631996368559987864e+00
3.631523748947880659e+00
3.631045158804477868e+00
3.630560654788629993e+00
3.630070293136948845e+00
3.629574129665748217e+00
3.629072219772980556e+00
3.628564618440191403e+00
3.628051380234475154e+00
3.627532559310439275e+00
3.627008209412179607e+00
3.626478383875254785e+00
3.625943135628675318e+00
3.625402517196894880e+00
3.624856580701809605e+00
3.624305377864763145e+00
3.623748960008557951e+00
3.623187378059473218e+00
3.622620682549289040e+00
3.622048923617314120e+00
3.621472151012419705e+00
3.620890414095079279e+00
3.620303761839414936e+00
3.619712242835243732e+00
3.619115905290132940e+00
3.618514797031457508e+00
3.617908965508462860e+00
3.617298457794330790e+00
3.616683320588247597e+00
3.616063600217477525e+00
3.615439342639441112e+00
3.614810593443791742e+00
3.614177397854497542e+00
3.613539800731925045e+00
3.612897846574928185e+00
3.612251579522932410e+00
3.611601043358028562e+00
3.610946281507061428e+00
3.610287337043723177e+00
3.609624252690646795e+00
3.608957070821501301e+00
3.608285833463085179e+00
3.607610582297422486e+00
3.606931358663858056e+00
3.606248203561150056e+00
3.605561157649567861e+00
3.604870261252984154e+00
3.604175554360966149e+00
3.603477076630870801e+00
3.602774867389932467e+00
3.602068965637352349e+00
3.601359410046387488e+00
3.600646238966433099e+00
3.599929490425104461e+00
3.599209202130321916e+00
3.598485411472383877e+00
3.597758155526043389e+00
3.597027471052581138e+00
3.596293394501871354e+00
3.595555962014448603e+00
3.594815209423567914e+00
3.594071172257264468e+00
3.593323885740403512e+00
3.592573384796731606e+00
3.591819704050923434e+00
3.591062877830617506e+00
3.590302940168454082e+00
3.589539924804106441e+00
3.588773865186303702e+00
3.588004794474854098e+00
3.587232745542655810e+00
3.586457750977709580e+00
3.585679843085120222e+00
3.584899053889092357e+00
3.584115415134925264e+00
3.583328958290995736e+00
3.582539714550735610e+00
3.581747714834607965e+00
3.580952989792067775e+00
3.580155569803524784e+00
3.579355484982293500e+00
3.578552765176537864e+00
3.577747439971211030e+00
3.576939538689982268e+00
3.576129090397164756e+00
3.575316123899627385e+00
3.574500667748704341e+00
3.573682750242096251e+00
3.572862399425760227e+00
3.572039643095797690e+00
3.571214508800328424e+00
3.570387023841361085e+00
3.569557215276653039e+00
3.568725109921560001e+00
3.567890734350882997e+00
3.567054114900703787e+00
3.566215277670208739e+00
3.565374248523507372e+00
3.564531053091445578e+00
3.563685716773401513e+00
3.562838264739081939e+00
3.561988721930301249e+00
3.561137113062757376e+00
3.560283462627798823e+00
3.559427794894176600e+00
3.558570133909794819e+00
3.557710503503446198e+00
3.556848927286542228e+00
3.555985428654830915e+00
3.555120030790108743e+00
3.554252756661919310e+00
3.553383629029245316e+00
3.552512670442192100e+00
3.551639903243656970e+00
3.550765349570994545e+00
3.549889031357669200e+00
3.549010970334899984e+00
3.548131188033291750e+00
3.547249705784464968e+00
3.546366544722665104e+00
3.545481725786372884e+00
3.544595269719896802e+00
3.543707197074961623e+00
3.542817528212282241e+00
3.541926283303131751e+00
3.541033482330899318e+00
3.540139145092636497e+00
3.539243291200593333e+00
3.538345940083748253e+00
3.537447110989326404e+00
3.536546822984305560e+00
3.535645094956916701e+00
3.534741945618132153e+00
3.533837393503144853e+00
3.532931456972837836e+00
3.532024154215243072e+00
3.531115503246992304e+00
3.530205521914756339e+00
3.529294227896677238e+00
3.528381638703786738e+00
3.527467771681419340e+00
3.526552644010612969e+00
3.525636272709500751e+00
3.524718674634691684e+00
3.523799866482648202e+00
3.522879864791041982e+00
3.521958685940112854e+00
3.521036346154010399e+00
3.520112861502128876e+00
3.519188247900430611e+00
3.518262521112763164e+00
3.517335696752164065e+00
3.516407790282157109e+00
3.515478817018039326e+00
3.514548792128159516e+00
3.513617730635184344e+00
3.512685647417359558e+00
3.511752557209757875e+00
3.510818474605519768e+00
3.509883414057085371e+00
3.508947389877413947e+00
3.508010416241200247e+00
3.507072507186074439e+00
3.506133676613798045e+00
3.505193938291449207e+00
3.504253305852599976e+00
3.503311792798482482e+00
3.502369412499146684e+00
3.501426178194610994e+00
3.500482102996003153e+00
3.499537199886690875e+00
3.498591481723404062e+00
3.497644961237351691e+00
3.496697651035323595e+00
3.495749563600791365e+00
3.494800711294991924e+00
3.493851106358010661e+00
3.492900760909850355e+00
3.491949686951493881e+00
3.490997896365958475e+00
3.490045400919341567e+00
3.489092212261855508e+00
3.488138341928859187e+00
3.487183801341877665e+00
3.486228601809612915e+00
3.485272754528949246e+00
3.484316270585947617e+00
3.483359160956836398e+00
3.482401436508985704e+00
3.481443108001883946e+00
3.480484186088097509e+00
3.479524681314229539e+00
3.478564604121865411e+00
3.477603964848513307e+00
3.476642773728535474e+00
3.475681040894073259e+00
3.474718776375962825e+00
3.473755990104645530e+00
3.472792691911068097e+00
3.471828891527576122e+00
3.470864598588801364e+00
3.469899822632535713e+00
3.468934573100609153e+00
3.467968859339749077e+00
3.467002690602437820e+00
3.466036076047763093e+00
3.465069024742257309e+00
3.464101545660734693e+00
3.463133647687116845e+00
3.462165339615255633e+00
3.461196630149742770e+00
3.460227527906720724e+00
3.459258041414678964e+00
3.458288179115246663e+00
3.457317949363980070e+00
3.456347360431138771e+00
3.455376420502460633e+00
3.454405137679923854e+00
3.453433519982509026e+00
3.452461575346947420e+00
3.451489311628469281e+00
3.450516736601540124e+00
3.449543857960595705e+00
3.448570683320765884e+00
3.447597220218594050e+00
3.446623476112752105e+00
3.445649458384745234e+00
3.444675174339613122e+00
3.443700631206623619e+00
3.442725836139962858e+00
3.441750796219413822e+00
3.440775518451035353e+00
3.439800009767831401e+00
3.438824277030412713e+00
3.437848327027656747e+00
3.436872166477359158e+00
3.435895802026880386e+00
3.434919240253783812e+00
3.433942487666473475e+00
3.432965550704821567e+00
3.431988435740789267e+00
3.431011149079047584e+00
3.430033696957587086e+00
3.429056085548325417e+00
3.428078320957706815e+00
3.427100409227299416e+00
3.426122356334383223e+00
3.425144168192534089e+00
3.424165850652205911e+00
3.423187409501300849e+00
3.422208850465741747e+00
3.421230179210032141e+00
3.420251401337816688e+00
3.419272522392431846e+00
3.418293547857456982e+00
3.417314483157255278e+00
3.416335333657511519e+00
3.415356104665766335e+00
3.414376801431942887e+00
3.413397429148871343e+00
3.412417992952806234e+00
3.411438497923940272e+00
3.410458949086912384e+00
3.409479351411313086e+00
3.408499709812181866e+00
3.407520029150503671e+00
3.406540314233697853e+00
3.405560569816104000e+00
3.404580800599462442e+00
3.403601011233390761e+00
3.402621206315855851e+00
3.401641390393641551e+00
3.400661567962811827e+00
3.399681743469169071e+00
3.398701921308707963e+00
3.397722105828067996e+00
3.396742301324976232e+00
3.395762512048691395e+00
3.394782742200441739e+00
3.393802995933854483e+00
3.392823277355390577e+00
3.391843590524765251e+00
3.390863939455372567e+00
3.389884328114700640e+00
3.388904760424745977e+00
3.387925240262422477e+00
3.386945771459966448e+00
3.385966357805338056e+00
3.384987003042619236e+00
3.384007710872408481e+00
3.383028484952210313e+00
3.382049328896820306e+00
3.381070246278711888e+00
3.380091240628409821e+00
3.379112315434871228e+00
3.378133474145852411e+00
3.377154720168280999e+00
3.376176056868619213e+00
3.375197487573224020e+00
3.374219015568706403e+00
3.373240644102286190e+00
3.372262376382139770e+00
3.371284215577751375e+00
3.370306164820255468e+00
3.369328227202776915e+00
3.368350405780770274e+00
3.367372703572351966e+00
3.366395123558633795e+00
3.365417668684048458e+00
3.364440341856674621e+00
3.363463145948559330e+00
3.362486083796035530e+00
3.361509158200038261e+00
3.360532371926415518e+00
3.359555727706239114e+00
3.358579228236108882e+00
3.357602876178456874e+00
3.356626674161847568e+00
3.355650624781274960e+00
3.354674730598454779e+00
3.353698994142120249e+00
3.352723417908308523e+00
3.351748004360644462e+00
3.350772755930633284e+00
3.349797675017923027e+00
3.348822763990598084e+00
3.347848025185445220e+00
3.346873460908226683e+00
3.345899073433954207e+00
3.344924865007150139e+00
3.343950837842112556e+00
3.342976994123184387e+00
3.342003336004998104e+00
3.341029865612744398e+00
3.340056585042419979e+00
3.339083496361078041e+00
3.338110601607082728e+00
3.337137902790348498e+00
3.336165401892587035e+00
3.335193100867552385e+00
3.334221001641272331e+00
3.333249106112290860e+00
3.332277416151900429e+00
3.331305933604371994e+00
3.330334660287189941e+00
3.329363597991274570e+00
3.328392748481205921e+00
3.327422113495455136e+00
3.326451694746592747e+00
3.325481493921517373e+00
3.324511512681667558e+00
3.323541752663234039e+00
3.322572215477376023e+00
3.321602902710427685e+00
3.320633815924104670e+00
3.319664956655715926e+00
3.318696326418357323e+00
3.317727926701121710e+00
3.316759758969294758e+00
3.315791824664549914e+00
3.314824125205150018e+00
3.313856661986134711e+00
3.312889436379512276e+00
3.311922449734455043e+00
3.310955703377477910e+00
3.309989198612631522e+00
3.309022936721683017e+00
3.308056918964294990e+00
3.307091146578212459e+00
3.306125620779434282e+00
3.305160342762391235e+00
3.304195313700124981e+00
3.303230534744453273e+00
3.302266007026146255e+00
3.301301731655095217e+00
3.300337709720476909e+00
3.299373942290923623e+00
3.298410430414683514e+00
3.297447175119782692e+00
3.296484177414191752e+00
3.295521438285975879e+00
3.294558958703459162e+00
3.293596739615378244e+00
3.292634781951034206e+00
3.291673086620448885e+00
3.290711654514512308e+00
3.289750486505132798e+00
3.288789583445388409e+00
3.287828946169666366e+00
3.286868575493812283e+00
3.285908472215275822e+00
3.284948637113244363e+00
3.283989070948790889e+00
3.283029774465008099e+00
3.282070748387146963e+00
3.281111993422754836e+00
3.280153510261805128e+00
3.279195299576832312e+00
3.278237362023066925e+00
3.277279698238559469e+00
3.276322308844314080e+00
3.275365194444413319e+00
3.274408355626143408e+00
3.273451792960123452e+00
3.272495507000423576e+00
3.271539498284687486e+00
3.270583767334258596e+00
3.269628314654291046e+00
3.268673140733875382e+00
3.267718246046150021e+00
3.266763631048418937e+00
3.265809296182267119e+00
3.264855241873671599e+00
3.263901468533112027e+00
3.262947976555686580e+00
3.261994766321214989e+00
3.261041838194351339e+00
3.260089192524689761e+00
3.259136829646866129e+00
3.258184749880671305e+00
3.257232953531145725e+00
3.256281440888687317e+00
3.255330212229151421e+00
3.254379267813949372e+00
3.253428607890148427e+00
3.252478232690570792e+00
3.251528142433886881e+00
3.250578337324716127e+00
3.249628817553716686e+00
3.248679583297680473e+00
3.247730634719628195e+00
3.246781971968895952e+00
3.245833595181230269e+00
3.244885504478873806e+00
3.243937699970655508e+00
3.242990181752076762e+00
3.242042949905400206e+00
3.241096004499729677e+00
3.240149345591101238e+00
3.239202973222560900e+00
3.238256887424248998e+00
3.237311088213483679e+00
3.236365575594835065e+00
3.235420349560213182e+00
3.234475410088938574e+00
3.233530757147824453e+00
3.232586390691252198e+00
3.231642310661246853e+00
3.230698516987551283e+00
3.229755009587701231e+00
3.228811788367097257e+00
3.227868853219078904e+00
3.226926204024991751e+00
3.225983840654261581e+00
3.225041762964463654e+00
3.224099970801387993e+00
3.223158463999110435e+00
3.222217242380058355e+00
3.221276305755076841e+00
3.220335653923493524e+00
3.219395286673183865e+00
3.218455203780631990e+00
3.217515405010999530e+00
3.216575890118179348e+00
3.215636658844863049e+00
3.214697710922599594e+00
3.213759046071853032e+00
3.212820664002064230e+00
3.211882564411705498e+00
3.210944746988340981e+00
3.210007211408681282e+00
3.209069957338639423e+00
3.208132984433386792e+00
3.207196292337405552e+00
3.206259880684543262e+00
3.205323749098064834e+00
3.204387897190706713e+00
3.203452324564724396e+00
3.202517030811945720e+00
3.201582015513821045e+00
3.200647278241468552e+00
3.199712818555728866e+00
3.198778636007205467e+00
3.197844730136317537e+00
3.196911100473343481e+00
3.195977746538466668e+00
3.195044667841821617e+00
3.194111863883537517e+00
3.193179334153779081e+00
3.192247078132796290e+00
3.191315095290958137e+00
3.190383385088801482e+00
3.189451946977067909e+00
3.188520780396743248e+00
3.187589884779101990e+00
3.186659259545740586e+00
3.185728904108618753e+00
3.184798817870098109e+00
3.183869000222976364e+00
3.182939450550526406e+00
3.182010168226530933e+00
3.181081152615316210e+00
3.180152403071789813e+00
3.179223918941471716e+00
3.178295699560528931e+00
3.177367744255808812e+00
3.176440052344870590e+00
3.175512623136016011e+00
3.174585455928321309e+00
3.173658550011666968e+00
3.172731904666769243e+00
3.171805519165206810e+00
3.170879392769450522e+00
3.169953524732892269e+00
3.169027914299871185e+00
3.168102560705699844e+00
3.167177463176694019e+00
3.166252620930193107e+00
3.165328033174590772e+00
3.164403699109355372e+00
3.163479617925055720e+00
3.162555788803385948e+00
3.161632210917185049e+00
3.160708883430463079e+00
3.159785805498419808e+00
3.158862976267466927e+00
3.157940394875250245e+00
3.157018060450669239e+00
3.156095972113893922e+00
3.155174128976389269e+00
3.154252530140928990e+00
3.153331174701616391e+00
3.152410061743900815e+00
3.151489190344593627e+00
3.150568559571887750e+00
3.149648168485371436e+00
3.148728016136042474e+00
3.147808101566327732e+00
3.146888423810090707e+00
3.145968981892651062e+00
3.145049774830797062e+00
3.144130801632795347e+00
3.143212061298406912e+00
3.142293552818896440e+00
3.141375275177045623e+00
3.140457227347161595e+00
3.139539408295089373e+00
3.138621816978220735e+00
3.137704452345503103e+00
3.136787313337449756e+00
3.135870398886146049e+00
3.134953707915259624e+00
3.134037239340044856e+00
3.133120992067353061e+00
3.132204964995635166e+00
3.131289157014950142e+00
3.130373567006970337e+00
3.129458193844983693e+00
3.128543036393900856e+00
3.127628093510257834e+00
3.126713364042218668e+00
3.125798846829580313e+00
3.124884540703773528e+00
3.123970444487864206e+00
3.123056556996556044e+00
3.122142877036190978e+00
3.121229403404750080e+00
3.120316134891851778e+00
3.119403070278753631e+00
3.118490208338349223e+00
3.117577547835169050e+00
3.116665087525374300e+00
3.115752826156759969e+00
3.114840762468747304e+00
3.113928895192382917e+00
3.113017223050333016e+00
3.112105744756880288e+00
3.111194459017919467e+00
3.110283364530948891e+00
3.109372459985069170e+00
3.108461744060973420e+00
3.107551215430940594e+00
3.106640872758829719e+00
3.105730714700071449e+00
3.104820739901659188e+00
3.103910947002141096e+00
3.103001334631610764e+00
3.102091901411694774e+00
3.101182645955548711e+00
3.100273566867838504e+00
3.099364662744735543e+00
3.098455932173902916e+00
3.097547373734480747e+00
3.096638985997077320e+00
3.095730767523753979e+00
3.094822716868010914e+00
3.093914832574775176e+00
3.093007113180382905e+00
3.092099557212566463e+00
3.091192163190439768e+00
3.090284929624476984e+00
3.089377855016503194e+00
3.088470937859671306e+00
3.087564176638446956e+00
3.086657569828591630e+00
3.085751115897139574e+00
3.084844813302383582e+00
3.083938660493853234e+00
3.083032655912293585e+00
3.082126797989646505e+00
3.081221085149028927e+00
3.080315515804709747e+00
3.079410088362090292e+00
3.078504801217678999e+00
3.077599652759069659e+00
3.076694641364917882e+00
3.075789765404915332e+00
3.074885023239767534e+00
3.073980413221164110e+00
3.073075933691758799e+00
3.072171582985137928e+00
3.071267359425798205e+00
3.070363261329113858e+00
3.069459287001314429e+00
3.068555434739451471e+00
3.067651702831372340e+00
3.066748089555691337e+00
3.065844593181755062e+00
3.064941211969618440e+00
3.064037944170006966e+00
3.063134788024290511e+00
3.062231741764447790e+00
3.061328803613032612e+00
3.060425971783144128e+00
3.059523244478391746e+00
3.058620619892856940e+00
3.057718096211064385e+00
3.056815671607940210e+00
3.055913344248780028e+00
3.055011112289210740e+00
3.054108973875152788e+00
3.053206927142782856e+00
3.052304970218494340e+00
3.051403101218859604e+00
3.050501318250590455e+00
3.049599619410495954e+00
3.048698002785442451e+00
3.047796466452313613e+00
3.046895008477965572e+00
3.045993626919187847e+00
3.045092319822654936e+00
3.044191085224887683e+00
3.043289921152206201e+00
3.042388825620684578e+00
3.041487796636104690e+00
3.040586832193913125e+00
3.039685930279168780e+00
3.038785088866499340e+00
3.037884305920053318e+00
3.036983579393446764e+00
3.036082907229717964e+00
3.035182287361276376e+00
3.034281717709848447e+00
3.033381196186431428e+00
3.032480720691237419e+00
3.031580289113640525e+00
3.030679899332125338e+00
3.029779549214230538e+00
3.028879236616496051e+00
3.027978959384404867e+00
3.027078715352329308e+00
3.026178502343472410e+00
3.025278318169811076e+00
3.024378160632036128e+00
3.023478027519496791e+00
3.022577916610134086e+00
3.021677825670428419e+00
3.020777752455332976e+00
3.019877694708211990e+00
3.018977650160780790e+00
3.018077616533039631e+00
3.017177591533209746e+00
3.016277572857669398e+00
3.015377558190887708e+00
3.014477545205357600e+00
3.013577531561528744e+00
3.012677514907739162e+00
3.011777492880147733e+00
3.010877463102661800e+00
3.009977423186869228e+00
3.009077370731966017e+00
3.008177303324683471e+00
3.007277218539217589e+00
3.006377113937152679e+00
3.005476987067387196e+00
3.004576835466061357e+00
3.003676656656476318e+00
3.002776448149020005e+00
3.001876207441088962e+00
3.000975932017007963e+00
3.000075619347952305e+00
2.999175266891864755e+00
2.998274872093377397e+00
2.997374432383726361e+00
2.996473945180669229e+00
2.995573407888401984e+00
2.994672817897472861e+00
2.993772172584695745e+00
2.992871469313066246e+00
2.991970705431669764e+00
2.991069878275593563e+00
2.990168985165841953e+00
2.989268023409237252e+00
2.988366990298334080e+00
2.987465883111326104e+00
2.986564699111948329e+00
2.985663435549387401e+00
2.984762089658184347e+00
2.983860658658134213e+00
2.982959139754194133e+00
2.982057530136380308e+00
2.981155826979669410e+00
2.980254027443900000e+00
2.979352128673665945e+00
2.978450127798218272e+00
2.977548021931356814e+00
2.976645808171328067e+00
2.975743483600718164e+00
2.974841045286345853e+00
2.973938490279151470e+00
2.973035815614091693e+00
2.972133018310024077e+00
2.971230095369599589e+00
2.970327043779146248e+00
2.969423860508555890e+00
2.968520542511170035e+00
2.967617086723662201e+00
2.966713490065918446e+00
2.965809749440922349e+00
2.964905861734631110e+00
2.964001823815856085e+00
2.963097632536139336e+00
2.962193284729628839e+00
2.961288777212956358e+00
2.960384106785107328e+00
2.959479270227294734e+00
2.958574264302830770e+00
2.957669085756994498e+00
2.956763731316900845e+00
2.955858197691370037e+00
2.954952481570788159e+00
2.954046579626976143e+00
2.953140488513049444e+00
2.952234204863280365e+00
2.951327725292961723e+00
2.950421046398257197e+00
2.949514164756067203e+00
2.948607076923880577e+00
2.947699779439626688e+00
2.946792268821534666e+00
2.945884541567978410e+00
2.944976594157329153e+00
2.944068423047806693e+00
2.943160024677319520e+00
2.942251395463316044e+00
2.941342531802626503e+00
2.940433430071303533e+00
2.939524086624465404e+00
2.938614497796133929e+00
2.937704659899070148e+00
2.936794569224614904e+00
2.935884222042516534e+00
2.934973614600768776e+00
2.934062743125440242e+00
2.933151603820500775e+00
2.932240192867653139e+00
2.931328506426156721e+00
2.930416540632649003e+00
2.929504291600975030e+00
2.928591755421998677e+00
2.927678928163429006e+00
2.926765805869635084e+00
2.925852384561456354e+00
2.924938660236025001e+00
2.924024628866569220e+00
2.923110286402225810e+00
2.922195628767851439e+00
2.921280651863821909e+00
2.920365351565840317e+00
2.919449723724739432e+00
2.918533764166279187e+00
2.917617468690946403e+00
2.916700833073752275e+00
2.915783853064020104e+00
2.914866524385189006e+00
2.913948842734592759e+00
2.913030803783250633e+00
2.912112403175661335e+00
2.911193636529574302e+00
2.910274499435780537e+00
2.909354987457890118e+00
2.908435096132105713e+00
2.907514820967004976e+00
2.906594157443307846e+00
2.905673101013647397e+00
2.904751647102346901e+00
2.903829791105172919e+00
2.902907528389111036e+00
2.901984854292123384e+00
2.901061764122905284e+00
2.900138253160648993e+00
2.899214316654795009e+00
2.898289949824780720e+00
2.897365147859801482e+00
2.896439905918546387e+00
2.895514219128952682e+00
2.894588082587943756e+00
2.893661491361169791e+00
2.892734440482750635e+00
2.891806924955005798e+00
2.890878939748187104e+00
2.889950479800218019e+00
2.889021540016408540e+00
2.888092115269190518e+00
2.887162200397836997e+00
2.886231790208180215e+00
2.885300879472333602e+00
2.884369462928402239e+00
2.883437535280195529e+00
2.882505091196942981e+00
2.881572125312989119e+00
2.880638632227506601e+00
2.879704606504197795e+00
2.878770042670982576e+00
2.877834935219707901e+00
2.876899278605830279e+00
2.875963067248107574e+00
2.875026295528292142e+00
2.874088957790804422e+00
2.873151048342421632e+00
2.872212561451956692e+00
2.871273491349924267e+00
2.870333832228224580e+00
2.869393578239804121e+00
2.868452723498323920e+00
2.867511262077828249e+00
2.866569188012395131e+00
2.865626495295797938e+00
2.864683177881163001e+00
2.863739229680612119e+00
2.862794644564917945e+00
2.861849416363143384e+00
2.860903538862281437e+00
2.859957005806902153e+00
2.859009810898776038e+00
2.858061947796510349e+00
2.857113410115182273e+00
2.856164191425953014e+00
2.855214285255700535e+00
2.854263685086630087e+00
2.853312384355889630e+00
2.852360376455188806e+00
2.851407654730398367e+00
2.850454212481157601e+00
2.849500042960480872e+00
2.848545139374345503e+00
2.847589494881296091e+00
2.846633102592031506e+00
2.845675955568988336e+00
2.844718046825934987e+00
2.843759369327542252e+00
2.842799915988963200e+00
2.841839679675413954e+00
2.840878653201731385e+00
2.839916829331949000e+00
2.838954200778858183e+00
2.837990760203559670e+00
2.837026500215034552e+00
2.836061413369680650e+00
2.835095492170867981e+00
2.834128729068489783e+00
2.833161116458490003e+00
2.832192646682413439e+00
2.831223312026933225e+00
2.830253104723380542e+00
2.829282016947279210e+00
2.828310040817859861e+00
2.827337168397579870e+00
2.826363391691650406e+00
2.825388702647532835e+00
2.824413093154459542e+00
2.823436555042933893e+00
2.822459080084227967e+00
2.821480659989891393e+00
2.820501286411234432e+00
2.819520950938819492e+00
2.818539645101959756e+00
2.817557360368184938e+00
2.816574088142735022e+00
2.815589819768031798e+00
2.814604546523146400e+00
2.813618259623279716e+00
2.812630950219217940e+00
2.811642609396795223e+00
2.810653228176364316e+00
2.809662797512235244e+00
2.808671308292138402e+00
2.807678751336670775e+00
2.806685117398736828e+00
2.805690397162998728e+00
2.804694581245306129e+00
2.803697660192134400e+00
2.802699624480025076e+00
2.801700464515000100e+00
2.800700170631999164e+00
2.799698733094301062e+00
2.798696142092937045e+00
2.797692387746117948e+00
2.796687460098639999e+00
2.795681349121297288e+00
2.794674044710299121e+00
2.793665536686663842e+00
2.792655814795628189e+00
2.791644868706051774e+00
2.790632688009806461e+00
2.789619262221180396e+00
2.788604580776269604e+00
2.787588633032365149e+00
2.786571408267350503e+00
2.785552895679082930e+00
2.784533084384781088e+00
2.783511963420411295e+00
2.782489521740064475e+00
2.781465748215342870e+00
2.780440631634735649e+00
2.779414160702996739e+00
2.778386324040526212e+00
2.777357110182740563e+00
2.776326507579449654e+00
2.775294504594234990e+00
2.774261089503817779e+00
2.773226250497435874e+00
2.772189975676215834e+00
2.771152253052547643e+00
2.770113070549456324e+00
2.769072415999977554e+00
2.768030277146530604e+00
2.766986641640294842e+00
2.765941497040584451e+00
2.764894830814226712e+00
2.763846630334941157e+00
2.762796882882719629e+00
2.761745575643207218e+00
2.760692695707089417e+00
2.759638230069480169e+00
2.758582165629305472e+00
2.757524489188704742e+00
2.756465187452419752e+00
2.755404247027198217e+00
2.754341654421199159e+00
2.753277396043393832e+00
2.752211458202986183e+00
2.751143827108831097e+00
2.750074488868843314e+00
2.749003429489447647e+00
2.747930634874997224e+00
2.746856090827217045e+00
2.745779783044665301e+00
2.744701697122165829e+00
2.743621818550293412e+00
2.742540132714839540e+00
2.741456624896274175e+00
2.740371280269267906e+00
2.739284083902164380e+00
2.738195020756496678e+00
2.737104075686523252e+00
2.736011233438727430e+00
2.734916478651390648e+00
2.733819795854143475e+00
2.732721169467505540e+00
2.731620583802512936e+00
2.730518023060283461e+00
2.729413471331629371e+00
2.728306912596714096e+00
2.727198330724650344e+00
2.726087709473198117e+00
2.724975032488445859e+00
2.723860283304457397e+00
2.722743445343057456e+00
2.721624501913525229e+00
2.720503436212349690e+00
2.719380231323052843e+00
2.718254870215930374e+00
2.717127335747925976e+00
2.715997610662486572e+00
2.714865677589373139e+00
2.713731519044652263e+00
2.712595117430577130e+00
2.711456455035528901e+00
2.710315514034080220e+00
2.709172276486923714e+00
2.708026724340985680e+00
2.706878839429525563e+00
2.705728603472160820e+00
2.704575998075142262e+00
2.703421004731484167e+00
2.702263604821160126e+00
2.701103779611480071e+00
2.699941510257280353e+00
2.698776777801345617e+00
2.697609563174790281e+00
2.696439847197526163e+00
2.695267610578745643e+00
2.694092833917427932e+00
2.692915497702931038e+00
2.691735582315641917e+00
2.690553068027672357e+00
2.689367935003611265e+00
2.688180163301316483e+00
2.686989732872784753e+00
2.685796623565071428e+00
2.684600815121278572e+00
2.683402287181606116e+00
2.682201019284469634e+00
2.680996990867682950e+00
2.679790181269708249e+00
2.678580569730995897e+00
2.677368135395381099e+00
2.676152857311565825e+00
2.674934714434678895e+00
2.673713685627920000e+00
2.672489749664273884e+00
2.671262885228335549e+00
2.670033070918210516e+00
2.668800285247506121e+00
2.667564506647418732e+00
2.666325713468924441e+00
2.665083883985056801e+00
2.663838996393291580e+00
2.662591028818053651e+00
2.661339959313312686e+00
2.660085765865294771e+00
2.658828426395313027e+00
2.657567918762717252e+00
2.656304220767942148e+00
2.655037310155717645e+00
2.653767164618384022e+00
2.652493761799337157e+00
2.651217079296611878e+00
2.649937094666606541e+00
2.648653785427939056e+00
2.647367129065445912e+00
2.646077103034357059e+00
2.644783684764595577e+00
2.643486851665237225e+00
2.642186581129137846e+00
2.640882850537726867e+00
2.639575637265934027e+00
2.638264918687348359e+00
2.636950672179509958e+00
2.635632875129396258e+00
2.634311504939083726e+00
2.632986539031610285e+00
2.631657954857018922e+00
2.630325729898591813e+00
2.628989841679291839e+00
2.627650267768471437e+00
2.626306985788740889e+00
2.624959973422989812e+00
2.623609208421687100e+00
2.622254668610436656e+00
2.620896331897740517e+00
2.619534176282975135e+00
2.618168179864616363e+00
2.616798320848718440e+00
2.615424577557639907e+00
2.614046928439014206e+00
2.612665352074980962e+00
2.611279827191691272e+00
2.609890332669068780e+00
2.608496847550853648e+00
2.607099351054920522e+00
2.605697822583879830e+00
2.604292241735970403e+00
2.602882588316238532e+00
2.601468842348026556e+00
2.600050984084754546e+00
2.598628994022019079e+00
2.597202852909996640e+00
2.595772541766174335e+00
2.594338041888391899e+00
2.592899334868217665e+00
2.591456402604660703e+00
2.590009227318211593e+00
2.588557791565230026e+00
2.587102078252674797e+00
2.585642070653190405e+00
2.584177752420535157e+00
2.582709107605376087e+00
2.581236120671448919e+00
2.579758776512078633e+00
2.578277060467070392e+00
2.576790958339975735e+00
2.575300456415738459e+00
2.573805541478710435e+00
2.572306200831054213e+00
2.570802422311539104e+00
2.569294194314714730e+00
2.567781505810482034e+00
2.566264346364048876e+00
2.564742706156292851e+00
2.563216576004501146e+00
2.561685947383517181e+00
2.560150812447288260e+00
2.558611164050803133e+00
2.557066995772433682e+00
2.555518301936668735e+00
2.553965077637252001e+00
2.552407318760707700e+00
2.550845022010260532e+00
2.549278184930160673e+00
2.547706805930387119e+00
2.546130884311741838e+00
2.544550420291329829e+00
2.542965415028420217e+00
2.541375870650679047e+00
2.539781790280770224e+00
2.538183178063334822e+00
2.536580039192318559e+00
2.534972379938656761e+00
2.533360207678303500e+00
2.531743530920599117e+00
2.530122359336965498e+00
2.528496703789914424e+00
2.526866576362382322e+00
2.525231990387346137e+00
2.523592960477737623e+00
2.521949502556628087e+00
2.520301633887675141e+00
2.518649373105821709e+00
2.516992740248218396e+00
2.515331756785377681e+00
2.513666445652522619e+00
2.511996831281122056e+00
2.510322939630592831e+00
2.508644798220151628e+00
2.506962436160793395e+00
2.505275884187380342e+00
2.503585174690817539e+00
2.501890341750293789e+00
2.500191421165563366e+00
2.498488450489245949e+00
2.496781469059119907e+00
2.495070518030381379e+00
2.493355640407846519e+00
2.491636881078065358e+00
2.489914286841318436e+00
2.488187906443474429e+00
2.486457790607666585e+00
2.484723992065767550e+00
2.482986565589626160e+00
2.481245568022040437e+00
2.479501058307417960e+00
2.477753097522105818e+00
2.476001748904349764e+00
2.474247077883843904e+00
2.472489152110840305e+00
2.470728041484773208e+00
2.468963818182388081e+00
2.467196556685288922e+00
2.465426333806911785e+00
2.463653228718861499e+00
2.461877322976580906e+00
2.460098700544310013e+00
2.458317447819295509e+00
2.456533653655230243e+00
2.454747409384839596e+00
2.452958808841611660e+00
2.451167948380622796e+00
2.449374926898411520e+00
2.447579845851865610e+00
2.445782809276075831e+00
2.443983923801160696e+00
2.442183298667931712e+00
2.440381045742448851e+00
2.438577279529388964e+00
2.436772117184192066e+00
2.434965678523951738e+00
2.433158086037007450e+00
2.431349464891259693e+00
2.429539942941048913e+00
2.427729650732690203e+00
2.425918721508636189e+00
2.424107291209972370e+00
2.422295498477604170e+00
2.420483484652031780e+00
2.418671393771389511e+00
2.416859372567932596e+00
2.415047570463062954e+00
2.413236139560634985e+00
2.411425234638689297e+00
2.409615013139511319e+00
2.407805635158052571e+00
2.405997263428657273e+00
2.404190063310105874e+00
2.402384202768982124e+00
2.400579852361291344e+00
2.398777185212433771e+00
2.396976376995397562e+00
2.395177605907311325e+00
2.393381052644218521e+00
2.391586900374216729e+00
2.389795334708839647e+00
2.388006543672805737e+00
2.386220717672054903e+00
2.384438049460152698e+00
2.382658734103045184e+00
2.380882968942185762e+00
2.379110953556100139e+00
2.377342889720325481e+00
2.375578981365879194e+00
2.373819434536138751e+00
2.372064457342324406e+00
2.370314259917470245e+00
2.368569054369052296e+00
2.366829054730208881e+00
2.365094476909680221e+00
2.363365538640452179e+00
2.361642459427190310e+00
2.359925460492497962e+00
2.358214764722045498e+00
2.356510596608656805e+00
2.354813182195349075e+00
2.353122749017466209e+00
2.351439526043877848e+00
2.349763743617386602e+00
2.348095633394338133e+00
2.346435428283554891e+00
2.344783362384618375e+00
2.343139670925590945e+00
2.341504590200237157e+00
2.339878357504812101e+00
2.338261211074496693e+00
2.336653390019537202e+00
2.335055134261171172e+00
2.333466684467409458e+00
2.331888281988742317e+00
2.330320168793848179e+00
2.328762587405374784e+00
2.327215780835865555e+00
2.325679992523902673e+00
2.324155466270545478e+00
2.322642446176122810e+00
2.321141176577469434e+00
2.319651901985659403e+00
2.318174867024313190e+00
2.316710316368560729e+00
2.315258494684693691e+00
2.313819646570626887e+00
2.312394016497168803e+00
2.310981848750243373e+00
2.309583387374040786e+00
2.308198876115246101e+00
2.306828558368325677e+00
2.305472677122000658e+00
2.304131474906906174e+00
2.302805193744535295e+00
2.301494075097501923e+00
2.300198359821158611e+00
2.298918288116679864e+00
2.297654099485555435e+00
2.296406032685677001e+00
2.295174325688909445e+00
2.293959215640339444e+00
2.292760938819108585e+00
2.291579730600984632e+00
2.290415825422603913e+00
2.289269456747513587e+00
2.288140857033970299e+00
2.287030257704570246e+00
2.285937889117737765e+00
2.284863980541052442e+00
2.283808760126533777e+00
2.282772454887773250e+00
2.281755290679094994e+00
2.280757492176589185e+00
2.279779282861215783e+00
2.278820885003820962e+00
2.277882519652237647e+00
2.276964406620351156e+00
2.276066764479241389e+00
2.275189810550347413e+00
2.274333760900685064e+00
2.273498830340150434e+00
2.272685232420836421e+00
2.271893179438495558e+00
2.271122882435989254e+00
2.270374551208904190e+00
2.269648394313156459e+00
2.268944619074760638e+00
2.268263431601599489e+00
2.267605036797333717e+00
2.266969638377342999e+00
2.266357438886764442e+00
2.265768639720596500e+00
2.265203441145854590e+00
2.264662042325829461e+00
2.264144641346340414e+00
2.263651435244125931e+00
2.263182620037198944e+00
2.262738390757335072e+00
2.262318941484517065e+00
2.261924465383500227e+00
2.261555154742339369e+00
2.261211201013003880e+00
2.260892794853978760e+00
2.260600126174908020e+00
2.260333384183265348e+00
2.260092757433008082e+00
2.259878433875305959e+00
2.259690600911207436e+00
2.259529445446407436e+00
2.259395153947938439e+00
2.259287912502964346e+00
2.259207906879504790e+00
2.259155322589256887e+00
2.259130344952370084e+00
2.259133159164294469e+00
2.259163950364633244e+00
2.259222903708034025e+00
2.259310204437139813e+00
2.259426037957547262e+00
2.259570589914889460e+00
2.259744046273903351e+00
2.259946593399666970e+00
2.260178418140833312e+00
2.260439707915058438e+00
2.260730650796456853e+00
2.261051435605270221e+00
2.261402251999612201e+00
2.261783290569426619e+00
2.262194742932598146e+00
2.262636801833260769e+00
2.263109661242356019e+00
2.263613516460357911e+00
2.264148564222354665e+00
2.264715002805294031e+00
2.265313032137641347e+00
2.265942853911251387e+00
2.266604671695678697e+00
2.267298691054771442e+00
2.268025119665717959e+00
2.268784167440454524e+00
2.269576046649530721e+00
2.270400972048425725e+00
2.271259161006309313e+00
2.272150833637355039e+00
2.273076212934475038e+00
2.274035524905691386e+00
2.275028998712938844e+00
2.276056866813527702e+00
2.277119365104080195e+00
2.278216733067131461e+00
2.279349213920225825e+00
2.280517054767669638e+00
2.281720506754809197e+00
2.282959825224904815e+00
2.284235269878573060e+00
2.285547104935726992e+00
2.286895599300104109e+00
2.288281026726182166e+00
2.289703665988646719e+00
2.291163801054144411e+00
2.292661721255474738e+00
2.294197721467952089e+00
2.295772102288041516e+00
2.297385170214012007e+00
2.299037237828628566e+00
2.300728623983673060e+00
2.302459653986193011e+00
2.304230659786330015e+00
2.306041980166499084e+00
2.307893960931793664e+00
2.309786955101314376e+00
2.311721323100246916e+00
2.313697432952352084e+00
2.315715660472611237e+00
2.317776389459655473e+00
2.319880011887625493e+00
2.322026928097058462e+00
2.324217546984332028e+00
2.326452286189197860e+00
2.328731572279866047e+00
2.331055840935005730e+00
2.333425537122158389e+00
2.335841115271623636e+00
2.338303039445416509e+00
2.340811783500036825e+00
2.343367831242662902e+00
2.345971676579345022e+00
2.348623823654446330e+00
2.351324786979922976e+00
2.354075091553989196e+00
2.356875272966739931e+00
2.359725877492254487e+00
2.362627462165242775e+00
2.365580594840783757e+00
2.368585854235414345e+00
2.371643829947734705e+00
2.374755122456596368e+00
2.377920343094797051e+00
2.381140113996083052e+00
2.384415068013128636e+00
2.387745848604012622e+00
2.391133109684594249e+00
2.394577515444040294e+00
2.398079740120608871e+00
2.401640467734658113e+00
2.405260391775702278e+00
2.408940214840213034e+00
2.412680648216897872e+00
2.416482411414948572e+00
2.420346231633470069e+00
2.424272843166273006e+00
2.428262986739321949e+00
2.432317408776408119e+00
2.436436860589175968e+00
2.440622097487314512e+00
2.444873877804889073e+00
2.449192961838692728e+00
2.453580110694595362e+00
2.458036085037968110e+00
2.462561643744366702e+00
2.467157542446846819e+00
2.471824531976559047e+00
2.476563356693529894e+00
2.481374752704908371e+00
2.486259445968404869e+00
2.491218150279157495e+00
2.496251565138807749e+00
2.501360373506332557e+00
2.506545239430851169e+00
2.511806805567521117e+00
2.517145690578592720e+00
2.522562486422694761e+00
2.528057755536579965e+00
2.533632027914793916e+00
2.539285798094005120e+00
2.545019522050127048e+00
2.550833614017846696e+00
2.556728443243643678e+00
2.562704330684975940e+00
2.568761545669882462e+00
2.574900302532844520e+00
2.581120757244338648e+00
2.587423004053029274e+00
2.593807072161069094e+00
2.600272922454316404e+00
2.606820444310548268e+00
2.613449452509843507e+00
2.620159684272220790e+00
2.626950796448258352e+00
2.633822362888943669e+00
2.640773872021022761e+00
2.647804724654019726e+00
2.654914232044581102e+00
2.662101614242950554e+00
2.669365998745086177e+00
2.676706419472518306e+00
2.684121816099842128e+00
2.691611033747476789e+00
2.699172823055700388e+00
2.706805840649790795e+00
2.714508650007543267e+00
2.722279722733150109e+00
2.730117440239418158e+00
2.738020095836115164e+00
2.745985897218407690e+00
2.754012969345422945e+00
2.762099357695138924e+00
2.770243031878087958e+00
2.778441889588818103e+00
2.786693760870772696e+00
2.794996412667271279e+00
2.803347553628660727e+00
2.811744839143439645e+00
2.820185876559430316e+00
2.828668230559639341e+00
2.837189428656656798e+00
2.845746966768992969e+00
2.854338314842851165e+00
2.862960922483313908e+00
2.871612224559906945e+00
2.880289646752830723e+00
2.888990611007828946e+00
2.897712540869710640e+00
2.906452866666797252e+00
2.915209030521053624e+00
2.923978491161356441e+00
2.932758728520080904e+00
2.941547248096059608e+00
2.950341585069819583e+00
2.959139308159796755e+00
2.967938023211049270e+00
2.976735376510625031e+00
2.985529057826253663e+00
2.994316803167473839e+00
3.003096397270440754e+00
3.011865675809720866e+00
3.020622527342194275e+00
3.029364894989774015e+00
3.038090777869067782e+00
3.046798232277323937e+00
3.055485372644958897e+00
3.064150372265835642e+00
3.072791463817027946e+00
3.081406939680308543e+00
3.089995152077880114e+00
3.098554513035012725e+00
3.107083494182314443e+00
3.115580626410244136e+00
3.124044499388302309e+00
3.132473760961055564e+00
3.140867116432815909e+00
3.149223327752350254e+00
3.157541212608597991e+00
3.165819643447816745e+00
3.174057546422082599e+00
3.182253900278519065e+00
3.190407735198069972e+00
3.198518131592066549e+00
3.206584218864276803e+00
3.214605174145578115e+00
3.222580221007822487e+00
3.230508628163033968e+00
3.238389708153316171e+00
3.246222816036690162e+00
3.254007348073386208e+00
3.261742740416698538e+00
3.269428467812148131e+00
3.277064042308236225e+00
3.284649011981748412e+00
3.292182959680169496e+00
3.299665501783481059e+00
3.307096286987301959e+00
3.314474995109006006e+00
3.321801335918309839e+00
3.329075047993401260e+00
3.336295897603697380e+00
3.343463677619867180e+00
3.350578206451828578e+00
3.357639327015029984e+00
3.364646905725394710e+00
3.371600831522993058e+00
3.378501014924526036e+00
3.385347387104527428e+00
3.392139899005093273e+00
3.398878520473957554e+00
3.405563239430489997e+00
3.412194061059368178e+00
3.418771007031344400e+00
3.425294114750767172e+00
3.431763436629220454e+00
3.438179039384828162e+00
3.444541003366567100e+00
3.450849421903059877e+00
3.457104400675184319e+00
3.463306057111903424e+00
3.469454519808685689e+00
3.475549927967833241e+00
3.481592430860166232e+00
3.487582187307314729e+00
3.493519365184089676e+00
3.499404140940213459e+00
3.505236699140858558e+00
3.511017232025318791e+00
3.516745939083257166e+00
3.522423026647902855e+00
3.528048707505627934e+00
3.533623200521334162e+00
3.539146730279081332e+00
3.544619526737434967e+00
3.550041824898968024e+00
3.555413864493450760e+00
3.560735889674160326e+00
3.566008148726902860e+00
3.571230893791191630e+00
3.576404380593199761e+00
3.581528868189979065e+00
3.586604618724567040e+00
3.591631897191525979e+00
3.596610971212537589e+00
3.601542110821663645e+00
3.606425588259870807e+00
3.611261677778506485e+00
3.616050655451316764e+00
3.620792798994732831e+00
3.625488387596044859e+00
3.630137701749196477e+00
3.634741023097860513e+00
3.639298634285545120e+00
3.643810818812412311e+00
3.648277860898571756e+00
3.652700045353574509e+00
3.657077657451865083e+00
3.661410982813956050e+00
3.665700307293075610e+00
3.669945916867106916e+00
3.674148097535562041e+00
3.678307135221427160e+00
3.682423315677647579e+00
3.686496924398095842e+00
3.690528246532821299e+00
3.694517566807419495e+00
3.698465169446346401e+00
3.702371338100024722e+00
3.706236355775588631e+00
3.710060504771111045e+00
3.713844066613184669e+00
3.717587321997710248e+00
3.721290550733771685e+00
3.724954031690459910e+00
3.728578042746543808e+00
3.732162860742850086e+00
3.735708761437267711e+00
3.739216019462245466e+00
3.742684908284701351e+00
3.746115700168233253e+00
3.749508666137541191e+00
3.752864075944979394e+00
3.756182198039128561e+00
3.759463299535354075e+00
3.762707646188174770e+00
3.765915502365472456e+00
3.769087131024472903e+00
3.772222793689287812e+00
3.775322750430088803e+00
3.778387259843815293e+00
3.781416579036314118e+00
3.784410963605897571e+00
3.787370667628244814e+00
3.790295943642583598e+00
3.793187042639110551e+00
3.796044214047606058e+00
3.798867705727175359e+00
3.801657763957078107e+00
3.804414633428623738e+00
3.807138557238047394e+00
3.809829776880356622e+00
3.812488532244104888e+00
3.815115061607050606e+00
3.817709601632652827e+00
3.820272387367394273e+00
3.822803652238878858e+00
3.825303628054677496e+00
3.827772545001891125e+00
3.830210631647402941e+00
3.832618114938784792e+00
3.834995220205856814e+00
3.837342171162816395e+00
3.839659189910978210e+00
3.841946496942058697e+00
3.844204311141995234e+00
3.846432849795280440e+00
3.848632328589781437e+00
3.850802961622032949e+00
3.852944961402974489e+00
3.855058538864124529e+00
3.857143903364164128e+00
3.859201262695917123e+00
3.861230823093705133e+00
3.863232789241070275e+00
3.865207364278840263e+00
3.867154749813527914e+00
3.869075145926047288e+00
3.870968751180731360e+00
3.872835762634645018e+00
3.874676375847172061e+00
3.876490784889866426e+00
3.878279182356559662e+00
3.880041759373709098e+00
3.881778705610977376e+00
3.883490209292031814e+00
3.885176457205552047e+00
3.886837634716441059e+00
3.888473925777224505e+00
3.890085512939628121e+00
3.891672577366332764e+00
3.893235298842885772e+00
3.894773855789771755e+00
3.896288425274629930e+00
3.897779183024601579e+00
3.899246303438815175e+00
3.900689959600992296e+00
3.902110323292164118e+00
3.903507565003498492e+00
3.904881853949222048e+00
3.906233358079642670e+00
3.907562244094245241e+00
3.908868677454876650e+00
3.910152822398991646e+00
3.911414841952972399e+00
3.912654897945493815e+00
3.913873151020947905e+00
3.915069760652904574e+00
3.916244885157612821e+00
3.917398681707526364e+00
3.918531306344854137e+00
3.919642913995124545e+00
3.920733658480755057e+00
3.921803692534625352e+00
3.922853167813642905e+00
3.923882234912290379e+00
3.924891043376155686e+00
3.925879741715430526e+00
3.926848477418374728e+00
3.927797396964730403e+00
3.928726645839089926e+00
3.929636368544200398e+00
3.930526708614199727e+00
3.931397808627775881e+00
3.932249810221243980e+00
3.933082854101531911e+00
3.933897080059057583e+00
3.934692626980506258e+00
3.935469632861485323e+00
3.936228234819051597e+00
3.936968569104107640e+00
3.937690771113654176e+00
3.938394975402890186e+00
3.939081315697155361e+00
3.939749924903700684e+00
3.940400935123289372e+00
3.941034477661608193e+00
3.941650683040490932e+00
3.942249681008935358e+00
3.942831600553924787e+00
3.943396569911022276e+00
3.943944716574752984e+00
3.944476167308750725e+00
3.944991048155676250e+00
3.945489484446889961e+00
3.945971600811881252e+00
3.946437521187442510e+00
3.946887368826588638e+00
3.947321266307215470e+00
3.947739335540490391e+00
3.948141697778975168e+00
3.948528473624479229e+00
3.948899783035633160e+00
3.949255745335192191e+00
3.949596479217054590e+00
3.949922102753008257e+00
3.950232733399194895e+00
3.950528488002290839e+00
3.950809482805420103e+00
3.951075833453782327e+00
3.951327655000007599e+00
3.951565061909239063e+00
3.951788168063950391e+00
3.951997086768486600e+00
3.952191930753355287e+00
3.952372812179247852e+00
3.952539842640818701e+00
3.952693133170210427e+00
3.952832794240336067e+00
3.952958935767931781e+00
3.953071667116371479e+00
3.953171097098266529e+00
3.953257333977842070e+00
3.953330485473112610e+00
3.953390658757850229e+00
3.953437960463360934e+00
3.953472496680077164e+00
3.953494372958970882e+00
3.953503694312797467e+00
3.953500565217179297e+00
3.953485089611533443e+00
3.953457370899857271e+00
3.953417511951375918e+00
3.953365615101062325e+00
3.953301782150033361e+00
3.953226114365839816e+00
3.953138712482645811e+00
3.953039676701317173e+00
3.952929106689416994e+00
3.952807101581123916e+00
3.952673759977071821e+00
3.952529179944129112e+00
3.952373459015115387e+00
3.952206694188467040e+00
3.952028981927855344e+00
3.951840418161769453e+00
3.951641098283061204e+00
3.951431117148470840e+00
3.951210569078121626e+00
3.950979547855008267e+00
3.950738146724473765e+00
3.950486458393674294e+00
3.950224575031054286e+00
3.949952588265820186e+00
3.949670589187423975e+00
3.949378668345060461e+00
3.949076915747184113e+00
3.948765420861046760e+00
3.948444272612253503e+00
3.948113559384356375e+00
3.947773369018470646e+00
3.947423788812933321e+00
3.947064905522986944e+00
3.946696805360516258e+00
3.946319573993816388e+00
3.945933296547405877e+00
3.945538057601889914e+00
3.945133941193866622e+00
3.944721030815884433e+00
3.944299409416446522e+00
3.943869159400073432e+00
3.943430362627409647e+00
3.942983100415392350e+00
3.942527453537469029e+00
3.942063502223873250e+00
3.941591326161956399e+00
3.941111004496572701e+00
3.940622615830525088e+00
3.940126238225068356e+00
3.939621949200463380e+00
3.939109825736597070e+00
3.938589944273653387e+00
3.938062380712846533e+00
3.937527210417204326e+00
3.936984508212418188e+00
3.936434348387737980e+00
3.935876804696933906e+00
3.935311950359305477e+00
3.934739858060750883e+00
3.934160599954889204e+00
3.933574247664235468e+00
3.932980872281430340e+00
3.932380544370520870e+00
3.931773333968295425e+00
3.931159310585667477e+00
3.930538543209108671e+00
3.929911100302135640e+00
3.929277049806838562e+00
3.928636459145462556e+00
3.927989395222034830e+00
3.927335924424035785e+00
3.926676112624114534e+00
3.926010025181851937e+00
3.925337726945557826e+00
3.924659282254122417e+00
3.923974754938896581e+00
3.923284208325619193e+00
3.922587705236378675e+00
3.921885307991617609e+00
3.921177078412166228e+00
3.920463077821317199e+00
3.919743367046932825e+00
3.919018006423588663e+00
3.918287055794743345e+00
3.917550574514945705e+00
3.916808621452068984e+00
3.916061254989577023e+00
3.915308533028814431e+00
3.914550512991330500e+00
3.913787251821222668e+00
3.913018805987511062e+00
3.912245231486532138e+00
3.911466583844360745e+00
3.910682918119253504e+00
3.909894288904108617e+00
3.909100750328954099e+00
3.908302356063448446e+00
3.907499159319408388e+00
3.906691212853342421e+00
3.905878568969016307e+00
3.905061279520019468e+00
3.904239395912360244e+00
3.903412969107064701e+00
3.902582049622795868e+00
3.901746687538483194e+00
3.900906932495962653e+00
3.900062833702632403e+00
3.899214439934113763e+00
3.898361799536922856e+00
3.897504960431156462e+00
3.896643970113177868e+00
3.895778875658316043e+00
3.894909723723570139e+00
3.894036560550317994e+00
3.893159431967032180e+00
3.892278383392001384e+00
3.891393459836053559e+00
3.890504705905283966e+00
