2.013111404120614178e+00 2.019962573624299207e+00 2.021382077044365566e+00 2.012744071687118552e+00 2.017328034575253781e+00
2.026742976946195096e+00 2.040627615958069185e+00 2.043510247892579290e+00 2.025934487254093419e+00 2.035333678117862810e+00
2.040869433159442359e+00 2.061956485399281114e+00 2.066347726175516542e+00 2.039548317548965262e+00 2.053984637848367711e+00
2.055467824594134907e+00 2.083913608274559071e+00 2.089860763066427207e+00 2.053564680426327893e+00 2.073251605114171614e+00
2.070517435290127661e+00 2.106466320047805318e+00 2.114018510843021836e+00 2.067964650094010093e+00 2.093108118842656573e+00
2.085999700595634998e+00 2.129584733807376562e+00 2.138792855559857209e+00 2.082731192647289564e+00 2.113530470938351780e+00
2.101898107369845725e+00 2.153241581246988279e+00 2.164158289944323688e+00 2.097849081360272372e+00 2.134497578920617311e+00
2.118198126836717599e+00 2.177412103972319990e+00 2.190091788267414241e+00 2.113304843898054841e+00 2.155990905183852835e+00
2.134887146390722190e+00 2.202073941430799930e+00 2.216572687971239741e+00 2.129086709272884459e+00 2.177994375904213520e+00
2.151954400487765984e+00 2.227207014289449560e+00 2.243582581393110509e+00 2.145184554819437928e+00 2.200494300199034026e+00
2.169390911436992919e+00 2.252793423054787691e+00 2.271105214749041590e+00 2.161589861685350833e+00 2.223479299269981446e+00
2.187189430545661839e+00 2.278817340200228525e+00 2.299126399679766841e+00 2.178295671269346645e+00 2.246940237965490361e+00
2.205344390759466755e+00 2.305264920597982492e+00 2.327633925027451589e+00 2.195296554472994544e+00 2.270870172538235199e+00
2.223851867962885365e+00 2.332124221031395273e+00 2.356617479901233825e+00 2.212588587998922218e+00 2.295264307051696928e+00
2.242709546839015911e+00 2.359385123672381734e+00 2.386068588621342190e+00 2.230169336842258154e+00 2.320119957786543896e+00
2.261916693899689079e+00 2.387039268155305205e+00 2.415980552077074961e+00 2.248037843927594981e+00 2.345436524878783402e+00
2.281474137167855076e+00 2.415079989150330952e+00 2.446348392372365677e+00 2.266194629535193350e+00 2.371215478005404886e+00
2.301384252305415323e+00 2.443502263212654402e+00 2.477168809967931207e+00 2.284641697989676423e+00 2.397460345484752509e+00
2.321650960043793344e+00 2.472302666445674202e+00 2.508440150384314560e+00 2.303382555848861202e+00 2.424176718341759518e+00
2.342279730261559667e+00 2.501479341786327915e+00 2.540162380743549164e+00 2.322422240653432279e+00 2.451372264434058756e+00
2.363277595444770451e+00 2.531031977977858727e+00 2.572337073652986028e+00 2.341767363229641852e+00 2.479056752475512493e+00
2.384653173466456444e+00 2.560961801196617760e+00 2.604967400868680283e+00 2.361426159119684787e+00 2.507242090764759013e+00
2.406416700715285018e+00 2.591271581704892579e+00 2.638058139060215357e+00 2.381408562360678438e+00 2.535942377950442861e+00
2.428580074760619656e+00 2.621965653661493256e+00 2.671615687979506326e+00 2.401726291057619811e+00 2.565173965453638072e+00
2.451156909361516867e+00 2.653049960380684524e+00 2.705648102381781328e+00 2.422392953721357323e+00 2.594955534748203618e+00
2.474162602349745832e+00 2.684532117735175749e+00 2.740165136833418558e+00 2.443424178383938994e+00 2.625308190191543378e+00
2.497614414951116579e+00 2.716421505265354419e+00 2.775178306076657275e+00 2.464837765242626322e+00 2.656255561686184485e+00
2.521531565242153050e+00 2.748729388601554913e+00 2.810700962820686932e+00 2.486653866811773472e+00 2.687823932646178804e+00
2.545935336010943573e+00 2.781469081072392324e+00 2.846748394809411220e+00 2.508895208150679679e+00 2.720042375888904740e+00
2.570849198556533377e+00 2.814656142577439457e+00 2.883337943185154018e+00 2.531587337807172933e+00 2.752942907628197933e+00
2.596298948725094036e+00 2.848308641237256023e+00 2.920489144554654803e+00 2.554758925669379899e+00 2.786560657635274829e+00
2.622312864892897721e+00 2.882447477181979689e+00 2.958223899620051611e+00 2.578442114582384370e+00 2.820934050165032847e+00
2.648921878598302637e+00 2.917096782289164913e+00 2.996566671665402914e+00 2.602672918516540257e+00 2.856105002930254155e+00
2.676159761912046964e+00 2.952284416743858664e+00 3.035544718593228275e+00 2.627491705045450932e+00 2.892119133413241894e+00
2.704063329910856073e+00 2.988042584477930586e+00 3.075188362622890637e+00 2.652943751468360478e+00 2.929025969179575917e+00
2.732672657183973453e+00 3.024408588641728901e+00 3.115531302217142251e+00 2.679079887442969543e+00 2.966879158334489119e+00
2.762031303828638595e+00 3.061425746032461426e+00 3.156610971538452048e+00 2.705957243640901844e+00 3.005736669174398745e+00
2.792186547492637505e+00 3.099144557028949531e+00 3.198468952300886237e+00 2.733640127526236530e+00 3.045660974193303172e+00
2.823189616276029934e+00 3.137624109383491788e+00 3.241151442933790872e+00 2.762200986790377399e+00 3.086719192492649366e+00
2.855095907485624362e+00 3.176933819460729058e+00 3.284709795351678618e+00 2.791721590154134347e+00 3.128983176855924864e+00
2.887965182861764291e+00 3.217155574958627362e+00 3.329201118955673611e+00 2.822294307885958364e+00 3.172529520230558120e+00
2.921861720782828353e+00 3.258386271787432786e+00 3.374688961002740850e+00 2.854023558239944247e+00 3.217439441901011499e+00
2.956854397613926544e+00 3.300741330974992671e+00 3.421244065286404901e+00 2.887027396202322294e+00 3.263798555523067968e+00
2.993016683302366143e+00 3.344358546770400675e+00 3.468945209856300504e+00 2.921439182459157013e+00 3.311696410603731433e+00
3.030426521477552093e+00 3.389402844196882647e+00 3.517880119845986808e+00 2.957409295055530407e+00 3.361225831902720618e+00
3.069165925454864663e+00 3.436072158134884980e+00 3.568146444237072945e+00 2.995106765271146720e+00 3.412481909554418991e+00
3.109320426126652048e+00 3.484604328877030088e+00 3.619852774367211090e+00 3.034720459541594195e+00 3.465560615968620528e+00
3.150978231723341683e+00 3.535284845532061127e+00 3.673119665922129684e+00 3.076459573936653591e+00 3.520557207441609382e+00
3.194228989240136762e+00 3.588454955971118743e+00 3.728080607356523579e+00 3.120552899808947345e+00 3.577564150348924610e+00
3.239162110710963383e+00 3.644519200289940919e+00 3.784882847648365356e+00 3.167246249432918770e+00 3.636668603891451745e+00
3.285864648687195189e+00 3.703949844193212382e+00 3.843687894690894336e+00 3.216796551305932450e+00 3.697949604737834850e+00
3.334418698093251532e+00 3.767283656716282181e+00 3.904671591340854953e+00 3.269462563202531147e+00 3.761475015777878017e+00
3.384898336474205571e+00 3.835105874600940989e+00 3.968023469244141843e+00 3.325491048093984769e+00 3.827298402411751344e+00
3.437366217858489392e+00 3.908010621123668482e+00 4.033945073467783971e+00 3.385097895211201191e+00 3.895456021496007892e+00
3.491869964158224704e+00 3.986534000573046743e+00 4.102646872651924070e+00 3.448446111798043390e+00 3.965964213020154450e+00
3.548438604127514662e+00 4.071060534890078131e+00 4.174343410691841783e+00 3.515623172132305463e+00 4.038817415345914874e+00
3.607079407615623179e+00 4.161724077333903260e+00 4.249246419030562549e+00 3.586622457651670093e+00 4.113987045632454986e+00
3.667775453227892335e+00 4.258343597940624115e+00 4.327555598487977662e+00 3.661333865057364800e+00 4.191421390509082023e+00
3.730484185515287709e+00 4.360432107685999092e+00 4.409447366859555295e+00 3.739547184125368684e+00 4.271046586092855257e+00
3.795137279111988615e+00 4.467284848127754948e+00 4.495062248039323194e+00 3.820969468353760057e+00 4.352768563430965187e+00
3.861641912961057077e+00 4.578109011582176535e+00 4.584491916069348250e+00 3.905250806110038386e+00 4.436475883761619166e+00
3.929883360564186301e+00 4.692141697215530982e+00 4.677768172792581503e+00 3.992014472400033931e+00 4.522043037495089735e+00
3.999728686220957563e+00 4.808722825804082390e+00 4.774855276923516634e+00 4.080884398510394639e+00 4.609334072124164017e+00
4.071031213624857870e+00 4.927320727396041988e+00 4.875647687662379326e+00 4.171505942641971387e+00 4.698206213043363277e+00
4.143635317189359846e+00 5.047525777457344986e+00 4.979973946188532175e+00 4.263558792157382982e+00 4.788513256097133741e+00
4.217381150983496418e+00 5.169029434024571046e+00 5.087606492627358534e+00 4.356762665692665237e+00 4.880108601333533080e+00
4.292108956827346056e+00 5.291600550737493691e+00 5.198275805889389645e+00 4.450877784493568967e+00 4.972847840138417297e+00
4.367662734701536209e+00 5.415064404935774789e+00 5.311686659036042535e+00 4.545702084506019425e+00 5.066590869981902223e+00
4.443893129591654834e+00 5.539286437777850125e+00 5.427534084488438992e+00 4.641066839366532193e+00 5.161203537326656487e+00
4.520659523082786180e+00 5.664160409437113408e+00 5.545517173060223293e+00 4.736831797719489145e+00 5.256558835322363343e+00
4.597831380053323258e+00 5.789600085338808988e+00 5.665349600590873003e+00 4.832880495310499569e+00 5.352537692325227248e+00
4.675288953161388150e+00 5.915533519897675063e+00 5.786766617422427039e+00 4.929116056982246086e+00 5.449029406098079065e+00
4.752923472016488127e+00 6.041899155303437574e+00 5.909528806190147421e+00 5.025457607406842442e+00 5.545931773497654760e+00
4.830636943881491341e+00 6.168643163100290927e+00 6.033423283554445682e+00 5.121837287706514807e+00 5.643150984518849889e+00
4.908341682299528053e+00 6.295717609903814349e+00 6.158263080145123247e+00 5.218197820871329107e+00 5.740601336894650686e+00
4.985959661033845691e+00 6.423079194855819019e+00 6.283885382475785875e+00 5.314490553338713674e+00 5.838204827204489966e+00
5.063421771652758530e+00 6.550688375256868312e+00 6.410149174350638468e+00 5.410673879891651161e+00 5.935890665079182504e+00
5.140667044376457717e+00 6.678508720595293546e+00 6.536932674354029693e+00 5.506711967210742742e+00 6.033594747096116429e+00
5.217641868789600679e+00 6.806506458721230501e+00 6.664130775836947684e+00 5.602573786207251771e+00 6.131259120832628362e+00
5.294299244446279751e+00 6.934650134236046704e+00 6.791652683017858294e+00 5.698232311771314507e+00 6.228831455068701395e+00
5.370598080247439121e+00 7.062910347030195268e+00 6.919419804067441504e+00 5.793663872880037147e+00 6.326264533215216090e+00
5.446502550576428625e+00 7.191259550685640711e+00 7.047363895476974172e+00 5.888847642845551178e+00 6.423515778280197708e+00
5.521981506870964118e+00 7.319671889478161830e+00 7.175425476434804217e+00 5.983765226917857838e+00 6.520546813861219704e+00
5.597007951390330582e+00 7.448123064321420017e+00 7.303552490113714768e+00 6.078400328782357143e+00 6.617323060766219456e+00
5.671558565577752731e+00 7.576590219930126935e+00 7.431699173350958532e+00 6.172738473341329524e+00 6.713813369586914881e+00
5.745613292195368871e+00 7.705051847606653403e+00 7.559825118115328202e+00 6.266766779955543321e+00 6.809989689657212075e+00
5.819154964645258055e+00 7.833487698858699666e+00 7.687894484954794549e+00 6.360473776643061683e+00 6.905826771441160083e+00
5.892168980117572730e+00 7.961878708388286263e+00 7.815875352524634501e+00 6.453849241219521637e+00 7.001301898340600793e+00
5.964643011336585587e+00 8.090206925847050812e+00 7.943739174381783563e+00 6.546884068215270247e+00 7.096394646580831633e+00
6.036566752189921559e+00 8.218455452526052696e+00 8.071460326209805913e+00 6.639570156343341800e+00 7.191086670643858980e+00
6.107931694051357496e+00 8.346608381951616806e+00 8.199015732155283231e+00 6.731900310479331573e+00 7.285361510964460052e+00
6.178730929355054968e+00 8.474650745443181421e+00 8.326384542470281147e+00 6.823868157766573184e+00 7.379204420993664471e+00
6.248958976165762458e+00 8.602568461425098789e+00 8.453547862884363440e+00 6.915468074710522828e+00 7.472602213291954953e+00
6.318611620671107154e+00 8.730348287871688484e+00 8.580488536208020989e+00 7.006695121581561381e+00 7.565543121078180278e+00
6.387685782987495564e+00 8.857977777775319694e+00 8.707190955673667077e+00 7.097544982839568029e+00 7.658016673117861828e+00
6.456179399131428909e+00 8.985445236555849036e+00 8.833640898789145268e+00 7.188013918111149536e+00 7.750013583155376473e+00
6.524091313425694594e+00 9.112739680594186709e+00 8.959825383709826951e+00 7.278098717621432456e+00 7.841525647662998644e+00
6.591421180905590482e+00 9.239850801490181453e+00 9.085732549032250915e+00 7.367796660410489196e+00 7.932545652881613840e+00
6.658169381367763151e+00 9.366768930257588721e+00 9.211351550766897489e+00 7.457105475957174434e+00 8.023067293146498358e+00
6.724336943755350404e+00 9.493485002970922793e+00 9.336672473308217590e+00 7.546023309702118098e+00 8.113085097024816505e+00
6.789925478611461784e+00 9.619990530048479371e+00 9.461686245806767204e+00 7.634548692123822811e+00 8.202594360607315949e+00
6.854937117086372211e+00 9.746277565140166743e+00 9.586384576847493122e+00 7.722680510366694229e+00 8.291591084647114585e+00
6.919374456823556230e+00 9.872338676189949425e+00 9.710759872790807989e+00 7.810417982137218829e+00 8.380071918258016339e+00
6.983240511833550990e+00 9.998166918115694912e+00 9.834805201961760446e+00 7.897760633011769116e+00 8.468034106155727159e+00
7.046538669305498104e+00 1.012375580721135293e+01 9.958514243191324056e+00 7.984708269712337270e+00 8.555475442329226965e+00
7.109272638295216495e+00 1.024909929723226831e+01 1.008188123050885920e+01 8.071260965308040269e+00 8.642394227062030865e+00
7.171446432697848650e+00 1.037419175585801234e+01 1.020490092643141011e+01 8.157419030798061854e+00 8.728789227619127900e+00
7.233064319275705145e+00 1.049902794253745064e+01 1.032756857572184295e+01 8.243183006527269541e+00 8.814659644523034743e+00
7.294130803402308239e+00 1.062360298862317265e+01 1.044987987158504517e+01 8.328553641710390920e+00 8.900005070352042580e+00
7.354650598452454169e+00 1.074791237731736970e+01 1.057183092440321026e+01 8.413531877787928437e+00 8.984825472417815817e+00
7.414628595307159564e+00 1.087195192243351904e+01 1.069341823714168349e+01 8.498118840117417250e+00 9.069121139577429602e+00
7.474069845630742392e+00 1.099571775489275538e+01 1.081463867651102184e+01 8.582315816512194218e+00 9.152892687569702090e+00
7.532979540221312220e+00 1.111920629707899977e+01 1.093548944966213909e+01 8.666124250846944932e+00 9.236141004194093895e+00
7.591362985431893584e+00 1.124241426228072704e+01 1.105596808455776348e+01 8.749545727119075522e+00 9.318867255483979761e+00
7.649225594160920849e+00 1.136533861997461869e+01 1.117607240737002883e+01 8.832581959869537869e+00 9.401072845146767776e+00
7.706572866359031160e+00 1.148797660354961714e+01 1.129580052215703745e+01 8.915234785851911425e+00 9.482759404900507505e+00
7.763410374520069546e+00 1.161032567589162134e+01 1.141515079561457924e+01 8.997506149599548309e+00 9.563928774707747493e+00
7.819743754862055418e+00 1.173238353428864578e+01 1.153412183965948401e+01 9.079398101134334098e+00 9.644582979708831161e+00
7.875578691790577679e+00 1.185414808353671390e+01 1.165271249459631875e+01 9.160912781744102062e+00 9.724724225511328868e+00
7.930920908864763419e+00 1.197561743600301476e+01 1.177092181724061248e+01 9.242052420386784206e+00 9.804354871620297729e+00
7.985776159986960110e+00 1.209678988990216197e+01 1.188874906645264673e+01 9.322819324105887873e+00 9.883477430241468298e+00
8.040150218153055306e+00 1.221766392827977654e+01 1.200619369119953816e+01 9.403215871253246760e+00 9.962094543886186315e+00
8.094048869820321457e+00 1.233823819956119117e+01 1.212325531763009145e+01 9.483244506794767048e+00 1.004020898143548202e+01
8.147477907258933172e+00 1.245851151936047074e+01 1.223993373717553013e+01 9.562907733419404366e+00 1.011782362346177422e+01
8.200443120208365855e+00 1.257848284963164431e+01 1.235622890054624357e+01 9.642208109225880008e+00 1.019494145238206428e+01
8.252950292226328699e+00 1.269815130332985476e+01 1.247214089529022019e+01 9.721148239845200933e+00 1.027156554611016404e+01
8.305005194093373788e+00 1.281751612394655204e+01 1.258766996061799226e+01 9.799730775144288586e+00 1.034769906392459937e+01
8.356613577996791165e+00 1.293657668864602428e+01 1.270281644690561151e+01 9.877958404579539220e+00 1.042334524474040691e+01
8.407781174823787396e+00 1.305533249192438028e+01 1.281758084296460609e+01 9.955833851538473667e+00 1.049850739348996953e+01
8.458513690031388421e+00 1.317378314599370803e+01 1.293196373620803286e+01 1.003335987155427311e+01 1.057318887934760809e+01
8.508816797549124900e+00 1.329192836765041363e+01 1.304596583038531321e+01 1.011053924639136525e+01 1.064739312530189075e+01
8.558696137961042893e+00 1.340976797996862224e+01 1.315958792284308920e+01 1.018737478232401017e+01 1.072112360438928036e+01
8.608157318366973954e+00 1.352730189789725657e+01 1.327283090607204308e+01 1.026386930585925228e+01 1.079438383361890530e+01
8.657205898508205877e+00 1.364453013144442117e+01 1.338569575914370979e+01 1.034002566091154307e+01 1.086717736718091309e+01
8.705847409191695974e+00 1.376145277242111042e+01 1.349818354037529566e+01 1.041584670666144596e+01 1.093950779434404197e+01
8.754087324389399072e+00 1.387806999716972101e+01 1.361029538599700395e+01 1.049133531362318728e+01 1.101137873137191647e+01
8.801931081809028612e+00 1.399438205487295583e+01 1.372203249879573939e+01 1.056649436272743969e+01 1.108279382074215214e+01
8.849384069485401128e+00 1.411038926946875449e+01 1.383339615286098478e+01 1.064132674176634552e+01 1.115375672409740915e+01
8.896451625244875316e+00 1.422609202964935271e+01 1.394438767751867658e+01 1.071583534407407257e+01 1.122427112092413282e+01
8.943139041504151621e+00 1.434149079035942798e+01 1.405500846632091516e+01 1.079002306639562114e+01 1.129434070357276987e+01
8.989451555193891608e+00 1.445658606374372113e+01 1.416525996051571568e+01 1.086389280657296652e+01 1.136396917458723266e+01
9.035394355270724986e+00 1.457137842076612166e+01 1.427514365521020601e+01 1.093744746275608826e+01 1.143316024432038347e+01
9.080972574488813009e+00 1.468586848279605483e+01 1.438466108914174590e+01 1.101068993082427028e+01 1.150191762650222316e+01
9.126191294179884395e+00 1.480005692335720191e+01 1.449381384499151260e+01 1.108362310380615234e+01 1.157024503785164704e+01
9.171055540850442611e+00 1.491394446039629962e+01 1.460260354489732215e+01 1.115624987041480409e+01 1.163814619351471613e+01
9.215570285427887143e+00 1.502753185790774815e+01 1.471103184685081366e+01 1.122857311321632423e+01 1.170562480672463934e+01
9.259740446419364446e+00 1.514081991905442059e+01 1.481910044430149576e+01 1.130059570688680814e+01 1.177268458523183270e+01
9.303570883868330199e+00 1.525380948745503318e+01 1.492681105963514376e+01 1.137232052089340684e+01 1.183932923044500818e+01
9.347066406138226924e+00 1.536650144126468476e+01 1.503416544691184065e+01 1.144375041145147520e+01 1.190556243597356101e+01
9.390231763314996982e+00 1.547889669398833234e+01 1.514116538364379494e+01 1.151488822705397652e+01 1.197138788443426982e+01
9.433071651555092529e+00 1.559099618957390554e+01 1.524781267466592283e+01 1.158573680666194505e+01 1.203680924557310661e+01
9.475590711721119774e+00 1.570280090273515583e+01 1.535410914437382779e+01 1.165629897351277222e+01 1.210183018051121273e+01
9.517793528610834386e+00 1.581431183493266168e+01 1.546005663955966192e+01 1.172657754390519536e+01 1.216645432963376550e+01
9.559684633103652018e+00 1.592553001432255044e+01 1.556565702399741546e+01 1.179657531740383547e+01 1.223068532042815804e+01
9.601268499819081370e+00 1.603645649248612060e+01 1.567091217884703092e+01 1.186629508090033092e+01 1.229452676730626415e+01
9.642549550156957139e+00 1.614709234406575789e+01 1.577582400026758513e+01 1.193573960924637944e+01 1.235798225989693577e+01
9.683532149928511856e+00 1.625743866414287453e+01 1.588039439741139525e+01 1.200491166044955094e+01 1.242105537542485649e+01
9.724220611535880465e+00 1.636749656762051686e+01 1.598462529239496632e+01 1.207381397898476649e+01 1.248374966991069890e+01
9.764619193904554351e+00 1.647726718714242722e+01 1.608851861679185546e+01 1.214244929372474147e+01 1.254606867709817486e+01
9.804732102090232715e+00 1.658675167229692349e+01 1.619207631301180328e+01 1.221082031706083981e+01 1.260801591445411951e+01
9.844563489228265851e+00 1.669595118797229816e+01 1.629530033015123180e+01 1.227892974688952066e+01 1.266959487413788921e+01
9.884117455211580250e+00 1.680486691344764694e+01 1.639819262593570315e+01 1.234678026310407972e+01 1.273080902752545462e+01
9.923398048788127923e+00 1.691350004110182326e+01 1.650075516267619236e+01 1.241437452972766664e+01 1.279166182464114421e+01
9.962409266838568200e+00 1.702185177543453065e+01 1.660298990865136304e+01 1.248171519462531620e+01 1.285215669030350938e+01
1.000115505550222217e+01 1.712992333206750928e+01 1.670489883538710174e+01 1.254880488727808086e+01 1.291229702735384066e+01
1.003963931068772197e+01 1.723771593718764805e+01 1.680648391801812380e+01 1.261564622151550097e+01 1.297208621438924681e+01
1.007786587817022905e+01 1.734523082616363254e+01 1.690774713400242035e+01 1.268224179300117171e+01 1.303152760446096181e+01
1.011583855480322747e+01 1.745246924159821944e+01 1.700869046179958843e+01 1.274859417995343769e+01 1.309062452906702489e+01
1.015356108833312376e+01 1.755943243541034704e+01 1.710931588127288805e+01 1.281470594393624296e+01 1.314938029216296478e+01
1.019103717863057490e+01 1.766612166597343858e+01 1.720962537216022881e+01 1.288057962798220757e+01 1.320779817355612273e+01
1.022827047780331355e+01 1.777253819512649358e+01 1.730962091372936840e+01 1.294621775802271912e+01 1.326588142936873993e+01
1.026526459095449439e+01 1.787868329319042715e+01 1.740930448395421948e+01 1.301162284231779509e+01 1.332363328852072115e+01
1.030202307684774432e+01 1.798455823601082670e+01 1.750867805904490027e+01 1.307679737095629946e+01 1.338105695564742526e+01
1.033854944824306443e+01 1.809016429960533046e+01 1.760774361282098965e+01 1.314174381704640204e+01 1.343815561002879377e+01
1.037484717276774049e+01 1.819550276657751908e+01 1.770650311641258057e+01 1.320646463525667613e+01 1.349493240448845022e+01
1.041091967325328227e+01 1.830057492407233966e+01 1.780495853757820868e+01 1.327096226278769997e+01 1.355139046738761088e+01
1.044677032848933784e+01 1.840538205842261377e+01 1.790311184051077120e+01 1.333523911946976881e+01 1.360753290052259068e+01
1.048240247373490064e+01 1.850992546003212524e+01 1.800096498527681632e+01 1.339929760693147642e+01 1.366336278011206673e+01
1.051781940131187909e+01 1.861420642220155841e+01 1.809851992742182603e+01 1.346314010968085206e+01 1.371888315744639186e+01
1.055302436121048970e+01 1.871822623734463775e+01 1.819577861761609228e+01 1.352676899447404502e+01 1.377409705718405064e+01
1.058802056165210459e+01 1.882198619960342967e+01 1.829274300133372932e+01 1.359018661047493204e+01 1.382900747888215598e+01
1.062281116966341799e+01 1.892548760409517428e+01 1.838941501855590133e+01 1.365339528980690176e+01 1.388361739675015727e+01
1.065739931168956822e+01 1.902873174481822716e+01 1.848579660348231357e+01 1.371639734688331913e+01 1.393792975883686935e+01
1.069178807411301868e+01 1.913171991613920042e+01 1.858188968425363186e+01 1.377919507906280927e+01 1.399194748855360615e+01
1.072598050386762658e+01 1.923445341334695158e+01 1.867769618269292664e+01 1.384179076660725194e+01 1.404567348353495682e+01
1.075997960896200922e+01 1.933693352869085302e+01 1.877321801407778779e+01 1.390418667251325680e+01 1.409911061613484051e+01
1.079378835897005473e+01 1.943916155406673951e+01 1.886845708692889190e+01 1.396638504311601636e+01 1.415226173413777211e+01
1.082740968585715713e+01 1.954113878122823778e+01 1.896341530280984955e+01 1.402838810766371935e+01 1.420512965978306319e+01
1.086084648439216060e+01 1.964286649858297551e+01 1.905809455614412684e+01 1.409019807873595731e+01 1.425771719069491006e+01
1.089410161228044771e+01 1.974434599323837958e+01 1.915249673404537134e+01 1.415181715243001115e+01 1.431002709994120536e+01
1.092717789147040541e+01 1.984557855161175866e+01 1.924662371615895395e+01 1.421324750815193561e+01 1.436206213567595924e+01
1.096007810843417118e+01 1.994656545620691901e+01 1.934047737452110383e+01 1.427449130907493391e+01 1.441382502194498372e+01
1.099280501440233770e+01 2.004730798754894749e+01 1.943405957342725188e+01 1.433555070209005500e+01 1.446531845838793906e+01
1.102536132517580825e+01 2.014780742442294681e+01 1.952737216931140196e+01 1.439642781790438519e+01 1.451654512043511502e+01
1.105774972378374876e+01 2.024806504175051458e+01 1.962041701063838062e+01 1.445712477136121521e+01 1.456750765988683405e+01
1.108997285942425570e+01 2.034808211173508496e+01 1.971319593780736312e+01 1.451764366132310080e+01 1.461820870446334730e+01
1.112203334759266937e+01 2.044785990436115242e+01 1.980571078305808541e+01 1.457798657097603012e+01 1.466865085840310101e+01
1.115393377147669440e+01 2.054739968535739791e+01 1.989796337039069485e+01 1.463815556794267181e+01 1.471883670265261301e+01
1.118567668271121107e+01 2.064670271727044337e+01 1.998995551549526439e+01 1.469815270432222043e+01 1.476876879472017201e+01
1.121726460117873359e+01 2.074577025995703394e+01 2.008168902568810310e+01 1.475798001701129358e+01 1.481844966921360651e+01
1.124870001470198133e+01 2.084460356876813591e+01 2.017316569985423058e+01 1.481763952762392478e+01 1.486788183784814876e+01
1.127998538167232034e+01 2.094320389548236250e+01 2.026438732839802981e+01 1.487713324271104653e+01 1.491706778958908508e+01
1.131112313004172343e+01 2.104157248888909848e+01 2.035535569320168747e+01 1.493646315388515333e+01 1.496600999106060570e+01
1.134211565785996889e+01 2.113971059304535416e+01 2.044607256758699876e+01 1.499563123837994283e+01 1.501471088646796481e+01
1.137296533385644359e+01 2.123761944816279268e+01 2.053653971628024166e+01 1.505463945834729778e+01 1.506317289798000125e+01
1.140367449850807624e+01 2.133530029099626191e+01 2.062675889539439922e+01 1.511348976156033785e+01 1.511139842595660454e+01
1.143424546392882135e+01 2.143275435365225690e+01 2.071673185240956983e+01 1.517218408142880293e+01 1.515938984888118313e+01
1.146468051295827095e+01 2.152998286406025130e+01 2.080646032615362273e+01 1.523072433747116428e+01 1.520714952372909679e+01
1.149498190236062278e+01 2.162698704635555913e+01 2.089594604679081158e+01 1.528911243474458281e+01 1.525467978620317666e+01
1.152515186160752769e+01 2.172376812005728652e+01 2.098519073581714878e+01 1.534735026449123296e+01 1.530198295117049057e+01
1.155519259329950366e+01 2.182032730026948286e+01 2.107419610605903770e+01 1.540543970417110309e+01 1.534906131209828573e+01
1.158510627332683462e+01 2.191666579802859260e+01 2.116296386167452681e+01 1.546338261779935586e+01 1.539591714183865889e+01
1.161489505259617872e+01 2.201278481975903745e+01 2.125149569815774697e+01 1.552118085563640015e+01 1.544255269274108322e+01
1.164456105640702610e+01 2.210868556729911916e+01 2.133979330234755167e+01 1.557883625466228494e+01 1.548897019731009728e+01
1.167410638418951763e+01 2.220436923824048492e+01 2.142785835243946835e+01 1.563635063862636798e+01 1.553517186724698540e+01
1.170353311125708551e+01 2.229983702554218539e+01 2.151569251800029292e+01 1.569372581816294243e+01 1.558115989452782379e+01
1.173284328888584760e+01 2.239509011745404266e+01 2.160329745998513573e+01 1.575096359099239329e+01 1.562693645138640264e+01
1.176203894425088770e+01 2.249012969784628524e+01 2.169067483075736646e+01 1.580806574201327841e+01 1.567250369078060146e+01
1.179112208031195586e+01 2.258495694594626713e+01 2.177782627411095362e+01 1.586503404344454715e+01 1.571786374600253389e+01
1.182009467777864664e+01 2.267957303619171228e+01 2.186475342529503507e+01 1.592187025494331287e+01 1.576301873130989506e+01
1.184895869433995408e+01 2.277397913854229827e+01 2.195145791104153332e+01 1.597857612380980719e+01 1.580797074201369590e+01
1.187771606472275110e+01 2.286817641831302694e+01 2.203794134959509421e+01 1.603515338507313004e+01 1.585272185450626914e+01
1.190636870156954785e+01 2.296216603598524841e+01 2.212420535074531358e+01 1.609160376151649530e+01 1.589727412679260254e+01
1.193491849627416812e+01 2.305594914759905478e+01 2.221025151582899326e+01 1.614792896367888630e+01 1.594162959844864424e+01
1.196336731864009906e+01 2.314952690454770590e+01 2.229608143780916762e+01 1.620413069057035216e+01 1.598579029087374259e+01
1.199171701649362731e+01 2.324290045322011622e+01 2.238169670128080924e+01 1.626021062930699657e+01 1.602975820714766186e+01
1.201996941790007156e+01 2.333607093533335686e+01 2.246709888253140974e+01 1.631617045534336086e+01 1.607353533283657399e+01
1.204812633022118362e+01 2.342903948780180556e+01 2.255228954955982346e+01 1.637201183259535142e+01 1.611712363582682173e+01
1.207618954038916037e+01 2.352180724387602950e+01 2.263727026212203342e+01 1.642773641367541870e+01 1.616052506654408205e+01
1.210416081518631159e+01 2.361437533088849605e+01 2.272204257176276343e+01 1.648334583992726721e+01 1.620374155785411574e+01
1.213204190257689774e+01 2.370674487159507393e+01 2.280660802186442027e+01 1.653884174144049624e+01 1.624677502575309518e+01
1.215983453112024826e+01 2.379891698401961264e+01 2.289096814768295474e+01 1.659422573722241623e+01 1.628962736935612199e+01
1.218754040973814234e+01 2.389089278176870224e+01 2.297512447639922684e+01 1.664949943559709311e+01 1.633230047101330129e+01
1.221516122935802429e+01 2.398267337512441699e+01 2.305907852715779072e+01 1.670466443404435353e+01 1.637479619628669170e+01
1.224269866255431793e+01 2.407425986746954649e+01 2.314283181111226284e+01 1.675972231931424261e+01 1.641711639447654036e+01
1.227015436365123691e+01 2.416565335827395344e+01 2.322638583146936853e+01 1.681467466762106966e+01 1.645926289877667159e+01
1.229752996865836323e+01 2.425685494227477079e+01 2.330974208353463339e+01 1.686952304486986876e+01 1.650123752630168639e+01
