2.803057799483881496e+01 2.805423829810848702e+01 2.803789641610715577e+01 2.801979353291654107e+01 2.801256357219022064e+01
2.796614118243508429e+01 2.801416533087455463e+01 2.798221930426463544e+01 2.794631251001947447e+01 2.793046132562373174e+01
2.790665213394101229e+01 2.797970750778287652e+01 2.793291207739567383e+01 2.787949212586425674e+01 2.785365195460616050e+01
2.785207658604189618e+01 2.795079354877624667e+01 2.788991954519527638e+01 2.781927000603451106e+01 2.778210101046996883e+01
2.780238311205048163e+01 2.792735432848420984e+01 2.785318778104036497e+01 2.776558610027229435e+01 2.771577874202978009e+01
2.775754264707128272e+01 2.790932278587532878e+01 2.782266418107912287e+01 2.771838247256809140e+01 2.765465878239260533e+01
2.771752815925526292e+01 2.789663378279524508e+01 2.779829744640217015e+01 2.767760313334221323e+01 2.759871726415113002e+01
2.768231438037756931e+01 2.788922401005882534e+01 2.778003745067726982e+01 2.764319388342372008e+01 2.754793220508175011e+01
2.765187757456369511e+01 2.788703188772409192e+01 2.776783517317636552e+01 2.761510218335854461e+01 2.750228309986308517e+01
2.762619536063116144e+01 2.788999749579411613e+01 2.776164266803366942e+01 2.759327705683385190e+01 2.746175059653739225e+01
2.760524652811423607e+01 2.789806248392186916e+01 2.776141302423870272e+01 2.757766893807639619e+01 2.742631624124232204e+01
2.758901088488151032e+01 2.791116998121812287e+01 2.776710031503021625e+01 2.756822953583290570e+01 2.739596235515581313e+01
2.757746915684637656e+01 2.792926451922435405e+01 2.777865955725169300e+01 2.756491173275962225e+01 2.737067187610708885e+01
2.757060289457557900e+01 2.795229196349110268e+01 2.779604664940070080e+01 2.756766949742503670e+01 2.735042822652795635e+01
2.756839437045329433e+01 2.798019944596820352e+01 2.781921833493482765e+01 2.757645779954934184e+01 2.733521522237546719e+01
2.757082649382549988e+01 2.801293527699253616e+01 2.784813216022045523e+01 2.759123251461878112e+01 2.732501701717518827e+01
2.757788272727038859e+01 2.805044894059440352e+01 2.788274643053287605e+01 2.761195032964398166e+01 2.731981803234322115e+01
2.758954700699974083e+01 2.809269094651332566e+01 2.792302016345663773e+01 2.763856864788333922e+01 2.731960290242334111e+01
2.760580370819709017e+01 2.813961290052709785e+01 2.796891304491440877e+01 2.767104550234448368e+01 2.732435641417751171e+01
2.762663754784090386e+01 2.819116729293149959e+01 2.802038536536695901e+01 2.770933946891154065e+01 2.733406346250910346e+01
2.765203355708051092e+01 2.824730752610939533e+01 2.807739800218461923e+01 2.775340957866193747e+01 2.734870902628097156e+01
2.768197700051277721e+01 2.830798781378061335e+01 2.813991229910276815e+01 2.780321522719205873e+01 2.736827812795591441e+01
2.771645331863615169e+01 2.837316313389059630e+01 2.820789014922881677e+01 2.785871607923787963e+01 2.739275578538025258e+01
2.775544806129726538e+01 2.844278915972717670e+01 2.828129371447298368e+01 2.791987196878985600e+01 2.742212697091654761e+01
2.779894681741288309e+01 2.851682222146924772e+01 2.836008557742330183e+01 2.798664279295696034e+01 2.745637657678383192e+01
2.784693514982246043e+01 2.859521921564536129e+01 2.844422843571325288e+01 2.805898839937379918e+01 2.749548937151143591e+01
2.789939851964207307e+01 2.867793755608011708e+01 2.853368517524929260e+01 2.813686846486150372e+01 2.753944995895965064e+01
2.795632220844072435e+01 2.876493506051148330e+01 2.862841865223736093e+01 2.822024236219907678e+01 2.758824273266895943e+01
2.801769123705229703e+01 2.885616990356881217e+01 2.872839163518096228e+01 2.830906901281277399e+01 2.764185182752937919e+01
2.808349026067928023e+01 2.895160049614448283e+01 2.883356663942463882e+01 2.840330672281119462e+01 2.770026106323532034e+01
2.815370345429117549e+01 2.905118539616514539e+01 2.894390573385339849e+01 2.850291299824440117e+01 2.776345388101715272e+01
2.822831441703156941e+01 2.915488321186461818e+01 2.905937043017905097e+01 2.860784434074162874e+01 2.783141327507857099e+01
2.830730601769031196e+01 2.926265244138088306e+01 2.917992127619199749e+01 2.871805600872013287e+01 2.790412171261404239e+01
2.839066024913572761e+01 2.937445138310272341e+01 2.930551785535847742e+01 2.883350174825400103e+01 2.798156104763411633e+01
2.847835809156005737e+01 2.949023793535662818e+01 2.943611813172969960e+01 2.895413348230907857e+01 2.806371242023514512e+01
2.857037929277893440e+01 2.960996941609217714e+01 2.957167845000252626e+01 2.907990095110519491e+01 2.815055613989865435e+01
2.866670215768569108e+01 2.973360240020370426e+01 2.971215272995513601e+01 2.921075129407333648e+01 2.824207155170231331e+01
2.876730335567182806e+01 2.986109237087005397e+01 2.985749230734748139e+01 2.934662856060419145e+01 2.833823688311199618e+01
2.887215758190804848e+01 2.999239356716161709e+01 3.000764505505278024e+01 2.948747313838935824e+01 2.843902906064923641e+01
2.898123727207659428e+01 3.012745853157426978e+01 3.016255482828894685e+01 2.963322108642040220e+01 2.854442350198882039e+01
2.909451229222789337e+01 3.026623774798111199e+01 3.032216072653332972e+01 2.978380333110015599e+01 2.865439387027646845e+01
2.921194944553777972e+01 3.040867928379094209e+01 3.048639565878713853e+01 2.993914472911499658e+01 2.876891178342334499e+01
2.933351204689516578e+01 3.055472799391579741e+01 3.065518613934894887e+01 3.009916295108322615e+01 2.888794647704678908e+01
2.945915942314775648e+01 3.070432519696652562e+01 3.082844960294960046e+01 3.026376715319361566e+01 2.901146440210105482e+01
2.958884616026919900e+01 3.085740759402663969e+01 3.100609462918673742e+01 3.043285640293382599e+01 2.913942873928879251e+01
2.972252145596632644e+01 3.101390641982645135e+01 3.118801735775562634e+01 3.060631778535492487e+01 2.927179883050467879e+01
2.986012828421950971e+01 3.117374658815924704e+01 3.137410009463528837e+01 3.078402419094577880e+01 2.940852949448274600e+01
3.000160221179876174e+01 3.133684471503513436e+01 3.156420871050339727e+01 3.096583163681061990e+01 2.954957019478264613e+01
3.014687037732180386e+01 3.150310836198551101e+01 3.175818986548767953e+01 3.115157609553128992e+01 2.969486407300705721e+01
3.029585016348062965e+01 3.167243327930434305e+01 3.195586764035546778e+01 3.134106976558274127e+01 2.984434674123785314e+01
3.044844718557027008e+01 3.184470214939194577e+01 3.215703960574845865e+01 3.153409676706704445e+01 2.999794488608799981e+01
3.063385335204119997e+01 3.205022035422573623e+01 3.239166689759811391e+01 3.176051219747470000e+01 3.018323878097756108e+01
3.088090338358420084e+01 3.231874228920587200e+01 3.268901773342839334e+01 3.204942549671078922e+01 3.042751509574652502e+01
3.118889034622793943e+01 3.264926255086403728e+01 3.304769826720821868e+01 3.239933590626068138e+01 3.073020081678651039e+01
3.155699975819516112e+01 3.304067960606710841e+01 3.346611369573797390e+01 3.280851860520225216e+01 3.109063788184712962e+01
3.198428645783547708e+01 3.349175639833967466e+01 3.394242356633529312e+01 3.327497707623921741e+01 3.150806434503085640e+01
3.246964556761638221e+01 3.400107484586931861e+01 3.447449116569997329e+01 3.379638981260017516e+01 3.198158913727207064e+01
3.301177772992933512e+01 3.456698561545174186e+01 3.505983005597694557e+01 3.437005306241699287e+01 3.251016120358217165e+01
3.360914695257775975e+01 3.518754602933567099e+01 3.569554251811936751e+01 3.499282189067145765e+01 3.309253062141697654e+01
3.425992853568646979e+01 3.586044738010820510e+01 3.637825365521878496e+01 3.566105629687150724e+01 3.372719983860067572e+01
3.496194543381206898e+01 3.658293178281088132e+01 3.710404578908050155e+01 3.637055952197018627e+01 3.441236288862930337e+01
3.571259124431460918e+01 3.735169323805843078e+01 3.786839110992667656e+01 3.711653793299839776e+01 3.514583013847776982e+01
3.650873723895419687e+01 3.816276487571784770e+01 3.866608912044313229e+01 3.789357582203734864e+01 3.592493621690046979e+01
3.734662244272586662e+01 3.901139493937105129e+01 3.949121454965724354e+01 3.869563016470341665e+01 3.674642930896842330e+01
3.822172756269624472e+01 3.989191557297824176e+01 4.033709004641161044e+01 3.951606237819684964e+01 3.760634137961370271e+01
3.912863550958572745e+01 4.079761463513217024e+01 4.119628767608237752e+01 4.034770838335016663e+01 3.849984174874641241e+01
4.006088695671375888e+01 4.172062703753046264e+01 4.206067455311307413e+01 4.118299318738011294e+01 3.942108118108421877e+01
4.101084774350803031e+01 4.265186972064979187e+01 4.292151790735394457e+01 4.201409121653492917e+01 4.036304066588559891e+01
4.196961410884256338e+01 4.358105221243268801e+01 4.376965538332781591e+01 4.283312683578382263e+01 4.131740960429640097e+01
4.292699410901589374e+01 4.449680247325263593e+01 4.459573906351386796e+01 4.363240502348894267e+01 4.227452929864685416e+01
4.387161394614953025e+01 4.538694460342812675e+01 4.539054541321692682e+01 4.440465585951945116e+01 4.322344660905847036e+01
4.479119725130708218e+01 4.623895379294566510e+01 4.614533814611713325e+01 4.514327284767951909e+01 4.415213453658860487e+01
4.567306280668898921e+01 4.704058765601573810e+01 4.685225139729570287e+01 4.584252386291198178e+01 4.504791366439188494e+01
4.650481715899927337e+01 4.778064839295623756e+01 4.750465597817920127e+01 4.649771565740766732e+01 4.589808550083935046e+01
4.727519940550711652e+01 4.844978061923367818e+01 4.809746349053524739e+01 4.710529782930738918e+01 4.669074128418569103e+01
4.797495295550686478e+01 4.904117953020762855e+01 4.862732854352681500e+01 4.766289998170334741e+01 4.741564099906528895e+01
4.859754097886199986e+01 4.955105940568147105e+01 4.909271663171310962e+01 4.816930338964751002e+01 4.806501339571744325e+01
4.913957340435575816e+01 4.997880480682987070e+01 4.949384734204291902e+01 4.862435572911913795e+01 4.863411773793432502e+01
4.960084757175588521e+01 5.032676322453075812e+01 4.983250743867432675e+01 4.902884241962812695e+01 4.912145203224874024e+01
4.998401627882618925e+01 5.059973888257795238e+01 5.011177676563956140e+01 4.938433057039257790e+01 4.952857786418997676e+01
5.029398428123132447e+01 5.080430491730436415e+01 5.033570413327495885e+01 4.969300123702807070e+01 4.985962449270233776e+01
5.053717964989137812e+01 5.094806615636393587e+01 5.050897339188693991e+01 4.995748368185382304e+01 5.012059977333517224e+01
5.072083633865667451e+01 5.103898867834659114e+01 5.063659425739932374e+01 5.018070205643059012e+01 5.031865043103857715e+01
5.085238795758941421e+01 5.108486691783109279e+01 5.072363964021324989e+01 5.036574119433098673e+01 5.046138731284392520e+01
5.093847589407356224e+01 5.109267080128209670e+01 5.077460008677466874e+01 5.051481300906203131e+01 5.055582450495518287e+01
5.098553556372637274e+01 5.106881928662887304e+01 5.079393795545110635e+01 5.063047416475509976e+01 5.060888386347979662e+01
5.099989140490516348e+01 5.101918261862414283e+01 5.078621611629976229e+01 5.071620151140966470e+01 5.062739214048844616e+01
5.098698059492605950e+01 5.094869363312218979e+01 5.075546978290663702e+01 5.077519925366687659e+01 5.061726081949724687e+01
5.095141076117069190e+01 5.086143005407345896e+01 5.070522675598736839e+01 5.081039855030992669e+01 5.058352297211767734e+01
5.089704880562390343e+01 5.076073139580370963e+01 5.063853775080137609e+01 5.082445306650410544e+01 5.053040605871662194e+01
5.082711194772967644e+01 5.064930178314059361e+01 5.055801872727340651e+01 5.081975734167793490e+01 5.046142545682244673e+01
5.074426887416296239e+01 5.052932350019190721e+01 5.046589783274638563e+01 5.079845943725672441e+01 5.037947931326138473e+01
5.065072097453692379e+01 5.040254451468727126e+01 5.036406266475443516e+01 5.076247625111188455e+01 5.028694646268306911e+01
5.054828152666652841e+01 5.027035986052714378e+01 5.025410421857447574e+01 5.071351267517984240e+01 5.018577543536073193e+01
5.043844476453549674e+01 5.013388227562895594e+01 5.013735954325563426e+01 5.065308280776286409e+01 5.007755479435410706e+01
5.032244284645571497e+01 4.999399947113220577e+01 5.001495110313057779e+01 5.058252821357839224e+01 4.996357729840157447e+01
5.020129129881155450e+01 4.985141769281734980e+01 4.988781844976855240e+01 5.050303456212307651e+01 4.984489608645063186e+01
5.007582791373605602e+01 4.970669777874613970e+01 4.975674641665823827e+01 5.041564813147469692e+01 4.972237335884181419e+01
4.994674608891671852e+01 4.956028629013198383e+01 4.962239064770150776e+01 5.032129168652431872e+01 4.959670871346732923e+01
4.981462131531034032e+01 4.941253994896823087e+01 4.948529900932123837e+01 5.022077888860701478e+01 4.946847217406374853e+01
4.967993240325222359e+01 4.926374383320230521e+01 4.934592909493549229e+01 5.011482635676448183e+01 4.933813146370799529e+01
4.954307840606195157e+01 4.911412588185908845e+01 4.920466315058455109e+01 5.000406825682367185e+01 4.920607005916520649e+01
4.940439301026328422e+01 4.896386869442516598e+01 4.906182084608238370e+01 4.988906146085236060e+01 4.907260209638505444e+01
4.926415620339891177e+01 4.881311900953588179e+01 4.891766972459733154e+01 4.977029629116239562e+01 4.893798553426493925e+01
4.912260359324184122e+01 4.866199504868890102e+01 4.877243385720184676e+01 4.964820542178961205e+01 4.880243337812889592e+01
4.897993398134146759e+01 4.851059219154036128e+01 4.862630117101712557e+01 4.952317118385559525e+01 4.866612241483285572e+01
4.883631566434463878e+01 4.835898755132777893e+01 4.847942947705163874e+01 4.939553124767181913e+01 4.852919916806545331e+01
4.869189156959164677e+01 4.820724365778171716e+01 4.833195144497206996e+01 4.926558372881950731e+01 4.839178523781183117e+01
4.854678344445780880e+01 4.805541134566372818e+01 4.818397873543617038e+01 4.913359208706920356e+01 4.825398161899934735e+01
4.840109529976174230e+01 4.790353205311421192e+01 4.803560549922970324e+01 4.899978930772202546e+01 4.811587239761207968e+01
4.825491625697051745e+01 4.775163961182502703e+01 4.788691142958403901e+01 4.886438205097806531e+01 4.797752787546066600e+01
4.810832290708952286e+01 4.759976168952663755e+01 4.773796402828247665e+01 4.872755332825073538e+01 4.783900726665027037e+01
4.796138117738053097e+01 4.744792098395849678e+01 4.758882036475271349e+01 4.858946587725148447e+01 4.770036045448533457e+01
4.781414811227594441e+01 4.729613611976748189e+01 4.743952881334954697e+01 4.845026451737649609e+01 4.756162950910630371e+01
4.766667324208295042e+01 4.714442263935383437e+01 4.729013049981187322e+01 4.831007738672682450e+01 4.742284998154853071e+01
4.751899959674062046e+01 4.699279337089294017e+01 4.714066047166793538e+01 4.816901881542346331e+01 4.728405190694198978e+01
4.737116466151118033e+01 4.684125885443376802e+01 4.699114865250245998e+01 4.802719045974755119e+01 4.714526080062238123e+01
4.722320121155109263e+01 4.668982783049109031e+01 4.684162061384681408e+01 4.788468289736352546e+01 4.700649842174955495e+01
4.707513784708695681e+01 4.653850755089994351e+01 4.669209824660082120e+01 4.774157705973245669e+01 4.686778335701830400e+01
4.692699969274748639e+01 4.638730403451904749e+01 4.654260028863890142e+01 4.759794541858666150e+01 4.672913150750463984e+01
4.677880887520891662e+01 4.623622232389720921e+01 4.639314283273023420e+01 4.745385264999045916e+01 4.659055651537278919e+01
4.663058493361802448e+01 4.608526663265017476e+01 4.624373972562212032e+01 4.730935675765722692e+01 4.645207006801760485e+01
4.648234517035940883e+01 4.593444052215502893e+01 4.609440288941870989e+01 4.716450973197653695e+01 4.631368222490306863e+01
4.633410488245061032e+01 4.578374693975149512e+01 4.594514256567457267e+01 4.701935810871533761e+01 4.617540162371603429e+01
4.618587765246423515e+01 4.563318835415991970e+01 4.579596766878721326e+01 4.687394371770571411e+01 4.603723582831963057e+01
4.603767556093035296e+01 4.548276681045920355e+01 4.564688586516456326e+01 4.672830419010985281e+01 4.589919128851658314e+01
4.588950935628788130e+01 4.533248406839146583e+01 4.549790385567169437e+01 4.658247333927586453e+01 4.576127378543704793e+01
4.574138866566239869e+01 4.518234152411654492e+01 4.534902748187294463e+01 4.643648164301442449e+01 4.562348820330991117e+01
4.559332207180894869e+01 4.503234047802856566e+01 4.520026171190765751e+01 4.629035661005245572e+01 4.548583890973628030e+01
4.544531734228679909e+01 4.488248189133074106e+01 4.505161099069762543e+01 4.614412300479973084e+01 4.534832963753805757e+01
4.529738142364443831e+01 4.473276669766989500e+01 4.490307905975070213e+01 4.599780320991934701e+01 4.521096365465790257e+01
4.514952059233062442e+01 4.458319557528820098e+01 4.475466923655849172e+01 4.585141747002025170e+01 4.507374382658480272e+01
4.500174050054060615e+01 4.443376914460052518e+01 4.460638438980775078e+01 4.570498407251835715e+01 4.493667264300798081e+01
4.485404621924586621e+01 4.428448788176273609e+01 4.445822702986987451e+01 4.555851958399593116e+01 4.479975232795593598e+01
4.470644234604856138e+01 4.413535218273315053e+01 4.431019937646593121e+01 4.541203903655326712e+01 4.466298480988230324e+01
4.455893301162682008e+01 4.398636236625197427e+01 4.416230333880727699e+01 4.526555604021346113e+01 4.452637184264306569e+01
4.441152197012243619e+01 4.383751869045333649e+01 4.401454062973835590e+01 4.511908295433312333e+01 4.438991493050477288e+01
4.426421263124430538e+01 4.368882135716915371e+01 4.386691270910566942e+01 4.497263101756333015e+01 4.425361545042863298e+01
4.411700808785295891e+01 4.354027053226386101e+01 4.371942087610597838e+01 4.482621042989279658e+01 4.411747458423337065e+01
4.396991117632806123e+01 4.339186633647636882e+01 4.357206625321464344e+01 4.467983043902624019e+01 4.398149340280036057e+01
4.382292446553996257e+01 4.324360886101092660e+01 4.342484981001487654e+01 4.453349952338478346e+01 4.384567284273698107e+01
4.367605031536035654e+01 4.309549816682545753e+01 4.327777241392819718e+01 4.438722535468350117e+01 4.371001374259641636e+01
4.352929086756231669e+01 4.294753428495532432e+01 4.313083483028296428e+01 4.424101495127457895e+01 4.357451685201970548e+01
4.338264808429352826e+01 4.279971722774096321e+01 4.298403766759018652e+01 4.409487479531777154e+01 4.343918283515855450e+01
4.323612375431949317e+01 4.265204698330784794e+01 4.283738155761225386e+01 4.394881064115544689e+01 4.330401229765639215e+01
4.308971951597148831e+01 4.250452352564264658e+01 4.269086699258662065e+01 4.380282797129562056e+01 4.316900577017590734e+01
4.294343686718666220e+01 4.235714681347840838e+01 4.254449437403297907e+01 4.365693155433941541e+01 4.303416374070886974e+01
4.279727718564259931e+01 4.220991679156154675e+01 4.239826415081333977e+01 4.351112594513612208e+01 4.289948663660202754e+01
4.265124173043913203e+01 4.206283339427373136e+01 4.225217659101050316e+01 4.336541517502453758e+01 4.276497484926176185e+01
4.250533166512051508e+01 4.191589655371853240e+01 4.210623199565473840e+01 4.321980299361341338e+01 4.263062872546863957e+01
4.235954805144352520e+01 4.176910618498034466e+01 4.196043062059420237e+01 4.307429281593165626e+01 4.249644858076570841e+01
4.221389187212445648e+01 4.162246219381055568e+01 4.181477263359721519e+01 4.292888776403667350e+01 4.236243469849505772e+01
4.206836402417547305e+01 4.147596449874657765e+01 4.166925821505306260e+01 4.278359072282763265e+01 4.222858733564757472e+01
4.192296533678317161e+01 4.132961299855403325e+01 4.152388749944898905e+01 4.263840430789994684e+01 4.209490672524237453e+01
4.177769656841847024e+01 4.118340757719494860e+01 4.137866059259025775e+01 4.249333096829484191e+01 4.196139307775555238e+01
4.163255841945993296e+01 4.103734813932982206e+01 4.123357758766913861e+01 4.234837289356087808e+01 4.182804658587235735e+01
4.148755152647618871e+01 4.089143457290989403e+01 4.108863854708702235e+01 4.220353215401002700e+01 4.169486742279973868e+01
4.134267648206789403e+01 4.074566675167707785e+01 4.094384352502458313e+01 4.205881060414957773e+01 4.156185574796452897e+01
4.119793383775543560e+01 4.060004456353534863e+01 4.079919256314406795e+01 4.191420997131316284e+01 4.142901170377371756e+01
4.105332407743333789e+01 4.045456788677861226e+01 4.065468566995903643e+01 4.176973183613591800e+01 4.129633542396085488e+01
4.090884766655319282e+01 4.030923659323059383e+01 4.051032286332397803e+01 4.162537764136689589e+01 4.116382702974491536e+01
4.076450504513474016e+01 4.016405055774912825e+01 4.036610413962523580e+01 4.148114872594145908e+01 4.103148662871863905e+01
4.062029658345803540e+01 4.001900965172628588e+01 4.022202947709355669e+01 4.133704630565834037e+01 4.089931432843091841e+01
4.047622263869628512e+01 3.987411374525684948e+01 4.007809885667032290e+01 4.119307151349583762e+01 4.076731022139043148e+01
4.033228355676189381e+01 3.972936270742018650e+01 3.993431224156259418e+01 4.104922537388448234e+01 4.063547439269135708e+01
4.018847962628718307e+01 3.958475640640234161e+01 3.979066958923645103e+01 4.090550884557318767e+01 4.050380692893149615e+01
4.004481111483212175e+01 3.944029470817602601e+01 3.964717085110341088e+01 4.076192279570252452e+01 4.037230790066698916e+01
3.990127828417711697e+01 3.929597748030469262e+01 3.950381597027451619e+01 4.061846802844566184e+01 4.024097737892257953e+01
3.975788135777995080e+01 3.915180458935968488e+01 3.936060488575446925e+01 4.047514528104595399e+01 4.010981543114152714e+01
3.961462053636754632e+01 3.900777589778693510e+01 3.921753753083849148e+01 4.033195522504686892e+01 3.997882211515805295e+01
3.947149601184323586e+01 3.886389127170640023e+01 3.907461383349238560e+01 4.018889848377787644e+01 3.984799748968323740e+01
3.932850795203832206e+01 3.872015057574007812e+01 3.893183371994771846e+01 4.004597562006370026e+01 3.971734160880134823e+01
3.918565650671044409e+01 3.857655367138465863e+01 3.878919710986403402e+01 3.990318715738042954e+01 3.958685452269864413e+01
3.904294181523134455e+01 3.843310042243045643e+01 3.864670392069979243e+01 3.976053356734281152e+01 3.945653628058234119e+01
3.890036399963589986e+01 3.828979069147408865e+01 3.850435406820505335e+01 3.961801528760548763e+01 3.932638692876070508e+01
3.875792316627208578e+01 3.814662434035101057e+01 3.836214746163579292e+01 3.947563271341063285e+01 3.919640651126349695e+01
3.861561941517025787e+01 3.800360123095585152e+01 3.822008401081026108e+01 3.933338620746594216e+01 3.906659507189273484e+01
3.847345283146646011e+01 3.786072122478807245e+01 3.807816362206259697e+01 3.919127610029081410e+01 3.893695265150960694e+01
3.833142348426455470e+01 3.771798418352142335e+01 3.793638619872899653e+01 3.904930269024995937e+01 3.880747929020828479e+01
3.818953144087028306e+01 3.757538996843241108e+01 3.779475164325253189e+01 3.890746625142571702e+01 3.867817502805282004e+01
3.804777675549861726e+01 3.743293844081134125e+01 3.765325985577620571e+01 3.876576702791253837e+01 3.854903990220585541e+01
3.790615946781042567e+01 3.729062946175950799e+01 3.751191073496337935e+01 3.862420524397396804e+01 3.842007395062549335e+01
3.776467961602548939e+01 3.714846289253540590e+01 3.737070417831306202e+01 3.848278109454255969e+01 3.829127721042821264e+01
3.762333722779050760e+01 3.700643859448150153e+01 3.722964008147994974e+01 3.834149476115324973e+01 3.816264971746439727e+01
3.748213231985882032e+01 3.686455642847422354e+01 3.708871833965933718e+01 3.820034640722493435e+01 3.803419150805108018e+01
3.734106490563632264e+01 3.672281625566431984e+01 3.694793884681385521e+01 3.805933617046378004e+01 3.790590261801953886e+01
3.720013499060388540e+01 3.658121793737668526e+01 3.680730149546823782e+01 3.791846417329222163e+01 3.777778308290521636e+01
3.705934257220251027e+01 3.643976133461401901e+01 3.666680617809828391e+01 3.777773053458891184e+01 3.764983293858258406e+01
3.691868764395387359e+01 3.629844630847001241e+01 3.652645278588451561e+01 3.763713535506879992e+01 3.752205222079874147e+01
3.677817019335956417e+01 3.615727272020424010e+01 3.638624120933333472e+01 3.749667870071006348e+01 3.739444096544957574e+01
3.663779020072578163e+01 3.601624043102597028e+01 3.624617133867351981e+01 3.735636065414098539e+01 3.726699920898737162e+01
3.649754764365447102e+01 3.587534930218890850e+01 3.610624306314056042e+01 3.721618128010642579e+01 3.713972698777581627e+01
3.635744249473798817e+01 3.573459919501931381e+01 3.596645627182450511e+01 3.707614061767502278e+01 3.701262433880090441e+01
3.621747471963468001e+01 3.559398997093921224e+01 3.582681085330590776e+01 3.693623870486645444e+01 3.688569129963153159e+01
3.607764428247291022e+01 3.545352149147244347e+01 3.568730669570869907e+01 3.679647557513288092e+01 3.675892790789640685e+01
3.593795114289059711e+01 3.531319361820536074e+01 3.554794368700598284e+01 3.665685124837322917e+01 3.663233420219228265e+01
3.579839525484160134e+01 3.517300621283013840e+01 3.540872171481058928e+01 3.651736573027031341e+01 3.650591022161238186e+01
3.565897657044241242e+01 3.503295913713837706e+01 3.526964066652030283e+01 3.637801902780311281e+01 3.637965600573809155e+01
3.551969503820939167e+01 3.489305225307395375e+01 3.513070042948181282e+01 3.623881113825604672e+01 3.625357159505848870e+01
3.538055060236276006e+01 3.475328542265848597e+01 3.499190089067786147e+01 3.609974204863240033e+01 3.612765703072660983e+01
3.524154320481183333e+01 3.461365850797486132e+01 3.485324193717716668e+01 3.596081174352288912e+01 3.600191235463589834e+01
3.510267278466854179e+01 3.447417137131859732e+01 3.471472345593372211e+01 3.582202020163042278e+01 3.587633760961011831e+01
3.496393927767434207e+01 3.433482387506158773e+01 3.457634533372161201e+01 3.568336739488314180e+01 3.575093283925181709e+01
3.482534261728839198e+01 3.419561588164864929e+01 3.443810745744724500e+01 3.554485328926407561e+01 3.562569808807577232e+01
3.468688273472805861e+01 3.405654725371022806e+01 3.430000971389942066e+01 3.540647784941558740e+01 3.550063340159633185e+01
3.454855955837232528e+01 3.391761785397983431e+01 3.416205198988460978e+01 3.526824103502131891e+01 3.537573882616003829e+01
3.441037301453950903e+01 3.377882754531209741e+01 3.402423417238134107e+01 3.513014279656112393e+01 3.525101440919913642e+01
3.427232302776672412e+01 3.364017619069796439e+01 3.388655614845123409e+01 3.499218308687760981e+01 3.512646019916390827e+01
3.413440952013888818e+01 3.350166365325959816e+01 3.374901780505129523e+01 3.485436185385475483e+01 3.500207624544569995e+01
3.399663241184592977e+01 3.336328979626343738e+01 3.361161902925799438e+01 3.471667903980350900e+01 3.487786259860668281e+01
3.385899162167399368e+01 3.322505448310570841e+01 3.347435970857301868e+01 3.457913458418555308e+01 3.475381931026642945e+01
3.372148706633034010e+01 3.308695757732603226e+01 3.333723973059430534e+01 3.444172842556741188e+01 3.462994643311786547e+01
3.358411866078011343e+01 3.294899894259687301e+01 3.320025898279431686e+01 3.430446049877705406e+01 3.450624402104919142e+01
3.344688631882686281e+01 3.281117844274569251e+01 3.306341735278267180e+01 3.416733073426205181e+01 3.438271212907853425e+01
3.330978995255112807e+01 3.267349594174255145e+01 3.292671472879085570e+01 3.403033906239606665e+01 3.425935081339580535e+01
3.317282947248908442e+01 3.253595130367955335e+01 3.279015099912029996e+01 3.389348541070748411e+01 3.413616013142367223e+01
3.303600478816521502e+01 3.239854439281869247e+01 3.265372605206587053e+01 3.375676970377894293e+01 3.401314014177397382e+01
3.289931580768013220e+01 3.226127507356258661e+01 3.251743977607580405e+01 3.362019186488991096e+01 3.389029090431326097e+01
3.276276243778696085e+01 3.212414321044477816e+01 3.238129206018883366e+01 3.348375181581530313e+01 3.376761248018312500e+01
3.262634458437164398e+01 3.198714866816165880e+01 3.224528279356236027e+01 3.334744947628663425e+01 3.364510493176182138e+01
3.249006215212727966e+01 3.185029131155331683e+01 3.210941186551881543e+01 3.321128476383744044e+01 3.352276832276232454e+01
3.235391504455278522e+01 3.171357100560655695e+01 3.197367916560096290e+01 3.307525759573071156e+01 3.340060271820159699e+01
3.221790316443849633e+01 3.157698761545972488e+01 3.183808458379496642e+01 3.293936788768844792e+01 3.327860818440338875e+01
3.208202641356204765e+01 3.144054100640132887e+01 3.170262801031371680e+01 3.280361555284955699e+01 3.315678478906666982e+01
3.194628469263676251e+01 3.130423104387205058e+01 3.156730933564421093e+01 3.266800050458156335e+01 3.303513260124272932e+01
3.181067790180168942e+01 3.116805759346447857e+01 3.143212845056534377e+01 3.253252265498150564e+01 3.291365169135291069e+01
3.167520594033528170e+01 3.103202052092448682e+01 3.129708524622808596e+01 3.239718191470465314e+01 3.279234213123047681e+01
3.153986870658805231e+01 3.089611969214987397e+01 3.116217961409541459e+01 3.226197819321978244e+01 3.267120399410171672e+01
3.140466609842598800e+01 3.076035497319384859e+01 3.102741144594402556e+01 3.212691139989187405e+01 3.255023735462306433e+01
3.126959801299084063e+01 3.062472623026529917e+01 3.089278063387524398e+01 3.199198144305542613e+01 3.242944228890967651e+01
3.113466434663419946e+01 3.048923332972529465e+01 3.075828707040061971e+01 3.185718822967288588e+01 3.230881887453659118e+01
3.099986499528833406e+01 3.035387613809141172e+01 3.062393064837768719e+01 3.172253166680017245e+01 3.218836719052991668e+01
3.086519985428264690e+01 3.021865452203900659e+01 3.048971126100100548e+01 3.158801166070023925e+01 3.206808731737906726e+01
3.073066881827513797e+01 3.008356834839665694e+01 3.035562880180384226e+01 3.145362811684363535e+01 3.194797933714509242e+01
3.059627178156960170e+01 2.994861748415056368e+01 3.022168316478459005e+01 3.131938094026883590e+01 3.182804333339045044e+01
3.046200863796819291e+01 2.981380179644685668e+01 3.008787424430391155e+01 3.118527003577824885e+01 3.170827939120151839e+01
3.032787928070694150e+01 2.967912115258927130e+01 2.995420193509626117e+01 3.105129530766224377e+01 3.158868759712528274e+01
