9.958380670043059935e-01 1.142161069677912977e+00 1.227693982840883047e+00 1.067782429476351158e+00 1.087518338208850688e+00
9.917594202283087634e-01 1.283284753143776324e+00 1.453391064742017180e+00 1.135220268744241645e+00 1.174222975556601156e+00
9.877627719236433679e-01 1.423409265330213502e+00 1.677252954568813292e+00 1.202321112838488526e+00 1.260204667213230323e+00
9.838468360811841729e-01 1.562570430745698680e+00 1.899420467270232615e+00 1.269092253004892035e+00 1.345537086541357397e+00
9.800103272316006420e-01 1.700801891256362497e+00 2.120016483470258173e+00 1.335540712831532195e+00 1.430280828222285194e+00
9.762519596233469876e-01 1.838135269889977330e+00 2.339149392820532913e+00 1.401673244685903486e+00 1.514486032407723615e+00
9.725704462782919224e-01 1.974600356473603879e+00 2.556915232636485236e+00 1.467496350987972820e+00 1.598194494831859824e+00
9.689644977808627990e-01 2.110225236186043851e+00 2.773399440516765679e+00 1.533016295160963383e+00 1.681441323672078658e+00
9.654328205736505408e-01 2.245036427241504207e+00 2.988678525124836671e+00 1.598239104893653284e+00 1.764255957898950289e+00
9.619741148824619836e-01 2.379058984963703161e+00 3.202821248851489333e+00 1.663170590873314314e+00 1.846663025543458181e+00
9.585870720547554624e-01 2.512316610871390132e+00 3.415889593237759758e+00 1.727816352642452591e+00 1.928683019628336437e+00
9.552703709603687088e-01 2.644831757227074309e+00 3.627939613358544424e+00 1.792181779583276846e+00 2.010333066896727860e+00
9.520226738521865295e-01 2.776625708272281390e+00 3.839022299616691392e+00 1.856272057124478181e+00 2.091627070586363324e+00
9.488426198408990153e-01 2.907718649466583205e+00 4.049184066920226144e+00 1.920092173323456386e+00 2.172576029700389100e+00
9.457288185845946771e-01 3.038129736121507385e+00 4.258467268774937864e+00 1.983646919620220439e+00 2.253188335022983768e+00
9.426798417333116520e-01 3.167877156211614142e+00 4.466910613819337073e+00 2.046940896930792952e+00 2.333470003834512863e+00
9.396942123474737452e-01 3.296978190457065860e+00 4.674549543588557121e+00 2.109978507531087732e+00 2.413424792375578054e+00
9.367703925828502198e-01 3.425449259511827105e+00 4.881416561400836684e+00 2.172763971403024019e+00 2.493054251938575216e+00
9.339067677521196709e-01 3.553305962784372163e+00 5.087541494871770098e+00 2.235301297558316858e+00 2.572357780473381261e+00
9.311016273958292455e-01 3.680563127544327351e+00 5.292951686520786403e+00 2.297594287663792478e+00 2.651332662065785328e+00
9.283531428097173688e-01 3.807234824621737346e+00 5.497672158800451570e+00 2.359646525343793044e+00 2.729974071361797705e+00
9.256593397218786379e-01 3.933334401961178894e+00 5.701725750796708070e+00 2.421461364701900543e+00 2.808275042536879429e+00
9.230180666777570986e-01 4.058874508675865300e+00 5.905133216624427916e+00 2.483041915472264716e+00 2.886226416094141545e+00
9.204269566238771905e-01 4.183867108754409259e+00 6.107913286630304306e+00 2.544391017877495109e+00 2.963816770899116104e+00
9.178833810089371825e-01 4.308323490386660737e+00 6.310082687643412847e+00 2.605511214311490242e+00 3.041032339739182966e+00
9.153843970810600084e-01 4.432254271141996327e+00 6.511656131300203043e+00 2.666404715744385090e+00 3.117856905810627577e+00
9.129266855397767388e-01 4.555669398991811114e+00 6.712646247262756383e+00 2.727073357941121934e+00 3.194271680198945695e+00
9.105064789219357024e-01 4.678578134024366619e+00 6.913063484051504837e+00 2.787518549141761781e+00 3.270255163565035428e+00
9.081194793589759673e-01 4.800989032672497991e+00 7.112915955958527547e+00 2.847741206615413745e+00 3.345782993556087437e+00
9.057607605092337089e-01 4.922909928205463359e+00 7.312209231693048928e+00 2.907741677435703220e+00 3.420827777803594039e+00
9.034246597246271548e-01 5.044347881940457690e+00 7.510946057083867977e+00 2.967519651459635366e+00 3.495358912568252485e+00
9.011046528439843328e-01 5.165309133687297383e+00 7.709126000050562588e+00 3.027074039944985362e+00 3.569342388057079152e+00
8.987932145817513208e-01 5.285799046134784795e+00 7.906745014008582650e+00 3.086402843263362339e+00 3.642740581840665293e+00
8.964816665148608310e-01 5.405822013564059780e+00 8.103794896490459365e+00 3.145502986468696083e+00 3.715512041707717206e+00
8.941599985764370206e-01 5.525381352875216479e+00 8.300262621973237387e+00 3.204370134496677736e+00 3.787611259384156437e+00
8.918166815134892511e-01 5.644479181933117928e+00 8.496129546413150990e+00 3.262998456371509981e+00 3.858988437020382634e+00
8.894384604868110777e-01 5.763116265581658126e+00 8.691370448667560922e+00 3.321380351050149393e+00 3.929589248964184822e+00
8.870101322985269876e-01 5.881291794429666986e+00 8.885952387216690340e+00 3.379506127610149679e+00 3.999354601910964924e+00
8.845143154035407518e-01 5.999003133078180561e+00 9.079833344417146179e+00 3.437363627385408460e+00 4.068220397124899357e+00
8.819311986153786087e-01 6.116245568169743407e+00 9.272960616664244426e+00 3.494937800014887408e+00 4.136117299170266826e+00
8.792382940228576915e-01 6.233011856203217071e+00 9.465268976971675130e+00 3.552210163783966035e+00 4.202970516494136000e+00
8.764101894928506553e-01 6.349291748604758645e+00 9.656678457139136640e+00 3.609158224123771852e+00 4.268699600211088629e+00
8.734183090945871752e-01 6.465071481123994879e+00 9.847091834367883934e+00 3.665754784106277864e+00 4.333218268534180240e+00
8.702306894974094487e-01 6.580332976300009129e+00 1.003639174304147197e+01 3.721967204541802854e+00 4.396434265483502912e+00
8.668117897890068591e-01 6.695052901541853174e+00 1.022443739684435648e+01 3.777756496968108557e+00 4.458249263786477457e+00
8.631223511990321340e-01 6.809201438916406168e+00 1.041106091813831114e+01 3.833076362505554613e+00 4.518558823236665134e+00
8.591193151837664965e-01 6.922740852993745975e+00 1.059606328636375139e+01 3.887872139248987668e+00 4.577252417157370523e+00
8.547558285868698258e-01 7.035623671140188051e+00 1.077920998628274241e+01 3.942079687280694689e+00 4.634213540973144418e+00
8.499813283023540667e-01 7.147790337934063487e+00 1.096022641694141875e+01 3.995624211712613505e+00 4.689319918166444445e+00
8.447417697279032689e-01 7.259166273206395736e+00 1.113879320477073520e+01 4.048419062273096891e+00 4.742443820816852451e+00
8.389799850578415485e-01 7.369658395859822519e+00 1.131454226434020960e+01 4.100364685406145071e+00 4.793452596223967355e+00
1.217195199243008563e+00 8.801346179509971890e+00 1.348271057029381836e+01 4.767786010677671271e+00 5.810040316703933172e+00
1.581330042356468901e+00 1.022110946126730013e+01 1.561337840940826283e+01 5.424038581050800722e+00 6.802210300423184641e+00
1.932519255321012208e+00 1.162751270476877430e+01 1.770146607904086977e+01 6.067824772128792787e+00 7.768625480551284213e+00
2.271026515071330465e+00 1.301859121215130699e+01 1.974120649271726791e+01 6.697668538224354151e+00 8.707875141345391867e+00
2.596682862590774743e+00 1.439178854506361915e+01 2.172620457309917796e+01 7.311929279398311721e+00 9.618503045669303475e+00
2.909082197009472903e+00 1.574387957544697336e+01 2.364951823867443537e+01 7.908823514383852782e+00 1.049902708308269794e+01
3.207682212397547250e+00 1.707088517846268161e+01 2.550377645749771105e+01 8.486455910914591172e+00 1.134795789162750346e+01
3.491866944103874548e+00 1.836800451462527661e+01 2.728134705464977827e+01 9.042861294321053123e+00 1.216381847568074193e+01
3.760988828467367817e+00 1.962957647496321201e+01 2.897455499309099025e+01 9.576057995821081192e+00 1.294516632845996362e+01
4.014401949907957956e+00 2.084910337406457259e+01 3.057595842616960269e+01 1.008411237049034170e+01 1.369061909634070417e+01
4.251489900470763139e+00 2.201936607988758254e+01 3.207867118805861395e+01 1.056521178759472868e+01 1.439888393167037428e+01
4.471691159478842437e+00 2.313266007987009587e+01 3.347671341952018054e+01 1.101774206216157559e+01 1.506879041565251143e+01
4.674522551039959062e+00 2.418116788635462200e+01 3.476536324410882628e+01 1.144036433258942687e+01 1.569932655476764083e+01
4.859600929271135072e+00 2.515745923525291516e+01 3.594147249502173480e+01 1.183208403651913976e+01 1.628967651903931824e+01
5.026662786469611177e+00 2.605507435391346149e+01 3.700370824837430916e+01 1.219230565784435960e+01 1.683925885589218296e+01
5.175581074628558653e+00 2.686911035864318009e+01 3.795268592584707079e+01 1.252086736998787053e+01 1.734776334502646833e+01
5.306378465107703946e+00 2.759670808615230442e+01 3.879097183193200493e+01 1.281805135789914374e+01 1.781518275465783674e+01
5.419236224176880334e+00 2.823734166994104200e+01 3.952295082844966601e+01 1.308456900938824496e+01 1.824183750908280288e+01
5.514498010764420144e+00 2.879285132464938002e+01 4.015457418613581098e+01 1.332152237133620432e+01 1.862839072079492908e+01
5.592668124452268685e+00 2.926721604391306997e+01 4.069301921960081359e+01 1.353034686207268322e+01 1.897585033303234425e+01
5.654404027226481055e+00 2.966612306965327761e+01 4.114630152871126967e+01 1.371274079083604036e+01 1.928555719038583405e+01
5.700503301608698337e+00 2.999642515593186687e+01 4.152288286128531070e+01 1.387058898055181011e+01 1.955915833361735068e+01
5.731885542527793476e+00 3.026558416597635315e+01 4.183131067200599773e+01 1.400588735627625248e+01 1.979856644837736113e+01
5.749569982857363648e+00 3.048117850466859124e+01 4.207991512051013672e+01 1.412067304479881358e+01 2.000590787285866057e+01
5.754649899524852508e+00 3.065051928511924828e+01 4.227657672285172907e+01 1.421696445785406837e+01 2.018346275485723851e+01
5.748265033420138614e+00 3.078038868475572443e+01 4.242856695178056015e+01 1.429671317960220378e+01 2.033360177521810996e+01
5.731573378429383858e+00 3.087689005094520311e+01 4.254245570717286284e+01 1.436176782215220271e+01 2.045872399044660028e+01
5.705723716569366388e+00 3.094538785901201550e+01 4.262407459171699742e+01 1.441384963428908428e+01 2.056119987677878669e+01
5.671830290832506449e+00 3.099051173104620105e+01 4.267852325068837160e+01 1.445453817191486579e+01 2.064332269115325502e+01
5.630950874906915260e+00 3.101620134592062783e+01 4.271020575943691711e+01 1.448526528160909166e+01 2.070727000284868424e+01
5.584069363999177860e+00 3.102577372800794819e+01 4.272288608609200367e+01 1.450731558733143878e+01 2.075507603659723443e+01
5.532083330787208375e+00 3.102199935927185592e+01 4.271975359555060692e+01 1.452183172269374722e+01 2.078861434116952367e+01
5.475796037668962057e+00 3.100717713053051838e+01 4.270348986498034805e+01 1.452982226833100654e+01 2.080958734684205425e+01
5.398864091117173913e+00 3.093939856113174613e+01 4.262682434731477343e+01 1.449977000974697816e+01 2.074638149704567169e+01
5.321776418016431975e+00 3.087092770400360919e+01 4.254932002140755998e+01 1.446926064201805495e+01 2.068225281735583110e+01
5.244588210565986230e+00 3.080189248460585816e+01 4.247113152664888958e+01 1.443836129376678379e+01 2.061732284452594044e+01
5.167346507400649713e+00 3.073239942605476216e+01 4.239238729269850836e+01 1.440713024767328854e+01 2.055169863016507392e+01
5.090091190794611364e+00 3.066253639800886788e+01 4.231319377850581276e+01 1.437561794214049016e+01 2.048547404883827028e+01
5.012856053652836152e+00 3.059237555085552884e+01 4.223363868910330154e+01 1.434386793409754546e+01 2.041873104656679061e+01
4.935669630470949087e+00 3.052197656727069131e+01 4.215379430188614407e+01 1.431191760534656510e+01 2.035154113470283477e+01
4.858556033412374298e+00 3.045138882462896390e+01 4.207372042785370070e+01 1.427979912784899952e+01 2.028396651937153550e+01
4.781535775616130302e+00 3.038065308748898374e+01 4.199346650173549733e+01 1.424754024479483583e+01 2.021606117473285380e+01
4.704626391858982792e+00 3.030980317617891728e+01 4.191307320719280938e+01 1.421516476044288169e+01 2.014787191386999510e+01
4.627842968755924602e+00 3.023886731705373876e+01 4.183257410173734314e+01 1.418269312626695644e+01 2.007943946660139645e+01
4.551198637953236315e+00 3.016786908663665656e+01 4.175199712045316147e+01 1.415014291233277177e+01 2.001079919595743561e+01
4.474704980607419280e+00 3.009682812939408691e+01 4.167136553245508424e+01 1.411752919912555626e+01 1.994198176344704265e+01
4.398372349872091469e+00 3.002576089328460185e+01 4.159069862994547861e+01 1.408486495215700174e+01 1.987301379882988783e+01
4.322210128033515453e+00 2.995468120721182359e+01 4.151001240147811444e+01 1.405216134648266824e+01 1.980391846516033638e+01
4.246226935310592587e+00 2.988360071054057343e+01 4.142932015140264923e+01 1.401942799671149231e+01 1.973471592541275044e+01
4.170430810057710325e+00 2.981252933482263145e+01 4.134863291635143412e+01 1.398667317444032676e+01 1.966542386530281306e+01
4.094829361458809380e+00 2.974147546616058690e+01 4.126796024637950211e+01 1.395390400204562198e+01 1.959605764783491466e+01
4.019429895139616349e+00 2.967044620889454265e+01 4.118731002738607572e+01 1.392112663539088757e+01 1.952663067271396358e+01
3.944239511156284461e+00 2.959944760908760486e+01 4.110668883704069287e+01 1.388834640022538736e+01 1.945715468755331656e+01
3.869265184884288722e+00 2.952848482309458333e+01 4.102610216056755377e+01 1.385556788996987443e+01 1.938764002415643262e+01
3.794513837584970961e+00 2.945756227605100364e+01 4.094555464711593373e+01 1.382279512750597839e+01 1.931809576490861957e+01
3.719992397863139733e+00 2.938668378175231055e+01 4.086505027661342382e+01 1.379003156471471492e+01 1.924852989370814527e+01
3.645707855029752142e+00 2.931585262844096107e+01 4.078459245605482408e+01 1.375728020003642094e+01 1.917894944408571689e+01
3.571667305465191511e+00 2.924507165689706056e+01 4.070418405655820493e+01 1.372454364560607409e+01 1.910936061870100033e+01
3.497877993755553749e+00 2.917434332795830798e+01 4.062382750397644315e+01 1.369182416933844770e+01 1.903976892468329041e+01
3.424347349897435944e+00 2.910366977434355462e+01 4.054352487008301864e+01 1.365912375065672002e+01 1.897017922625557773e+01
3.351083023889076529e+00 2.903305285507688183e+01 4.046327792778443211e+01 1.362644412576273112e+01 1.890059590690006885e+01
3.278092919344650635e+00 2.896249419563579863e+01 4.038308818759731622e+01 1.359378681451942406e+01 1.883102281535473566e+01
3.205385225306796926e+00 2.889199522008247456e+01 4.030295697426368662e+01 1.356115314492606672e+01 1.876146336990801089e+01
3.132968447182716165e+00 2.882155718112804266e+01 4.022288539598305590e+01 1.352854428622182859e+01 1.869192062113717512e+01
3.060851437399870534e+00 2.875118117943444318e+01 4.014287447239916418e+01 1.349596126475384317e+01 1.862239729925621035e+01
2.989043426230391542e+00 2.868086818612045619e+01 4.006292502450983051e+01 1.346340498373688455e+01 1.855289583403300924e+01
2.917554053139785886e+00 2.861061906096078999e+01 3.998303781828265357e+01 1.343087624112646772e+01 1.848341842666409462e+01
2.846393398940983310e+00 2.854043456689527503e+01 3.990321346399209546e+01 1.339837574503374995e+01 1.841396710821039306e+01
2.775572018896446558e+00 2.847031538389028071e+01 3.982345251673660158e+01 1.336590412145882389e+01 1.834454365055027125e+01
2.705100977957513031e+00 2.840026211802615919e+01 3.974375543469285077e+01 1.333346192643687367e+01 1.827514966242384986e+01
2.634991885039085435e+00 2.833027531105576102e+01 3.966412262451116533e+01 1.330104965655481308e+01 1.820578657100368503e+01
2.565256934654508214e+00 2.826035544711452019e+01 3.958455444004049895e+01 1.326866775291304457e+01 1.813645567181162122e+01
2.495908937533632077e+00 2.819050296519877463e+01 3.950505118767784296e+01 1.323631661010245786e+01 1.806715814297733402e+01
2.426961374979982988e+00 2.812071825539754144e+01 3.942561314873531586e+01 1.320399658260839537e+01 1.799789505941374657e+01
2.358428430876754689e+00 2.805100168054454812e+01 3.934624055459055114e+01 1.317170798839660506e+01 1.792866740340828002e+01
2.290325047500791023e+00 2.798135355863473706e+01 3.926693362571294443e+01 1.313945111377178598e+01 1.785947606170154955e+01
2.222666974141044971e+00 2.791177419071924959e+01 3.918769253846368628e+01 1.310722621797302878e+01 1.779032184321858168e+01
2.155470810321693520e+00 2.784226384009290456e+01 3.910851745635697796e+01 1.307503353527838286e+01 1.772120547905182164e+01
2.088754075087324580e+00 2.777282275550575363e+01 3.902940851569356084e+01 1.304287327832935084e+01 1.765212763856568046e+01
2.022535249882359221e+00 2.770345115856776985e+01 3.895036583665375929e+01 1.301074564029534031e+01 1.758308893321929389e+01
1.956833851117177892e+00 2.763414925644436693e+01 3.887138952441609518e+01 1.297865079806693167e+01 1.751408992240358131e+01
1.891670489907232744e+00 2.756491723803094729e+01 3.879247967082130089e+01 1.294658891397395806e+01 1.744513111596386068e+01
1.827066933720925324e+00 2.749575527946113596e+01 3.871363635593733221e+01 1.291456013558271820e+01 1.737621299808869679e+01
1.763046189385481632e+00 2.742666354310405907e+01 3.863485965146656298e+01 1.288256460376337742e+01 1.730733597853749117e+01
1.699632558179662523e+00 2.735764218146513471e+01 3.855614961747952663e+01 1.285060244182217914e+01 1.723850047684608100e+01
1.636851726040459587e+00 2.728869133533774516e+01 3.847750630841086661e+01 1.281867377243774975e+01 1.716970686733515095e+01
1.574730828631589752e+00 2.721981113796577390e+01 3.839892976889101561e+01 1.278677870195280164e+01 1.710095546981609260e+01
1.513298531367021527e+00 2.715100171281087782e+01 3.832042003850622791e+01 1.275491733513632475e+01 1.703224662428358371e+01
1.452585107069954251e+00 2.708226317706533237e+01 3.824197715007559850e+01 1.272308976751349974e+01 1.696358060443973415e+01
1.392622506551841610e+00 2.701359564037176142e+01 3.816360113171221968e+01 1.269129608856296798e+01 1.689495768348951543e+01
1.333444432979418615e+00 2.694499920693197836e+01 3.808529200706990991e+01 1.265953638357377464e+01 1.682637811333347955e+01
1.275086404187330658e+00 2.687647397528935045e+01 3.800704979575635889e+01 1.262781073234379647e+01 1.675784211666045209e+01
1.217585818113355201e+00 2.680802003937192524e+01 3.792887451413672295e+01 1.259611921151361180e+01 1.668934990781822236e+01
1.160981973713791859e+00 2.673963748867596379e+01 3.785076617514306463e+01 1.256446189308861605e+01 1.662090168364017373e+01
1.105316146808474009e+00 2.667132640889911954e+01 3.777272478917657850e+01 1.253283884717667895e+01 1.655249762781814482e+01
1.050631538698656442e+00 2.660308688209439154e+01 3.769475036371937904e+01 1.250125013960272469e+01 1.648413791220647795e+01
9.969733142126847580e-01 2.653491898720188047e+01 3.761684290422687837e+01 1.246969583464946751e+01 1.641582269575164688e+01
9.443885310965721702e-01 2.646682280015989264e+01 3.753900241384396708e+01 1.243817599379097771e+01 1.634755213136277163e+01
8.929260501270951389e-01 2.639879839433116970e+01 3.746122889402715828e+01 1.240669067609583287e+01 1.627932635868163658e+01
8.426363706322560487e-01 2.633084584066807921e+01 3.738352234448482392e+01 1.237523993923357502e+01 1.621114550899825346e+01
7.935714256005594880e-01 2.626296520797519207e+01 3.730588276358341204e+01 1.234382383855086651e+01 1.614300970893827980e+01
7.457843463638613724e-01 2.619515656315611452e+01 3.722831014825300855e+01 1.231244242830840463e+01 1.607491907134055609e+01
6.993291043451038691e-01 2.612741997131073290e+01 3.715080449442626076e+01 1.228109576102104228e+01 1.600687370705923840e+01
6.542600621256031701e-01 2.605975549604107400e+01 3.707336579679093091e+01 1.224978388825229025e+01 1.593887371841436718e+01
6.106314193166635373e-01 2.599216319942817677e+01 3.699599404925825752e+01 1.221850686021662824e+01 1.587091920120858823e+01
5.684965756074841225e-01 2.592464314236207557e+01 3.691868924472542801e+01 1.218726472629629320e+01 1.580301024666668219e+01
5.279073484431567875e-01 2.585719538446124588e+01 3.684145137540384951e+01 1.215605753493083263e+01 1.573514694057139529e+01
4.889131030841263326e-01 2.578981998438890955e+01 3.676428043270812651e+01 1.212488533363891463e+01 1.566732936446798696e+01
4.515597715172882665e-01 2.572251699976400729e+01 3.668717640761174437e+01 1.209374816940551334e+01 1.559955759555050037e+01
4.158887799667668195e-01 2.565528648744113127e+01 3.661013929040481685e+01 1.206264608828812790e+01 1.553183170690337889e+01
3.819359114708208991e-01 2.558812850342818024e+01 3.653316907082518838e+01 1.203157913598605333e+01 1.546415176907837363e+01
3.497301517268268656e-01 2.552104310312899571e+01 3.645626573854538321e+01 1.200054735745121626e+01 1.539651784768875586e+01
3.192925301202478305e-01 2.545403034126346853e+01 3.637942928247888830e+01 1.196955079729460536e+01 1.532893000667379368e+01
2.906350560042837428e-01 2.538709027208181723e+01 3.630265969122998371e+01 1.193858949961018823e+01 1.526138830682736014e+01
2.637597773453571603e-01 2.532022294928530926e+01 3.622595695347676781e+01 1.190766350813067298e+01 1.519389280546959675e+01
2.386580565077897620e-01 2.525342842621453698e+01 3.614932105716311384e+01 1.187677286625174666e+01 1.512644355852236622e+01
2.153101645412273113e-01 2.518670675578009011e+01 3.607275199016301315e+01 1.184591761701999779e+01 1.505904061898795021e+01
1.936850744067333541e-01 2.512005799061865119e+01 3.599624974031207358e+01 1.181509780326989301e+01 1.499168403802949179e+01
1.737406484735500578e-01 2.505348218304290242e+01 3.591981429496815537e+01 1.178431346750294750e+01 1.492437386498741070e+01
1.554242108567235603e-01 2.498697938516490069e+01 3.584344564150212165e+01 1.175356465209098111e+01 1.485711014727634449e+01
1.386734490238582251e-01 2.492054964886233037e+01 3.576714376716913790e+01 1.172285139912049523e+01 1.478989293100721447e+01
1.234176133403388775e-01 2.485419302587240153e+01 3.569090865899853071e+01 1.169217375057219144e+01 1.472272226062366940e+01
1.095789530870387302e-01 2.478790956774915344e+01 3.561474030403905999e+01 1.166153174823726779e+01 1.465559817935000986e+01
9.707432775974147998e-02 2.472169932601244113e+01 3.553863868925736824e+01 1.163092543377500832e+01 1.458852072937144762e+01
8.581689500068324927e-02 2.465556235209488989e+01 3.546260380148758173e+01 1.160035484874148182e+01 1.452148995136535170e+01
7.571778093611550298e-02 2.458949869727241122e+01 3.538663562763473891e+01 1.156982003457035191e+01 1.445450588546012938e+01
6.668767946903651767e-02 2.452350841297955242e+01 3.531073415456132381e+01 1.153932103263105091e+01 1.438756857063999917e+01
5.863830272861464410e-02 2.445759155058440371e+01 3.523489936902096531e+01 1.150885788416724509e+01 1.432067804503474662e+01
5.148362595340525566e-02 2.439174816132580759e+01 3.515913125789722926e+01 1.147843063042669165e+01 1.425383434623085499e+01
4.514092228452148275e-02 2.432597829671031775e+01 3.508342980804358291e+01 1.144803931261924923e+01 1.418703751093071652e+01
3.953157143729363332e-02 2.426028200820481473e+01 3.500779500626315865e+01 1.141768397180318217e+01 1.412028757545042090e+01
3.458164657923700619e-02 2.419465934723881517e+01 3.493222683948457785e+01 1.138736464909000290e+01 1.405358457552936891e+01
3.022228436675788998e-02 2.412911036549297705e+01 3.485672529463689528e+01 1.135708138563188463e+01 1.398692854644130179e+01
2.638988025845428673e-02 2.406363511467861116e+01 3.478129035866786012e+01 1.132683422250765304e+01 1.392031952319847221e+01
2.302612971938365963e-02 2.399823364657656555e+01 3.470592201862396564e+01 1.129662320065141756e+01 1.385375754035573692e+01
2.007794321107506108e-02 2.393290601317163180e+01 3.463062026159270346e+01 1.126644836122545534e+01 1.378724263236049374e+01
1.749727046874937145e-02 2.386765226655610306e+01 3.455538507472409293e+01 1.123630974534620286e+01 1.372077483341711357e+01
1.524084688520511120e-02 2.380247245896143582e+01 3.448021644526368590e+01 1.120620739396541765e+01 1.365435417751950631e+01
1.326990434268501308e-02 2.373736664282021280e+01 3.440511436052204886e+01 1.117614134821736371e+01 1.358798069868458569e+01
1.154984207753352067e-02 2.367233487071750631e+01 3.433007880789748612e+01 1.114611164923272391e+01 1.352165443076872187e+01
1.004989034080071460e-02 2.360737719541380741e+01 3.425510977489729214e+01 1.111611833812867722e+01 1.345537540769220719e+01
8.742774893033352160e-03 2.354249366990042347e+01 3.418020724910276442e+01 1.108616145602527148e+01 1.338914366341512441e+01
7.604386084380973868e-03 2.347768434734142673e+01 3.410537121820502193e+01 1.105624104412903819e+01 1.332295923192836540e+01
6.613460337713604302e-03 2.341294928110313123e+01 3.403060167001255820e+01 1.102635714366235575e+01 1.325682214741251741e+01
5.751291996945176975e-03 2.334828852480675110e+01 3.395589859241906083e+01 1.099650979585857868e+01 1.319073244416410340e+01
5.001447986008351367e-03 2.328370213226728325e+01 3.388126197344581669e+01 1.096669904202466839e+01 1.312469015669935146e+01
4.349513742253631118e-03 2.321919015752846960e+01 3.380669180123376094e+01 1.093692492350535517e+01 1.305869531978743581e+01
3.782876240994678327e-03 2.315475265489729750e+01 3.373218806402656611e+01 1.090718748167534713e+01 1.299274796842847302e+01
3.290508183311315494e-03 2.309038967890282734e+01 3.365775075020543738e+01 1.087748675796141917e+01 1.292684813797960786e+01
2.862764877126035713e-03 2.302610128432571557e+01 3.358337984827522860e+01 1.084782279385881409e+01 1.286099586410844609e+01
2.491236074387812287e-03 2.296188752621553775e+01 3.350907534686081135e+01 1.081819563090607161e+01 1.279519118285827872e+01
2.168589509866994825e-03 2.289774845986897489e+01 3.343483723472887448e+01 1.078860531066048267e+01 1.272943413069962659e+01
1.888433967756216652e-03 2.283368414085285636e+01 3.336066550077837434e+01 1.075905187477981784e+01 1.266372474450367136e+01
1.645197340441081728e-03 2.276969462501340757e+01 3.328656013403836766e+01 1.072953536496658522e+01 1.259806306164242073e+01
1.434037194457736574e-03 2.270577996845991109e+01 3.321252112368642884e+01 1.070005582295436675e+01 1.253244911996999278e+01
1.250741039487589723e-03 2.264194022758824687e+01 3.313854845903918545e+01 1.067061329055066743e+01 1.246688295786288059e+01
1.091639530490990696e-03 2.257817545908558898e+01 3.306464212955142301e+01 1.064120780962741186e+01 1.240136461426985370e+01
9.535458304005894154e-04 2.251448571991360126e+01 3.299080212483239904e+01 1.061183942210789510e+01 1.233589412870491131e+01
8.336913840275867599e-04 2.245087106733494409e+01 3.291702843463622230e+01 1.058250816996607924e+01 1.227047154131325080e+01
7.296714143384246684e-04 2.238733155891312521e+01 3.284332104886361492e+01 1.055321409525083531e+01 1.220509689287595911e+01
6.393919303821104421e-04 2.232386725249850912e+01 3.276967995757340901e+01 1.052395724006832900e+01 1.213977022483926582e+01
5.610389422630534216e-04 2.226047820625367279e+01 3.269610515097550518e+01 1.049473764657878760e+01 1.207449157935825745e+01
4.930371525081655906e-04 2.219716447864983166e+01 3.262259661943423339e+01 1.046555535701303086e+01 1.200926099930335411e+01
4.340168591422977366e-04 2.213392612845830598e+01 3.254915435347515285e+01 1.043641041366393907e+01 1.194407852830613948e+01
3.827895773122966792e-04 2.207076321477129355e+01 3.247577834378089534e+01 1.040730285888391471e+01 1.187894421077720253e+01
3.383246186702028855e-04 2.200767579699749632e+01 3.240246858119517270e+01 1.037823273508672983e+01 1.181385809193176151e+01
2.997288615326165967e-04 2.194466393485696898e+01 3.232922505672656399e+01 1.034920008475698161e+01 1.174882021783022523e+01
2.662246749209226616e-04 2.188172768839891802e+01 3.225604776154599307e+01 1.032020495044124786e+01 1.168383063539771349e+01
2.371360939344628702e-04 2.181886711799677059e+01 3.218293668699114107e+01 1.029124737473911644e+01 1.161888939244790464e+01
2.118794436807011964e-04 2.175608228434410663e+01 3.210989182456864199e+01 1.026232740032695467e+01 1.155399653771424973e+01
1.899461468160303080e-04 2.169337324847193216e+01 3.203691316595202210e+01 1.023344506994195946e+01 1.148915212088833293e+01
1.708950099053033666e-04 2.163074007174235192e+01 3.196400070298693308e+01 1.020460042638024589e+01 1.142435619263689439e+01
1.543453391867530798e-04 2.156818281584594388e+01 3.189115442769173825e+01 1.017579351250272168e+01 1.135960880463427713e+01
1.399657315046925457e-04 2.150570154281728108e+01 3.181837433225633660e+01 1.014702437123788670e+01 1.129491000958953251e+01
1.274685188409226111e-04 2.144329631502886357e+01 3.174566040904754161e+01 1.011829304557562992e+01 1.123025986127444220e+01
1.166047955529776178e-04 2.138096719518971867e+01 3.167301265060849147e+01 1.008959957856503564e+01 1.116565841455248886e+01
1.071579041425159873e-04 2.131871424635826529e+01 3.160043104965887295e+01 1.006094401332385146e+01 1.110110572544325436e+01
9.894023383855520665e-05 2.125653753193740769e+01 3.152791559909914909e+01 1.003232639303141838e+01 1.103660185109398917e+01
9.178876049321458143e-05 2.119443711567416955e+01 3.145546629201014355e+01 1.000374676092691040e+01 1.097214684983170407e+01
8.556226925597017273e-05 2.113241306166988309e+01 3.138308312165398561e+01 9.975205160314127184e+00 1.090774078119872037e+01
8.013988183183365550e-05 2.107046543437658670e+01 3.131076608147723306e+01 9.946701634559730110e+00 1.084338370607123814e+01
7.541416448909291255e-05 2.100859429859721672e+01 3.123851516511097515e+01 9.918236227090964974e+00 1.077907568651272641e+01
7.129495914474978777e-05 2.094679971949394925e+01 3.116633036637200505e+01 9.889808981394661913e+00 1.071481678592112630e+01
6.769753411839432827e-05 2.088508176258542903e+01 3.109421167926531737e+01 9.861419941022198543e+00 1.065060706904530718e+01
6.455530161717957724e-05 2.082344049374721706e+01 3.102215909798453453e+01 9.833069149584993340e+00 1.058644660212575062e+01
6.180566699490475113e-05 2.076187597921906303e+01 3.095017261691323895e+01 9.804756650750768188e+00 1.052233545268569870e+01
