1.138287968975248532e+00 1.000640634180317567e+00 1.062986464732176284e+00 1.166197075353790469e+00 1.009886578191807827e+00
1.270023621315308215e+00 1.001268859212558704e+00 1.125676496661883741e+00 1.330853754552897117e+00 1.019652948174864848e+00
1.395345386668344734e+00 1.001883759042705879e+00 1.188072130298863938e+00 1.493987212441301393e+00 1.029301000634144758e+00
1.514403898700420914e+00 1.002484253620849364e+00 1.250175075231017230e+00 1.655607898489279917e+00 1.038832569716368726e+00
1.627361244067776713e+00 1.003069082853406124e+00 1.311986702495283152e+00 1.815719781959954870e+00 1.048249428776730996e+00
1.734389278206300400e+00 1.003636792027445601e+00 1.373508024221808510e+00 1.974320961580680933e+00 1.057553289053850376e+00
1.835668107372479652e+00 1.004185717794779498e+00 1.434739688712086680e+00 2.131404067363052768e+00 1.066745795681638409e+00
1.931384368510027594e+00 1.004713960295794406e+00 1.495681965593000484e+00 2.286956549720121412e+00 1.075828524341966075e+00
2.021729456822422666e+00 1.005219366080638332e+00 1.556334727954844732e+00 2.440961002885729147e+00 1.084802977010052016e+00
2.106897857730601231e+00 1.005699508356206362e+00 1.616697434409942069e+00 2.593395381198718042e+00 1.093670576219920587e+00
2.187085613733186662e+00 1.006151664327818995e+00 1.676769111080772756e+00 2.744233183275816668e+00 1.102432658606836924e+00
2.262488954523856677e+00 1.006572787561871296e+00 1.736548330312051025e+00 2.893443653817261207e+00 1.111090467843056206e+00
2.333302898912465562e+00 1.006959485649756347e+00 1.796033189858122991e+00 3.040991959728801319e+00 1.119645146506561995e+00
2.399720039540549354e+00 1.007307994395446826e+00 1.855221287102880590e+00 3.186839251336833101e+00 1.128097725451544076e+00
2.461929689283746558e+00 1.007614148387799835e+00 1.914109672634544346e+00 3.330942702418361989e+00 1.136449115307536228e+00
2.520117125295661342e+00 1.007873351802584416e+00 1.972694823424353094e+00 3.473255536677881228e+00 1.144700090402096748e+00
2.574462889325914716e+00 1.008080543936443529e+00 2.030972599483665153e+00 3.613727026741106130e+00 1.152851280624664243e+00
2.625142233254467161e+00 1.008230170471070775e+00 2.088938198130693369e+00 3.752302456461230395e+00 1.160903149941667989e+00
2.672324731335016690e+00 1.008316157360355181e+00 2.146586097036112584e+00 3.888923044256980877e+00 1.168855978682702190e+00
2.716174011755497109e+00 1.008331880849291595e+00 2.203909985860890597e+00 4.023525825874832762e+00 1.176709849504178340e+00
2.756847566420278284e+00 1.008270140200274945e+00 2.260902691008538135e+00 4.156043507764159983e+00 1.184464612706044306e+00
2.794496637508312453e+00 1.008123131727270305e+00 2.317556083473056638e+00 4.286404279901967485e+00 1.192119873569473576e+00
2.829266182567313326e+00 1.007882427100659894e+00 2.373860966036175135e+00 4.414531607011019432e+00 1.199674953098156971e+00
2.861294904503834502e+00 1.007538958618127367e+00 2.429806944833019067e+00 4.540343986128781317e+00 1.207128858568381924e+00
2.890715328132771766e+00 1.007083010997535721e+00 2.485382280406260413e+00 4.663754676637968721e+00 1.214480252819140960e+00
2.917653913947458211e+00 1.006504221636465024e+00 2.540573703514214632e+00 4.784671409052974056e+00 1.221727395562032470e+00
2.942231203816175977e+00 1.005791590347318021e+00 2.595366185215499222e+00 4.902996080774603804e+00 1.228868118112229624e+00
2.964561992548356173e+00 1.004933505913034431e+00 2.649742668453212602e+00 5.018624450106269563e+00 1.235899746076300598e+00
2.984755517919687851e+00 1.003917784751214404e+00 2.703683759646998475e+00 5.131445844970576431e+00 1.242819049330219139e+00
3.002915663152856407e+00 1.002731728885964069e+00 2.757167331009312772e+00 5.241342904968543159e+00 1.249622175977120220e+00
3.019141167882850141e+00 1.001362202057799911e+00 2.810168036774871592e+00 5.348191390835571823e+00 1.256304543319042288e+00
3.033525843946409228e+00 9.997957258122475155e-01 2.862656757730266843e+00 5.451860097821234596e+00 1.262860789315156662e+00
3.046158793730105341e+00 9.980186066004088641e-01 2.914599829678145237e+00 5.552210914367819328e+00 1.269284613067921397e+00
3.057124627497903813e+00 9.960170779556536402e-01 2.965958211285008250e+00 5.649099113413439177e+00 1.275568684628022087e+00
3.066503677691113428e+00 9.937774691724226006e-01 3.016686453695915926e+00 5.742373939460516219e+00 1.281704498447340912e+00
3.074372209860027905e+00 9.912863929746318359e-01 3.066731419284465687e+00 5.831879573682288154e+00 1.287682156939707445e+00
3.080802626312079351e+00 9.885309531852592979e-01 3.116030739291668628e+00 5.917456565383196754e+00 1.293490291272454851e+00
3.085863671216299675e+00 9.854989738252493137e-01 3.164511014502858099e+00 5.998944130759851667e+00 1.299115700279888097e+00
3.089620617367437205e+00 9.821792278084464645e-01 3.212085743571375218e+00 6.076182826908969936e+00 1.304543151577903348e+00
3.092135449710251560e+00 9.785616715328567805e-01 3.258652955797224582e+00 6.149018155325634005e+00 1.309755075922244050e+00
3.093467044408918287e+00 9.746376730460183380e-01 3.304092907889820907e+00 6.217305015417163183e+00 1.314731246629526673e+00
3.093671339466818271e+00 9.704002303851664291e-01 3.348265877596767748e+00 6.280912926593559042e+00 1.319448390240711033e+00
3.092801490841102563e+00 9.658441604477688847e-01 3.391010602872115864e+00 6.339731735398475010e+00 1.323879749913816406e+00
3.090908027931832169e+00 9.609662572825035110e-01 3.432144043335484174e+00 6.393677552272539977e+00 1.327994620497773948e+00
3.088039003581507291e+00 9.557654103082610098e-01 3.471463342298504173e+00 6.442698437167470260e+00 1.331757859801846466e+00
3.084240126865839038e+00 9.502426818974042400e-01 3.508750559806654401e+00 6.486779278182445374e+00 1.335129401896692158e+00
3.079554893763415180e+00 9.444013356833809159e-01 3.543781177158578988e+00 6.525945254423739961e+00 1.338063789909512691e+00
3.074024711068921611e+00 9.382467974182912007e-01 3.576335626113896105e+00 6.560263388761882197e+00 1.340509831305876753e+00
3.067689018568030779e+00 9.317865831902529816e-01 3.606213051168359662e+00 6.589842088298803802e+00 1.342410434247398809e+00
3.060585392512616298e+00 9.250301735819895788e-01 3.633245709483974739e+00 6.614828398906638540e+00 1.343702732235368291e+00
3.052750024525258787e+00 9.179888801067499493e-01 3.657311481646689177e+00 6.635403568306061928e+00 1.344318701720285780e+00
3.243397831020682354e+00 9.639028433264410500e-01 4.001302154139656508e+00 7.093866477288401029e+00 1.518174862167458450e+00
3.425598887079322807e+00 1.005756940106789399e+00 4.314479702354374169e+00 7.511922330959902361e+00 1.682058951391903312e+00
3.599714193396502893e+00 1.043726645767694139e+00 4.597348787252410141e+00 7.892063834256745736e+00 1.835341385202411857e+00
3.766082376524010122e+00 1.077994050572129270e+00 4.850916848179643637e+00 8.236844339321553576e+00 1.977409432485525809e+00
3.925022246535415427e+00 1.108745872048449765e+00 5.076606694688063470e+00 8.548820931821996538e+00 2.107714696787875486e+00
4.076834291654981790e+00 1.136171332776050091e+00 5.276152634938308772e+00 8.830508522771326696e+00 2.225822103170958854e+00
4.221802203248976149e+00 1.160460091721826181e+00 5.451493558355695157e+00 9.084339913912749864e+00 2.331457249563683387e+00
4.360194416439896692e+00 1.181800613270759470e+00 5.604673449139390584e+00 9.312639157215818031e+00 2.424542360168000954e+00
4.492265242990855612e+00 1.200378442227779008e+00 5.737757794079463736e+00 9.517601217290049931e+00 2.505217856034369195e+00
4.618256014957882627e+00 1.216374729161239898e+00 5.852766811026711480e+00 9.701279716463252711e+00 2.573843947571798019e+00
4.738396022478566394e+00 1.229965251034827345e+00 5.951626706052514315e+00 9.865582364509993596e+00 2.630982604364494382e+00
4.852903312576115624e+00 1.241319431571169529e+00 6.036137384405421358e+00 1.001226959908418834e+01 2.677362957513464092e+00
4.961985457894655838e+00 1.250599527892096496e+00 6.107954588168041710e+00 1.014295647867284345e+01 2.713836102384049820e+00
5.065840367454534920e+00 1.257960161420059064e+00 6.168581740062872854e+00 1.025911994297899987e+01 2.741326225957398499e+00
5.164657033658037300e+00 1.263548050150741231e+00 6.219370106883464366e+00 1.036210574234466542e+01 2.760784085324305526e+00
5.258616081744175830e+00 1.267501790441886822e+00 6.261524499477542527e+00 1.045313614801172086e+01 2.773147505339122354e+00
5.347890181828479861e+00 1.269951797407039562e+00 6.296112273930614123e+00 1.053331923233586309e+01 2.779311139819405696e+00
5.432644561319203369e+00 1.271020266000418397e+00 6.324074328558825897e+00 1.060365810094816119e+01 2.780105784086711385e+00
5.513037497749330385e+00 1.270821502171286310e+00 6.346236949738486288e+00 1.066505960585649149e+01 2.776286412147007887e+00
5.589220754895861454e+00 1.269462139679757406e+00 6.363323691525350156e+00 1.071834289278776353e+01 2.768527296386616321e+00
5.661339927867166111e+00 1.267041374033793133e+00 6.375966846291212242e+00 1.076424757528832288e+01 2.757422360181618792e+00
5.729534933313613188e+00 1.263651275873375113e+00 6.384718228409311358e+00 1.080344127094116224e+01 2.743489073454268290e+00
5.793940132013914557e+00 1.259377170025678838e+00 6.390059003301368890e+00 1.083652656861122310e+01 2.727174479163639642e+00
5.854684977874761387e+00 1.254298021807032981e+00 6.392408538777996085e+00 1.086404746496647533e+01 2.708862274036369922e+00
5.911893868335316604e+00 1.248486812575962945e+00 6.392132300020752389e+00 1.088649520437548901e+01 2.688880181866058372e+00
5.965686614620688388e+00 1.242010907470236569e+00 6.389548891202001535e+00 1.090431359850339454e+01 2.667507133432045929e+00
6.016178703506907866e+00 1.234932428439341034e+00 6.384936215862409448e+00 1.091790381151344569e+01 2.644979984160344522e+00
6.063481434378354962e+00 1.227308621337709127e+00 6.378536841549069969e+00 1.092762870748074455e+01 2.621499556615940918e+00
6.107702261431246171e+00 1.219192205667934292e+00 6.370562675619886761e+00 1.093381672537474891e+01 2.597235979153396990e+00
6.148944913930487033e+00 1.210631705480159193e+00 6.361199033318333917e+00 1.093676536271009958e+01 2.572333350629645299e+00
6.187309559627824918e+00 1.201671763923562120e+00 6.350608155522403209e+00 1.093674435234658837e+01 2.546913785920270179e+00
6.222893117854860101e+00 1.192353441268462877e+00 6.338932271846100086e+00 1.093399849694301729e+01 2.521080833061358550e+00
6.255788858896385030e+00 1.182714203450228263e+00 6.326296200101066525e+00 1.092874953090470136e+01 2.494922263528625450e+00
6.216630292467836938e+00 1.166943545148014572e+00 6.305185178104316002e+00 1.089075405071711167e+01 2.465709084138156815e+00
6.177385919851298368e+00 1.151319655560367750e+00 6.284044263676276110e+00 1.085260627640444930e+01 2.436669324017266547e+00
6.138063299904874981e+00 1.135844189974491769e+00 6.262882008260704403e+00 1.081432313733126271e+01 2.407808891985057098e+00
6.098670907789847995e+00 1.120518594279177327e+00 6.241705982432557143e+00 1.077592012965349610e+01 2.379132724333222537e+00
6.059216933974743036e+00 1.105344090056273654e+00 6.220522826440665121e+00 1.073741133592215036e+01 2.350645056613207995e+00
6.019709304697144603e+00 1.090321694829795351e+00 6.199338393356899957e+00 1.069880957879604644e+01 2.322349572940933360e+00
5.980155724693308805e+00 1.075452234476861779e+00 6.178157892223500092e+00 1.066012665054842756e+01 2.294249445356485229e+00
5.940563703171926946e+00 1.060736358579458471e+00 6.156985961880310221e+00 1.062137337154702799e+01 2.266347420618745723e+00
5.900940556753647037e+00 1.046174557437068220e+00 6.135826695437534894e+00 1.058255962614048151e+01 2.238645880504544827e+00
5.861293399141926486e+00 1.031767175738998565e+00 6.114683728363778492e+00 1.054369447915852120e+01 2.211146897788180965e+00
5.821629145290280860e+00 1.017514424779937698e+00 6.093560311824283815e+00 1.050478627299981049e+01 2.183852283317332610e+00
5.781954506274183281e+00 1.003416393059050060e+00 6.072459353225921674e+00 1.046584269988087534e+01 2.156763619438283097e+00
5.742276012168834320e+00 9.894730542104963611e-01 6.051383450976720368e+00 1.042687084959485055e+01 2.129882287160396626e+00
5.702600023630282067e+00 9.756842774062588486e-01 6.030334936383820121e+00 1.038787726842580561e+01 2.103209490908271029e+00
5.662932731487081206e+00 9.620498363926345275e-01 6.009315894342293518e+00 1.034886799764656651e+01 2.076746280803319689e+00
5.623280160378215875e+00 9.485694175376414572e-01 5.988328176859861962e+00 1.030984863931661089e+01 2.050493571798082115e+00
5.583648171366292878e+00 9.352426204557185985e-01 5.967373469817644605e+00 1.027082430847154626e+01 2.024452159262923878e+00
5.544042466717013617e+00 9.220689724153305900e-01 5.946453250306545257e+00 1.023179981915167680e+01 1.998622732292166360e+00
5.504468594590106179e+00 9.090479266581997786e-01 5.925568888033338588e+00 1.019277954132001796e+01 1.973005884797337073e+00
5.464931943329390585e+00 8.961788764771514426e-01 5.904721603028649568e+00 1.015376761830373553e+01 1.947602125113437221e+00
5.425437766544039420e+00 8.834611558024231259e-01 5.883912513876611960e+00 1.011476786573139819e+01 1.922411886572836570e+00
5.385991149363531960e+00 8.708940484264362514e-01 5.863142618003035267e+00 1.007578386478563814e+01 1.897435528114850500e+00
5.346597061233684833e+00 8.584767855025636774e-01 5.842412824672239324e+00 1.003681893101857803e+01 1.872673348590014220e+00
5.307260309923750974e+00 8.462085584540652849e-01 5.821723946892779722e+00 9.997876172850132193e+00 1.848125579985545386e+00
5.267985581895725744e+00 8.340885104252790949e-01 5.801076723463301832e+00 9.958958468850577006e+00 1.823792405188921606e+00
5.228777429055323722e+00 8.221157500931822737e-01 5.780471821535249966e+00 9.920068512710034980e+00 1.799673954638007167e+00
5.189640272615468675e+00 8.102893471125195424e-01 5.759909848365660778e+00 9.881208820111535118e+00 1.775770312942449358e+00
5.150578408990091894e+00 7.986083396579979343e-01 5.739391359854640662e+00 9.842381745266708393e+00 1.752081518972555374e+00
5.111596011465506351e+00 7.870717361133249268e-01 5.718916848941809405e+00 9.803589500201692175e+00 1.728607570704063123e+00
5.072697127820922525e+00 7.756785168729211088e-01 5.698486783672486844e+00 9.764834155593442588e+00 1.705348423838395355e+00
5.033885690737796459e+00 7.644276372488675309e-01 5.678101578369314062e+00 9.726117665302203008e+00 1.682303995302503186e+00
4.995165514275631935e+00 7.533180333689564190e-01 5.657761609039954287e+00 9.687441857295153724e+00 1.659474164760074366e+00
4.956540299065655297e+00 7.423486168530610829e-01 5.637467233171021164e+00 9.648808457681683493e+00 1.636858776038473184e+00
4.918013635962369179e+00 7.315182785915376185e-01 5.617218753753393301e+00 9.610219087129145521e+00 1.614457637561183878e+00
4.879589006295997677e+00 7.208259031163786190e-01 5.597016467163478559e+00 9.571675275342114375e+00 1.592270525017118521e+00
4.841269786530786767e+00 7.102703508527901111e-01 5.576860631985459449e+00 9.533178465594266626e+00 1.570297183887670256e+00
4.803059250336065844e+00 6.998504641316193320e-01 5.556751485994769091e+00 9.494730017543083989e+00 1.548537322351775103e+00
4.764960570618773872e+00 6.895650867890923408e-01 5.536689248351751580e+00 9.456331223768911443e+00 1.526990621261451686e+00
4.726976822114031584e+00 6.794130419054825731e-01 5.516674115198703987e+00 9.417983310258652097e+00 1.505656737058572947e+00
4.689110984476471344e+00 6.693931383569884375e-01 5.496706269952860602e+00 9.379687417641939362e+00 1.484535285890625333e+00
4.651365943011644077e+00 6.595041866267299380e-01 5.476785875781262192e+00 9.341444659980419729e+00 1.463625857613839010e+00
4.613744493049476425e+00 6.497449833054487200e-01 5.456913085451019718e+00 9.303256090702133108e+00 1.442928021676517458e+00
4.576249340445208702e+00 6.401143160304619828e-01 5.437088037547894714e+00 9.265122674599652441e+00 1.422441309261325948e+00
4.538883105232287107e+00 6.306109716176294677e-01 5.417310855883209264e+00 9.227045378866524317e+00 1.402165223335679833e+00
4.501648323129468388e+00 6.212337293713773301e-01 5.397581657994768634e+00 9.189025111560045644e+00 1.382099245835967771e+00
4.464547448273563646e+00 6.119813638831753666e-01 5.377900545350364325e+00 9.151062706488627185e+00 1.362242826214198121e+00
4.427582855121923622e+00 6.028526490842830432e-01 5.358267614428845249e+00 9.113158999102454416e+00 1.342595385845706701e+00
4.390756840880627898e+00 5.938463548630928956e-01 5.338682950936632032e+00 9.075314774568534304e+00 1.323156321708277128e+00
4.354071627573850023e+00 5.849612486836407443e-01 5.319146631970134820e+00 9.037530767716734914e+00 1.303925003241054537e+00
4.317529363808083609e+00 5.761960999148959539e-01 5.299658728555452392e+00 8.999807701343417676e+00 1.284900773686729725e+00
4.281132127569522439e+00 5.675496754849271852e-01 5.280219303336600056e+00 8.962146261268461700e+00 1.266082950174037602e+00
4.244881927010787592e+00 5.590207413137334713e-01 5.260828414018117627e+00 8.924547099768142644e+00 1.247470824397203470e+00
4.208780703897269326e+00 5.506080674569807654e-01 5.241486111486996613e+00 8.887010851434331116e+00 1.229063662905743648e+00
4.172830333845514161e+00 5.423104231295429178e-01 5.222192441551769981e+00 8.849538123176301951e+00 1.210860707278421877e+00
4.137032629838392594e+00 5.341265781657011935e-01 5.202947445426056916e+00 8.812129494833515153e+00 1.192861174097216148e+00
4.101389342561752471e+00 5.260553073119949019e-01 5.183751158468550280e+00 8.774785532765875473e+00 1.175064254965910271e+00
4.065902163281289283e+00 5.180953865110737855e-01 5.164603613100652524e+00 8.737506779373351407e+00 1.157469118229518701e+00
4.030572724894417647e+00 5.102455941285536367e-01 5.145504836418354877e+00 8.700293752964512350e+00 1.140074907762446355e+00
3.995402603737795211e+00 5.025047136755975696e-01 5.126454852397360540e+00 8.663146963235590192e+00 1.122880743233495071e+00
3.960393321538942857e+00 4.948715317008622883e-01 5.107453681393002043e+00 8.626066898296762986e+00 1.105885721542088973e+00
3.925546346183040214e+00 4.873448386326533210e-01 5.088501339986048144e+00 8.589054026253203133e+00 1.089088916309459476e+00
3.890863094387229104e+00 4.799234306880346135e-01 5.069597842254732534e+00 8.552108807468211893e+00 1.072489378609020605e+00
3.856344931685266264e+00 4.726061083442226196e-01 5.050743198768201658e+00 8.515231684343799401e+00 1.056086136603049619e+00
3.821993175517951258e+00 4.653916769092186767e-01 5.031937417867852425e+00 8.478423083856649001e+00 1.039878196634735685e+00
3.787809094787535802e+00 4.582789484736827235e-01 5.013180505119366970e+00 8.441683424399863966e+00 1.023864544120085318e+00
3.753793912953148126e+00 4.512667402554747520e-01 4.994472463605178270e+00 8.405013110211401184e+00 1.008044142086911954e+00
3.719948807810515845e+00 4.443538751045576496e-01 4.975813294457214653e+00 8.368412533500869444e+00 9.924159330308714999e-01
3.686274913666479414e+00 4.375391834038285244e-01 4.957202996234580716e+00 8.331882078202633934e+00 9.769788396195611124e-01
3.652773322147530255e+00 4.308215014140641674e-01 4.938641565923032495e+00 8.295422116580486005e+00 9.617317635086387595e-01
3.619445083168658872e+00 4.241996717100883219e-01 4.920128998346080529e+00 8.259033011025380233e+00 9.466735869204347953e-01
3.586291206360984862e+00 4.176725449279860003e-01 4.901665286558646528e+00 8.222715117044144151e+00 9.318031732298863723e-01
3.553312661050499699e+00 4.112389783181501501e-01 4.883250422046015338e+00 8.186468779810526897e+00 9.171193663470376123e-01
3.520510379844609350e+00 4.048978361454083075e-01 4.864884394453332206e+00 8.150294336220953895e+00 9.026209918882542871e-01
3.487885258445127867e+00 3.986479910192267662e-01 4.846567192128372170e+00 8.114192117497770695e+00 8.883068579304038703e-01
3.455438151077399045e+00 3.924883228371760513e-01 4.828298801787400230e+00 8.078162445760405319e+00 8.741757543860271262e-01
3.423169882520610496e+00 3.864177190884326429e-01 4.810079208856310906e+00 8.042205636248199951e+00 8.602264541974633527e-01
3.391081242326901446e+00 3.804350759132015258e-01 4.791908397452263380e+00 8.006321999076460472e+00 8.464577143328014808e-01
3.359172983018597236e+00 3.745392972500189432e-01 4.773786350340817997e+00 7.970511836707898645e+00 8.328682748334064190e-01
3.327445823018829074e+00 3.687292950534264424e-01 4.755713049236002909e+00 7.934775445878687883e+00 8.194568602389420420e-01
3.295900453892850024e+00 3.630039902681169717e-01 4.737688474538379602e+00 7.899113118552731905e+00 8.062221806599780827e-01
3.264537533863878682e+00 3.573623120082821125e-01 4.719712605691260165e+00 7.863525140323091023e+00 7.931629307335722467e-01
3.233357683501586699e+00 3.518031977237474628e-01 4.701785421029069489e+00 7.828011791984659240e+00 7.802777911114568976e-01
3.202361501227567242e+00 3.463255941380271596e-01 4.683906897840217631e+00 7.792573350034792234e+00 7.675654293582641063e-01
3.171549553749077432e+00 3.409284564405194451e-01 4.666077012525890133e+00 7.757210085462471483e+00 7.550244993078298883e-01
3.140922375864901639e+00 3.356107484254776119e-01 4.648295740452572211e+00 7.721922265250413808e+00 7.426536422953363692e-01
3.110480474970775067e+00 3.303714433393001859e-01 4.630563056177956049e+00 7.686710152596289980e+00 7.304514880495239781e-01
3.080224332266906728e+00 3.252095231482111659e-01 4.612878933343615095e+00 7.651574005793573718e+00 7.184166542528481747e-01
3.050154400463555682e+00 3.201239786519919361e-01 4.595243344756122283e+00 7.616514079792129799e+00 7.065477476581505378e-01
3.020271103445521632e+00 3.151138102032181032e-01 4.577656262435979784e+00 7.581530626162874320e+00 6.948433648483540725e-01
2.990574841613612200e+00 3.101780270788165317e-01 4.560117657524277668e+00 7.546623892150361002e+00 6.833020921534200820e-01
2.961065988904633350e+00 3.053156475624605459e-01 4.542627500535398433e+00 7.511794122152124054e+00 6.719225065174304623e-01
2.931744891275512632e+00 3.005256995568147960e-01 4.525185761261816708e+00 7.477041557496208135e+00 6.607031762198691816e-01
2.902611871832025514e+00 2.958072200320808753e-01 4.507792408650723281e+00 7.442366435761889498e+00 6.496426610356255127e-01
2.873667229333521256e+00 2.911592550769087628e-01 4.490447410929780503e+00 7.407768992043152423e+00 6.387395129409579875e-01
2.844911237207671029e+00 2.865808604436833051e-01 4.473150735911969100e+00 7.373249458645132037e+00 6.279922767665329086e-01
2.816344143700503455e+00 2.820711010379795547e-01 4.455902350730904793e+00 7.338808064605597536e+00 6.173994905561697166e-01
2.787966176108053862e+00 2.776290509449452770e-01 4.438702221459633002e+00 7.304445036784890100e+00 6.069596861643914432e-01
2.759777537950296011e+00 2.732537939255061943e-01 4.421550313931989606e+00 7.270160599517248023e+00 5.966713898133372274e-01
2.731778407071402626e+00 2.689444229354800431e-01 4.404446593409231170e+00 7.235954974221418645e+00 5.865331226141130561e-01
2.703968941876053300e+00 2.647000401347012755e-01 4.387391024505613579e+00 7.201828380429098786e+00 5.765434011048117258e-01
2.676349277749272115e+00 2.605197573298027036e-01 4.370383570884908586e+00 7.167781035363358200e+00 5.667007376902881699e-01
2.648919527249401273e+00 2.564026955302091682e-01 4.353424196106389310e+00 7.133813153621530567e+00 5.570036412798140546e-01
2.621679781069297555e+00 2.523479849433034605e-01 4.336512863035612675e+00 7.099924948142307457e+00 5.474506178176241633e-01
2.594630109656480776e+00 2.483547653583259851e-01 4.319649533932737206e+00 7.066116629735978094e+00 5.380401705941839641e-01
2.567770561857835254e+00 2.444221857444289214e-01 4.302834170445219542e+00 7.032388406877482900e+00 5.287708009472885662e-01
2.541101164308730009e+00 2.405494042323663706e-01 4.286066733848790555e+00 6.998740486504432923e+00 5.196410088325037480e-01
2.514621924618791304e+00 2.367355884440521807e-01 4.269347184852335886e+00 6.965173073612744403e+00 5.106492930018085019e-01
2.488332829604007923e+00 2.329799151282229974e-01 4.252675483605319329e+00 6.931686371112257383e+00 5.017941517199944190e-01
2.462233845082084649e+00 2.292815701293521025e-01 4.236051589788954352e+00 6.898280580463888256e+00 4.930740834116005833e-01
2.436324917301813553e+00 2.256397486724080192e-01 4.219475462620652095e+00 6.864955901349501843e+00 4.844875867061355645e-01
2.410605973196366936e+00 2.220536550283194188e-01 4.202947060829996140e+00 6.831712531567040614e+00 4.760331611305915755e-01
2.385076919810908525e+00 2.185225024721629550e-01 4.186466342576520283e+00 6.798550667545882220e+00 4.677093078599304787e-01
2.359737644141506330e+00 2.150455135296189535e-01 4.170033265665702871e+00 6.765470504071146252e+00 4.595145296294649850e-01
2.334588015098217895e+00 2.116219196679536840e-01 4.153647787413692782e+00 6.732472234201940076e+00 4.514473313719607472e-01
2.309627882403355148e+00 2.082509612459634007e-01 4.137309864661093073e+00 6.699556049703828897e+00 4.435062210911490665e-01
2.284857076286644695e+00 2.049318877241026182e-01 4.121019453731401327e+00 6.666722140779304695e+00 4.356897096441575967e-01
2.260275409074578246e+00 2.016639573274212061e-01 4.104776510606711781e+00 6.633970695909913395e+00 4.279963112979934259e-01
2.235882674719917862e+00 1.984464369888138402e-01 4.088580990798697634e+00 6.601301902546306444e+00 4.204245447372708666e-01
2.211678648746733700e+00 1.952786027268940405e-01 4.072432849337370264e+00 6.568715946698244323e+00 4.129729327234970548e-01
2.187663088446232695e+00 1.921597392723402298e-01 4.056332040823336982e+00 6.536213013095120594e+00 4.056400025520485730e-01
2.163835733737979439e+00 1.890891401241636127e-01 4.040278519472296992e+00 6.503793284409627340e+00 3.984242871961627963e-01
2.140196306762937706e+00 1.860661066444747880e-01 4.024272239060523226e+00 6.471456942570857684e+00 3.913243248538075258e-01
2.116744511783182237e+00 1.830899496146891625e-01 4.008313152897573950e+00 6.439204168453698252e+00 3.843386592926389955e-01
2.093480036209246276e+00 1.801599883177617545e-01 3.992401213921362935e+00 6.407035141585373239e+00 3.774658411243390632e-01
2.070402550210592718e+00 1.772755505084167571e-01 3.976536374650560202e+00 6.374950039945313840e+00 3.707044272522309614e-01
2.047511706887207517e+00 1.744359720411799430e-01 3.960718587189594242e+00 6.342949039426049040e+00 3.640529810975547398e-01
2.024807142549846617e+00 1.716405963977571947e-01 3.944947803213948667e+00 6.311032316197092484e+00 3.575100739924895743e-01
2.002288477036001435e+00 1.688887767260218165e-01 3.929223974028110966e+00 6.279200044707597073e+00 3.510742845426378378e-01
1.979955313692270735e+00 1.661798739230102573e-01 3.913547050529225579e+00 6.247452398271311047e+00 3.447441987330755464e-01
1.957807239488634998e+00 1.635132571050618433e-01 3.897916983207779129e+00 6.215789547927853320e+00 3.385184114242072995e-01
1.935843825446633915e+00 1.608883026134112770e-01 3.882333722154659661e+00 6.184211664577193623e+00 3.323955256436289529e-01
1.914064626632041355e+00 1.583043955464279728e-01 3.866797217090863104e+00 6.152718917848684299e+00 3.263741525748840577e-01
1.892469182351502077e+00 1.557609290472133368e-01 3.851307417344507655e+00 6.121311476099054794e+00 3.204529131368287764e-01
1.871057016355636371e+00 1.532573040119316055e-01 3.835864271836014083e+00 6.089989506304764433e+00 3.146304372197279431e-01
1.849827637009705761e+00 1.507929290655585230e-01 3.820467729119497058e+00 6.058753174033249422e+00 3.089053635634196882e-01
1.828780537476950574e+00 1.483672202200278234e-01 3.805117737373173270e+00 6.027602644227047612e+00 3.032763413981623413e-01
1.807915195930896779e+00 1.459796017368066856e-01 3.789814244393766796e+00 5.996538080458668318e+00 2.977420296399544974e-01
1.787231075629083232e+00 1.436295052817337103e-01 3.774557197579439638e+00 5.965559645157602731e+00 2.923010966677153100e-01
1.766727625169103755e+00 1.413163700716853488e-01 3.759346543981692434e+00 5.934667499250156908e+00 2.869522220021071268e-01
1.746404278795282261e+00 1.390396426918946715e-01 3.744182230272637302e+00 5.903861802909230683e+00 2.816940954746670056e-01
1.726260456331897508e+00 1.367987772035879346e-01 3.729064202751082746e+00 5.873142715045292839e+00 2.765254169156276531e-01
1.706295563495795697e+00 1.345932350459634608e-01 3.713992407341139668e+00 5.842510393420119463e+00 2.714448978470562768e-01
1.686508992154552633e+00 1.324224849035079699e-01 3.698966789614257955e+00 5.811964994480195656e+00 2.664512606394235927e-01
1.666900120507774474e+00 1.302860026255658610e-01 3.683987294774573762e+00 5.781506673466747515e+00 2.615432381229590431e-01
1.647468313072087298e+00 1.281832709587771568e-01 3.669053867658607970e+00 5.751135584711090765e+00 2.567195752722846724e-01
1.628212921059056129e+00 1.261137800184715940e-01 3.654166452745458038e+00 5.720851881285147655e+00 2.519790283627607042e-01
1.609133282764015238e+00 1.240770267859003795e-01 3.639324994160359150e+00 5.690655715091884836e+00 2.473203645189473165e-01
1.590228723275445732e+00 1.220725151542988995e-01 3.624529435671444588e+00 5.660547236439774643e+00 2.427423633693631955e-01
1.571498554995515384e+00 1.200997557252750370e-01 3.609779720674273662e+00 5.630526594987624200e+00 2.382438162135514514e-01
1.552942078059456721e+00 1.181582659046478412e-01 3.595075792234572631e+00 5.600593939030930279e+00 2.338235255213791941e-01
1.534558580190353627e+00 1.162475698652236517e-01 3.580417593061914427e+00 5.570749415684274730e+00 2.294803065384517782e-01
1.516347336717751126e+00 1.143671983483081078e-01 3.565805065518470318e+00 5.540993170668270018e+00 2.252129864563854333e-01
1.498307611093546932e+00 1.125166886306093461e-01 3.551238151621425754e+00 5.511325348535610402e+00 2.210204039614311056e-01
