9.153259498348347734e+00 9.130628268667376091e+00 9.140905607300627622e+00 9.148657955368619810e+00 9.154242596467199178e+00
9.245217204831620350e+00 9.203308074797245553e+00 9.223882073057419362e+00 9.237795709164460689e+00 9.246765781148049257e+00
9.332195929663518186e+00 9.274142384479022283e+00 9.304969512836141377e+00 9.323606431359261038e+00 9.333920440373329797e+00
9.414501384449396326e+00 9.343227584678245989e+00 9.384207298342413850e+00 9.406271670699338117e+00 9.416039499598598539e+00
9.492423123160106613e+00 9.410654069734022187e+00 9.461633113076665325e+00 9.485962919039073071e+00 9.493439674743081369e+00
9.566235573305043260e+00 9.476506804467485168e+00 9.537283491868089769e+00 9.562841515459750141e+00 9.566421523818821271e+00
9.636198786038971065e+00 9.540864772595666565e+00 9.611193775651754478e+00 9.637059074547273951e+00 9.635270728750649383e+00
9.702559232898071429e+00 9.603801541819114718e+00 9.683398139167831431e+00 9.708758402709179336e+00 9.700258847631426207e+00
9.765550534895234946e+00 9.665385668245811246e+00 9.753929686811671829e+00 9.778073945637409281e+00 9.761643851565377616e+00
9.825394104419231667e+00 9.725680894064739235e+00 9.822820504406676534e+00 9.845132118533722831e+00 9.819670825845696172e+00
9.882299821810452300e+00 9.784746268789719537e+00 9.890101725271806643e+00 9.910051700496179450e+00 9.874572660246334621e+00
9.936466659915488719e+00 9.842636344279638294e+00 9.955803575184640763e+00 9.972944309810284125e+00 9.926570643854386589e+00
9.988083234760697593e+00 9.899401413181433185e+00 1.001995540774182381e+01 1.003391480861813179e+01 9.975875013159047455e+00
1.003732833077723008e+01 9.955087719793697332e+00 1.008258574392829310e+01 1.009306165780676068e+01 1.002268551569965105e+01
1.008437141426824191e+01 1.000973766086175765e+01 1.014372232569134979e+01 1.015047725066576412e+01 1.006719191036338579e+01
1.012937315326571763e+01 1.006338997190943729e+01 1.020339216594478238e+01 1.020624823827924388e+01 1.010957430072050300e+01
1.017248584006329182e+01 1.011607989536932983e+01 1.026162145334414078e+01 1.026045584344521977e+01 1.015000385273483907e+01
1.021385382331769165e+01 1.016783944119389105e+01 1.031843580943852068e+01 1.031317619725119883e+01 1.018864320740832063e+01
1.025361391316641502e+01 1.021869747674630347e+01 1.037386006755220080e+01 1.036448052901753236e+01 1.022564683263318308e+01
1.029189577502879693e+01 1.026867975268128141e+01 1.042791855845979399e+01 1.041443558082630361e+01 1.026116144447637879e+01
1.032882227653773555e+01 1.031780937047096103e+01 1.048063497574183955e+01 1.046310346545263670e+01 1.029532634673348745e+01
1.036450990044485287e+01 1.036610686621553512e+01 1.053203247257691189e+01 1.051054245024341682e+01 1.032827376398800290e+01
1.039906899555949238e+01 1.041359034036553233e+01 1.058213364900447928e+01 1.055680681155130962e+01 1.036012924589580209e+01
1.043260411042636981e+01 1.046027565659699299e+01 1.063096058034137670e+01 1.060194726732452608e+01 1.039101197045043357e+01
1.046521427233719059e+01 1.050617646309933129e+01 1.067853483504648437e+01 1.064601104112831997e+01 1.042103507113814942e+01
1.049699327386757197e+01 1.055130442806035873e+01 1.072487749545340741e+01 1.068904211765818069e+01 1.045030591657250341e+01
1.052802994511736401e+01 1.059566935678965827e+01 1.077000918056580403e+01 1.073108132777259449e+01 1.047892637301690932e+01
1.055840839390897834e+01 1.063927937332599249e+01 1.081395006115711332e+01 1.077216656340321954e+01 1.050699306881113948e+01
1.058820823798458122e+01 1.068214105034717321e+01 1.085671988767007434e+01 1.081233293353218450e+01 1.053459763846198705e+01
1.061750481893158771e+01 1.072425949871798068e+01 1.089833799717806251e+01 1.085161293005936223e+01 1.056182696040754010e+01
1.064636940678797572e+01 1.076563859981196458e+01 1.093882333650537042e+01 1.089003655857184327e+01 1.058876337282067581e+01
1.067486939943354862e+01 1.080628096307898112e+01 1.097819446268880839e+01 1.092763150415675355e+01 1.061548488091060705e+01
1.070306850296923251e+01 1.084618823502111340e+01 1.101646957045360509e+01 1.096442320868850118e+01 1.064206534579341401e+01
1.073102690383590385e+01 1.088536106226266931e+01 1.105366648567880539e+01 1.100043502093241976e+01 1.066857466808631649e+01
1.075880142534253459e+01 1.092379924621280551e+01 1.108980268997555108e+01 1.103568828643710198e+01 1.069507895102498196e+01
1.078644567817466893e+01 1.096150189892588855e+01 1.112489532195765207e+01 1.107020245030086869e+01 1.072164065604114924e+01
1.081401019057157420e+01 1.099846741802785566e+01 1.115896119125290475e+01 1.110399517023465776e+01 1.074831874590754133e+01
1.084154253551987601e+01 1.103469373244585583e+01 1.119201678635563546e+01 1.113708239822333113e+01 1.077516881163171902e+01
1.086908744299853424e+01 1.107017825399951683e+01 1.122407828164669930e+01 1.116947846890687046e+01 1.080224319341562200e+01
1.089668690003296980e+01 1.110491808526271207e+01 1.125516154856900286e+01 1.120119619496389163e+01 1.082959107291406298e+01
1.092438024064543001e+01 1.113890999372575052e+01 1.128528215578948668e+01 1.123224692103060640e+01 1.085725856164312830e+01
1.095220421662641463e+01 1.117215060167878526e+01 1.131445538179834465e+01 1.126264060395356736e+01 1.088528876769165343e+01
1.098019305610120888e+01 1.120463632600698389e+01 1.134269621365750780e+01 1.129238588216944450e+01 1.091372184709188176e+01
1.100837850634388992e+01 1.123636359335725032e+01 1.137001935657649909e+01 1.132149012900586271e+01 1.094259502992689370e+01
1.103678985662319967e+01 1.126732875661116928e+01 1.139643923576710094e+01 1.134995952747006953e+01 1.097194261720769859e+01
1.106545394201083177e+01 1.129752826664409326e+01 1.142197000032872900e+01 1.137779911382017595e+01 1.100179595344686589e+01
1.109439512264591876e+01 1.132695865608744512e+01 1.144662552897558072e+01 1.140501283782521291e+01 1.103218335534464067e+01
1.112363522899729951e+01 1.135561660883454493e+01 1.147041942928830593e+01 1.143160361525961299e+01 1.106313001563583853e+01
1.115319347888980950e+01 1.138349902514335810e+01 1.149336504399516912e+01 1.145757337853746805e+01 1.109465783099545355e+01
1.118308635187229960e+01 1.141060301368563756e+01 1.151547544928980038e+01 1.148292312618854361e+01 1.112678515264680712e+01
1.121332740966265362e+01 1.143692599833276269e+01 1.153676345912495904e+01 1.150765297228891448e+01 1.115952644993110532e+01
1.124392709747317376e+01 1.146246566515967125e+01 1.155724162472755268e+01 1.153176219682376313e+01 1.119289188562013315e+01
1.127489237909958675e+01 1.148722009131125432e+01 1.157692223523574526e+01 1.155524929754627905e+01 1.122688675149945503e+01
1.130622636810878667e+01 1.151118765843554925e+01 1.159581731986939701e+01 1.157811204400850791e+01 1.126151066913369370e+01
1.133792783961468054e+01 1.153436719507769403e+01 1.161393864509330598e+01 1.160034753359863835e+01 1.129675659557819678e+01
1.136999060873218603e+01 1.155675786949021777e+01 1.163129771736431017e+01 1.162195225058045978e+01 1.133260956975841260e+01
1.140240275427557215e+01 1.157835932707570770e+01 1.164790577967280782e+01 1.164292212855998621e+01 1.136904510571065963e+01
1.143514568144547994e+01 1.159917159729124769e+01 1.166377381269190927e+01 1.166325261640150401e+01 1.140602721523520380e+01
1.146819300677478815e+01 1.161919517893406528e+01 1.167891253215468517e+01 1.168293874735186932e+01 1.144350607384714635e+01
1.150150925558531334e+01 1.163843100367187411e+01 1.169333238834973265e+01 1.170197521023357368e+01 1.148141539124753585e+01
1.153504838769004692e+01 1.165688045299470232e+01 1.170704356536393753e+01 1.172035642508554432e+01 1.151966964902745794e+01
1.156875220466341680e+01 1.167454537197393627e+01 1.172005597748222350e+01 1.173807661667363078e+01 1.155816155338402673e+01
1.160254873375693130e+01 1.169142803819551624e+01 1.173237926850219637e+01 1.175512988781600932e+01 1.159676023325909178e+01
1.163635076112349864e+01 1.170753120324672913e+01 1.174402281008082838e+01 1.177151029334468291e+01 1.163531071462514355e+01
1.167005479732213047e+01 1.172285803467856979e+01 1.175499570147721151e+01 1.178721191059590367e+01 1.167363530751696388e+01
1.170354068479605658e+01 1.173741216899613349e+01 1.176530676884338433e+01 1.180222890510555267e+01 1.171153733866847091e+01
1.173667223992891984e+01 1.175119764192892902e+01 1.177496456508064604e+01 1.181655559223380614e+01 1.174880716554703319e+01
1.176929921644917520e+01 1.176421894071359198e+01 1.178397737136820922e+01 1.183018649394964505e+01 1.178523008893232848e+01
1.180126069834125069e+01 1.177648093435843535e+01 1.179235319931417258e+01 1.184311638923301047e+01 1.182059516121276666e+01
1.183238989514012118e+01 1.178798891564933982e+01 1.180009979519913621e+01 1.185534035881960158e+01 1.185470378740123287e+01
1.186251993494054702e+01 1.179874854472130075e+01 1.180722464618442480e+01 1.186685382380821352e+01 1.188737704654724148e+01
1.189149011164851544e+01 1.180876586508395754e+01 1.181373498882627615e+01 1.187765257901483373e+01 1.191846098117776620e+01
1.191915182808324047e+01 1.181804727351376982e+01 1.181963782024827658e+01 1.188773282108882690e+01 1.194782955192307838e+01
1.194537361596157332e+01 1.182659950876577604e+01 1.182493991228669827e+01 1.189709117200037447e+01 1.197538563612054929e+01
1.197004469555530726e+01 1.183442964080733084e+01 1.182964783041939327e+01 1.190572469822459034e+01 1.200105986411164771e+01
1.199307694322619611e+01 1.184154504435225164e+01 1.183376795031341722e+01 1.191363092647614330e+01 1.202480838079952896e+01
1.201440527368999867e+01 1.184795339513015477e+01 1.183730648434203303e+01 1.192080785624755102e+01 1.204661010924067810e+01
1.203398673348769954e+01 1.185366263756870708e+01 1.184026950955570356e+01 1.192725396995403742e+01 1.206646333182404263e+01
1.205179867324785192e+01 1.185868098443071261e+01 1.184266299539168799e+01 1.193296824087055974e+01 1.208438249445998913e+01
1.206783633200729255e+01 1.186301689259570935e+01 1.184449283252287799e+01 1.193795014049484848e+01 1.210039514128231453e+01
1.208211019613337989e+01 1.186667904789259964e+01 1.184576486376733584e+01 1.194219964393062483e+01 1.211453916008721343e+01
1.209464334347791592e+01 1.186967634097298330e+01 1.184648491503212142e+01 1.194571723430273202e+01 1.212686040703773571e+01
1.210546895227731490e+01 1.187201786052697017e+01 1.184665882428373429e+01 1.194850390648734084e+01 1.213741064441265749e+01
1.211462805602170612e+01 1.187371287070493864e+01 1.184629246795767621e+01 1.195056117224853764e+01 1.214624586446740651e+01
1.212216760298807294e+01 1.187477079523860368e+01 1.184539178412464366e+01 1.195189106512334121e+01 1.215342492168482202e+01
1.212813881568691698e+01 1.187520120333737239e+01 1.184396279213721925e+01 1.195249614578734487e+01 1.215900841813744648e+01
1.213259580253866687e+01 1.187501379226303477e+01 1.184201161001836233e+01 1.195237950781718617e+01 1.216305778004828042e+01
1.213559439161834952e+01 1.187421837232336230e+01 1.183954446625810419e+01 1.195154478473881632e+01 1.216563454001430955e+01
1.213719127481146032e+01 1.187282485461160064e+01 1.183656770808345726e+01 1.194999615891802947e+01 1.216679978898329395e+01
1.213744333870490166e+01 1.187084323101529293e+01 1.183308780636407853e+01 1.194773837026676233e+01 1.216661374783041438e+01
1.213640710316451177e+01 1.186828356778564242e+01 1.182911135734279462e+01 1.194477672727402329e+01 1.216513544065871955e+01
1.213413826394426032e+01 1.186515598260467108e+01 1.182464508153575444e+01 1.194111711890564287e+01 1.216242243560133929e+01
1.213069135798737896e+01 1.186147064204315171e+01 1.181969582003978836e+01 1.193676602810888099e+01 1.215853067123164166e+01
1.212611953435515488e+01 1.185723773681558413e+01 1.181427052868686367e+01 1.193173054737015093e+01 1.215351433965757622e+01
1.212047439399384174e+01 1.185246748295759467e+01 1.180837627116660116e+01 1.192601839426620636e+01 1.214742580453572174e+01
1.211380587308917534e+01 1.184717009587763847e+01 1.180202021039390381e+01 1.191963792771321984e+01 1.214031554920143030e+01
1.210616216299901815e+01 1.184135579274287053e+01 1.179520959875686614e+01 1.191259816490071444e+01 1.213223215442724978e+01
1.209758966560555216e+01 1.183503477087920430e+01 1.178795176793956045e+01 1.190490879619369657e+01 1.212322229951118935e+01
1.208813297874351278e+01 1.182821720473698157e+01 1.178025411908931197e+01 1.189658019873717265e+01 1.211333077798964908e+01
1.207783490277991767e+01 1.182091323366887892e+01 1.177212411277999315e+01 1.188762344726248621e+01 1.210260052652761864e+01
1.206673646098551345e+01 1.181313295115110051e+01 1.176356925588399704e+01 1.187805032027185348e+01 1.209107266310395445e+01
1.205487693028106833e+01 1.180488640152068669e+01 1.175459709267233066e+01 1.186787329950754888e+01 1.207878653201106545e+01
1.204229388224961639e+01 1.179618356349257802e+01 1.174521519338959585e+01 1.185710556135282090e+01 1.206577975038184469e+01
1.202902322486724529e+01 1.178703435322914750e+01 1.173543114467518400e+01 1.184576095790388983e+01 1.205208826137121747e+01
1.201509925674671742e+01 1.177744860465891286e+01 1.172525254002399819e+01 1.183385398557634893e+01 1.203774639642685074e+01
1.200055472172696192e+01 1.176743607659218327e+01 1.171468696996918801e+01 1.182139974341127164e+01 1.202278693368215912e+01
1.198542086492683367e+01 1.175700643174417692e+01 1.170374201394056257e+01 1.180841387575962464e+01 1.200724115391952829e+01
1.196972748845832513e+01 1.174616924618516123e+01 1.169242523122239596e+01 1.179491249944183728e+01 1.199113889593640536e+01
1.195350300748114414e+01 1.173493398893193174e+01 1.168074415259681409e+01 1.178091212459306369e+01 1.197450861124704069e+01
1.193677450649817118e+01 1.172331003023259299e+01 1.166870627350084000e+01 1.176642956311005328e+01 1.195737742852228003e+01
1.191956779525567001e+01 1.171130662709045467e+01 1.165631904667708518e+01 1.175148183030297311e+01 1.193977120427078908e+01
1.190190746338979366e+01 1.169893292952380826e+01 1.164358987516125410e+01 1.173608604513543874e+01 1.192171457993566008e+01
1.188381693282533824e+01 1.168619796838684799e+01 1.163052610728144032e+01 1.172025933139720522e+01 1.190323103402372062e+01
1.186531851080752453e+01 1.167311064412220745e+01 1.161713503035449691e+01 1.170401872240669583e+01 1.188434293274440101e+01
1.184643343690770578e+01 1.165967974209753599e+01 1.160342386527745440e+01 1.168738107387508407e+01 1.186507157989358419e+01
1.182718193624058678e+01 1.164591393375717665e+01 1.158939976238254488e+01 1.167036298573891884e+01 1.184543726265162000e+01
1.180758326289013205e+01 1.163182172693600513e+01 1.157506979670508152e+01 1.165298073545543467e+01 1.182545930151058400e+01
1.178765574289549711e+01 1.161741150557076097e+01 1.156044096372158947e+01 1.163525022179383051e+01 1.180515609175528624e+01
1.176741682301419090e+01 1.160269157319336841e+01 1.154552017656170371e+01 1.161718692007513631e+01 1.178454514435179057e+01
1.174688310485894149e+01 1.158767003091513814e+01 1.153031426220468347e+01 1.159880584784612267e+01 1.176364314359922858e+01
1.172607038745668184e+01 1.157235485713241729e+01 1.151482995848432367e+01 1.158012154005939998e+01 1.174246594973056723e+01
1.170499370795738514e+01 1.155675393764178338e+01 1.149907391209397112e+01 1.156114803309836248e+01 1.172102869102343803e+01
1.168366737319128745e+01 1.154087498152034286e+01 1.148305267588434475e+01 1.154189885580371211e+01 1.169934573046092297e+01
1.166210499754395613e+01 1.152472555955848321e+01 1.146677270678353189e+01 1.152238702570342888e+01 1.167743077284110953e+01
1.164031953576967204e+01 1.150831312076279644e+01 1.145024036459425254e+01 1.150262505068615049e+01 1.165529682710617898e+01
1.161832331152261055e+01 1.149164497663890216e+01 1.143346191013898761e+01 1.148262493564124931e+01 1.163295629920646235e+01
1.159612805189478202e+01 1.147472828352363550e+01 1.141644350424492593e+01 1.146239819213689692e+01 1.161042097653085392e+01
1.157374491281155215e+01 1.145757006725155769e+01 1.139919120740322889e+01 1.144195585084339939e+01 1.158770208856859085e+01
1.155118450668738639e+01 1.144017722574537999e+01 1.138171097628636019e+01 1.142130847298310847e+01 1.156481031322109843e+01
1.152845693165941299e+01 1.142255650149191837e+01 1.136400866840767065e+01 1.140046616461442319e+01 1.154175581295259967e+01
1.150557179269516972e+01 1.140471450266590736e+01 1.134609003324236554e+01 1.137943859239906175e+01 1.151854826110426444e+01
1.148253822646402256e+01 1.138665771862695131e+01 1.132796072144343213e+01 1.135823499976398310e+01 1.149519685284486314e+01
1.145936492655621031e+01 1.136839248128083035e+01 1.130962627903245554e+01 1.133686422282392314e+01 1.147171034913455046e+01
1.143606016062196851e+01 1.134992499136669863e+01 1.129109214732554989e+01 1.131533470624902549e+01 1.144809706980922392e+01
1.141263179404088035e+01 1.133126132890884996e+01 1.127236366901063924e+01 1.129365451900752859e+01 1.142436494625420451e+01
1.138908730898822519e+01 1.131240743338419463e+01 1.125344607982472311e+01 1.127183137003144076e+01 1.140052150776916307e+01
1.136543382133177182e+01 1.129336910794484972e+01 1.123434451794124200e+01 1.124987262378662756e+01 1.137657393307143749e+01
1.134167810091194895e+01 1.127415203331312377e+01 1.121506401707663336e+01 1.122778531491514187e+01 1.135252903599047691e+01
1.131782658659510332e+01 1.125476176655347871e+01 1.119560951118280556e+01 1.120557616262857970e+01 1.132839331294305119e+01
1.129388540214781500e+01 1.123520372741274898e+01 1.117598583340335239e+01 1.118325158459277269e+01 1.130417293255694666e+01
1.126986037357882253e+01 1.121548321467014553e+01 1.115619771761273249e+01 1.116081771023557145e+01 1.127987377050816953e+01
1.124575704127582476e+01 1.119560541093612827e+01 1.113624980088571448e+01 1.113828039322263308e+01 1.125550141266276327e+01
1.122158067461491093e+01 1.117557536797495210e+01 1.111614662063389503e+01 1.111564522540027156e+01 1.123106117207847987e+01
1.119733628663449032e+01 1.115539801971746847e+01 1.109589262028613277e+01 1.109291754702002564e+01 1.120655810611168235e+01
1.117302864406526730e+01 1.113507818864367671e+01 1.107549214613998423e+01 1.107010245913399693e+01 1.118199701962819681e+01
1.114866228105962165e+01 1.111462057454782126e+01 1.105494945187447797e+01 1.104720483351051996e+01 1.115738249014006733e+01
1.112424151040002052e+01 1.109402976373473493e+01 1.103426869793146459e+01 1.102422932325637817e+01 1.113271886357803631e+01
1.109977043277413600e+01 1.107331023062182673e+01 1.101345395300513452e+01 1.100118037297227147e+01 1.110801028226563147e+01
1.107525294898480972e+01 1.105246633826177316e+01 1.099250919606053678e+01 1.097806222849883007e+01 1.108326067732557441e+01
1.105069276861304139e+01 1.103150233949880388e+01 1.097143831636413758e+01 1.095487894604115375e+01 1.105847379678887421e+01
1.102609341926058306e+01 1.101042238198073520e+01 1.095024511633226538e+01 1.093163440035296219e+01 1.103365319664438005e+01
1.100145825655254050e+01 1.098923051226862491e+01 1.092893331131177526e+01 1.090833229328145748e+01 1.100880226711380416e+01
1.097679047123518181e+01 1.096793066818985274e+01 1.090750653226108113e+01 1.088497616165990678e+01 1.098392422669333257e+01
1.095209309750467774e+01 1.094652668852379307e+01 1.088596832633414380e+01 1.086156938462227828e+01 1.095902213978518347e+01
1.092736902157207091e+01 1.092502231478115959e+01 1.086432215852326877e+01 1.083811519105728571e+01 1.093409891979146842e+01
1.090262098741172991e+01 1.090342118959428497e+01 1.084257141336275332e+01 1.081461666562643309e+01 1.090915733665648979e+01
1.087785160457795186e+01 1.088172686111145282e+01 1.082071939573381592e+01 1.079107675787053822e+01 1.088420002424834898e+01
1.085306335484101581e+01 1.085994278476413299e+01 1.079876933300655573e+01 1.076749828359607974e+01 1.085922948234711960e+01
1.082825859789059919e+01 1.083807232466622672e+01 1.077672437583654208e+01 1.074388393868047586e+01 1.083424809983651116e+01
1.080343957791546927e+01 1.081611875577529069e+01 1.075458760002788061e+01 1.072023629575566162e+01 1.080925814716983879e+01
1.077860842879761805e+01 1.079408526504203891e+01 1.073236200775944660e+01 1.069655781837577813e+01 1.078426176069062059e+01
1.075376717933567328e+01 1.077197495356477930e+01 1.071005052903456445e+01 1.067285085795290023e+01 1.075926100854264433e+01
1.072891775907934253e+01 1.074979083981149230e+01 1.068765602312519292e+01 1.064911766408823901e+01 1.073425785741390293e+01
1.070406200245956008e+01 1.072753585989359948e+01 1.066518127997591492e+01 1.062536038697146523e+01 1.070925412346589134e+01
1.067920165347228867e+01 1.070521286895853663e+01 1.064262902148835366e+01 1.060158108225299145e+01 1.068425158949778009e+01
1.065433837071902623e+01 1.068282464524079067e+01 1.062000190321152715e+01 1.057778171603206019e+01 1.065925194530923470e+01
1.062947373081410340e+01 1.066037389032433147e+01 1.059730251560604231e+01 1.055396416831309381e+01 1.063425677266104863e+01
1.060460923282543710e+01 1.063786322948100427e+01 1.057453338456840797e+01 1.053013023773569934e+01 1.060926757898615769e+01
1.057974630219687917e+01 1.061529521689758049e+01 1.055169697383742644e+01 1.050628164422631805e+01 1.058428581770091448e+01
1.055488629380896093e+01 1.059267233524590601e+01 1.052879568657545128e+01 1.048242003420327606e+01 1.055931285768901162e+01
1.053003049596515694e+01 1.056999699658410563e+01 1.050583186595792284e+01 1.045854698144783335e+01 1.053434998638467057e+01
1.050518013334238887e+01 1.054727154566930558e+01 1.048280779581387989e+01 1.043466399343667383e+01 1.050939844884656260e+01
1.048033637000217055e+01 1.052449826190804849e+01 1.045972570421904813e+01 1.041077251082037591e+01 1.048445942318753943e+01
1.045550031274738068e+01 1.050167935920694795e+01 1.043658776325704629e+01 1.038687391402679872e+01 1.045953402284314393e+01
1.043067301353072729e+01 1.047881698746899914e+01 1.041339608895317781e+01 1.036296952256713944e+01 1.043462331747456062e+01
1.040585547220816132e+01 1.045591323735282607e+01 1.039015274455959137e+01 1.033906060098248680e+01 1.040972832503279122e+01
1.038104863939983957e+01 1.043297013898851944e+01 1.036685974228979568e+01 1.031514835845547040e+01 1.038484999471842940e+01
1.035625341843554637e+01 1.040998966159196648e+01 1.034351904285697366e+01 1.029123395410405806e+01 1.035998924219798134e+01
1.033147066791412350e+01 1.038697372068386926e+01 1.032013255468703505e+01 1.026731849649525685e+01 1.033514694244350096e+01
1.030670120398023570e+01 1.036392417575492608e+01 1.029670214085276925e+01 1.024340304878420937e+01 1.031032391981100105e+01
1.028194580208998410e+01 1.034084282964962043e+01 1.027322961618323305e+01 1.021948862772939748e+01 1.028552095515494358e+01
1.025720519930050578e+01 1.031773143492429590e+01 1.024971674757517270e+01 1.019557620886121363e+01 1.026073880106253355e+01
1.023248009601536523e+01 1.029459169301196297e+01 1.022616525717617186e+01 1.017166672522011872e+01 1.023597816861282972e+01
1.020777115768829546e+01 1.027142525386116745e+01 1.020257682418187350e+01 1.014776107216010459e+01 1.021123972157907289e+01
1.018307901676290861e+01 1.024823371868437150e+01 1.017895308411599764e+01 1.012386010648212498e+01 1.018652410611736236e+01
1.015840427405151658e+01 1.022501864311917075e+01 1.015529562818320919e+01 1.009996465020762635e+01 1.016183193268687468e+01
1.013374750039753280e+01 1.020178153570680912e+01 1.013160600949885115e+01 1.007607549090741372e+01 1.013716377341892816e+01
1.010910923825511709e+01 1.017852385834541984e+01 1.010788574051093391e+01 1.005219338414959296e+01 1.011252018060836910e+01
1.008449000279251884e+01 1.015524703206583190e+01 1.008413629310803650e+01 1.002831905402379853e+01 1.008790167808377980e+01
1.005989028340735381e+01 1.013195243484818242e+01 1.006035910154452928e+01 1.000445319516061815e+01 1.006330875844968453e+01
1.003531054502901654e+01 1.010864140045960546e+01 1.003655556427337459e+01 9.980596473790340539e+00 1.003874189119606974e+01
1.001075122915467475e+01 1.008531522582679507e+01 1.001272704299062966e+01 9.956749528844540009e+00 1.001420152642080197e+01
9.986212755151125720e+00 1.006197516815032067e+01 9.988874861493215462e+00 9.932912973628411635e+00 9.989688088899709939e+00
9.961695521289662736e+00 1.003862244465416964e+01 9.965000312513566882e+00 9.909087396442167517e+00 9.965201978963786900e+00
9.937199905700943248e+00 1.001525823679985194e+01 9.941104654491351056e+00 9.885273362233100158e+00 9.940743583070396738e+00
9.912726267511189349e+00 9.991883690955079445e+00 9.917189111581478755e+00 9.861471413053896740e+00 9.916313266897592626e+00
9.888274947637382795e+00 9.968499917285404521e+00 9.893254876423025479e+00 9.837682069764193571e+00 9.891911370753197374e+00
9.863846269703063996e+00 9.945107991158813832e+00 9.869303112056348581e+00 9.813905832187932887e+00 9.867538226140455393e+00
9.839440540987673955e+00 9.921708957045870747e+00 9.845334950676699393e+00 9.790143180907932674e+00 9.843194146221474483e+00
9.815058053091471280e+00 9.898303826541656747e+00 9.821351492507691461e+00 9.766394577117356590e+00 9.818879423852385102e+00
9.790699082763577366e+00 9.874893577948911982e+00 9.797353812193856371e+00 9.742660464513903662e+00 9.794594340613434369e+00
9.766363892691147797e+00 9.851479162062203088e+00 9.773342955676540100e+00 9.718941268974996106e+00 9.770339164654542330e+00
9.742052732062871812e+00 9.828061499719462191e+00 9.749319940219226766e+00 9.695237400391341964e+00 9.746114148057500870e+00
9.717765837334459533e+00 9.804641480763919503e+00 9.725285756754100674e+00 9.671549252433642607e+00 9.721919529225349521e+00
9.693503432821561461e+00 9.781219969691070659e+00 9.701241371737184593e+00 9.647877204113164851e+00 9.697755537561929984e+00
9.669265731255121565e+00 9.757797803806852244e+00 9.677187725901337245e+00 9.624221619725304322e+00 9.673622389374427755e+00
9.645052934431666003e+00 9.734375792881879264e+00 9.653125733119525265e+00 9.600582850183265293e+00 9.649520287321953660e+00
9.620865233684201101e+00 9.710954721486245944e+00 9.629056286268385279e+00 9.576961232682387859e+00 9.625449427228243593e+00
9.596702810400543626e+00 9.687535350683203816e+00 9.604980254286896724e+00 9.553357092292573682e+00 9.601409994237858569e+00
9.572565836575844145e+00 9.664118416679162493e+00 9.580898482239613045e+00 9.529770741629073783e+00 9.577402156705627334e+00
9.548454475194400715e+00 9.640704631225819554e+00 9.556811793252256493e+00 9.506202482056211878e+00 9.553426082714445045e+00
9.524368880699173090e+00 9.617294685480537453e+00 9.532720990263756633e+00 9.482652603625822962e+00 9.529481929929687567e+00
9.500309199459252341e+00 9.593889248144503057e+00 9.508626854843759801e+00 9.459121385974777141e+00 9.505569848931582300e+00
9.476275570101741152e+00 9.570488964639215723e+00 9.484530146123731242e+00 9.435609098526544614e+00 9.481689983034586433e+00
9.452268123935262167e+00 9.547094462093008715e+00 9.460431605997767335e+00 9.412116001083582262e+00 9.457842451970234876e+00
9.428286985304524137e+00 9.523706347118931603e+00 9.436331956479847349e+00 9.388642344158798281e+00 9.434027391780004379e+00
9.404332271904157992e+00 9.500325205356839220e+00 9.412231899767109056e+00 9.365188369395896828e+00 9.410244925274417582e+00
9.380404095116256613e+00 9.476951604722168909e+00 9.388132119822284238e+00 9.341754309959899416e+00 9.386495170595358317e+00
9.356502560340175023e+00 9.453586095160686043e+00 9.364033284014933400e+00 9.318340390776018722e+00 9.362778238197865477e+00
9.332627767370825111e+00 9.430229207039353412e+00 9.339936041821333745e+00 9.294946829173767355e+00 9.339094204726517745e+00
9.308779810349166794e+00 9.406881453230905521e+00 9.315841022115890269e+00 9.271573834851173146e+00 9.315443182454036020e+00
9.284958778720472594e+00 9.383543332406812709e+00 9.291748842460510360e+00 9.248221610285408900e+00 9.291825264416129215e+00
9.261164756565719358e+00 9.360215326662414626e+00 9.267660103259697024e+00 9.224890351188035353e+00 9.268240539677483625e+00
9.237397823672710118e+00 9.336897903085626282e+00 9.243575389951557142e+00 9.201580246726416945e+00 9.244689089900962387e+00
9.213658055387856649e+00 9.313591508114988926e+00 9.219495273591117979e+00 9.178291479824274290e+00 9.221170975698774086e+00
9.189945522561989932e+00 9.290296575324157757e+00 9.195420301971489963e+00 9.155024227300689432e+00 9.197686279218157068e+00
9.166260292475628901e+00 9.267013529707096353e+00 9.171351015785882410e+00 9.131778660244842527e+00 9.174235069144140553e+00
9.142602428200310882e+00 9.243742780482053334e+00 9.147287944906533852e+00 9.108554944319413593e+00 9.150817410639486837e+00
9.118971989521922339e+00 9.220484724433845258e+00 9.123231604045921372e+00 9.085353239721172258e+00 9.127433363403504529e+00
9.095369032666248188e+00 9.197239734661508237e+00 9.099182495707632157e+00 9.062173701946322879e+00 9.104082977898938722e+00
9.071793610593729795e+00 9.174008177143159415e+00 9.075141104048940477e+00 9.039016480741086212e+00 9.080766311212492781e+00
9.048245773312491025e+00 9.150790412866390611e+00 9.051107891483246348e+00 9.015881722354842864e+00 9.057483413579456411e+00
9.024725567708857810e+00 9.127586787326956497e+00 9.027083329614722373e+00 8.992769567071544401e+00 9.034234332448773941e+00
9.001233038121764451e+00 9.104397635252421850e+00 9.003067870092049674e+00 8.969680152282430541e+00 9.011019112535038289e+00
8.977768226067956547e+00 9.081223270356922228e+00 8.979061953726402479e+00 8.946613609831205238e+00 8.987837795920428974e+00
8.954331170639736825e+00 9.058064002056264385e+00 8.955066010933210308e+00 8.923570069368075508e+00 8.964690423132308794e+00
8.930921908591640701e+00 9.034920133534130926e+00 8.931080442796838881e+00 8.900549655186496878e+00 8.941577032580534379e+00
