2.014088993089812707e+00 2.025540899850225340e+00 2.046634770482562260e+00 2.016355346590385178e+00 2.032618632098019962e+00
2.028416786005257322e+00 2.051425640889489088e+00 2.093719626942931011e+00 2.033008149750569871e+00 2.065421813748729019e+00
2.042978017965290327e+00 2.077638284791048395e+00 2.141247325418941916e+00 2.049943765788912131e+00 2.098392886380339828e+00
2.057767723520726122e+00 2.104163490531216318e+00 2.189210925176828137e+00 2.067148116559691218e+00 2.131515855009094018e+00
2.072781325464496671e+00 2.130986489265615180e+00 2.237603760069253767e+00 2.084607651051145538e+00 2.164775327240481939e+00
2.088014634537953551e+00 2.158093092167363114e+00 2.286419413370453402e+00 2.102309329010396688e+00 2.198156513409183610e+00
2.103463864626390123e+00 2.185469658494762157e+00 2.335651691724503376e+00 2.120240628639803671e+00 2.231645207164409950e+00
2.119125623512253753e+00 2.213103087573086825e+00 2.385294603354896736e+00 2.138389536057407003e+00 2.265227780091416676e+00
2.134996914202988094e+00 2.240980809024322618e+00 2.435342334795937091e+00 2.156744523465111030e+00 2.298891176691205462e+00
2.151075141023207404e+00 2.269090771420792851e+00 2.485789237874890478e+00 2.175294551583519809e+00 2.332622907188290018e+00
2.167358111103914631e+00 2.297421431058179309e+00 2.536629804014637113e+00 2.194029065567685066e+00 2.366411042538136833e+00
2.183844038686279188e+00 2.325961742745596972e+00 2.587858644157511101e+00 2.212937989444237363e+00 2.400244214417544875e+00
2.200531549649862750e+00 2.354701150691710154e+00 2.639470473423878083e+00 2.232011721636104618e+00 2.434111605413911583e+00
2.217419685919209904e+00 2.383629583299333721e+00 2.691460098269061518e+00 2.251241132100578302e+00 2.468002952928274762e+00
2.234507910055839819e+00 2.412737446078882186e+00 2.743822400805592476e+00 2.270617560801391210e+00 2.501908542543171077e+00
2.251796110919258798e+00 2.442015615822715091e+00 2.796552324257101763e+00 2.290132817152538358e+00 2.535819211375367477e+00
2.269284609998943214e+00 2.471455437241878883e+00 2.849644859967954247e+00 2.309779180427448342e+00 2.569726352350955256e+00
2.286974166929689023e+00 2.501048721705035227e+00 2.903095038981489129e+00 2.329549401284107368e+00 2.603621916373087153e+00
2.304865987828794260e+00 2.530787747282931210e+00 2.956897913987655890e+00 2.349436704525053710e+00 2.637498423453368712e+00
2.322961732394142054e+00 2.560665261639803791e+00 3.011048561948958646e+00 2.369434793155470231e+00 2.671348968754381215e+00
2.341263521533336167e+00 2.590674487031461748e+00 3.065542073887344454e+00 2.389537853792326860e+00 2.705167231804969319e+00
2.359773945961569197e+00 2.620809128083915418e+00 3.120373550187591771e+00 2.409740563455416318e+00 2.738947492310489729e+00
2.378496074751577982e+00 2.651063385576372777e+00 3.175538095614525602e+00 2.430038098074553066e+00 2.772684646124066621e+00
2.397433464322807239e+00 2.681431956666997074e+00 3.231030819145582100e+00 2.450426142348880454e+00 2.806374220144536746e+00
2.416590167481398765e+00 2.711910081998340161e+00 3.286846833353349595e+00 2.470900903674532412e+00 2.840012399724522574e+00
2.435970743270473804e+00 2.742493509329672730e+00 3.342981250909891955e+00 2.491459119849898318e+00 2.873596052567511716e+00
2.455580266378001308e+00 2.773178610614814854e+00 3.399429202581762066e+00 2.512098077312236555e+00 2.907122753588152086e+00
2.475424336541893311e+00 2.803962296446874891e+00 3.456185841301696371e+00 2.532815631365020526e+00 2.940590822315940045e+00
2.495509087975541274e+00 2.834842195647845564e+00 3.513246353825130619e+00 2.553610220244446172e+00 2.973999358571462803e+00
2.515841198294078485e+00 2.865816549200211227e+00 3.570605974962117291e+00 2.574480895070442532e+00 3.007348278600868507e+00
2.536427896788471248e+00 2.896884422930402714e+00 3.628260005427531798e+00 2.595427341274724409e+00 3.040638365119535891e+00
2.557276972175575036e+00 2.928045604954462977e+00 3.686203837983034415e+00 2.616449905667765030e+00 3.073871317760600075e+00
2.578396779311616260e+00 2.959300849896605801e+00 3.744432983672247861e+00 2.637549625014433463e+00 3.107049803131094468e+00
2.599796243886399072e+00 2.990651780294160567e+00 3.802943109833351709e+00 2.658728262895131422e+00 3.140177519885365420e+00
2.621484865534553510e+00 3.022101170724202923e+00 3.861730083459069540e+00 2.679988347838889062e+00 3.173259267279548101e+00
2.643472720075874971e+00 3.053652871045965611e+00 3.920790020342780569e+00 2.701333211264477008e+00 3.206301012793416838e+00
2.665770456763968177e+00 3.085312117632850182e+00 3.980119339190265837e+00 2.722767038828511232e+00 3.239309974574676065e+00
2.688389293234703104e+00 3.117085507026260416e+00 4.039714835166544837e+00 2.744294920305064167e+00 3.272294713245280207e+00
2.711341005851816810e+00 3.148981254550407005e+00 4.099573759385893190e+00 2.765922903481094153e+00 3.305265221559936517e+00
2.734637919555821917e+00 3.181009425552761005e+00 4.159693913770552420e+00 2.787658057072035955e+00 3.338233027399901687e+00
2.758292884539177869e+00 3.213182120077441528e+00 4.220073748526271373e+00 2.809508542139695031e+00 3.371211315247690354e+00
2.782319251718444519e+00 3.245513719200604275e+00 4.280712500375300600e+00 2.831483687537651672e+00 3.404215043644274630e+00
2.806730841912956631e+00 3.278021155983875889e+00 4.341610331151668944e+00 2.853594066221529335e+00 3.437261072019352159e+00
2.831541905129792536e+00 3.310724288743367882e+00 4.402768488485278908e+00 2.875851598221139671e+00 3.470368320013908381e+00
2.856767067215617573e+00 3.343646258863035126e+00 4.464189490385557235e+00 2.898269649316153718e+00 3.503557919033609025e+00
2.882421269960579568e+00 3.376813929922029445e+00 4.525877350217828443e+00 2.920863135226567930e+00 3.536853365533438431e+00
2.908519706110014535e+00 3.410258470623933835e+00 4.587837817652404837e+00 2.943648653986407293e+00 3.570280725824023893e+00
2.935077728866124946e+00 3.444015897221468503e+00 4.650078639173076844e+00 2.966644621185148267e+00 3.603868820894814196e+00
2.962110756440457848e+00 3.478127730094929593e+00 4.712609880692597564e+00 2.989871412008996199e+00 3.637649416146413461e+00
2.989634161177988414e+00 3.512641891303502462e+00 4.775444275755562629e+00 3.013351523784173480e+00 3.671657459607998053e+00
3.017663165870453135e+00 3.547613412875863848e+00 4.838597589040670499e+00 3.037109759680720611e+00 3.705931288945433888e+00
3.046212727645387641e+00 3.583106060855954400e+00 4.902089174896929968e+00 3.061173501778772454e+00 3.740513006785394445e+00
3.075297732358321046e+00 3.619193419182524796e+00 4.965942931779128600e+00 3.085573961949157340e+00 3.775448887930520137e+00
3.104933369326290382e+00 3.655961445228850248e+00 5.030188358976853458e+00 3.110347395516517288e+00 3.810790497180595704e+00
3.135134874155028228e+00 3.693509820050683068e+00 5.094861075444244491e+00 3.135535363960487931e+00 3.846594636905155351e+00
3.165917342238106613e+00 3.731953749442856960e+00 5.160003319391235799e+00 3.161184938396934818e+00 3.882923532525636379e+00
3.197295511839283844e+00 3.771426022060461403e+00 5.225664512532562256e+00 3.187348916049386194e+00 3.919844871663218822e+00
3.229283547420915390e+00 3.812079197651066842e+00 5.291901850567425569e+00 3.214086041431493790e+00 3.957431800566570512e+00
3.261894794929949271e+00 3.854087841415627658e+00 5.358780901245316031e+00 3.241461228752734680e+00 3.995762774034778531e+00
3.295141553713787363e+00 3.897650574526654310e+00 5.426376200443479902e+00 3.269545750772341108e+00 4.034921228743837851e+00
3.329034858862319979e+00 3.942991922075408606e+00 5.494771790527199329e+00 3.298417375796102391e+00 4.074995025951324124e+00
3.363584260390353631e+00 3.990362873239704733e+00 5.564061617509777236e+00 3.328160414574838022e+00 4.116075578011813896e+00
3.398797613141262719e+00 4.040039537264414449e+00 5.634349834318447492e+00 3.358865606495975875e+00 4.158256589587158381e+00
3.434680885882091861e+00 4.092318888688904366e+00 5.705750705505214349e+00 3.390629795956594528e+00 4.201632354155782956e+00
3.471237994336712873e+00 4.147509731778181497e+00 5.778388143543897293e+00 3.423555285979253959e+00 4.246295500369460463e+00
3.508470658722114166e+00 4.205917658865792497e+00 5.852394713331370291e+00 3.457748795486938587e+00 4.292334187290501646e+00
3.546378288635736009e+00 4.267822532597751461e+00 5.927909906087532654e+00 3.493319857910270887e+00 4.339828759809734926e+00
3.584957901218046139e+00 4.333449548003314611e+00 6.005077481211609225e+00 3.530378592458351950e+00 4.388848017126958823e+00
3.624204075348205656e+00 4.402936482734424395e+00 6.084041810240300663e+00 3.569032713073211571e+00 4.439445147151383608e+00
3.664108939895502015e+00 4.476304086273374949e+00 6.164943069303380874e+00 3.609383747418026811e+00 4.491653810618299048e+00
3.704662199270255307e+00 4.553437962320720622e+00 6.247911368223650896e+00 3.651522543274114962e+00 4.545484710231327163e+00
3.745851196223046298e+00 4.634090576179064946e+00 6.333060072996956613e+00 3.695524174983432442e+00 4.600922996571305212e+00
3.787661007690180437e+00 4.717903120134867123e+00 6.420478721915029219e+00 3.741442757176148604e+00 4.657927018294305554e+00
3.830074575384269320e+00 4.804444201405720705e+00 6.510226281620105304e+00 3.789306585856308640e+00 4.716428810136990890e+00
3.873072866583525897e+00 4.893254175011563234e+00 6.602325663192036842e+00 3.839114288520101947e+00 4.776336104630583890e+00
3.916635059614324454e+00 4.983884417456597049e+00 6.696760222088722792e+00 3.890832668768396729e+00 4.837535935857650848e+00
3.960738754386716742e+00 5.075925335146590278e+00 6.793473131106654961e+00 3.944396706339829528e+00 4.899899342075208608e+00
4.005360198554665629e+00 5.169021373131417185e+00 6.892369863182484124e+00 3.999711909095859941e+00 4.963286697791573943e+00
4.050474523015311412e+00 5.262875309127263534e+00 6.993323509248276615e+00 4.056658821043440000e+00 5.027553053847492848e+00
4.096055985445086201e+00 5.357245373774659036e+00 7.096182230800241797e+00 4.115099101849511776e+00 5.092553069506160490e+00
4.142078211289805800e+00 5.451938582261234068e+00 7.200777950658499016e+00 4.174882385936134810e+00 5.158145121572934144e+00
4.188514427999511014e+00 5.546802741412823146e+00 7.306934992838774789e+00 4.235853084652865697e+00 5.224194482355193792e+00
4.235337687671082207e+00 5.641718616247704432e+00 7.414477857041289255e+00 4.297856435843882217e+00 5.290575487257256349e+00
4.282521072855320021e+00 5.736592988474810362e+00 7.523237562986377469e+00 4.360743356269751736e+00 5.357172822788958122e+00
4.330037872440014368e+00 5.831352825867050171e+00 7.633055857091807894e+00 4.424373912923315721e+00 5.423882029862384435e+00
4.377861772352357406e+00 5.925940796266234045e+00 7.743788611583966031e+00 4.488619464750356336e+00 5.490609657458102255e+00
4.425966930722768033e+00 6.020311171370728687e+00 7.855305951416467813e+00 4.553363615630647843e+00 5.557272253555061603e+00
4.474328148266068617e+00 6.114427443851255362e+00 7.967493458828066366e+00 4.618502450920080271e+00 5.623796412540539080e+00
4.522920950086420255e+00 6.208260053266151601e+00 8.080251288492913631e+00 4.683944023411530821e+00 5.690117520444870181e+00
4.571721669265119914e+00 6.301784649301968244e+00 8.193492958343982835e+00 4.749607502130827719e+00 5.756178976789501078e+00
4.620707503114413583e+00 6.394980917534158316e+00 8.307143999599400530e+00 4.815422131526019278e+00 5.821931310964969519e+00
4.669856550140900175e+00 6.487831679986022948e+00 8.421140673720206138e+00 4.881326096655224767e+00 5.887331382105315036e+00
4.719147832975773227e+00 6.580322235059393066e+00 8.535428545475655326e+00 4.947265366996162150e+00 5.952341584671446029e+00
4.768561306857955095e+00 6.672439762666103391e+00 8.649960978498143049e+00 5.013192686572086387e+00 6.016929170246406500e+00
4.818077856198718756e+00 6.764172899600080058e+00 8.764697902989333045e+00 5.079066637977009080e+00 6.081065624650550561e+00
4.867679283542979185e+00 6.855511474455388665e+00 8.879604857904475068e+00 5.144850762379196141e+00 6.144726125063868061e+00
4.917348290030229663e+00 6.946446322739237900e+00 8.994652123299381685e+00 5.210512852996449062e+00 6.207889070178486790e+00
4.967068449949517905e+00 7.036969099789159188e+00 9.109813915422188657e+00 5.276024341823553065e+00 6.270535675717174406e+00
5.016824180960139046e+00 7.127072120249461129e+00 9.225067665783031501e+00 5.341359760051749284e+00 6.332649620735244511e+00
5.066600712427940856e+00 7.216748293769422951e+00 9.340393556183320456e+00 5.406496277925993965e+00 6.394216743823557536e+00
5.116384051653277254e+00 7.305990957633871297e+00 9.455773757481978237e+00 5.471413332287776932e+00 6.455224784385221071e+00
5.166160948450771784e+00 7.394793922761000893e+00 9.571192423915764635e+00 5.536092315310272127e+00 6.515663160747681815e+00
5.215918859376412087e+00 7.483151401535702796e+00 9.686635204533315502e+00 5.600516305872546674e+00 6.575522778960146475e+00
5.265645913894153374e+00 7.571057937159286766e+00 9.802088929766586745e+00 5.664669846197212699e+00 6.634795867175216522e+00
5.315330875765083007e+00 7.658508446275264170e+00 9.917541612324594524e+00 5.728538756818393196e+00 6.693475835059381929e+00
5.364963110865906160e+00 7.745498139662510440e+00 1.003298209072172753e+01 5.792109981973148969e+00 6.751557151407372004e+00
5.414532555088214849e+00 7.832022517457873256e+00 1.014839990355493526e+01 5.855371458808246388e+00 6.809035238141025737e+00
5.464029682691355028e+00 7.918077347622278772e+00 1.026378520245899395e+01 5.918312006338339870e+00 6.865906377850966358e+00
5.513445475503022664e+00 8.003658662940559054e+00 1.037912863612349490e+01 5.980921233134891324e+00 6.922167633771450390e+00
5.562771393926325914e+00 8.088762738630990157e+00 1.049442124578254720e+01 6.043189458964541849e+00 6.977816779371646128e+00
5.611999350082967908e+00 8.173386103128466473e+00 1.060965447478587365e+01 6.105107647808606153e+00 7.032852236160361592e+00
5.661121683132766869e+00 8.257525518620775884e+00 1.072482006381624053e+01 6.166667350795024483e+00 7.087273019400627483e+00
5.710131133174866314e+00 8.341177977617165951e+00 1.083991002191141995e+01 6.227860657183716064e+00 7.141078689189395590e+00
5.759020820647998917e+00 8.424340694215189274e+00 1.095491659894688574e+01 6.288680152665539147e+00 7.194269306086602533e+00
5.807784219496751277e+00 8.507011098153872908e+00 1.106983224619517969e+01 6.349118882809414721e+00 7.246845392275025333e+00
5.856415144484400592e+00 8.589186827671220215e+00 1.118464958984002244e+01 6.409170316839003512e+00 7.298807897167131742e+00
5.904907730126881304e+00 8.670865725931928836e+00 1.129936142740391247e+01 6.468828323852942930e+00 7.350158165544886657e+00
5.953256412437554879e+00 8.752045835466285340e+00 1.141396070302185173e+01 6.528087148774517345e+00 7.400897910157520521e+00
6.001455912175456930e+00 8.832725392579956036e+00 1.152844049856756925e+01 6.586941389431823168e+00 7.451029183568586234e+00
6.049501223020235408e+00 8.912902823237500272e+00 1.164279402964360521e+01 6.645385977124483645e+00 7.500554353969556054e+00
6.097387588838286021e+00 8.992576737162597311e+00 1.175701463224862664e+01 6.703416158012236004e+00 7.549476083137181881e+00
6.145110492647351208e+00 9.071745923063396333e+00 1.187109575830313624e+01 6.761027477373731998e+00 7.597797306049309363e+00
6.192665651335415689e+00 9.150409343122566597e+00 1.198503097280373630e+01 6.818215765407734885e+00 7.645521211744720880e+00
6.240049000008815128e+00 9.228566128776591881e+00 1.209881394862514803e+01 6.874977124010356988e+00 7.692651225863144759e+00
6.287256681680515769e+00 9.306215575387533079e+00 1.221243846514131626e+01 6.931307914579430296e+00 7.739190993922945516e+00
6.334285036351396059e+00 9.383357138084139848e+00 1.232589840917295554e+01 6.987204746923833198e+00 7.785144365789245846e+00
6.381130589490171978e+00 9.459990426702860944e+00 1.243918776351218192e+01 7.042664469103238289e+00 7.830515381212335591e+00
6.427790044728591390e+00 9.536115201221978310e+00 1.255230062533093260e+01 7.097684157991732690e+00 7.875308256253623185e+00
6.474260273936222276e+00 9.611731367098238721e+00 1.266523117686361743e+01 7.152261107287960940e+00 7.919527371234457824e+00
6.520538311932442710e+00 9.686838970729322540e+00 1.277797371479391764e+01 7.206392824549010534e+00 7.963177256500287626e+00
6.566621348016034254e+00 9.761438194834072490e+00 1.289052263051164715e+01 7.260077013010298508e+00 8.006262584653777381e+00
6.612506719241364017e+00 9.835529354174445515e+00 1.300287241566207719e+01 7.313311578308291594e+00 8.048788153203402018e+00
6.658191902946650309e+00 9.909112891126246936e+00 1.311501767054586232e+01 7.366094604770172083e+00 8.090758882908669847e+00
6.703674511942820935e+00 9.982189371307470083e+00 1.322695308994940255e+01 7.418424365725449832e+00 8.132179799599320802e+00
6.748952286639627651e+00 1.005475947949318716e+01 1.333867347564270389e+01 7.470299301836995198e+00 8.173056032723064135e+00
6.794023090321541503e+00 1.012682401536718579e+01 1.345017372962369961e+01 7.521718026754322217e+00 8.213392801270220644e+00
6.838884906219730553e+00 1.019838388937673912e+01 1.356144885521731602e+01 7.572679312282283526e+00 8.253195408219299978e+00
6.883535826903547594e+00 1.026944011885780306e+01 1.367249395899221653e+01 7.623182088231647668e+00 8.292469232019612946e+00
6.927974058454307915e+00 1.033999382402632961e+01 1.378330424918016917e+01 7.673225432531125989e+00 8.331219717395519808e+00
6.972197905988509525e+00 1.041004622414368619e+01 1.389387503602045371e+01 7.722808569602829465e+00 8.369452371263658819e+00
7.016205779882993099e+00 1.047959863395053226e+01 1.400420173210430974e+01 7.771930861080432074e+00 8.407172752230827939e+00
7.059996182358971417e+00 1.054865245915785188e+01 1.411427985230248794e+01 7.820591805800750862e+00 8.444386468033753701e+00
7.103567711523489869e+00 1.061720919467290969e+01 1.422410501359831869e+01 7.868791029703682938e+00 8.481099165968283060e+00
7.146919051290629099e+00 1.068527041802943423e+01 1.433367293516587893e+01 7.916528286410493109e+00 8.517316529832235972e+00
7.190048973453282422e+00 1.075283778934725021e+01 1.444297943853375621e+01 7.963803448094872728e+00 8.553044272616144639e+00
7.232956329632964199e+00 1.081991304536551191e+01 1.455202044618267720e+01 8.010616505170331081e+00 8.588288131811935955e+00
7.275640051931346441e+00 1.088649799712391442e+01 1.466079198261258298e+01 8.056967558800643303e+00 8.623053865043546651e+00
7.318099147666872639e+00 1.095259452793778721e+01 1.476929017315193171e+01 8.102856821137827126e+00 8.657347243718859886e+00
7.360332697483574549e+00 1.101820458752264820e+01 1.487751124302712746e+01 8.148284604927328090e+00 8.691174052593485300e+00
7.402339853263308456e+00 1.108333019250793505e+01 1.498545151847486601e+01 8.193251322026336325e+00 8.724540077904519464e+00
7.444119833819176968e+00 1.114797341979359402e+01 1.509310742399404859e+01 8.237757491019284117e+00 8.757451107883907682e+00
7.485671924901601493e+00 1.121213640703749093e+01 1.520047548411222849e+01 8.281803710737889901e+00 8.789912937299206419e+00
7.526995474058075786e+00 1.127582134716738160e+01 1.530755232055615345e+01 8.325390670008143701e+00 8.821931340295755319e+00
7.568089891204534680e+00 1.133903048715014528e+01 1.541433465350301724e+01 8.368519156611995413e+00 8.853512086790775726e+00
7.608954643618815794e+00 1.140176612514282439e+01 1.552081929948771943e+01 8.411190029654880718e+00 8.884660947170262446e+00
7.649589256676047277e+00 1.146403060691337217e+01 1.562700317122514626e+01 8.453404225586789167e+00 8.915383655107810057e+00
7.689993309026574408e+00 1.152582632552516095e+01 1.573288327702147171e+01 8.495162768277880971e+00 8.945685935060637917e+00
7.730166435523795343e+00 1.158715571584087911e+01 1.583845671908972186e+01 8.536466752257926061e+00 8.975573499900127317e+00
7.770108318362492383e+00 1.164802125569412183e+01 1.594372069397106095e+01 8.577317336450720475e+00 9.005052022221111230e+00
7.809818688152444288e+00 1.170842546017532193e+01 1.604867248981923566e+01 8.617715754206066947e+00 9.034127156659382152e+00
7.849297324856297386e+00 1.176837088196810832e+01 1.615330948739226002e+01 8.657663306280065640e+00 9.062804533455654621e+00
7.888544060476847974e+00 1.182786010813818223e+01 1.625762915759804272e+01 8.697161349835777600e+00 9.091089742975809074e+00
7.927558758319819709e+00 1.188689575768935391e+01 1.636162906137119677e+01 8.736211305236851743e+00 9.118988347719671594e+00
7.966341325633457870e+00 1.194548048096369008e+01 1.646530684835003555e+01 8.774814652908224488e+00 9.146505875966678190e+00
8.004891723162399941e+00 1.200361695552236085e+01 1.656866025574132451e+01 8.812972923538751502e+00 9.173647814187097183e+00
8.043209945702656682e+00 1.206130788690964373e+01 1.667168710769626827e+01 8.850687702223675402e+00 9.200419615420720731e+00
8.081296017408464039e+00 1.211855600401514188e+01 1.677438531353438478e+01 8.887960629813996150e+00 9.226826692062575219e+00
8.119150001620825563e+00 1.217536405970725077e+01 1.687675286753798432e+01 8.924793388148422935e+00 9.252874410068557154e+00
8.156772017241346262e+00 1.223173482762635622e+01 1.697878784686468734e+01 8.961187706728734881e+00 9.278568098858128721e+00
8.194162194623324069e+00 1.228767110091629178e+01 1.708048841134341700e+01 8.997145366412736323e+00 9.303913041488522495e+00
8.231320703813212347e+00 1.234317569129242287e+01 1.718185280170153106e+01 9.032668181794592854e+00 9.328914472071806685e+00
8.268247749146192760e+00 1.239825142599090313e+01 1.728287933867390080e+01 9.067758009200851177e+00 9.353577584858280503e+00
8.304943571829941362e+00 1.245290114832812378e+01 1.738356642192701074e+01 9.102416749506398119e+00 9.377907523201743700e+00
8.341408433485353768e+00 1.250712771393361500e+01 1.748391252867526902e+01 9.136646334116930390e+00 9.401909380317201581e+00
8.377642627442474677e+00 1.256093399272858768e+01 1.758391621282079242e+01 9.170448729602275861e+00 9.425588206059945406e+00
8.413646477611132823e+00 1.261432286353525001e+01 1.768357610347801412e+01 9.203825939495992259e+00 9.448948996185039917e+00
8.449420333489563006e+00 1.266729721388881380e+01 1.778289090410263285e+01 9.236779996578748708e+00 9.471996695415150214e+00
8.484964568257463924e+00 1.271985994041231649e+01 1.788185939107514599e+01 9.269312961826249975e+00 9.494736202479030496e+00
8.520279580277989595e+00 1.277201395109478277e+01 1.798048041269233366e+01 9.301426927249677234e+00 9.517172359499532774e+00
8.555365797829086461e+00 1.282376215183681012e+01 1.807875288792725499e+01 9.333124011642016882e+00 9.539309957033474063e+00
8.590223665055049196e+00 1.287510745410515689e+01 1.817667580524124915e+01 9.364406356278308863e+00 9.561153737506115746e+00
8.624853649955493751e+00 1.292605278028932503e+01 1.827424822147305505e+01 9.395276128368223567e+00 9.582708385571461207e+00
8.659256243173448553e+00 1.297660105158184329e+01 1.837146926061640784e+01 9.425735519225185044e+00 9.603978533674125018e+00
8.693431959604092540e+00 1.302675518605140503e+01 1.846833811267469017e+01 9.455786737627365213e+00 9.624968764563631041e+00
8.727381327801545297e+00 1.307651810412481908e+01 1.856485403252970201e+01 9.485432013767422177e+00 9.645683602969535642e+00
8.761104897013469284e+00 1.312589273628917041e+01 1.866101633871321042e+01 9.514673599274072302e+00 9.666127520992825239e+00
8.794603238255685795e+00 1.317488199910118318e+01 1.875682441233506736e+01 9.543513758949366377e+00 9.686304939818807469e+00
8.827876939062285544e+00 1.322348881046273483e+01 1.885227769588244584e+01 9.571954774954866352e+00 9.706220223027049343e+00
8.860926601639743438e+00 1.327171608802830072e+01 1.894737569208112404e+01 9.599998948041280400e+00 9.725877681430567634e+00
8.893752845284398134e+00 1.331956674747904934e+01 1.904211796281908065e+01 9.627648588664190044e+00 9.745281574058459739e+00
8.926356309562839542e+00 1.336704369506062839e+01 1.913650412789425559e+01 9.654906020980980941e+00 9.764436103154798374e+00
8.958737643921647731e+00 1.341414983325382693e+01 1.923053386407693921e+01 9.681773584763623930e+00 9.783345419118896658e+00
8.990897513683217213e+00 1.346088806270719118e+01 1.932420690376494221e+01 9.708253626647003642e+00 9.802013621325764703e+00
9.022836598713549705e+00 1.350726127341961202e+01 1.941752303412351566e+01 9.734348503971597566e+00 9.820444750667046918e+00
9.054555594115290873e+00 1.355327234840096828e+01 1.951048209577037085e+01 9.760060585634628083e+00 9.838642795146766318e+00
9.086055204580928191e+00 1.359892416380642821e+01 1.960308398177848943e+01 9.785392246694573970e+00 9.856611688246990965e+00
9.117336147827126425e+00 1.364421959048354616e+01 1.969532863666137956e+01 9.810345868998489038e+00 9.874355323159775821e+00
9.148399155129467886e+00 1.368916148537191013e+01 1.978721605522079585e+01 9.834923842766698954e+00 9.891877527885913679e+00
9.179244968324114851e+00 1.373375269700938262e+01 1.987874628150987633e+01 9.859128563395564981e+00 9.909182076557531360e+00
9.209874338551367501e+00 1.377799606717735870e+01 1.996991940775718888e+01 9.882962429784157621e+00 9.926272691521814906e+00
9.240288027508796631e+00 1.382189442570968474e+01 2.006073557334325130e+01 9.906427846408270455e+00 9.943153047408184619e+00
9.270486810047140480e+00 1.386545058952305354e+01 2.015119496373264241e+01 9.929527221759153477e+00 9.959826783027942554e+00
9.300471466434617085e+00 1.390866736497372536e+01 2.024129780949646928e+01 9.952262965093858327e+00 9.976297459163024683e+00
9.330242786830853063e+00 1.395154755098822008e+01 2.033104438527765723e+01 9.974637488768301807e+00 9.992568594771549684e+00
9.359801570393861070e+00 1.399409392900107285e+01 2.042043500878210338e+01 9.996653207871231572e+00 1.000864365727317740e+01
9.389148625996844189e+00 1.403630926925361777e+01 2.050947003980630257e+01 1.001831253600468230e+01 1.002452607809975760e+01
9.418284767486246878e+00 1.407819633040423923e+01 2.059814987923813590e+01 1.003961788767900742e+01 1.004021922965368496e+01
9.447210816694614266e+00 1.411975785874482447e+01 2.068647496808074493e+01 1.006057167876710245e+01 1.005572643065249849e+01
9.475927603749878969e+00 1.416099658432771591e+01 2.077444578651118334e+01 1.008117632181093093e+01 1.007105095444360465e+01
9.504435964890404875e+00 1.420191522397673900e+01 2.086206285291196494e+01 1.010143422833048277e+01 1.008619602714662733e+01
9.532736741475657638e+00 1.424251648321617836e+01 2.094932672293948883e+01 1.012134780981729776e+01 1.010116483480747718e+01
9.560830780982259469e+00 1.428280305031041486e+01 2.103623798861035255e+01 1.014091947290234685e+01 1.011596050539982627e+01
9.588718938669726910e+00 1.432277759900160063e+01 2.112279727736405732e+01 1.016015162159941099e+01 1.013058612400502767e+01
9.616402072369712783e+00 1.436244278869763846e+01 2.120900525117320967e+01 1.017904665814623222e+01 1.014504472929104217e+01
9.643881045454003598e+00 1.440180126549318906e+01 2.129486260565654376e+01 1.019760697922693282e+01 1.015933931550109470e+01
9.671156726204818810e+00 1.444085565722532039e+01 2.138037006917798166e+01 1.021583497717752209e+01 1.017347283097817190e+01
9.698229988306371396e+00 1.447960857683364999e+01 2.146552840199863255e+01 1.023373304079666291e+01 1.018744817808749303e+01
9.725101707590290800e+00 1.451806262313323792e+01 2.155033839542140228e+01 1.025130355310567332e+01 1.020126821523209593e+01
9.751772764060573806e+00 1.455622037828219284e+01 2.163480087092452564e+01 1.026854889101240431e+01 1.021493575701403955e+01
9.778244042166923222e+00 1.459408440729459144e+01 2.171891667935624426e+01 1.028547142645521006e+01 1.022845357850305170e+01
9.804516429243033571e+00 1.463165725934235262e+01 2.180268670010971022e+01 1.030207352522813125e+01 1.024182440684015560e+01
9.830590814736519079e+00 1.466894146948225064e+01 2.188611184029450030e+01 1.031835754559346086e+01 1.025505092850793432e+01
9.856468090970327722e+00 1.470593955347768045e+01 2.196919303397332257e+01 1.033432583960476947e+01 1.026813578802851801e+01
9.882149154461211893e+00 1.474265401115799357e+01 2.205193124137160510e+01 1.034998075270550366e+01 1.028108159032512425e+01
9.907634901936550165e+00 1.477908732633339461e+01 2.213432744808598684e+01 1.036532462167808077e+01 1.029389089970389826e+01
9.932926232617068862e+00 1.481524196648694769e+01 2.221638266436300313e+01 1.038035977603029814e+01 1.030656623810570238e+01
9.958024047750422270e+00 1.485112038069566509e+01 2.229809792434010163e+01 1.039508853813576827e+01 1.031911008872348567e+01
9.982929251014716954e+00 1.488672500139821508e+01 2.237947428529787075e+01 1.040951322081307318e+01 1.033152489550972319e+01
1.000764274605577420e+01 1.492205824555977323e+01 2.246051282697564133e+01 1.042363612869517020e+01 1.034381306588224625e+01
1.003216543803833360e+01 1.495712251147336502e+01 2.254121465084422482e+01 1.043745955873501963e+01 1.035597696663116274e+01
1.005649823381674146e+01 1.499192018033729035e+01 2.262158087940906626e+01 1.045098579762616708e+01 1.036801892785473989e+01
1.008064204083849269e+01 1.502645361645355138e+01 2.270161265555449503e+01 1.046421712311109076e+01 1.037994124260340989e+01
1.010459776655667952e+01 1.506072516786652571e+01 2.278131114185303829e+01 1.047715580468081242e+01 1.039174616734737988e+01
1.012836631900235851e+01 1.509473716379079455e+01 2.286067751991678776e+01 1.048980410106261374e+01 1.040343592250578197e+01
1.015194860772344221e+01 1.512849191649783442e+01 2.293971298977052342e+01 1.050216426144686466e+01 1.041501269308600186e+01
1.017534554094914689e+01 1.516199172175224241e+01 2.301841876919828422e+01 1.051423852588382601e+01 1.042647862907160317e+01
1.019855802719763993e+01 1.519523885762894366e+01 2.309679609314048321e+01 1.052602912380279498e+01 1.043783584597814595e+01
