2.002606970125384134e+00 2.003100356087756051e+00 2.020655383167119901e+00 2.003257201556548850e+00 2.003842353003350230e+00
2.005261207586869432e+00 2.006262904715156559e+00 2.041589013408620534e+00 2.006580417722116483e+00 2.007761795306986397e+00
2.007963540951897219e+00 2.009487309961353496e+00 2.062794953700921141e+00 2.009970172467502092e+00 2.011759465198453167e+00
2.010714888258706701e+00 2.012773402211691653e+00 2.084268041171010388e+00 2.013427147492260705e+00 2.015836652322198663e+00
2.013516259322036372e+00 2.016121174813960693e+00 2.106003840510135117e+00 2.016952184030388562e+00 2.019994802445173931e+00
2.016368758710204823e+00 2.019530783862304890e+00 2.127998646633824542e+00 2.020546284717908758e+00 2.024235522008893007e+00
2.019273588423292853e+00 2.023002547698940390e+00 2.150249493139329005e+00 2.024210617069198026e+00 2.028560572169283649e+00
2.022232051332711666e+00 2.026536946561260155e+00 2.172754111302471092e+00 2.027946517638477886e+00 2.032971887508274289e+00
2.025245555267968012e+00 2.030134623513858205e+00 2.195510925232295740e+00 2.031755496700310637e+00 2.037471577150562041e+00
2.028315617173537255e+00 2.033796386085104047e+00 2.218519049790469655e+00 2.035639243449416824e+00 2.042061929274128662e+00
2.031443867797195768e+00 2.037523208213694925e+00 2.241778285780237745e+00 2.039599632266931195e+00 2.046745418062080102e+00
2.034632057069486688e+00 2.041316232878164438e+00 2.265289115445718870e+00 2.043638731006435449e+00 2.051524711926281608e+00
2.037882060139050378e+00 2.045176775635465738e+00 2.289052700817888919e+00 2.047758807457376928e+00 2.056402682887590316e+00
2.041195883866307348e+00 2.049106328755418982e+00 2.313070884460209253e+00 2.051962337303989692e+00 2.061382416359162306e+00
2.044575674156793532e+00 2.053106566799928867e+00 2.337346192393713995e+00 2.056252018721061336e+00 2.066467221998567805e+00
2.048023724677898283e+00 2.057179352923121929e+00 2.361881840155715562e+00 2.060630785288951827e+00 2.071660645831420400e+00
2.051542485550796879e+00 2.061326745894084933e+00 2.386681736847067636e+00 2.065101817183959909e+00 2.076966486557541014e+00
2.055134573514059593e+00 2.065551008560474688e+00 2.411750498389523933e+00 2.069668555114529518e+00 2.082388802370404246e+00
2.058802782756506744e+00 2.069854616913989975e+00 2.437093450666468541e+00 2.074334718403833211e+00 2.087931932510753708e+00
2.062550097454134423e+00 2.074240271683798209e+00 2.462716650786964667e+00 2.079104325305397349e+00 2.093600517236601899e+00
2.066379705460995808e+00 2.078710910476591955e+00 2.488626903038925420e+00 2.083981715222824160e+00 2.099399518774460294e+00
2.070295013335100354e+00 2.083269721990594459e+00 2.514831771029886642e+00 2.088971570856687165e+00 2.105334240660328149e+00
2.074299663299864704e+00 2.087920161362054827e+00 2.541339605983492511e+00 2.094078947576295757e+00 2.111410350617775933e+00
2.078397551097671769e+00 2.092665968560433409e+00 2.568159566311047470e+00 2.099309299729001932e+00 2.117633910690583487e+00
2.082592847574881834e+00 2.097511188625950762e+00 2.595301639762397361e+00 2.104668516731895256e+00 2.124011401743285621e+00
2.086890021320411126e+00 2.102460194368302560e+00 2.622776676399711793e+00 2.110162966510657157e+00 2.130549765624539571e+00
2.091293864443518391e+00 2.107517711991746534e+00 2.650596418258037712e+00 2.115799528042426658e+00 2.137256426459650527e+00
2.095809520808318283e+00 2.112688849229268584e+00 2.678773527222032769e+00 2.121585650575350979e+00 2.144139344934440583e+00
2.100442517906148776e+00 2.117979129202032684e+00 2.707321629346650660e+00 2.127529407631721270e+00 2.151207061364606599e+00
2.105198803318909739e+00 2.123394526605829835e+00 2.736255347432070995e+00 2.133639546924602115e+00 2.158468731307927158e+00
2.110084784465786623e+00 2.128941509814910038e+00 2.765590340166024230e+00 2.139925575816126635e+00 2.165934203249102907e+00
2.115107374218828884e+00 2.134627086036799959e+00 2.795343349159715718e+00 2.146397838681056935e+00 2.173614057087246643e+00
2.120274039965578172e+00 2.140458856526743059e+00 2.825532238578075006e+00 2.153067589895555578e+00 2.181519682682188765e+00
2.125592862648352011e+00 2.146445076855007628e+00 2.856176041736847804e+00 2.159947125894591480e+00 2.189663360556794558e+00
2.131072601410330947e+00 2.152594725958491217e+00 2.887295009917361988e+00 2.167049885441294066e+00 2.198058318239899833e+00
2.136722766984032074e+00 2.158917583887786762e+00 2.918910655586014258e+00 2.174390579102639443e+00 2.206718860421807982e+00
2.142553705915497098e+00 2.165424320397476787e+00 2.951045801932732804e+00 2.181985374144363110e+00 2.215660440233377049e+00
2.148576692215245387e+00 2.172126601003240065e+00 2.983724626271774039e+00 2.189852039479585954e+00 2.224899787402063733e+00
2.154804040988953062e+00 2.179037203682830270e+00 3.016972703500854891e+00 2.198010166450356628e+00 2.234455052801801678e+00
2.161249231178694163e+00 2.186170157422840710e+00 3.050817045958301055e+00 2.206481437233934528e+00 2.244345903431080647e+00
2.167927050204556672e+00 2.193540892151292443e+00 3.085286131516750796e+00 2.215289839912585546e+00 2.254593741336050172e+00
2.174853756222338230e+00 2.201166430277355257e+00 3.120409938883274226e+00 2.224462045112340913e+00 2.265221837439914232e+00
2.182047269587248373e+00 2.209065594054347326e+00 3.156219956188034192e+00 2.234027806169295527e+00 2.276255534789933588e+00
2.189527395226189999e+00 2.217259257420696184e+00 3.192749176607302175e+00 2.244020289475509244e+00 2.287722509712441177e+00
2.197316079873502748e+00 2.225770628867971279e+00 3.230032110025422565e+00 2.254476716570247952e+00 2.299652931390002930e+00
2.205437716579779828e+00 2.234625592261324289e+00 3.268104722541606222e+00 2.265438876563189208e+00 2.312079822912392224e+00
2.213919478892749204e+00 2.243853117175194978e+00 3.307004375638580740e+00 2.276953938719430415e+00 2.325039303974000937e+00
2.222791750083149775e+00 2.253485727784746206e+00 3.346769788032842641e+00 2.289075278958770276e+00 2.338570900871950187e+00
2.232088602941759259e+00 2.263560077845010454e+00 3.387440850702789774e+00 2.301863415738373497e+00 2.352717978627939299e+00
2.241848372440109483e+00 2.274117575513436407e+00 3.429058490520985991e+00 2.315387181615427004e+00 2.367527998263811106e+00
2.252114330818826726e+00 2.285205232928127828e+00 3.471664532626831168e+00 2.329725102564031758e+00 2.383053033570793122e+00
2.262935461272034932e+00 2.296876604019480794e+00 3.515301334764088903e+00 2.344966988656020934e+00 2.399350126429492747e+00
2.274367445730629100e+00 2.309192944743151621e+00 3.560011521071862806e+00 2.361215753038562681e+00 2.416481695337870050e+00
2.286473771984059766e+00 2.322224440057714556e+00 3.605837618285607782e+00 2.378589464303562551e+00 2.434515990367766225e+00
2.299327081395235339e+00 2.336052102264653207e+00 3.652821635958511948e+00 2.397223608418250773e+00 2.453527401812291231e+00
2.313010590055677884e+00 2.350769607463985889e+00 3.701004581675662042e+00 2.417273453524175331e+00 2.473596815450303410e+00
2.327620200264224781e+00 2.366485581113937808e+00 3.750425892483000734e+00 2.438916376934298746e+00 2.494811734138059567e+00
2.343266504558595198e+00 2.383326317423847485e+00 3.801122823684145668e+00 2.462353775694340552e+00 2.517266166065159183e+00
2.360077175595430177e+00 2.401438948525334460e+00 3.853129801804262122e+00 2.487812203804971922e+00 2.541060278367196279e+00
2.378199664620720633e+00 2.420994943882018191e+00 3.906477742967127131e+00 2.515542110827750477e+00 2.566299687725725587e+00
2.397804080844452734e+00 2.442193774878081314e+00 3.961193353738196254e+00 2.545813653127468434e+00 2.593094243975563096e+00
2.419085946670716414e+00 2.465266385266496219e+00 4.017298437624151397e+00 2.578908141481532024e+00 2.621555926872934261e+00
2.442268373482555432e+00 2.490477815724810640e+00 4.074809233679490106e+00 2.615102601697145257e+00 2.651796031348272020e+00
2.467603007435412277e+00 2.518127548401017712e+00 4.133735818585887678e+00 2.654646378202541346e+00 2.683921701347204536e+00
2.495368212865273438e+00 2.548545220526228672e+00 4.194081586795525673e+00 2.697731964934811710e+00 2.718031432099325073e+00
2.525862667848163490e+00 2.582079907582290446e+00 4.255842836309953192e+00 2.744462808666737530e+00 2.754209783313015691e+00
2.559392966669809866e+00 2.619078588983068556e+00 4.319008567567008683e+00 2.794826002449237290e+00 2.792521777146108164e+00
2.596252070918203980e+00 2.659851300300430932e+00 4.383560357980210931e+00 2.848679595376677032e+00 2.833007452934921844e+00
2.636688410012220540e+00 2.704625912086974893e+00 4.449472407264549290e+00 2.905760747711076952e+00 2.875677174639918121e+00
2.680868398158576138e+00 2.753498552450905468e+00 4.516711779561885187e+00 2.965714596419254612e+00 2.920508483083520179e+00
2.728839343589692490e+00 2.806395728048173499e+00 4.585238834489125281e+00 3.028135730131659820e+00 2.967445182400696879e+00
2.780504659683810331e+00 2.863065310744901115e+00 4.655007762252222570e+00 3.092610554026734793e+00 3.016398855956609726e+00
2.835623216180686690e+00 2.923104756334143239e+00 4.725967249388996372e+00 3.158750933622405999e+00 3.067252921654893161e+00
2.893834677844540071e+00 2.986019010991707301e+00 4.798061270080620666e+00 3.226214858402402186e+00 3.119868626937194911e+00
2.954706012575566199e+00 3.051287577413043905e+00 4.871229925679316786e+00 3.294714837321271794e+00 3.174092391922335388e+00
3.017783259220890635e+00 3.118420266653766593e+00 4.945410322993088137e+00 3.364017457049266024e+00 3.229763140815932410e+00
3.082635041990621438e+00 3.186991129373466070e+00 5.020537462055746580e+00 3.433937861062641872e+00 3.286719120989736176e+00
3.148880312898444611e+00 3.256651090705122265e+00 5.096545096697201238e+00 3.504332133956041151e+00 3.344803727694174444e+00
3.216200228484771717e+00 3.327125745039748672e+00 5.173366547476040189e+00 3.575089477629576962e+00 3.403869721867483378e+00
3.284338329110465526e+00 3.398205456782716016e+00 5.250935446331911116e+00 3.646125152244540590e+00 3.463781998611577873e+00
3.353094029020215583e+00 3.469733031153624747e+00 5.329186396963739192e+00 3.717374551683088058e+00 3.524419042495961829e+00
3.422313416943293163e+00 3.541591915662712253e+00 5.408055541907844876e+00 3.788788446644303143e+00 3.585673306859970211e+00
3.491879860466340357e+00 3.613696191394719204e+00 5.487481032936099012e+00 3.860329270445080674e+00 3.647450834565381772e+00
3.561705637878944675e+00 3.685982634501408839e+00 5.567403403803353079e+00 3.931968271443645691e+00 3.709670378639644106e+00
3.631725025583421917e+00 3.758404666456261367e+00 5.647765850289845346e+00 4.003683353929385014e+00 3.772262236033321781e+00
3.701888840400811453e+00 3.830927854736197347e+00 5.728514425889054351e+00 4.075457450970102258e+00 3.835166968814761823e+00
3.772160250031160178e+00 3.903526614675046247e+00 5.809598161026080732e+00 4.147277302929134102e+00 3.898334116887097966e+00
3.842511611704527930e+00 3.976181811564731383e+00 5.890969117596513982e+00 4.219132541260449898e+00 3.961720975682969215e+00
3.912922114412685559e+00 4.048879024132737925e+00 5.972582389116587898e+00 4.291015000904536691e+00 4.025291478417122981e+00
3.983376032920160625e+00 4.121607290175671068e+00 6.054396056468450915e+00 4.362918203486167990e+00 4.089015199347404206e+00
4.053861435877901265e+00 4.194358200892585486e+00 6.136371109219593833e+00 4.434836970826824043e+00 4.152866482471310405e+00
4.124369199736804603e+00 4.267125221674120894e+00 6.218471340362594191e+00 4.506767125467596280e+00 4.216823690581846584e+00
4.194892324419608798e+00 4.339903221402639844e+00 6.300663223932876811e+00 4.578705261906144131e+00 4.280868563668748905e+00
4.265425428948645958e+00 4.412688131454460816e+00 6.382915781963074409e+00 4.650648586272422058e+00 4.344985675241886725e+00
4.335964339779984300e+00 4.485476689804951178e+00 6.465200439414533484e+00 4.722594789128700121e+00 4.409161977344790095e+00
4.406505793435482765e+00 4.558266236314861608e+00 6.547490876866333132e+00 4.794541940141936465e+00 4.473386415544540640e+00
4.477047228707111692e+00 4.631054575111038574e+00 6.629762886296802549e+00 4.866488408356131501e+00 4.537649599617555651e+00
4.547586624703401803e+00 4.703839873074043609e+00 6.711994229714820293e+00 4.938432804704593337e+00 4.601943538491631180e+00
4.618122373515301859e+00 4.776620581243139263e+00 6.794164500730572875e+00 5.010373937156942681e+00 4.666261423495596361e+00
4.688653187449385307e+00 4.849395373172188606e+00 6.876254991323147436e+00 5.082310773509674640e+00 4.730597440954037225e+00
4.759178029575199531e+00 4.922163100407521696e+00 6.958248565773998529e+00 5.154242412140216167e+00 4.794946611385861424e+00
4.829696058791916435e+00 4.994922758839718924e+00 7.040129542112629757e+00 5.226168059800887278e+00 4.859304657945420658e+00
4.900206588268686936e+00 5.067673462219723035e+00 7.121883580736660058e+00 5.298087013753132624e+00 4.923667899378775026e+00
4.970709053491741969e+00 5.140414421382157428e+00 7.203497580146908774e+00 5.369998647586679219e+00 4.988033160470788374e+00
5.041202987413963221e+00 5.213144928320947891e+00 7.284959579995553547e+00 5.441902399456271411e+00 5.052397695395415056e+00
5.111688001324778519e+00 5.285864343854083103e+00 7.366258671279811487e+00 5.513797762788312795e+00 5.116759123001871856e+00
5.182163769764277284e+00 5.358572087655372407e+00 7.447384913254468053e+00 5.585684278779678102e+00 5.181115373128194257e+00
5.252630018935223966e+00 5.431267630302174965e+00 7.528329256581719697e+00 5.657561530173901509e+00 5.245464641815813955e+00
5.323086517232085590e+00 5.503950486949197973e+00 7.609083472767964373e+00 5.729429136088424634e+00 5.309805353344791534e+00
5.393533066763276373e+00 5.576620212090812601e+00 7.689640089036954507e+00 5.801286747846183367e+00 5.374136127934654006e+00
5.463969498631056076e+00 5.649276394541198343e+00 7.769992328516311275e+00 5.873134045375585366e+00 5.438455754421205768e+00
5.534395668520040168e+00 5.721918654627359935e+00 7.850134055282859791e+00 5.944970734223185893e+00 5.502763167230691366e+00
5.604811452714852926e+00 5.794546641244559204e+00 7.930059723891398349e+00 6.016796542688986449e+00 5.567057426825664734e+00
5.675216744854314044e+00 5.867160029201799354e+00 8.009764333046760498e+00 6.088611219826929322e+00 5.631337703006809470e+00
5.745611453320345952e+00 5.939758517005970795e+00 8.089243383092746598e+00 6.160414533974996942e+00 5.695603260643824051e+00
5.815995499091919818e+00 6.012341824839263715e+00 8.168492837672456375e+00 6.232206270840135787e+00 5.759853447513404667e+00
5.886368814175416908e+00 6.084909692842417783e+00 8.247509086851685822e+00 6.303986232098169218e+00 5.824087684394798181e+00
5.956731340399208818e+00 6.157461879764311696e+00 8.326288915773764288e+00 6.375754234077025018e+00 5.888305454991609622e+00
6.027083028213258586e+00 6.229998161680210700e+00 8.404829470025259042e+00 6.447510106633600024e+00 5.952506298403047680e+00
6.097423835713878582e+00 6.302518330826191395e+00 8.483128231777740780e+00 6.519253692201078643e+00 6.016689803394554836e+00
6.167753727565408184e+00 6.375022194666196462e+00 8.561182995658114692e+00 6.590984844912186169e+00 6.080855600850489928e+00
6.238072674578696741e+00 6.447509574555051692e+00 8.638991842044053016e+00 6.662703429772132147e+00 6.145003361043224643e+00
6.308380652673515776e+00 6.519980305554610389e+00 8.716553117990942567e+00 6.734409322056418290e+00 6.209132788681579029e+00
6.378677642828605165e+00 6.592434234361719270e+00 8.793865416673165569e+00 6.806102406608744104e+00 6.273243618666856314e+00
6.448963630486595378e+00 6.664871220280557118e+00 8.870927558667156987e+00 6.877782577011591236e+00 6.337335612667858165e+00
6.519238605088532701e+00 6.737291132633477453e+00 8.947738573513261073e+00 6.949449735495253577e+00 6.401408556524856408e+00
6.589502560115714225e+00 6.809693852149144355e+00 9.024297686991248568e+00 7.021103791574398123e+00 6.465462257710624883e+00
6.659755492228187634e+00 6.882079268628763735e+00 9.100604305685832784e+00 7.092744662840821057e+00 6.529496542703622453e+00
6.729997401441221605e+00 6.954447281752786481e+00 9.176658002616603582e+00 7.164372273048785544e+00 6.593511255771222324e+00
6.800228290520971441e+00 7.026797799599259875e+00 9.252458507424830003e+00 7.235986553275035149e+00 6.657506256939020872e+00
6.870448165003266716e+00 7.099130738705927257e+00 9.328005696050384543e+00 7.307587440162123471e+00 6.721481420727627665e+00
6.940657032740292109e+00 7.171446023251012214e+00 9.403299571486776642e+00 7.379174876677567774e+00 6.785436634072267381e+00
7.010854904027252310e+00 7.243743584939521973e+00 9.478340271109063409e+00 7.450748810958489621e+00 6.849371796021962666e+00
7.081041791155238130e+00 7.316023362259167939e+00 9.553128033364068017e+00 7.522309196523122132e+00 6.913286815834643662e+00
7.151217708532579209e+00 7.388285300476373330e+00 9.627663210236979907e+00 7.593855991593857269e+00 6.977181611816007489e+00
7.221382672356205568e+00 7.460529350928425174e+00 9.701946253577663271e+00 7.665389159201149383e+00 7.041056112498958797e+00
7.291536700597221810e+00 7.532755471020626814e+00 9.775977697109642151e+00 7.736908666500931453e+00 7.104910252336439136e+00
7.361679812833469505e+00 7.604963623633858916e+00 9.849758175643504643e+00 7.808414485005705785e+00 7.168743975679516822e+00
7.431812030127532331e+00 7.677153777028840942e+00 9.923288386689488760e+00 7.879906589886551238e+00 7.232557231513404794e+00
7.501933374978213109e+00 7.749325904418343569e+00 9.996569114857878802e+00 7.951384960225588827e+00 7.296349976843495178e+00
7.572043871140452964e+00 7.821479983778426792e+00 1.006960120245076951e+01 8.022849578399762649e+00 7.360122173250292832e+00
7.642143543651315873e+00 7.893615997554727315e+00 1.014238556111776646e+01 8.094300430246120115e+00 7.423873788341703417e+00
7.712232418636758347e+00 7.965733932422066843e+00 1.021492315672723095e+01 8.165737504583978179e+00 7.487604793971597950e+00
7.782310523347591769e+00 8.037833779089559982e+00 1.028721500974144654e+01 8.237160793298414774e+00 7.551315166962721648e+00
7.852377885998715890e+00 8.109915532025880225e+00 1.035926219112575808e+01 8.308570290948022574e+00 7.615004887771779529e+00
7.922434535773264841e+00 8.181979189343950409e+00 1.043106581416691370e+01 8.379965994834503107e+00 7.678673940974205969e+00
7.992480502712808743e+00 8.254024752496107453e+00 1.050262703955557875e+01 8.451347904641675512e+00 7.742322314589287657e+00
8.062515817687803121e+00 8.326052226225645114e+00 1.057394706063952938e+01 8.522716022511614753e+00 7.805949999833869057e+00
8.132540512331294380e+00 8.398061618240678428e+00 1.064502711337999052e+01 8.594070352725092121e+00 7.869556991250163058e+00
8.202554618986653168e+00 8.470052939208940757e+00 1.071586846110641567e+01 8.665410901749446282e+00 7.933143285932581890e+00
8.272558170677303480e+00 8.542026202443231853e+00 1.078647240143500774e+01 8.736737677984191208e+00 7.996708883923056455e+00
8.342551201033412411e+00 8.613981423906587054e+00 1.085684025832662414e+01 8.808050691766228013e+00 8.060253787481343579e+00
8.412533744288532844e+00 8.685918621925203809e+00 1.092697338126687079e+01 8.879349955176511600e+00 8.123778001366382284e+00
8.482505835201067157e+00 8.757837817196802987e+00 1.099687314429792906e+01 8.950635482014382305e+00 8.187281532272363549e+00
8.552467509054739736e+00 8.829739032531771059e+00 1.106654094079462425e+01 9.021907287647438878e+00 8.250764389080813999e+00
8.622418801591736681e+00 8.901622292859155294e+00 1.113597818593746247e+01 9.093165388970705365e+00 8.314226582309110825e+00
8.692359749006937975e+00 8.973487624998792711e+00 1.120518630963647766e+01 9.164409804286972161e+00 8.377668124423893303e+00
8.762290387902622157e+00 9.045335057658862254e+00 1.127416676071145929e+01 9.235640553256846630e+00 8.441089029323819659e+00
8.832210755273131042e+00 9.117164621240323896e+00 1.134292099954509148e+01 9.306857656805114232e+00 8.504489312546164470e+00
8.902120888431982237e+00 9.188976347824542756e+00 1.141145050116131543e+01 9.378061137062237762e+00 8.567868991000285206e+00
8.972020825071785666e+00 9.260770271007613630e+00 1.147975675147131369e+01 9.449251017293605059e+00 8.631228082919964351e+00
9.041910603159742266e+00 9.332546425879503005e+00 1.154784124623468600e+01 9.520427321834540990e+00 8.694566607814117276e+00
9.111790260890462179e+00 9.404304848905875147e+00 1.161570549114998308e+01 9.591590076037467938e+00 8.757884586304015784e+00
9.181659836854777268e+00 9.476045577887653337e+00 1.168335099840944480e+01 9.662739306204235490e+00 8.821182040151708037e+00
9.251519369760190514e+00 9.547768651761010972e+00 1.175077928845142416e+01 9.733875039546498797e+00 8.884458992073081873e+00
9.321368898546351645e+00 9.619474110727791683e+00 1.181799188589143768e+01 9.804997304117977208e+00 8.947715465802536627e+00
9.391208462466311246e+00 9.691161996059459938e+00 1.188499032172539138e+01 9.876106128785394844e+00 9.010951485890657864e+00
9.461038100846716148e+00 9.762832349879156268e+00 1.195177612950472046e+01 9.947201543161453330e+00 9.074167077800185055e+00
9.530857853224867782e+00 9.834485215552675186e+00 1.201835084669931497e+01 1.001828357758475363e+01 9.137362267697996643e+00
9.600667759339227558e+00 9.906120637244868021e+00 1.208471601296659692e+01 1.008935226305397137e+01 9.200537082557143975e+00
9.670467859015673184e+00 9.977738659825179823e+00 1.215087316925387562e+01 1.016040763121495516e+01 9.263691549973843919e+00
9.740258192238231416e+00 1.004933932927536411e+01 1.221682385810031946e+01 1.023144971430939165e+01 9.326825698231505868e+00
9.810038799119785935e+00 1.012092269216218021e+01 1.228256962152322274e+01 1.030247854516057693e+01 9.389939556190617154e+00
9.879809719850284111e+00 1.019248879572594468e+01 1.234811200220630134e+01 1.037349415706770195e+01 9.453033153283737278e+00
9.949570994742915175e+00 1.026403768807980121e+01 1.241345254107164742e+01 1.044449658385964419e+01 9.516106519472529612e+00
1.001932266418745598e+01 1.033556941781008121e+01 1.247859277851315341e+01 1.051548585988545703e+01 9.579159685200480112e+00
1.008906476862936685e+01 1.040708403411513316e+01 1.254353425246184095e+01 1.058646201979155244e+01 9.642192681389358810e+00
1.015879734862484618e+01 1.047858158686917740e+01 1.260827849886489638e+01 1.065742509869701493e+01 9.705205539369565315e+00
1.022852044475285638e+01 1.055006212633963791e+01 1.267282705097553119e+01 1.072837513225469586e+01 9.768198290900393488e+00
1.029823409764345676e+01 1.062152570330634838e+01 1.273718143867822583e+01 1.079931215624952401e+01 9.831170968094800955e+00
1.036793834800541170e+01 1.069297236909406834e+01 1.280134318879877675e+01 1.087023620688099612e+01 9.894123603468191419e+00
1.043763323654649078e+01 1.076440217533522237e+01 1.286531382382554334e+01 1.094114732082169184e+01 9.957056229800119951e+00
1.050731880401580831e+01 1.083581517409324846e+01 1.292909486266677277e+01 1.101204553484850734e+01 1.001996888016003240e+01
1.057699509120356929e+01 1.090721141791543047e+01 1.299268781925217198e+01 1.108293088607282151e+01 1.008286158804972743e+01
1.064666213889361757e+01 1.097859095955474906e+01 1.305609420323510506e+01 1.115380341197032443e+01 1.014573438705950359e+01
1.071631998789326268e+01 1.104995385214101056e+01 1.311931551900500814e+01 1.122466315014344040e+01 1.020858731102651440e+01
1.078596867902273360e+01 1.112130014917226184e+01 1.318235326583673661e+01 1.129551013844857899e+01 1.027142039415576669e+01
1.085560825308900590e+01 1.119262990433253258e+01 1.324520893763915552e+01 1.136634441499593429e+01 1.033423367082116684e+01
1.092523875090953211e+01 1.126394317161295611e+01 1.330788402248319180e+01 1.143716601803259891e+01 1.039702717547696054e+01
1.099486021329210317e+01 1.133524000528353426e+01 1.337038000287287964e+01 1.150797498598711499e+01 1.045980094284789708e+01
1.106447268102392201e+01 1.140652045977328299e+01 1.343269835498577613e+01 1.157877135754410425e+01 1.052255500792554344e+01
1.113407619489442624e+01 1.147778458975573379e+01 1.349484054915007292e+01 1.164955517145555497e+01 1.058528940569218513e+01
1.120367079566206492e+01 1.154903245010682511e+01 1.355680804906056025e+01 1.172032646662355937e+01 1.064800417132679478e+01
1.127325652406257817e+01 1.162026409583497433e+01 1.361860231218073380e+01 1.179108528213778939e+01 1.071069934023815939e+01
1.134283342082170876e+01 1.169147958214607286e+01 1.368022478925773555e+01 1.186183165716785481e+01 1.077337494784452510e+01
1.141240152662220453e+01 1.176267896439042282e+01 1.374167692435038468e+01 1.193256563098259271e+01 1.083603102970308818e+01
1.148196088212093002e+01 1.183386229801712020e+01 1.380296015478238658e+01 1.200328724300114125e+01 1.089866762150181678e+01
1.155151152794988256e+01 1.190502963863796460e+01 1.386407591083309931e+01 1.207399653271794371e+01 1.096128475898855648e+01
1.162105350469484755e+01 1.197618104195744948e+01 1.392502561595993882e+01 1.214469353968983789e+01 1.102388247798316989e+01
1.169058685290908528e+01 1.204731656375518511e+01 1.398581068635601987e+01 1.221537830357871712e+01 1.108646081441492193e+01
1.176011161310958464e+01 1.211843625994243645e+01 1.404643253126640801e+01 1.228605086411425162e+01 1.114901980428694728e+01
1.182962782576432303e+01 1.218954018647899673e+01 1.410689255255205232e+01 1.235671126106554141e+01 1.121155948361148091e+01
1.189913553130364932e+01 1.226062839938303739e+01 1.416719214493046231e+01 1.242735953427641427e+01 1.127407988847592080e+01
1.196863477011208587e+01 1.233170095477172445e+01 1.422733269575760318e+01 1.249799572364643474e+01 1.133658105505208979e+01
1.203812558252292497e+01 1.240275790877681672e+01 1.428731558502119725e+01 1.256861986909087747e+01 1.139906301949226375e+01
1.210760800882811949e+01 1.247379931757491356e+01 1.434714218537702912e+01 1.263923201057599854e+01 1.146152581799437442e+01
1.217708208926524094e+01 1.254482523740827737e+01 1.440681386196455094e+01 1.270983218811107385e+01 1.152396948684445910e+01
1.224654786401997342e+01 1.261583572451299951e+01 1.446633197258190862e+01 1.278042044170360292e+01 1.158639406228662416e+01
1.231600537323208755e+01 1.268683083515275278e+01 1.452569786743795177e+01 1.285099681139297978e+01 1.164879958059926146e+01
1.238545465698162928e+01 1.275781062562816537e+01 1.458491288936941466e+01 1.292156133725299227e+01 1.171118607809474810e+01
1.245489575529603243e+01 1.282877515221982989e+01 1.464397837360959009e+01 1.299211405933898789e+01 1.177355359108370081e+01
1.252432870815102106e+01 1.289972447121816401e+01 1.470289564794302706e+01 1.306265501772264592e+01 1.183590215587158490e+01
1.259375355546128183e+01 1.297065863892823678e+01 1.476166603262411492e+01 1.313318425249765475e+01 1.189823180877762532e+01
1.266317033708800821e+01 1.304157771162257617e+01 1.482029084040313549e+01 1.320370180373109470e+01 1.196054258612783450e+01
1.273257909283701750e+01 1.311248174556909163e+01 1.487877137657904214e+01 1.327420771149204981e+01 1.202283452422014953e+01
1.280197986244886010e+01 1.318337079703054115e+01 1.493710893879579515e+01 1.334470201586002069e+01 1.208510765935034570e+01
1.287137268560486625e+01 1.325424492222788153e+01 1.499530481717240349e+01 1.341518475688134515e+01 1.214736202782045105e+01
1.294075760192865232e+01 1.332510417736485842e+01 1.505336029477112447e+01 1.348565597459261589e+01 1.220959766589140116e+01
1.301013465099954658e+01 1.339594861862269504e+01 1.511127664662036629e+01 1.355611570902936869e+01 1.227181460980995809e+01
1.307950387230967770e+01 1.346677830213390514e+01 1.516905514035709857e+01 1.362656400018921055e+01 1.233401289582516469e+01
1.314886530529613573e+01 1.353759328401022444e+01 1.522669703648416828e+01 1.369700088805035598e+01 1.239619256013990700e+01
1.321821898933139927e+01 1.360839362032634092e+01 1.528420358806324764e+01 1.376742641257989064e+01 1.245835363893299608e+01
1.328756496375982366e+01 1.367917936709123339e+01 1.534157604038062317e+01 1.383784061370402974e+01 1.252049616836629120e+01
1.335690326782016335e+01 1.374995058026757988e+01 1.539881563149811861e+01 1.390824353132071778e+01 1.258262018457048725e+01
1.342623394070062659e+01 1.382070731576794920e+01 1.545592359260005644e+01 1.397863520530694359e+01 1.264472572363456138e+01
1.349555702152408898e+01 1.389144962952494566e+01 1.551290114696465317e+01 1.404901567549874564e+01 1.270681282162025205e+01
1.356487254936990894e+01 1.396217757731112030e+01 1.556974951073929425e+01 1.411938498169510403e+01 1.276888151456214793e+01
1.363418056323796357e+01 1.403289121486807467e+01 1.562646989300703204e+01 1.418974316367423505e+01 1.283093183844421858e+01
1.370348110206036907e+01 1.410359059786754088e+01 1.568306349553046886e+01 1.426009026116669354e+01 1.289296382921535589e+01
1.377277420470811009e+01 1.417427578200808469e+01 1.573953151279906137e+01 1.433042631385553989e+01 1.295497752279489490e+01
1.384205990999380376e+01 1.424494682287596525e+01 1.579587513220320005e+01 1.440075136138195511e+01 1.301697295504796870e+01
1.391133825666623558e+01 1.431560377594182398e+01 1.585209553408716410e+01 1.447106544334280898e+01 1.307895016179928582e+01
1.398060928340159137e+01 1.438624669663258260e+01 1.590819389158292552e+01 1.454136859934461157e+01 1.314090917883714127e+01
1.404987302881440492e+01 1.445687564032213857e+01 1.596417137079163950e+01 1.461166086887300786e+01 1.320285004189878642e+01
1.411912953145599303e+01 1.452749066238787279e+01 1.602002913092057668e+01 1.468194229138788387e+01 1.326477278667319837e+01
1.418837882981706500e+01 1.459809181802125266e+01 1.607576832409131029e+01 1.475221290629585802e+01 1.332667744881079663e+01
1.425762096231588849e+01 1.466867916238103398e+01 1.613139009547914782e+01 1.482247275298317568e+01 1.338856406391511022e+01
