8.265064764200834801e+00
1.013855032572753245e+01
1.752587973410280497e+00
2.146473136518253444e+00
2.125458920654714312e+00
3.369160939302954016e+00
2.677022097444059057e+00
3.727210614789278509e+00
8.242117092053330651e+00
1.009481565426099081e+01
4.183921804179381532e+00
5.124284877467337296e+00
6.145619866213266613e-01
1.006785280397574311e+00
2.865162584711588023e-01
3.518904423536898807e-01
2.172722203651692580e-02
2.662018323304449208e-02
1.032581786863065731e-01
1.342900561108278379e-01
1.912807036296772928e-02
2.671807235700586133e-02
4.000000000000000083e-02
4.898979485566357095e-02
1.919982232947162304e+00
2.353947843447260269e+00
2.807884367915556290e+00
3.588795246338311706e+00
5.286637481427000296e+00
6.522293119323837374e+00
1.354242926410780326e-02
1.660392181966133945e-02
8.648226179012842962e+00
1.060495550496524331e+01
1.697787487724918609e+00
2.385425915390252172e+00
1.234109559857406113e+00
1.558826922998487907e+00
1.049345664426941244e-01
1.286819258863604598e-01
