1.116549499633049169e+00 1.248088734168174119e+00 1.058892564063460995e+00 1.109060260385685837e+00 1.144970312022139058e+00
1.232989496759468118e+00 1.495796668073306801e+00 1.117333332458724460e+00 1.216854117730189921e+00 1.289269888853311841e+00
1.349322694454793803e+00 1.743145587507534566e+00 1.175347224299177595e+00 1.323453509291073305e+00 1.432929307962437004e+00
1.465551692581161802e+00 1.990155407398055853e+00 1.232953702045735511e+00 1.428923896464648902e+00 1.575976989005681839e+00
1.581678992871557998e+00 2.236844380403711252e+00 1.290167899503436466e+00 1.533325048443173744e+00 1.718439397492800058e+00
1.697707003677962900e+00 2.483229276904880933e+00 1.347001479531881651e+00 1.636711708362032169e+00 1.860341224555000839e+00
1.813638044402962946e+00 2.729325540917294735e+00 1.403463294209346346e+00 1.739134162268066719e+00 2.001705546028774041e+00
1.929474349637883668e+00 2.975147425729436357e+00 1.459559897724642674e+00 1.840638727894524651e+00 2.142553963755546853e+00
2.045218073025291350e+00 3.220708112322914651e+00 1.515295948217190602e+00 1.941268176583722971e+00 2.282906731410414114e+00
2.160871290862836691e+00 3.466019813137051209e+00 1.570674524789329451e+00 2.041062099164328902e+00 2.422782866877466024e+00
2.276436005463420731e+00 3.711093863284864902e+00 1.625697379025656142e+00 2.140057224598386210e+00 2.562200252877685713e+00
2.391914148285046782e+00 3.955940800990047634e+00 1.680365135450502256e+00 2.238287698638000478e+00 2.701175727297707940e+00
2.507307582841857396e+00 4.200570438716812127e+00 1.734677451830769490e+00 2.335785328418369389e+00 2.839725164467872709e+00
2.622618107406593069e+00 4.444991926238004432e+00 1.788633147656398581e+00 2.432579797938667188e+00 2.977863548459418030e+00
2.737847457512896376e+00 4.689213806688429464e+00 1.842230307226525809e+00 2.528698858515894266e+00 3.115605039321866609e+00
2.852997308264659804e+00 4.933244066492924240e+00 1.895466362344519595e+00 2.624168497660839261e+00 3.252963033058487330e+00
2.968069276457967032e+00 5.177090179925143865e+00 1.948338158548523991e+00 2.719013089260218230e+00 3.389950216032244779e+00
3.083064922519743511e+00 5.420759148940171634e+00 2.000842007979579229e+00 2.813255527501832276e+00 3.526578614403107714e+00
3.197985752265748882e+00 5.664257538833494365e+00 2.052973731354604592e+00 2.906917346618157261e+00 3.662859639119736332e+00
3.312833218478794084e+00 5.907591510195712381e+00 2.104728691015173681e+00 3.000018828199686016e+00 3.798804126923761348e+00
3.427608722306592082e+00 6.150766847569742346e+00 2.156101816642887137e+00 3.092579097589775117e+00 3.934422377766688683e+00
3.542313614476553241e+00 6.393788985155413052e+00 2.207087624921656221e+00 3.184616210642401857e+00 4.069724188988304903e+00
3.656949196323099116e+00 6.636663029861023411e+00 2.257680234144469722e+00 3.276147231952516226e+00 4.204718886564147162e+00
3.771516720620655683e+00 6.879393781955290166e+00 2.307873374661224997e+00 3.367188305511513491e+00 4.339415353690958987e+00
3.886017392213091171e+00 7.121985753538623065e+00 2.357660395793071295e+00 3.457754718607768840e+00 4.473822056944097625e+00
4.000452368427601435e+00 7.364443185017530702e+00 2.407034269782407865e+00 3.547860959686141680e+00 4.607947070213079144e+00
4.114822759257643625e+00 7.606770059738335199e+00 2.455987593210968267e+00 3.637520770776886181e+00 4.741798096593980993e+00
4.229129627296069671e+00 7.848970116908680517e+00 2.504512586236142813e+00 3.726747195028393467e+00 4.875382488392721037e+00
4.343373987394938851e+00 8.091046862911627002e+00 2.552601089920541799e+00 3.815552619800163026e+00 5.008707265371888262e+00
4.457556806023770690e+00 8.333003581094148515e+00 2.600244561863270576e+00 3.903948815711520748e+00 5.141779131353115595e+00
4.571679000291664963e+00 8.574843340089666199e+00 2.647434070292746799e+00 3.991946971984691839e+00 5.274604489267184171e+00
4.685741436591818854e+00 8.816569000713684545e+00 2.694160286725246767e+00 4.079557728367776193e+00 5.407189454725200406e+00
4.799744928818410195e+00 9.058183221448754097e+00 2.740413477256347985e+00 4.166791203880164218e+00 5.539539868165910264e+00
4.913690236095451525e+00 9.299688462514277276e+00 2.786183492511389748e+00 4.253657022575496605e+00 5.671661305615113058e+00
5.027578059945312816e+00 9.541086988491176868e+00 2.831459756244925963e+00 4.340164336479976903e+00 5.803559088072845817e+00
5.141409040809084452e+00 9.782380869447370841e+00 2.876231252546483486e+00 4.426321845821404644e+00 5.935238289523543820e+00
5.255183753813628122e+00 1.002357198047928222e+01 2.920486511575076438e+00 4.512137816625269693e+00 6.066703743540929672e+00
5.368902703657090214e+00 1.026466199955317293e+01 2.964213593712910377e+00 4.597620095714197497e+00 6.197960048432279656e+00
5.482566318458228949e+00 1.050565240349003915e+01 3.007400071993556523e+00 4.682776123101623611e+00 6.329011570837244527e+00
5.596174942380922168e+00 1.074654446189354218e+01 3.050033012626200524e+00 4.767612941726691034e+00 6.459862447660620788e+00
5.709728826803417867e+00 1.098733922876450642e+01 3.092098953400216121e+00 4.852137204421469896e+00 6.590516586174936187e+00
5.823228119751080456e+00 1.122803753147957195e+01 3.133583879707194875e+00 4.936355177944689032e+00 6.720977662077709525e+00
5.936672853244861159e+00 1.146863995672965686e+01 3.174473197885311126e+00 5.020272743844538255e+00 6.851249115224673503e+00
6.050062928138970619e+00 1.170914683291117697e+01 3.214751705527478798e+00 5.103895395829865400e+00 6.981334142680798216e+00
6.163398095915353814e+00 1.194955820833800608e+01 3.254403558348597958e+00 5.187228233231120811e+00 7.111235688632182139e+00
6.276677936775374000e+00 1.218987382447740053e+01 3.293412233138744760e+00 5.270275950006130472e+00 7.240956430577620395e+00
6.389901833200873682e+00 1.243009308321404305e+01 3.331760486258860787e+00 5.353042818600298958e+00 7.370498761059971038e+00
6.503068937943838890e+00 1.267021500687678959e+01 3.369430307052545981e+00 5.435532667777126292e+00 7.499864763992567518e+00
6.616178135132207316e+00 1.291023818943186541e+01 3.406402865450212314e+00 5.517748853303811707e+00 7.629056184375581751e+00
6.729227992817820692e+00 1.315016073679466402e+01 3.442658452936937952e+00 5.599694220077389595e+00 7.758074389858200526e+00
6.842216704839395369e+00 1.338998019364269609e+01 3.478176415923213138e+00 5.681371053894740619e+00 7.886920322154232110e+00
6.955142019254475727e+00 1.362969345333285176e+01 3.512935080416013989e+00 5.762781020594351489e+00 8.015594435739830104e+00
7.068001149810815065e+00 1.386929664651278138e+01 3.546911666710959921e+00 5.843925089661234473e+00 8.144096620496561911e+00
7.180790665861113808e+00 1.410878500262625579e+01 3.580082192637918048e+00 5.924803438599843375e+00 8.272426103930229146e+00
7.293506354725776575e+00 1.434815267664638760e+01 3.612421363663103957e+00 6.005415333320252458e+00 8.400581327242058194e+00
7.406143048642302773e+00 1.458739253080444875e+01 3.643902447890125629e+00 6.085758978433926991e+00 8.528559787700780603e+00
7.518694405897778488e+00 1.482649585751902599e+01 3.674497133737470111e+00 6.165831329583638443e+00 8.656357837285939993e+00
7.631152632398898739e+00 1.506545202483442480e+01 3.704175367606138192e+00 6.245627857576964814e+00 8.783970424232041552e+00
7.743508125283147692e+00 1.530424801852856298e+01 3.732905168786484928e+00 6.325142251077701339e+00 8.911390759565069430e+00
7.855749014059130175e+00 1.554286784540535749e+01 3.760652418093239913e+00 6.404366040501463075e+00 9.038609884531418004e+00
7.967860566337182426e+00 1.578129174777844312e+01 3.787380616588094107e+00 6.483288120518452047e+00 9.165616106277406416e+00
8.079824413562661789e+00 1.601949515860122375e+01 3.813050610264247631e+00 6.561894141530787650e+00 9.292394257484557940e+00
8.191617537660986770e+00 1.625744729662332588e+01 3.837620276305020450e+00 6.640165731071617117e+00 9.418924720242532800e+00
8.303210938046294842e+00 1.649510925672264605e+01 3.861044166419542734e+00 6.718079494515530214e+00 9.545182132171643019e+00
8.414567872300995788e+00 1.673243138550566300e+01 3.883273103000260296e+00 6.795605728295900150e+00 9.671133664256045037e+00
8.525641529065371316e+00 1.696934963658471318e+01 3.904253724705626372e+00 6.872706759099275864e+00 9.796736720988187486e+00
8.636371948754561600e+00 1.720578045959904046e+01 3.923927979944937139e+00 6.949334797390051222e+00 9.921935862473480583e+00
8.746681958363282661e+00 1.744161357652336264e+01 3.942232570306828610e+00 7.025429163145583189e+00 1.004665868509341387e+01
8.856471834827734924e+00 1.767670171811159818e+01 3.959098352140613120e+00 7.100912706784024309e+00 1.017081032030054644e+01
8.965612371125832425e+00 1.791084602661978309e+01 3.974449714686831836e+00 7.175687211537886689e+00 1.029426612868611102e+01
9.073936016092272183e+00 1.814377540328050742e+01 3.988203969285323947e+00 7.249627532745162029e+00 1.041686209336758751e+01
9.181225838990270560e+00 1.837511770391790478e+01 4.000270808526400046e+00 7.322574218947019986e+00 1.053838238824109830e+01
9.287202307721244665e+00 1.860436063857233435e+01 4.010551929267447413e+00 7.394324394697424196e+00 1.065854367834301009e+01
9.391508368385355965e+00 1.883080105959337658e+01 4.018940960794728845e+00 7.464620811579465887e+00 1.077697601157982454e+01
9.493694190349375006e+00 1.905348386022309626e+01 4.025323896386030498e+00 7.533139256199005374e+00 1.089320084754206697e+01
9.593204270837178527e+00 1.927113689872503599e+01 4.029580284098631004e+00 7.599475031037698614e+00 1.100660804447526431e+01
9.689371296020478752e+00 1.948211668209476599e+01 4.031585466038781540e+00 7.663130087216246444e+00 1.111643566339198586e+01
9.781422812171383541e+00 1.968438992300664836e+01 4.031214123743619204e+00 7.723503631127852209e+00 1.122175920600066235e+01
9.868507450156743133e+00 1.987558450569339286e+01 4.028345237177968663e+00 7.779890537876934076e+00 1.132149979965137732e+01
9.949745781555945356e+00 2.005314195792946563e+01 4.022868260160475273e+00 7.831493255231185557e+00 1.141446237683459231e+01
1.002430563935858565e+01 2.021458246909776690e+01 4.014689889034018577e+00 7.877453195535009556e+00 1.149941260386365194e+01
1.009149310225260088e+01 2.035784950711991570e+01 4.003740400062543614e+00 7.916905632137472004e+00 1.157519276499754568e+01
1.015084118583183859e+01 2.048164917696151477e+01 3.989978379901792049e+00 7.949056813910886810e+00 1.164086204336298636e+01
1.020217374274346511e+01 2.058567400425209470e+01 3.973392934275981059e+00 7.973273745074060948e+00 1.169583080013281773e+01
1.024562645752298451e+01 2.067063120674350074e+01 3.954003075134964185e+00 7.989168678490186970e+00 1.173995118378586255e+01
1.028161961986389450e+01 2.073807262223387937e+01 3.931854678103609224e+00 7.996656662656769221e+00 1.177353559168158981e+01
1.031079244990811539e+01 2.079009914081326116e+01 3.907015864512962899e+00 7.995969359337497195e+00 1.179729825744877303e+01
1.033391853831403751e+01 2.082904163845328327e+01 3.879571764376195553e+00 7.987621103292809721e+00 1.181224103939470460e+01
1.035182281059007892e+01 2.085719816622434308e+01 3.849619434415258556e+00 7.972337846022877983e+00 1.181951849659628095e+01
1.036531427097195568e+01 2.087666200361706004e+01 3.817263406965733186e+00 7.950968929183432010e+00 1.182031486938800136e+01
1.037514037833827807e+01 2.088923700768504688e+01 3.782612069493716422e+00 7.924402115758043763e+00 1.181575240238247737e+01
1.038196216388668880e+01 2.089641763067833935e+01 3.745774883388260257e+00 7.893495922796361697e+00 1.180683586887232828e+01
1.038634559550968994e+01 2.089940801253705160e+01 3.706860347160239932e+00 7.859034759732315578e+00 1.179442825478005297e+01
1.038876380083312689e+01 2.089915973952749439e+01 3.665974570267697796e+00 7.821705574293713603e+00 1.177924852787430687e+01
1.038960544778002415e+01 2.089641495855034492e+01 3.623220322576768737e+00 7.782091120205491208e+00 1.176188254113553100e+01
1.038918584387875121e+01 2.089174750400879788e+01 3.578696441046123056e+00 7.740674144359839026e+00 1.174280015539761024e+01
1.038775855345341448e+01 2.088559874128328886e+01 3.532497497449018198e+00 7.697847581018725904e+00 1.172237403936377653e+01
1.038552629806027738e+01 2.087830719984189187e+01 3.484713652584226384e+00 7.653927201543901937e+00 1.170089756786122059e+01
1.038265056358944527e+01 2.087013227697044471e+01 3.435430640959228565e+00 7.609164481740648078e+00 1.167860060004396416e+01
1.037925973952482295e+01 2.086127280038162013e+01 3.384729844729147619e+00 7.563758463769111984e+00 1.165566275080362857e+01
1.037545583679614047e+01 2.085188136702100081e+01 3.332688427027092892e+00 7.517866072967507307e+00 1.163222421947589247e+01
1.037131993536916852e+01 2.084207532366077942e+01 3.279379503306960153e+00 7.471610761110031085e+00 1.160839444856234870e+01
1.036691654914440974e+01 2.083194513228018252e+01 3.224872335559334946e+00 7.425089567920326594e+00 1.158425895421549789e+01
1.036229709543061617e+01 2.082156072560912463e+01 3.169232538801832533e+00 7.378378791903590361e+00 1.155988466648093116e+01
1.035750263843757146e+01 2.081097633082024956e+01 3.112522292531935797e+00 7.331538490928979357e+00 1.153532408062015513e+01
1.035256605196761193e+01 2.080023413163170432e+01 3.054800552176863526e+00 7.284616025471400746e+00 1.151061847329737020e+01
1.034751372158808813e+01 2.078936705141531505e+01 2.996123257290366215e+00 7.237648833439227936e+00 1.148580039007489084e+01
1.034236688376957503e+01 2.077840087238339351e+01 2.936543534448763371e+00 7.190666596072134098e+00 1.146089556852842506e+01
1.033714267986560031e+01 2.076735585274497353e+01 2.876111893678309439e+00 7.143692925483237310e+00 1.143592442573164014e+01
1.033185498654952994e+01 2.075624796399283767e+01 2.814876417872327341e+00 7.096746678580647227e+00 1.141090321015983022e+01
1.032651507114165845e+01 2.074508984023416858e+01 2.752882945112210322e+00 7.049842980221987965e+00 1.138584489530135890e+01
1.032113210974619832e+01 2.073389150875924614e+01 2.690175244139614286e+00 7.002994020568391598e+00 1.136075987430408141e+01
1.031571359780825858e+01 2.072266095399945485e+01 2.626795183476371420e+00 6.956209677238466504e+00 1.133565650125353130e+01
1.031026567626467383e+01 2.071140455423542193e+01 2.562782894879403361e+00 6.909498001541156675e+00 1.131054151403358077e+01
1.030479339119360560e+01 2.070012742088133706e+01 2.498176932001943129e+00 6.862865599182648602e+00 1.128542036557923645e+01
1.029930090117370334e+01 2.068883366290476289e+01 2.433014425199887310e+00 6.816317929012165600e+00 1.126029748410324061e+01
1.029379164328041441e+01 2.067752659348734312e+01 2.367331233669201840e+00 6.769859537896128820e+00 1.123517647811068976e+01
1.028826846635295489e+01 2.066620889218324919e+01 2.301162096144648839e+00 6.723494245862276841e+00 1.121006029842385310e+01
1.028273373827876114e+01 2.065488273247086326e+01 2.234540781605394599e+00 6.677225292381423039e+00 1.118495136657101874e+01
1.027718943260363638e+01 2.064354988241213462e+01 2.167500241601711952e+00 6.631055452217019308e+00 1.115985167682412715e+01
1.027163719864544866e+01 2.063221178434078595e+01 2.100072766056674034e+00 6.584987127404730245e+00 1.113476287757361938e+01
1.026607841841155988e+01 2.062086961812703123e+01 2.032290144684670619e+00 6.539022420460113061e+00 1.110968633638516678e+01
1.026051425293030661e+01 2.060952435156020002e+01 1.964183836527412685e+00 6.493163192789262794e+00 1.108462319216435077e+01
1.025494568006710772e+01 2.059817678058303869e+01 1.895785150568068067e+00 6.447411111407069129e+00 1.105957439711126433e+01
1.024937352546782598e+01 2.058682756151583604e+01 1.827125440972318993e+00 6.401767686395742452e+00 1.103454075055602246e+01
1.024379848797922676e+01 2.057547723693714303e+01 1.758236321254980750e+00 6.356234301009189736e+00 1.100952292632472229e+01
1.023822116051641729e+01 2.056412625652471249e+01 1.689149902626737365e+00 6.310812235920347568e+00 1.098452149493203578e+01
1.023264204730461380e+01 2.055277499387937112e+01 1.619899063027011143e+00 6.265502688832510714e+00 1.095953694162913195e+01
1.022706157813401440e+01 2.054142376017225757e+01 1.550517754963915307e+00 6.220306790289653165e+00 1.093456968111945038e+01
1.022148012016963214e+01 2.053007281518305760e+01 1.481041362529459393e+00 6.175225616555000130e+00 1.090962006958976005e+01
1.021589798777030467e+01 2.051872237630116302e+01 1.411507120523603831e+00 6.130260200054247655e+00 1.088468841457086711e+01
1.021031545066330004e+01 2.050737262587706056e+01 1.341954612547205050e+00 6.085411537889035216e+00 1.085977498304076505e+01
1.020473274077289716e+01 2.049602371721952565e+01 1.272426369972450955e+00 6.040680598784057054e+00 1.083488000809971474e+01
1.019915005793173890e+01 2.048467577951943852e+01 1.202968600327384285e+00 5.996068328767584887e+00 1.081000369448035769e+01
1.019356757467357077e+01 2.047332892189222520e+01 1.133632082947469311e+00 5.951575655826702338e+00 1.078514622311783278e+01
1.018798544025973385e+01 2.046198323670772012e+01 1.064473282347932148e+00 5.907203493725813104e+00 1.076030775493080327e+01
1.018240378407286784e+01 2.045063880233761822e+01 9.955557476538724471e-01 5.862952745146860600e+00 1.073548843396761576e+01
1.017682271848032372e+01 2.043929568542820263e+01 9.269518903001902066e-01 5.818824304272378178e+00 1.071068839003614670e+01
1.017124234125772020e+01 2.042795394278474319e+01 8.587452676079522229e-01 5.774819058915381831e+00 1.068590774089372353e+01
1.016566273764228789e+01 2.041661362293597648e+01 7.910335482414896369e-01 5.730937892275130174e+00 1.066114659408451004e+01
1.016008398207780949e+01 2.040527476743669766e+01 7.239324051059039533e-01 5.687181684387027758e+00 1.063640504847916723e+01
1.015450613969893112e+01 2.039393741195413767e+01 6.575806795827613405e-01 5.643551313319348672e+00 1.061168319557027218e+01
1.014892926759739922e+01 2.038260158717595516e+01 5.921472981243102174e-01 5.600047656161320830e+00 1.058698112056360507e+01
1.014335341590331652e+01 2.037126731957029335e+01 5.278406076778194844e-01 5.556671589838324543e+00 1.056229890329948695e+01
1.013777862871098812e+01 2.035993463202355258e+01 4.649210297341549447e-01 5.513423991783379385e+00 1.053763661903217930e+01
1.013220494487242362e+01 2.034860354437644858e+01 4.037181706735813447e-01 5.470305740489330049e+00 1.051299433909065328e+01
1.012663239867921838e+01 2.033727407387535635e+01 3.446536053421924706e-01 5.427317715961044620e+00 1.048837213143954195e+01
1.012106102044904432e+01 2.032594623555305091e+01 2.882699703752164555e-01 5.384460800084306165e+00 1.046377006115653963e+01
1.011549083703137342e+01 2.031462004255041265e+01 2.352644362284055379e-01 5.341735876924355253e+00 1.043918819083932270e+01
1.010992187224394279e+01 2.030329550638886360e+01 1.865170076865453885e-01 5.299143832965513390e+00 1.041462658095304761e+01
1.010435414725037262e+01 2.029197263720129385e+01 1.430860337835163087e-01 5.256685557300644795e+00 1.039008529012760640e+01
1.009878768088710110e+01 2.028065144392819619e+01 1.061118007215771791e-01 5.214361941778310694e+00 1.036556437541242737e+01
1.009322248994717519e+01 2.026933193448460813e+01 7.654809763472980588e-02 5.172173881113629079e+00 1.034106389249516056e+01
1.008765858942673255e+01 2.025801411590230927e+01 5.472270203072995137e-02 5.130122272968182351e+00 1.031658389588971403e+01
1.008209599273959256e+01 2.024669799445121043e+01 3.998309724050778252e-02 5.088208018003202326e+00 1.029212443909825225e+01
1.007653471190420191e+01 2.023538357574309288e+01 3.082379006237248587e-02 5.046432019909619981e+00 1.026768557475093857e+01
1.007097475770689776e+01 2.022407086482047944e+01 2.547562883557369373e-02 5.004795185418000614e+00 1.024326735472666172e+01
1.006541613984453143e+01 2.021275986623275145e+01 2.245368272593396830e-02 4.963298424290775834e+00 1.021886983025755136e+01
1.005985886704938181e+01 2.020145058410158612e+01 2.074749539682592750e-02 4.921942649298913786e+00 1.019449305201955092e+01
1.005430294719860917e+01 2.019014302217717116e+01 1.975233701862766367e-02 4.880728776184670714e+00 1.017013707021101432e+01
1.004874838741034715e+01 2.017883718388665315e+01 1.913234704035002287e-02 4.839657723611938245e+00 1.014580193462107083e+01
1.004319519412815076e+01 2.016753307237588899e+01 1.870864582971432447e-02 4.798730413105301018e+00 1.012148769468910281e+01
1.003764337319532451e+01 2.015623069054549887e+01 1.838813379085205493e-02 4.757947768978874947e+00 1.009719439955663312e+01
1.003209292992041846e+01 2.014493004108206620e+01 1.812295487516751152e-02 4.717310718255687263e+00 1.007292209811258310e+01
1.002654386913503259e+01 2.013363112648514175e+01 1.788865681684796705e-02 4.676820190578338199e+00 1.004867083903285874e+01
1.002099619524485696e+01 2.012233394909061701e+01 1.767275962236688341e-02 4.636477118111474560e+00 1.002444067081499135e+01
1.001544991227483905e+01 2.011103851109107410e+01 1.746886673833213804e-02 4.596282435436573444e+00 1.000023164180848845e+01
1.000990502390914116e+01 2.009974481455345341e+01 1.727365997905922282e-02 4.556237079439413584e+00 9.976043800241473747e+00
1.000436153352673330e+01 2.008845286143439068e+01 1.708537535300459070e-02 4.516341989190549633e+00 9.951877194244083569e+00
9.998819444232756481e+00 2.007716265359363561e+01 1.690303339925968568e-02 4.476598105819062923e+00 9.927731871869047708e+00
9.993278758886468438e+00 2.006587419280571893e+01 1.672605175293958094e-02 4.437006372379758368e+00 9.903607881109806499e+00
9.987739480126194280e+00 2.005458748077017717e+01 1.655405061528012270e-02 4.397567733714005556e+00 9.879505269916485588e+00
9.982201610391488344e+00 2.004330251912043082e+01 1.638675523230677389e-02 4.358283136304639704e+00 9.855424086209975343e+00
9.976665151942887277e+00 2.003201930943164299e+01 1.622394704588116937e-02 4.319153528124203945e+00 9.831364377894386664e+00
9.971130106879538602e+00 2.002073785322754773e+01 1.606543916285196882e-02 4.280179858477525023e+00 9.807326192868044856e+00
9.965596477154988975e+00 2.000945815198644695e+01 1.591106396468521325e-02 4.241363077838372853e+00 9.783309579033220515e+00
9.960064264591265371e+00 1.999818020714647915e+01 1.576066677148712722e-02 4.202704137679982743e+00 9.759314584304743079e+00
9.954533470891503200e+00 1.998690402011028056e+01 1.561410255086163532e-02 4.164203990299824021e+00 9.735341256617648042e+00
9.949004097651254597e+00 1.997562959224904233e+01 1.547123404941442432e-02 4.125863588638435608e+00 9.711389643933932447e+00
9.943476146368649182e+00 1.996435692490613789e+01 1.533193083644961326e-02 4.087683886092381869e+00 9.687459794248576728e+00
9.937949618453487233e+00 1.995308601940025994e+01 1.519606851962531334e-02 4.049665836321417522e+00 9.663551755594859571e+00
9.932424515235448226e+00 1.994181687702823780e+01 1.506352833583641214e-02 4.011810393049668022e+00 9.639665576049100792e+00
9.926900837971457392e+00 1.993054949906752782e+01 1.493419675325855650e-02 3.974118509861003901e+00 9.615801303734864192e+00
9.921378587852313302e+00 1.991928388677838413e+01 1.480796516633996023e-02 3.936591139988543819e+00 9.591958986826693234e+00
9.915857766008672414e+00 1.990802004140579839e+01 1.468472962130601064e-02 3.899229236098149975e+00 9.568138673553431062e+00
9.910338373516454524e+00 1.989675796418121223e+01 1.456439056445350301e-02 3.862033750066105942e+00 9.544340412201165691e+00
9.904820411401701108e+00 1.988549765632407329e+01 1.444685261641993207e-02 3.825005632750811291e+00 9.520564251115848364e+00
9.899303880644978904e+00 1.987423911904315332e+01 1.433202435887792267e-02 3.788145833758488124e+00 9.496810238705620577e+00
9.893788782185366060e+00 1.986298235353776320e+01 1.421981812627634741e-02 3.751455301203014070e+00 9.473078423442865770e+00
9.888275116924054586e+00 1.985172736099883650e+01 1.411014983247181089e-02 3.714934981459678376e+00 9.449368853866046081e+00
9.882762885727613522e+00 1.984047414260987452e+01 1.400293878611751433e-02 3.678585818912988969e+00 9.425681578581322384e+00
9.877252089430951898e+00 1.982922269954778827e+01 1.389810752298189546e-02 3.642408755698544720e+00 9.402016646263966493e+00
9.871742728840001035e+00 1.981797303298365165e+01 1.379558165666392062e-02 3.606404731438785927e+00 9.378374105659629478e+00
9.866234804734151709e+00 1.980672514408340490e+01 1.369528971998127016e-02 3.570574682972850855e+00 9.354754005585451893e+00
9.860728317868476367e+00 1.979547903400844078e+01 1.359716303647172733e-02 3.534919544080441955e+00 9.331156394931023002e+00
9.855223268975738193e+00 1.978423470391614103e+01 1.350113558682744866e-02 3.499440245199620936e+00 9.307581322659245870e+00
9.849719658768238517e+00 1.977299215496036311e+01 1.340714387841786259e-02 3.464137713138761399e+00 9.284028837807058565e+00
9.844217487939465272e+00 1.976175138829187716e+01 1.331512683232650637e-02 3.429012870782491174e+00 9.260498989486082522e+00
9.838716757165634874e+00 1.975051240505876038e+01 1.322502567834339150e-02 3.394066636791714053e+00 9.236991826883160783e+00
9.833217467107079557e+00 1.973927520640672739e+01 1.313678383626898545e-02 3.359299925297838829e+00 9.213507399260823405e+00
9.827719618409505031e+00 1.972803979347946068e+01 1.305034682583205985e-02 3.324713645591069522e+00 9.190045755957681806e+00
9.822223211705157553e+00 1.971680616741888059e+01 1.296566217260638858e-02 3.290308701802966418e+00 9.166606946388737853e+00
9.816728247613882630e+00 1.970557432936540465e+01 1.288267931256098855e-02 3.256085992583322319e+00 9.143191020045655648e+00
9.811234726744082479e+00 1.969434428045817143e+01 1.280134951912248117e-02 3.222046410771262970e+00 9.119798026496964027e+00
9.805742649693618418e+00 1.968311602183524300e+01 1.272162581036786512e-02 3.188190843060855428e+00 9.096428015388189792e+00
9.800252017050610220e+00 1.967188955463379330e+01 1.264346287670373332e-02 3.154520169661196860e+00 9.073081036441982050e+00
9.794762829394182191e+00 1.966066487999027146e+01 1.256681701396088723e-02 3.121035263951009053e+00 9.049757139458167288e+00
9.789275087295148836e+00 1.964944199904055822e+01 1.249164604926365600e-02 3.087736992128026881e+00 9.026456374313765352e+00
9.783788791316634814e+00 1.963822091292009375e+01 1.241790927924022771e-02 3.054626212853092770e+00 9.003178790962973466e+00
9.778303942014654027e+00 1.962700162276400562e+01 1.234556740541986955e-02 3.021703776889176130e+00 8.979924439437118266e+00
9.772820539938637197e+00 1.961578412970721530e+01 1.227458247943087437e-02 2.988970526735489130e+00 8.956693369844574093e+00
9.767338585631916814e+00 1.960456843488454837e+01 1.220491783717128804e-02 2.956427296256689985e+00 8.933485632370652851e+00
9.761858079632165897e+00 1.959335453943080907e+01 1.213653805855149578e-02 2.924074910307466357e+00 8.910301277277463683e+00
9.756379022471820761e+00 1.958214244448087626e+01 1.206940891289367580e-02 2.891914184352628592e+00 8.887140354903753092e+00
9.750901414678452284e+00 1.957093215116977802e+01 1.200349730317787703e-02 2.859945924082779811e+00 8.864002915664713100e+00
9.745425256775114065e+00 1.955972366063274492e+01 1.193877122927913294e-02 2.828170925025899951e+00 8.840889010051771635e+00
9.739950549280663950e+00 1.954851697400529531e+01 1.187519974219786514e-02 2.796589972154943649e+00 8.817798688632370485e+00
9.734477292710064233e+00 1.953731209242326017e+01 1.181275289714112629e-02 2.765203839491632287e+00 8.794732002049709507e+00
9.729005487574646338e+00 1.952610901702286839e+01 1.175140172008680255e-02 2.734013289706771488e+00 8.771689001022476617e+00
9.723535134382377265e+00 1.951490774894076807e+01 1.169111816602792439e-02 2.703019073717186416e+00 8.748669736344570680e+00
9.718066233638074536e+00 1.950370828931408340e+01 1.163187508718675940e-02 2.672221930279604862e+00 8.725674258884788870e+00
9.712598785843631788e+00 1.949251063928043592e+01 1.157364619392941933e-02 2.641622585581728799e+00 8.702702619586519361e+00
9.707132791498224833e+00 1.948131479997800852e+01 1.151640601971245896e-02 2.611221752830697351e+00 8.679754869467394940e+00
9.701668251098483964e+00 1.947012077254554185e+01 1.146012989889501690e-02 2.581020131839294240e+00 8.656831059618960822e+00
9.696205165138668036e+00 1.945892855812239119e+01 1.140479393000826819e-02 2.551018408610106647e+00 8.633931241206299845e+00
9.690743534110826118e+00 1.944773815784854065e+01 1.135037494534840707e-02 2.521217254918038719e+00 8.611055465467666536e+00
9.685283358504941376e+00 1.943654957286463869e+01 1.129685048643610211e-02 2.491617327891574085e+00 8.588203783714096318e+00
9.679824638809064297e+00 1.942536280431199813e+01 1.124419877938886807e-02 2.462219269592684334e+00 8.565376247329002268e+00
9.674367375509442368e+00 1.941417785333264234e+01 1.119239870895312981e-02 2.433023706596036728e+00 8.542572907767768342e+00
9.668911569090635538e+00 1.940299472106930523e+01 1.114142979035451231e-02 2.404031249567887052e+00 8.519793816557326593e+00
9.663457220035626349e+00 1.939181340866546321e+01 1.109127215360896333e-02 2.375242492845077713e+00 8.497039025295714865e+00
9.658004328825917639e+00 1.938063391726534590e+01 1.104190651550155007e-02 2.346658014014257887e+00 8.474308585651632697e+00
9.652552895941626687e+00 1.936945624801393251e+01 1.099331415783849630e-02 2.318278373491770239e+00 8.451602549363993688e+00
9.647102921861570479e+00 1.935828040205700162e+01 1.094547691277487564e-02 2.290104114104672295e+00 8.428920968241442324e+00
9.641654407063354526e+00 1.934710638054111342e+01 1.089837714133353765e-02 2.262135760673299689e+00 8.406263894161892125e+00
9.636207352023438588e+00 1.933593418461363100e+01 1.085199771044393323e-02 2.234373819595739885e+00 8.383631379072021161e+00
9.630761757217211283e+00 1.932476381542273458e+01 1.080632197967788290e-02 2.206818778434631589e+00 8.361023474986794213e+00
