3.589695689092553721e+01 3.599271887828074057e+01 3.589153582531313447e+01 3.590875036089707351e+01 3.592690617270138631e+01
3.580082383204474894e+01 3.599000169256360238e+01 3.579028832888040057e+01 3.582486177224930657e+01 3.586171469922730637e+01
3.571156234950520059e+01 3.599181980365277411e+01 3.569618603774138421e+01 3.574827336050500293e+01 3.580429365682976339e+01
3.562913525403018156e+01 3.599814490172511228e+01 3.560916342044891536e+01 3.567892674565045752e+01 3.575451779685086251e+01
3.555350660989176959e+01 3.600894907693835023e+01 3.552916010330017826e+01 3.561676599468560056e+01 3.571226786710037260e+01
3.548464161365480152e+01 3.602420483257004236e+01 3.545612016987246307e+01 3.556173732935229737e+01 3.567742994545631063e+01
3.542250650363389752e+01 3.604388504905330848e+01 3.538999158109851351e+01 3.551378884421454529e+01 3.564989489183588489e+01
3.536706845357299756e+01 3.606796297227671744e+01 3.533072568491029841e+01 3.547287032652857164e+01 3.562955791066860911e+01
3.531829548322122747e+01 3.609641220478295764e+01 3.527827682217890981e+01 3.543893303513527826e+01 3.561631807794227456e+01
3.527615636826661927e+01 3.612920669297569276e+01 3.523260198462715209e+01 3.541192951885648199e+01 3.561007784525559572e+01
3.524062055458933429e+01 3.616632071242569424e+01 3.519366049459270585e+01 3.539181343719991446e+01 3.561074267862065312e+01
3.521165808045883949e+01 3.620772885371368233e+01 3.516141375675972824e+01 3.537853940033176059e+01 3.561822075975483415e+01
3.518923951882505463e+01 3.625340600858147866e+01 3.513582503962489767e+01 3.537206282743331087e+01 3.563242266146200876e+01
3.517333586217845465e+01 3.630332735548098810e+01 3.511685928494311071e+01 3.537233981594216203e+01 3.565326102058515545e+01
3.516391843404745288e+01 3.635746834416013940e+01 3.510448291992585013e+01 3.537932696169627889e+01 3.568065023455038443e+01
3.516095883006575207e+01 3.641580467729980342e+01 3.509866370181126882e+01 3.539298122159907933e+01 3.571450618486660744e+01
3.516442883906682937e+01 3.647831229670218534e+01 3.509937057728934917e+01 3.541325979638511967e+01 3.575474597389535347e+01
3.517430034450798360e+01 3.654496736730950346e+01 3.510657355834398885e+01 3.544011999195391383e+01 3.580128766446117794e+01
3.519054522656003314e+01 3.661574625093983570e+01 3.512024360733258987e+01 3.547351908900478179e+01 3.585405001958417159e+01
3.521313526421832307e+01 3.669062547913704009e+01 3.514035251764435941e+01 3.551341420516651226e+01 3.591295224355904736e+01
3.524204202976172695e+01 3.676958173549072484e+01 3.516687280771822799e+01 3.555976214568718774e+01 3.597791372984337244e+01
3.527723678118461237e+01 3.685259183117437942e+01 3.519977762227828322e+01 3.561251928175864379e+01 3.604885380847633058e+01
3.531869033564512250e+01 3.693963267335429634e+01 3.523904063555843891e+01 3.567164135249796431e+01 3.612569148933425822e+01
3.536637293296666940e+01 3.703068123039456339e+01 3.528463595726704227e+01 3.573708340438719233e+01 3.620834519702795973e+01
3.542025408914111750e+01 3.712571449358556208e+01 3.533653803722068432e+01 3.580879954691528155e+01 3.629673250660052730e+01
3.548030243455460209e+01 3.722470943501993901e+01 3.539472156773190648e+01 3.588674281050823112e+01 3.639076985513560203e+01
3.554648553293544921e+01 3.732764296389193248e+01 3.545916138162331777e+01 3.597086494746061192e+01 3.649037225879898472e+01
3.561876968476379801e+01 3.743449187516160492e+01 3.552983234665320111e+01 3.606111625056674086e+01 3.659545301380119753e+01
3.569711970525325739e+01 3.754523278241258311e+01 3.560670925430148515e+01 3.615744534613485683e+01 3.670592336820998725e+01
3.578149868915806309e+01 3.765984207442246401e+01 3.568976669997569928e+01 3.625979897036395272e+01 3.682169219448181252e+01
3.587186772828808046e+01 3.777829579087477896e+01 3.577897895185061117e+01 3.636812173523194502e+01 3.694266564880528136e+01
3.596818560910955398e+01 3.790056960457615531e+01 3.587431980548365829e+01 3.648235585237218714e+01 3.706874676984084260e+01
3.607040847073973566e+01 3.802663864460112819e+01 3.597576242393407853e+01 3.660244082959751211e+01 3.719983508570980746e+01
3.617848942715723126e+01 3.815647745868334084e+01 3.608327915359786431e+01 3.672831319821684559e+01 3.733582621285916048e+01
3.629237814293716724e+01 3.829005983188827855e+01 3.619684131893382073e+01 3.685990612867917093e+01 3.747661134286305895e+01
3.641202034057945269e+01 3.842735866866275529e+01 3.631641898679092861e+01 3.699714903520902709e+01 3.762207675968684129e+01
3.653735726741969358e+01 3.856834584863563720e+01 3.644198069494153458e+01 3.713996721973542492e+01 3.777210334998381569e+01
3.666832508109819599e+01 3.871299195717888608e+01 3.657349313762292553e+01 3.728828133404479672e+01 3.792656596096579591e+01
3.680485419568451277e+01 3.886126621704172379e+01 3.671092079702782485e+01 3.744200685908307236e+01 3.808533277334448286e+01
3.694686848284768388e+01 3.901313605419353792e+01 3.685422552150637898e+01 3.760105361840619764e+01 3.824826468335501772e+01
3.709428441693529521e+01 3.916856700670746960e+01 3.700336601649661361e+01 3.776532500372304924e+01 3.841521446323167766e+01
3.724701010087681396e+01 3.932752223293230998e+01 3.715829724976399717e+01 3.793471725486654833e+01 3.858602595697951898e+01
3.740494418888629724e+01 3.948996223613611534e+01 3.731896974700707403e+01 3.810911878590258084e+01 3.876053326946797739e+01
3.756797466677492991e+01 3.965584444444655077e+01 3.748532875250963059e+01 3.828840904232219344e+01 3.893855968621433306e+01
3.773597744027779299e+01 3.982512250433227052e+01 3.765731322668823822e+01 3.847245752036513977e+01 3.911991659744198557e+01
3.790881481712646206e+01 3.999774610757879856e+01 3.783485463980758823e+01 3.866112273169003544e+01 3.930440242764181136e+01
3.808633375274653332e+01 4.017365974149524988e+01 3.801787553281204879e+01 3.885425054155763291e+01 3.949180122089641998e+01
3.826836400145772643e+01 4.035280248968554417e+01 3.820628778806703707e+01 3.905167278704809064e+01 3.968188118782193641e+01
3.845471587155540760e+01 4.053510653069131564e+01 3.839999050680398085e+01 3.925320559943916265e+01 3.987439326980491927e+01
3.864517789981132267e+01 4.072049681384381614e+01 3.859886746047160955e+01 3.945864697840901414e+01 4.006906935236226275e+01
3.883951422367852047e+01 4.090888848084260587e+01 3.880278407369019078e+01 3.966777520364755816e+01 4.026562023623539943e+01
3.906626441033638031e+01 4.112404711452956718e+01 3.904417697257238729e+01 3.991116544431355351e+01 4.049841181308718774e+01
3.935321515006575055e+01 4.138943002399385307e+01 3.935502819518788442e+01 4.021859286251277865e+01 4.080050462760092245e+01
3.969885928287217780e+01 4.170444531933724619e+01 3.973441218336010650e+01 4.058851509122758472e+01 4.116952660966229161e+01
4.010150768130679921e+01 4.206844341049703218e+01 4.018124395155393103e+01 4.101922959871774310e+01 4.160294403579051448e+01
4.055926184676386015e+01 4.248069930590227017e+01 4.069423987274429066e+01 4.150884607390692338e+01 4.209802632978007608e+01
4.106998801639480234e+01 4.294039380838908215e+01 4.127186780942895439e+01 4.205525370277977970e+01 4.265181273796050476e+01
4.163128661262587826e+01 4.344659169090342488e+01 4.191228775141428287e+01 4.265608241788066834e+01 4.326107814874089996e+01
4.224045896357790753e+01 4.399821310168263722e+01 4.261327917568218737e+01 4.330865883415359718e+01 4.392229486011203221e+01
4.289447358917654896e+01 4.459400173137014178e+01 4.337215342148364527e+01 4.400995383443061826e+01 4.463159484136889432e+01
4.358993286927670141e+01 4.523248382332197792e+01 4.418564801498823869e+01 4.475652078433369496e+01 4.538472825581278869e+01
4.432303257630988469e+01 4.591191233173901765e+01 4.504980227363549972e+01 4.554442299090916180e+01 4.617701872427259246e+01
4.508953235219126299e+01 4.663020665708135937e+01 4.595981561432072482e+01 4.636914901161043900e+01 4.700331775510764487e+01
4.588472582660246246e+01 4.738487625178349560e+01 4.690988635519659056e+01 4.722551501557062892e+01 4.785795904994200356e+01
4.670341658763261705e+01 4.817292673657166091e+01 4.789304403725365944e+01 4.810755450836539637e+01 4.873471513041867098e+01
4.753990758729001698e+01 4.899074089801413834e+01 4.890099332499266183e+01 4.900839793301817338e+01 4.962676053636435114e+01
4.838800594513707409e+01 4.983394523911762519e+01 4.992398524052482145e+01 4.992014863750284093e+01 5.052664780661767452e+01
4.924104915340578970e+01 5.069725851464134792e+01 5.095076333780617972e+01 5.083376839356785126e+01 5.142630276945963885e+01
5.009195897183414559e+01 5.157432525461780415e+01 5.196862897807910997e+01 5.173899617067972656e+01 5.231705896318427307e+01
5.093332904407964890e+01 5.245755574116192577e+01 5.296368412683152371e+01 5.262433844637484981e+01 5.318973236435449792e+01
5.175754955308286043e+01 5.333800285709239120e+01 5.392129968110162253e+01 5.347718819295051418e+01 5.403476079123298348e+01
5.255697130393841121e+01 5.420531857594493630e+01 5.482682983382850495e+01 5.428415516415856246e+01 5.484242991827152736e+01
5.332410772099863294e+01 5.504786896343492231e+01 5.566653824873580447e+01 5.503167226119793298e+01 5.560318963383537749e+01
5.405186597610202170e+01 5.585307084118232268e+01 5.642863009450849887e+01 5.570693892794016477e+01 5.630807015492842282e+01
5.473379574333632291e+01 5.660801619648677274e+01 5.710421915359154355e+01 5.629915159918063239e+01 5.694917696166488952e+01
5.536433536763676244e+01 5.730039538260548682e+01 5.768803275753266036e+01 5.680082860497816455e+01 5.752021985451562358e+01
5.593903391261738989e+01 5.791961764806172397e+01 5.817869604735982136e+01 5.720888188148217779e+01 5.801699934083882937e+01
5.645472413536445799e+01 5.845792658899737404e+01 5.857853638994892975e+01 5.752504941874667566e+01 5.843775419002985672e+01
5.690962694839797820e+01 5.891123396474107921e+01 5.889297095936374404e+01 5.775547298770764115e+01 5.878327373711624659e+01
5.730337329514311762e+01 5.927943449374587459e+01 5.912963383922234328e+01 5.790952623038637626e+01 5.905674546252865298e+01
5.763693900969933992e+01 5.956611524267167113e+01 5.929743231095943656e+01 5.799827804851525315e+01 5.926333343655041119e+01
5.791250283893938899e+01 5.977776432539500462e+01 5.940569374739000352e+01 5.803306297764981991e+01 5.940958580865599004e+01
5.813324150633925314e+01 5.992271907218704285e+01 5.946350039837922452e+01 5.802442955675923031e+01 5.950278441708171329e+01
5.830308839246379193e+01 6.001011577462893598e+01 5.947924218402068419e+01 5.798155972568285677e+01 5.955035194343455629e+01
5.842572617987816130e+01 6.004862661456743922e+01 5.946019024670578546e+01 5.791199023318790751e+01 5.955908918344957925e+01
5.850552564853534676e+01 6.004657500016421778e+01 5.941271247013294499e+01 5.782182681450674977e+01 5.953537859479208549e+01
5.854773867143833854e+01 6.001173166548898763e+01 5.934236653258411565e+01 5.771593763912397890e+01 5.948514919079114094e+01
5.855732757214860129e+01 5.995063178482445920e+01 5.925371462833915359e+01 5.759806327693066663e+01 5.941341344234697175e+01
5.853887335799062441e+01 5.986865151043770084e+01 5.915045594768756843e+01 5.747105937872436954e+01 5.932432407619108261e+01
5.849652177459596203e+01 5.977014353242757494e+01 5.903557399518348348e+01 5.733709537536946499e+01 5.922128512595230632e+01
5.843396311944678700e+01 5.965858959538524431e+01 5.891145660043179078e+01 5.719781054510416851e+01 5.910705914279822082e+01
5.835443246047616128e+01 5.953675760599004008e+01 5.878000387891808032e+01 5.705445455576905545e+01 5.898386624635591602e+01
5.826072999814240916e+01 5.940682976425733131e+01 5.864273469511868342e+01 5.690797636791036496e+01 5.885349506379213835e+01
5.815525337975500264e+01 5.927052474667674886e+01 5.850085079783331565e+01 5.675909990361745372e+01 5.871737387244644424e+01
5.804003667001816069e+01 5.912919627685167967e+01 5.835530741630415719e+01 5.660837805573102344e+01 5.857664418047676236e+01
5.791679174298150201e+01 5.898390540759467626e+01 5.820686284769987395e+01 5.645623718690310255e+01 5.843221903015904672e+01
5.778694985957996977e+01 5.883548608140260683e+01 5.805611856459146480e+01 5.630300656903735756e+01 5.828482791174325683e+01
5.765170125065802864e+01 5.868459754777509119e+01 5.790355467185043636e+01 5.614894064509488203e+01 5.813505529693728135e+01
5.751203152871368474e+01 5.853176105323790779e+01 5.774955455581509511e+01 5.599423751199640265e+01 5.798337107310822347e+01
5.736875400597110541e+01 5.837738647814147441e+01 5.759442281948952314e+01 5.583905385043461678e+01 5.783015343129570596e+01
5.722253787674736714e+01 5.822179947909381781e+01 5.743840240716573220e+01 5.568351357238960730e+01 5.767570681217630124e+01
5.707393258720205154e+01 5.806526033777008422e+01 5.728168850319968897e+01 5.552771247308870528e+01 5.752027699846019715e+01
5.692338866504707795e+01 5.790797645711031549e+01 5.712443980361582163e+01 5.537172661326332701e+01 5.736406338675241301e+01
5.677127525922366402e+01 5.775011354131482477e+01 5.696678424192427315e+01 5.521561676507607075e+01 5.720722832753502729e+01
5.661789473585957211e+01 5.759180472801575945e+01 5.680882345373650111e+01 5.505943244780800683e+01 5.704990423693909918e+01
5.646349475881841329e+01 5.743315754323059252e+01 5.665063949551336009e+01 5.490321405556201029e+01 5.689219932893931286e+01
5.630827826601665720e+01 5.727425912083304382e+01 5.649229921678653454e+01 5.474699381956855859e+01 5.673420234516262184e+01
5.615241167900105523e+01 5.711518109644704566e+01 5.633385782035680478e+01 5.459079773201086283e+01 5.657598633723767989e+01
5.599603162344912022e+01 5.695598090765474808e+01 5.617536107621423724e+01 5.443464672684248029e+01 5.641761161619563580e+01
5.583925040803319462e+01 5.679670524756987504e+01 5.601684586564017110e+01 5.427855765963494150e+01 5.625912808633586337e+01
5.568216048620336522e+01 5.663739237436267615e+01 5.585834157245773213e+01 5.412254458193613971e+01 5.610057714719056321e+01
5.552483809250838220e+01 5.647807374084298715e+01 5.569987231157024610e+01 5.396661920351829878e+01 5.594199324940257867e+01
5.536734620056966349e+01 5.631877549516516979e+01 5.554145849995810380e+01 5.381079123388239083e+01 5.578340514593207899e+01
5.520973693063500320e+01 5.615951929350694627e+01 5.538311722470808718e+01 5.365506874764054146e+01 5.562483689709569745e+01
5.505205350703214151e+01 5.600032300642991601e+01 5.522486246356681505e+01 5.349945834077963269e+01 5.546630861123025369e+01
5.489433185077241006e+01 5.584120146398272766e+01 5.506670563218676051e+01 5.334396547094397079e+01 5.530783725881102697e+01
5.473660187692436097e+01 5.568216700506529548e+01 5.490865621140269326e+01 5.318859470072126072e+01 5.514943717962384540e+01
5.457888855280467766e+01 5.552322995139522988e+01 5.475072209126899736e+01 5.303334986005759788e+01 5.499112041704295706e+01
5.442121276193600465e+01 5.536439898608447407e+01 5.459290991231056012e+01 5.287823362212801470e+01 5.483289737266584751e+01
5.426359197875751050e+01 5.520568139962993115e+01 5.443522513439410204e+01 5.272324898125129522e+01 5.467477669683722041e+01
5.410604090028815705e+01 5.504708332102453028e+01 5.427767270725981774e+01 5.256839895583728861e+01 5.451676574267573017e+01
5.394857180641902517e+01 5.488860991176370874e+01 5.412025625806308682e+01 5.241368527167266933e+01 5.435887078640651282e+01
5.379119530896873869e+01 5.473026549551467923e+01 5.396297954668146701e+01 5.225910977851557249e+01 5.420109716620672202e+01
5.363392022818023719e+01 5.457205378820093244e+01 5.380584507063980482e+01 5.210467392885349369e+01 5.404344945124253741e+01
5.347675404026864499e+01 5.441397782096399993e+01 5.364885527982353608e+01 5.195037865332653126e+01 5.388593157856018223e+01
5.331970318200077230e+01 5.425604038674563867e+01 5.349201198112561428e+01 5.179622488394780788e+01 5.372854693148469352e+01
5.316277298254433958e+01 5.409824362334885706e+01 5.333531675098957692e+01 5.164221332410619425e+01 5.357129839268126403e+01
5.300596801791511581e+01 5.394058961176168054e+01 5.317877092462281752e+01 5.148834456586742903e+01 5.341418844887581230e+01
5.284929220141710715e+01 5.378307988762731640e+01 5.302237561206866445e+01 5.133461926073195514e+01 5.325721922484178350e+01
5.269274887059147972e+01 5.362571592519434205e+01 5.286613181534217176e+01 5.118103789851014795e+01 5.310039253503716594e+01
5.253634089510358507e+01 5.346849884957936183e+01 5.271004031153714209e+01 5.102760095358393500e+01 5.294370998204160372e+01
5.238007075188352246e+01 5.331142967802653487e+01 5.255410183845116023e+01 5.087430884797906572e+01 5.278717286866513803e+01
5.222394053571086658e+01 5.315450923970850283e+01 5.239831692925326934e+01 5.072116184625827628e+01 5.263078245895136575e+01
5.206795205896851542e+01 5.299773825820023632e+01 5.224268606186147679e+01 5.056816022296998625e+01 5.247453967193620628e+01
5.191210686624796011e+01 5.284111733483796058e+01 5.208720960114667520e+01 5.041530412900591784e+01 5.231844546605660895e+01
5.175640628219851180e+01 5.268464700099610099e+01 5.193188784506573796e+01 5.026259368803771821e+01 5.216250056832425486e+01
5.160085144852940431e+01 5.252832768206847192e+01 5.177672103980337681e+01 5.011002901233786133e+01 5.200670561288945493e+01
5.144544334824627896e+01 5.237215975862724804e+01 5.162170937636479096e+01 4.995761015573948782e+01 5.185106116750096561e+01
5.129018282001229778e+01 5.221614352383709701e+01 5.146685301611064034e+01 4.980533719164529316e+01 5.169556766967325956e+01
5.113507058931079996e+01 5.206027923308593586e+01 5.131215206912493443e+01 4.965321016254318209e+01 5.154022552251866074e+01
5.098010727134114717e+01 5.190456708207170777e+01 5.115760662968602190e+01 4.950122908837656865e+01 5.138503504491109908e+01
5.082529338981620270e+01 5.174900723133463742e+01 5.100321674697986651e+01 4.934939399369250168e+01 5.122999651906657448e+01
5.067062939167657731e+01 5.159359980451345962e+01 5.084898245325379662e+01 4.919770485597908305e+01 5.107511016496297884e+01
5.051611565388645886e+01 5.143834489469136884e+01 5.069490375399605142e+01 4.904616165817708406e+01 5.092037618465969473e+01
5.036175249326534242e+01 5.128324257095555794e+01 5.054098063721188083e+01 4.889476435650377795e+01 5.076579472315843589e+01
5.020754017681791481e+01 5.112829287620475327e+01 5.038721307642802572e+01 4.874351289975823676e+01 5.061136590953796599e+01
5.005347892394004106e+01 5.097349583641767623e+01 5.023360103074112715e+01 4.859240724057842442e+01 5.045708983932102143e+01
4.989956891009979500e+01 5.081885145505746948e+01 5.008014445001197146e+01 4.844144729748652622e+01 5.030296657665436300e+01
4.974581028345565414e+01 5.066435972284236300e+01 4.992684327100727870e+01 4.829063299079201954e+01 5.014899617238172169e+01
4.959220315228062503e+01 5.051002061293216627e+01 4.977369742471304903e+01 4.813996426261160622e+01 4.999517864772400344e+01
4.943874760468084162e+01 5.035583408775460867e+01 4.962070683092718326e+01 4.798944100729223550e+01 4.984151401249200575e+01
4.928544370723504642e+01 5.020180009728615289e+01 4.946787140406395622e+01 4.783906312774718117e+01 4.968800225738946352e+01
4.913229149302576104e+01 5.004791858281240735e+01 4.931519105137535064e+01 4.768883054672288324e+01 4.953464336217002995e+01
4.897929099465159197e+01 4.989418947597317811e+01 4.916266567510933783e+01 4.753874315551722418e+01 4.938143729148178096e+01
4.882644220740157692e+01 4.974061270219338837e+01 4.901029517310297479e+01 4.738880085163798128e+01 4.922838400322178387e+01
4.867374512739380066e+01 4.958718817853653604e+01 4.885807943843421697e+01 4.723900353219491421e+01 4.907548344271343410e+01
4.852119972749292032e+01 4.943391581751050978e+01 4.870601836164802023e+01 4.708935109153835441e+01 4.892273554775264444e+01
4.836880597179988683e+01 4.928079552472859604e+01 4.855411183118109619e+01 4.693984342363774687e+01 4.877014024911658652e+01
4.821656381360410393e+01 4.912782720195284014e+01 4.840235972896916650e+01 4.679048040938188535e+01 4.861769746816179349e+01
4.806447319599193690e+01 4.897501074580502234e+01 4.825076193983681350e+01 4.664126193966878020e+01 4.846540712243486837e+01
4.791253405523636388e+01 4.882234604948985179e+01 4.809931834453536936e+01 4.649218790072491458e+01 4.831326912153804898e+01
4.776074631823160388e+01 4.866983300247558475e+01 4.794802881930973371e+01 4.634325817058407182e+01 4.816128337147707583e+01
4.760910990848066859e+01 4.851747149135725579e+01 4.779689324366445646e+01 4.619447263112881785e+01 4.800944977274844661e+01
4.745762473957815786e+01 4.836526139984038508e+01 4.764591149215204524e+01 4.604583116101312612e+01 4.785776822255447627e+01
4.730629072328232354e+01 4.821320260931099000e+01 4.749508343870269300e+01 4.589733363820852219e+01 4.770623861381859854e+01
4.715510776468214971e+01 4.806129499881392064e+01 4.734440895739541588e+01 4.574897993864601631e+01 4.755486083681223874e+01
4.700407576405904564e+01 4.790953844526416106e+01 4.719388791970354191e+01 4.560076993705285275e+01 4.740363477860362451e+01
4.685319461884801484e+01 4.775793282383781246e+01 4.704352019737462598e+01 4.545270350859412645e+01 4.725256032344625368e+01
4.670246422157067201e+01 4.760647800871771551e+01 4.689330566118724875e+01 4.530478052737291961e+01 4.710163735367606819e+01
4.655188446246818756e+01 4.745517387140274934e+01 4.674324418129908310e+01 4.515700086681413694e+01 4.695086574872095042e+01
4.640145522821154600e+01 4.730402028313864093e+01 4.659333562767847781e+01 4.500936439945538581e+01 4.680024538672177670e+01
4.625117640339222191e+01 4.715301711470534940e+01 4.644357986970700836e+01 4.486187099767927577e+01 4.664977614344845591e+01
4.610104786987369607e+01 4.700216423360532758e+01 4.629397677649759402e+01 4.471452053431473672e+01 4.649945789348888781e+01
4.595106950761762477e+01 4.685146150843721102e+01 4.614452621736086968e+01 4.456731288059357610e+01 4.634929050967460995e+01
4.580124119477990519e+01 4.670090880699326163e+01 4.599522806059998459e+01 4.442024790700711634e+01 4.619927386378923018e+01
4.565156280731956429e+01 4.655050599441060655e+01 4.584608217503016192e+01 4.427332548515602184e+01 4.604940782629518736e+01
4.550203422025602151e+01 4.640025293700159637e+01 4.569708842927360593e+01 4.412654548543292776e+01 4.589969226668103630e+01
4.535265530644895193e+01 4.625014950001119018e+01 4.554824669138977811e+01 4.397990777745908275e+01 4.575012705352411047e+01
4.520342593802195097e+01 4.610019554746750714e+01 4.539955682986130370e+01 4.383341223128758202e+01 4.560071205442498865e+01
4.505434598554591474e+01 4.595039094363086463e+01 4.525101871296900669e+01 4.368705871648526085e+01 4.545144713640382150e+01
4.490541531865390112e+01 4.580073555214423919e+01 4.510263220894930214e+01 4.354084710252234913e+01 4.530233216557123654e+01
4.475663380600291674e+01 4.565122923613261463e+01 4.495439718615988767e+01 4.339477725848819745e+01 4.515336700761832134e+01
4.460800131531302526e+01 4.550187185863187977e+01 4.480631351299245324e+01 4.324884905344006114e+01 4.500455152750839005e+01
4.445951771363578331e+01 4.535266328234836664e+01 4.465838105794882296e+01 4.310306235656574358e+01 4.485588558983958052e+01
4.431118286715407351e+01 4.520360336959840453e+01 4.451059968966217184e+01 4.295741703676136325e+01 4.470736905860551502e+01
4.416299664161367389e+01 4.505469198278051834e+01 4.436296927680968594e+01 4.281191296296834281e+01 4.455900179753420787e+01
4.401495890196581939e+01 4.490592898400360866e+01 4.421548968833283055e+01 4.266655000390385766e+01 4.441078367009192363e+01
4.386706951281527722e+01 4.475731423503667372e+01 4.406816079328521596e+01 4.252132802855371807e+01 4.426271453926400312e+01
4.371932833821514919e+01 4.460884759785929532e+01 4.392098246080813340e+01 4.237624690584571141e+01 4.411479426769185608e+01
4.357173524177010648e+01 4.446052893417996899e+01 4.377395456035183230e+01 4.223130650428058175e+01 4.396702271821612840e+01
4.342429008677748214e+01 4.431235810551645216e+01 4.362707696146614467e+01 4.208650669282267387e+01 4.381939975336397453e+01
4.327699273610780040e+01 4.416433497353103377e+01 4.348034953390442325e+01 4.194184734032473472e+01 4.367192523483691957e+01
4.312984305241510441e+01 4.401645939972703303e+01 4.333377214766577623e+01 4.179732831543500282e+01 4.352459902507158773e+01
4.298284089801148866e+01 4.386873124555719272e+01 4.318734467292063073e+01 4.165294948702510425e+01 4.337742098620647369e+01
4.283598613504123165e+01 4.372115037253446701e+01 4.304106698009108101e+01 4.150871072392347116e+01 4.323039097976852929e+01
4.268927862535804252e+01 4.357371664212852380e+01 4.289493893982425021e+01 4.136461189502493596e+01 4.308350886761063947e+01
4.254271823067745828e+01 4.342642991583365131e+01 4.274896042300301247e+01 4.122065286924021876e+01 4.293677451158178826e+01
4.239630481264073580e+01 4.327929005520390149e+01 4.260313130076838917e+01 4.107683351553607309e+01 4.279018777333022427e+01
4.225003823273008408e+01 4.313229692178910568e+01 4.245745144450516051e+01 4.093315370297739264e+01 4.264374851438787317e+01
4.210391835205142996e+01 4.298545037721810758e+01 4.231192072585486841e+01 4.078961330068884195e+01 4.249745659648434781e+01
4.195794503204184878e+01 4.283875028320916556e+01 4.216653901674143157e+01 4.064621217787922092e+01 4.235131188128438851e+01
4.181211813401402111e+01 4.269219650147693557e+01 4.202130618932729789e+01 4.050295020381199862e+01 4.220531423038579533e+01
4.166643751888082647e+01 4.254578889386778684e+01 4.187622211606869627e+01 4.035982724785700526e+01 4.205946350553548285e+01
4.152090304771578388e+01 4.239952732232381294e+01 4.173128666969915912e+01 4.021684317950403198e+01 4.191375956850836104e+01
4.137551458174078078e+01 4.225341164880881450e+01 4.158649972321360622e+01 4.007399786828668198e+01 4.176820228106236499e+01
4.123027198205254962e+01 4.210744173544438951e+01 4.144186114991065750e+01 3.993129118383298959e+01 4.162279150508391012e+01
4.108517510942957784e+01 4.196161744444454911e+01 4.129737082337069864e+01 3.978872299591539985e+01 4.147752710256678910e+01
4.094022382507824886e+01 4.181593863809904832e+01 4.115302861746373253e+01 3.964629317437597678e+01 4.133240893553854534e+01
4.079541799010424796e+01 4.167040517884476003e+01 4.100883440636123112e+01 3.950400158914954574e+01 4.118743686606508447e+01
4.065075746552840030e+01 4.152501692922928811e+01 4.086478806453143875e+01 3.936184811030330621e+01 4.104261075642838108e+01
4.050624211246054074e+01 4.137977375190918394e+01 4.072088946674758603e+01 3.921983260800561766e+01 4.089793046898219586e+01
4.036187179211081144e+01 4.123467550968796758e+01 4.057713848809141410e+01 3.907795495253856188e+01 4.075339586608033926e+01
4.021764636571373330e+01 4.108972206549667305e+01 4.043353500394964328e+01 3.893621501430036602e+01 4.060900681032135395e+01
4.007356569452317530e+01 4.094491328238866856e+01 4.029007889002826914e+01 3.879461266380934603e+01 4.046476316439213861e+01
3.992962963992927428e+01 4.080024902357683203e+01 4.014677002234593317e+01 3.865314777170729599e+01 4.032066479106768497e+01
3.978583806338995288e+01 4.065572915240989715e+01 4.000360827723471147e+01 3.851182020876117207e+01 4.017671155327553123e+01
3.964219082640560998e+01 4.051135353236988834e+01 3.986059353136007388e+01 3.837062984586401626e+01 4.003290331409463221e+01
3.949868779059069368e+01 4.036712202710705100e+01 3.971772566171231489e+01 3.822957655402579036e+01 3.988923993673145674e+01
3.935532881768735081e+01 4.022303450041466277e+01 3.957500454560654646e+01 3.808866020440216715e+01 3.974572128452687281e+01
3.921211376952305727e+01 4.007909081623275682e+01 3.943243006067164913e+01 3.794788066827587869e+01 3.960234722099429661e+01
3.906904250795356148e+01 3.993529083867120733e+01 3.929000208490023027e+01 3.780723781704494968e+01 3.945911760979638672e+01
3.892611489504807309e+01 3.979163443199225725e+01 3.914772049661461750e+01 3.766673152226088916e+01 3.931603231472649895e+01
3.878333079296422881e+01 3.964812146061711928e+01 3.900558517447527151e+01 3.752636165560507919e+01 3.917309119977172571e+01
3.864069006393219041e+01 3.950475178913756480e+01 3.886359599745915716e+01 3.738612808888501604e+01 3.903029412907760332e+01
3.849819257031904840e+01 3.936152528230664416e+01 3.872175284492578129e+01 3.724603069405610967e+01 3.888764096693645911e+01
3.835583817464352308e+01 3.921844180504528765e+01 3.858005559657163275e+01 3.710606934320961869e+01 3.874513157781942851e+01
3.821362673953700551e+01 3.907550122244831670e+01 3.843850413244469877e+01 3.696624390857473941e+01 3.860276582638244491e+01
3.807155812773156356e+01 3.893270339977375016e+01 3.829709833293058807e+01 3.682655426252402009e+01 3.846054357744591101e+01
3.792963220213047748e+01 3.879004820245743446e+01 3.815583807879229283e+01 3.668700027757224547e+01 3.831846469599302907e+01
3.778784882576328386e+01 3.864753549611607042e+01 3.801472325114572470e+01 3.654758182637644381e+01 3.817652904720971918e+01
3.764620786178925727e+01 3.850516514654443512e+01 3.787375373146949897e+01 3.640829878173973810e+01 3.803473649645766841e+01
3.750470917351365330e+01 3.836293701971119674e+01 3.773292940161000075e+01 3.626915101661157337e+01 3.789308690926770851e+01
3.736335262439452265e+01 3.822085098174073892e+01 3.759225014377988572e+01 3.613013840408508059e+01 3.775158015137367329e+01
3.722213807803388619e+01 3.807890689898157888e+01 3.745171584056409841e+01 3.599126081740276106e+01 3.761021608869383215e+01
3.708106539816703418e+01 3.793710463795417809e+01 3.731132637492196835e+01 3.585251812995697662e+01 3.746899458733267352e+01
3.694013444870319063e+01 3.779544406536778922e+01 3.717108163020008504e+01 3.571391021528382481e+01 3.732791551358872084e+01
3.679934509370104934e+01 3.765392504807637408e+01 3.703098149011735529e+01 3.557543694707170090e+01 3.718697873395890952e+01
