1.088576764841388433e+00 1.074191732754332218e+00 1.123467636207541309e+00 1.015317067081239033e+00 1.069402621421102317e+00
1.176338059927078517e+00 1.147709838944435790e+00 1.246114292722740657e+00 1.030518041842194199e+00 1.136677055588659391e+00
1.263299078062627201e+00 1.220562744207715822e+00 1.367967899525191822e+00 1.045604057343695326e+00 1.201887854812790923e+00
1.349473889853664232e+00 1.292758157996595880e+00 1.489054793298799861e+00 1.060576247684074103e+00 1.265090551595059454e+00
1.434875478156217410e+00 1.364303124384514287e+00 1.609399877500782949e+00 1.075435723888629402e+00 1.326333836371441643e+00
1.519515813172385821e+00 1.435203973483475837e+00 1.729026653872038244e+00 1.090183577063185583e+00 1.385661256161107246e+00
1.603405898886417491e+00 1.505466335272605649e+00 1.847957376046969191e+00 1.104820879768912523e+00 1.443112356940419838e+00
1.686555809370093861e+00 1.575095180474602952e+00 1.966213139281042466e+00 1.119348683927300581e+00 1.498723502726168721e+00
1.768974730540326501e+00 1.644094824002851229e+00 2.083813942639306749e+00 1.133768021063013665e+00 1.552528456910500010e+00
1.850670992590459196e+00 1.712468926066990083e+00 2.200778761586136500e+00 1.148079903128688350e+00 1.604558918044412641e+00
1.931652091809597405e+00 1.780220497837607052e+00 2.317125622694318654e+00 1.162285322537851551e+00 1.654844937143329142e+00
2.011924727679792468e+00 1.847351906162351121e+00 2.432871664613251550e+00 1.176385251961796552e+00 1.703415175918711277e+00
2.091494831959548772e+00 1.913864876895510658e+00 2.548033189673513110e+00 1.190380644077722927e+00 1.750297087789055350e+00
2.170367584082437684e+00 1.979760496192655594e+00 2.662625715320485753e+00 1.204272431528062404e+00 1.795517102798688480e+00
2.248547426221118695e+00 2.045039210267975083e+00 2.776664011971939683e+00 1.218061526935986905e+00 1.839100793118857879e+00
2.326038077146795668e+00 2.109700824005302344e+00 2.890162150092138393e+00 1.231748822450357217e+00 1.881072977804707058e+00
2.402842544525017221e+00 2.173744498516953616e+00 3.003133514252954051e+00 1.245335189539753973e+00 1.921457826799128910e+00
2.478963136062877215e+00 2.237168746332365732e+00 3.115590867181559531e+00 1.258821478682616624e+00 1.960278922669098867e+00
2.554401465889947431e+00 2.299971429867254447e+00 3.227546368801508248e+00 1.272208518869950566e+00 1.997559296445128085e+00
2.629158461569375049e+00 2.362149750562233308e+00 3.339011597288806588e+00 1.285497117239060128e+00 2.033321491182418228e+00
2.703234368678175681e+00 2.423700251954037821e+00 3.449997578250268759e+00 1.298688058516793031e+00 2.067587598106383151e+00
2.776628745272053944e+00 2.484618801000999078e+00 3.560514788655963159e+00 1.311782104333805155e+00 2.100379289331433252e+00
2.849340489590554526e+00 2.544900585408665261e+00 3.670573179652250495e+00 1.324779992297377529e+00 2.131717842091708448e+00
2.921367787885505773e+00 2.604540103368770954e+00 3.780182188107542807e+00 1.337682435963518657e+00 2.161624155610558429e+00
2.992708140111567161e+00 2.663531149389573471e+00 3.889350746068668041e+00 1.350490122027023343e+00 2.190118765288121327e+00
3.063358339609780323e+00 2.721866807728617665e+00 3.998087285952036662e+00 1.363203712537828238e+00 2.217221851171258251e+00
3.133314474618410728e+00 2.779539437570095917e+00 4.106399743488259979e+00 1.375823838858329262e+00 2.242953242381105383e+00
3.202571913581966800e+00 2.836540661420138942e+00 4.214295555158862783e+00 1.388351105636903116e+00 2.267332423451137391e+00
3.271125298987648922e+00 2.892861353382917056e+00 4.321781648253460340e+00 1.400786084511713270e+00 2.290378534262574206e+00
3.338968523663814469e+00 2.948491619741889114e+00 4.428864431302091731e+00 1.413129314690856342e+00 2.312110369678836541e+00
3.406094717731943167e+00 3.003420789099068955e+00 4.535549781767360678e+00 1.425381300760584891e+00 2.332546372634294318e+00
3.472496230098325309e+00 3.057637393364390110e+00 4.641843019778323587e+00 1.437542508236429484e+00 2.351704628475741909e+00
3.538164604311933914e+00 3.111129153858922969e+00 4.747748881828160350e+00 1.449613364798214343e+00 2.369602856028167448e+00
3.603090559233879997e+00 3.163882965830143945e+00 4.853271490279336575e+00 1.461594251367578590e+00 2.386258397897978778e+00
3.667263965592853392e+00 3.215884880819792624e+00 4.958414308607206777e+00 1.473485506514540244e+00 2.401688206345117482e+00
3.730673817258137070e+00 3.267120091262972092e+00 5.063180088924338129e+00 1.485287412128930340e+00 2.415908829404175062e+00
3.793308204701049124e+00 3.317572913040301774e+00 5.167570812153138071e+00 1.497000201351902593e+00 2.428936393934874705e+00
3.855154285489651667e+00 3.367226769411883591e+00 5.271587624241160341e+00 1.508624039973421427e+00 2.440786588200555940e+00
3.916198248275103655e+00 3.416064175147921489e+00 5.375230739682867132e+00 1.520159032694117895e+00 2.451474639867383676e+00
3.976425282236584202e+00 3.464066721870025845e+00 5.478499344715302755e+00 1.531605207772007482e+00 2.461015294463968051e+00
4.035819540382135528e+00 3.511215064139510567e+00 5.581391492625733086e+00 1.542962511965606076e+00 2.469422791015377872e+00
4.094364100225332592e+00 3.557488906006115670e+00 5.683903956264803270e+00 1.554230806003326970e+00 2.476710836998431642e+00
4.152040927298111583e+00 3.602866993627713121e+00 5.786032068909007009e+00 1.565409842147037711e+00 2.482892579242516273e+00
4.208830833786083581e+00 3.647327100182509163e+00 5.887769548105413975e+00 1.576499273414539104e+00 2.487980574703215542e+00
4.264713435310629741e+00 3.690846024565085148e+00 5.989108290487286546e+00 1.587498609504958802e+00 2.491986758914845890e+00
4.319667110914991781e+00 3.733399593346808487e+00 6.090038105888536002e+00 1.598407242437329234e+00 2.494922413696996522e+00
4.373668958322297406e+00 3.774962656499493807e+00 6.190546434950628729e+00 1.609224375809866991e+00 2.496798131405353782e+00
4.426694750997118177e+00 3.815509104657045736e+00 6.290618056636411382e+00 1.619949065397621402e+00 2.497623779193223204e+00
4.478718896782060810e+00 3.855011867873596287e+00 6.390234666861872803e+00 1.630580136184486051e+00 2.497408461810415758e+00
4.529714395184657683e+00 3.893442949762547123e+00 6.489374449609078610e+00 1.641116198050931452e+00 2.496160484034217308e+00
4.579652800286388548e+00 3.930773457993296027e+00 6.588011608782235129e+00 1.651555606262247400e+00 2.493887311481544522e+00
4.628504183178934639e+00 3.966973624483300931e+00 6.686115786803362937e+00 1.661896393691210561e+00 2.490595532844511517e+00
4.676237100357512944e+00 4.002012896620662730e+00 6.783651390264044068e+00 1.672136250951711256e+00 2.486290824917784636e+00
4.722818572934277981e+00 4.035859960676348557e+00 6.880576853441136898e+00 1.682272475320119920e+00 2.480977912583485878e+00
4.768214061172235674e+00 4.068482855634732331e+00 6.976843896536514045e+00 1.692301901107880369e+00 2.474660550243544144e+00
4.812387460295472152e+00 4.099849084842760227e+00 7.072396468464075880e+00 1.702220845902624680e+00 2.467341466237080283e+00
4.855301116890928803e+00 4.129925676944355750e+00 7.167169745118536106e+00 1.712025024145792607e+00 2.459022376480894057e+00
4.896915828963100736e+00 4.158679427432473652e+00 7.261089058621633896e+00 1.721709432527359640e+00 2.449703961363040250e+00
4.937190898081460944e+00 4.186076987069012212e+00 7.354068562561042910e+00 1.731268288734560734e+00 2.439385878284641151e+00
4.976084201633923954e+00 4.212085113116030399e+00 7.446009887025945240e+00 1.740694841355017397e+00 2.428066782538584878e+00
5.013552248641026665e+00 4.236670941199998097e+00 7.536800767464135298e+00 1.749981288360292320e+00 2.415744377210126803e+00
5.049550329206724086e+00 4.259802139840842550e+00 7.626313598999415966e+00 1.759118540607228054e+00 2.402415464718166138e+00
5.084032687203907663e+00 4.281447389919683211e+00 7.714403910378951679e+00 1.768096053579373939e+00 2.388076093180238502e+00
5.116952663271782775e+00 4.301576558149215579e+00 7.800909108423858207e+00 1.776901609808123617e+00 2.372721690257847182e+00
5.148263004272008558e+00 4.320161278909628422e+00 7.885647226212026517e+00 1.785521064932264368e+00 2.356347250711883223e+00
5.177916182285699165e+00 4.337175315040243007e+00 7.968415989317267467e+00 1.793938060964394676e+00 2.338947575511073129e+00
5.205864674232485889e+00 4.352595030939387044e+00 8.048992530943639423e+00 1.802133715731270236e+00 2.320517563407023864e+00
5.232061501278447047e+00 4.366399908649395201e+00 8.127133776125241127e+00 1.810086277879072947e+00 2.301052546048365066e+00
5.256460742727406377e+00 4.378573098642168482e+00 8.202577481017653938e+00 1.817770776043321934e+00 2.280548663398628495e+00
5.279017958871933480e+00 4.389101985520236227e+00 8.275044411287316493e+00 1.825158665735265862e+00 2.259003256343326438e+00
5.299691117658645645e+00 4.397978773796973329e+00 8.344241931941281720e+00 1.832217492137753867e+00 2.236415269986415488e+00
5.318441229346979604e+00 4.405201031641453824e+00 8.409869102316376299e+00 1.838910603604514638e+00 2.212785642564703004e+00
5.335233162223537384e+00 4.410772203987595397e+00 8.471623304080580397e+00 1.845196956689523438e+00 2.188117652041985384e+00
5.350036518923226403e+00 4.414702066915901391e+00 8.529208371665356836e+00 1.851031046807527503e+00 2.162417195611838761e+00
5.362826576555638880e+00 4.417007089749690252e+00 8.582344044067850675e+00 1.856363033382804284e+00 2.135692983651682919e+00
5.373585254336521011e+00 4.417710684340469207e+00 8.630776329014873127e+00 1.861139248789440037e+00 2.107956636250349458e+00
5.382302063610705289e+00 4.416843317620582354e+00 8.674288146163075197e+00 1.865302980247714792e+00 2.079222678374821776e+00
5.388975005641269966e+00 4.414442427939500035e+00 8.712709454068008341e+00 1.868795595397675369e+00 2.049508438928901555e+00
5.393611367094685249e+00 4.410552185227889055e+00 8.745926089320986918e+00 1.871558160342948751e+00 2.018833867166227591e+00
5.396228385521478543e+00 4.405223072473338775e+00 8.773886214182715193e+00 1.873533523561524916e+00 1.987221287702636507e+00
5.396853725624268350e+00 4.398511298431833971e+00 8.796603550162600982e+00 1.874668713119172603e+00 1.954695111594592749e+00
5.395525715607701223e+00 4.390477948474296177e+00 8.814158028505422848e+00 1.874917523399233010e+00 1.921281528486334045e+00
5.392293304903019724e+00 4.381188171368957107e+00 8.826692613208230398e+00 1.874243099149386582e+00 1.887008197202538540e+00
5.387215718272185150e+00 4.370710228482217907e+00 8.834406833167834705e+00 1.872620263196230761e+00 1.851903949618538547e+00
5.380361796404467434e+00 4.359114463632278280e+00 8.837548160339974146e+00 1.870037310286833288e+00 1.815998518543499918e+00
5.371809040897302268e+00 4.346472284120251217e+00 8.836401585007019222e+00 1.866497035389013792e+00 1.779322296933937508e+00
5.361642408423814565e+00 4.332855205324582570e+00 8.831278487452637549e+00 1.862016864326679455e+00 1.741906132382430972e+00
5.349952846744566948e+00 4.318333979779613863e+00 8.822505626201861517e+00 1.856628061204008695e+00 1.703781157863720974e+00
5.336835728278309432e+00 4.302977826696167796e+00 8.810414988622520482e+00 1.850374161802696760e+00 1.664978657983763322e+00
5.322389206003673934e+00 4.286853779960396515e+00 8.795334981351530246e+00 1.843308725508605361e+00 1.625529972153868297e+00
5.306712583148071261e+00 4.270026170906903396e+00 8.777583242141179909e+00 1.835492758631148469e+00 1.585466424545460162e+00
5.289904770026029546e+00 4.252556239670736815e+00 8.757461241165287902e+00 1.826992033600398191e+00 1.544819285536635167e+00
5.272062889441364142e+00 4.234501871354773073e+00 8.735250433745704868e+00 1.817874550363842046e+00 1.503619760593357002e+00
5.253281075871382377e+00 4.215917431837195473e+00 8.711209997050945120e+00 1.808208287683524151e+00 1.461899004022235937e+00
5.233649500614754757e+00 4.196853706970144593e+00 8.685575770452155453e+00 1.798059373930989580e+00 1.419688155372040406e+00
5.213253607202878115e+00 4.177357913212281559e+00 8.658560152747361016e+00 1.787490700915204567e+00 1.377018397668212657e+00
5.192173597775178173e+00 4.157473770322766882e+00 8.630352799431673105e+00 1.776560968417296715e+00 1.333921037439446566e+00
5.170484118449625299e+00 4.137241621681024384e+00 8.601121798062482782e+00 1.765324115307337127e+00 1.290427606808824734e+00
5.148254117928405371e+00 4.116698588480325327e+00 8.571015183654461467e+00 1.753829048262933732e+00 1.246569988432122189e+00
5.125546861290418477e+00 4.095878746158731154e+00 8.540162646857522688e+00 1.742119636927523807e+00 1.202380564955530362e+00
5.102420064541468570e+00 4.074813313361937084e+00 8.508677296568503579e+00 1.730234876361821827e+00 1.157892395705062416e+00
5.078926120205290218e+00 4.053530848639248951e+00 8.476657408983164999e+00 1.718209168710151280e+00 1.113139424366200503e+00
5.055112387080668235e+00 4.032057444111979194e+00 8.444188109278552901e+00 1.706072676878755745e+00 1.068156722565500649e+00
5.031021521121078699e+00 4.010416916284840205e+00 8.411342956104626012e+00 1.693851711122898118e+00 1.022980775693156152e+00
5.006691828268118982e+00 3.988630994710179678e+00 8.378185390171987379e+00 1.681569127276755005e+00 9.776498190982451097e-01
4.982157623308283156e+00 3.966719494379580269e+00 8.344770029025355029e+00 1.669244713423965853e+00 9.322042349961167096e-01
4.957449588025437670e+00 3.944700484242170901e+00 8.311143833260567604e+00 1.656895554614489230e+00 8.866870231244687872e-01
4.932595112298262308e+00 3.922590441335959355e+00 8.277347144638005361e+00 1.644536369127615139e+00 8.411443615810092478e-01
4.907618619717650787e+00 3.900404387556891450e+00 8.243414599849611335e+00 1.632179813900328291e+00 7.956262788769752348e-01
4.882541870897382452e+00 3.878156023450516354e+00 8.209375927739987588e+00 1.619836757524981241e+00 7.501874624751134757e-01
4.857384243838700932e+00 3.855857853165498117e+00 8.175256641278556557e+00 1.607516521128672604e+00 7.048882366438401492e-01
4.832162990353243259e+00 3.833521290564255501e+00 8.141078636415707948e+00 1.595227090323867447e+00 6.597957507177075742e-01
4.806893468866012320e+00 3.811156759481012291e+00 8.106860709157169609e+00 1.582975299797814150e+00 6.149854275547821381e-01
4.781589354058342067e+00 3.788773785793628779e+00 8.072619000249748211e+00 1.570766993815144508e+00 5.705427329631742595e-01
4.756262826512929642e+00 3.766381084876171847e+00 8.038367382449177256e+00 1.558607165216303825e+00 5.265653380972804554e-01
4.730924740656347716e+00 3.743986630575165897e+00 8.004117783674550068e+00 1.546500074477222597e+00 4.831657423740029489e-01
4.705584774439130591e+00 3.721597724947929731e+00 7.969880468401047580e+00 1.534449350652974609e+00 4.404744459039612314e-01
4.680251563496961253e+00 3.699221060024159513e+00 7.935664278337970501e+00 1.522458082359276599e+00 3.986438895040584351e-01
4.654932819704113989e+00 3.676862776923439657e+00 7.901476837662642971e+00 1.510528895008506511e+00 3.578527647411482437e-01
4.629635436177132135e+00 3.654528511048727335e+00 7.867324728285988833e+00 1.498664014212790718e+00 3.183109305245817033e-01
4.604365580173117145e+00 3.632223439597778381e+00 7.833213639434433162e+00 1.486865322500817266e+00 2.802644467269669315e-01
4.579128775212277347e+00 3.609952322321318796e+00 7.799148495316074126e+00 1.475134404348176442e+00 2.439996184924363709e-01
4.553929973635038486e+00 3.587719541210369290e+00 7.765133564119146570e+00 1.463472583607082100e+00 2.098442920399725131e-01
4.528773620452007265e+00 3.565529129941600317e+00 7.731172551108540958e+00 1.451880964287983300e+00 1.781624614002196849e-01
4.503663710775885676e+00 3.543384806263503606e+00 7.697268677864749442e+00 1.440360459631516488e+00 1.493379533258405167e-01
4.478603838773755008e+00 3.521289998983576641e+00 7.663424751288261838e+00 1.428911818817608204e+00 1.237404157838618290e-01
4.453597242225252550e+00 3.499247874596512542e+00 7.629643215064034756e+00 1.417535648532305181e+00 1.016702489866185555e-01
4.428646839909002431e+00 3.477261356811411019e+00 7.595926212701612279e+00 1.406232430178934178e+00 8.328827828710307080e-02
4.403755267815740559e+00 3.455333148457630621e+00 7.562275608129216842e+00 1.395002537419049116e+00 6.855149610508003144e-02
4.378924907809273570e+00 3.433465749897917973e+00 7.528693068027825674e+00 1.383846250216259177e+00 5.718877552084936783e-02
4.354157926844893112e+00 3.411661476266808268e+00 7.495180034593611929e+00 1.372763767458083928e+00 4.873798390108487200e-02
4.329456275659326892e+00 3.389922470909519259e+00 7.461737797739210087e+00 1.361755217318480593e+00 4.263493872773393284e-02
4.304821745465304161e+00 3.368250718111479358e+00 7.428367489519228428e+00 1.350820666007572779e+00 3.831367398502460997e-02
4.280255945751559210e+00 3.346648063905280246e+00 7.395070108328446246e+00 1.339960125791181733e+00 3.527904124896383276e-02
4.255760352136511493e+00 3.325116211848779368e+00 7.361846548473197416e+00 1.329173561715732310e+00 3.313883816499047646e-02
4.231336303027827483e+00 3.303656759355512840e+00 7.328697601221938029e+00 1.318460896666554971e+00 3.160376853224473870e-02
4.206985020013834564e+00 3.282271172172332996e+00 7.295623978015544964e+00 1.307822018878767256e+00 3.047084168630678769e-02
4.182707623343690173e+00 3.260960831880828081e+00 7.262626319235616634e+00 1.297256782352492088e+00 2.960252228814507294e-02
4.158505134331926811e+00 3.239727004379485020e+00 7.229705197893047774e+00 1.286765018467401323e+00 2.890774640648874003e-02
4.134378493521630560e+00 3.218570881049070298e+00 7.196861138549359715e+00 1.276346528836415972e+00 2.832724413904211952e-02
4.110328561311648699e+00 3.197493558445506423e+00 7.164094610474196934e+00 1.266001099791134399e+00 2.782282445069192769e-02
4.086356129079921295e+00 3.176496064258311769e+00 7.131406044115677467e+00 1.255728492898935844e+00 2.737005418239409765e-02
4.062461925777315130e+00 3.155579349157787483e+00 7.098795830805434193e+00 1.245528457476293704e+00 2.695333727896566042e-02
4.038646620592561298e+00 3.134744302884290956e+00 7.066264328954904528e+00 1.235400724301131570e+00 2.656276112529876512e-02
4.014910832929065698e+00 3.113991748823222494e+00 7.033811870016453582e+00 1.225345013472984634e+00 2.619193290756425402e-02
3.991255133034985469e+00 3.093322458927112883e+00 7.001438758826761699e+00 1.215361032091953453e+00 2.583674217822111083e-02
3.967680049193683445e+00 3.072737146126605978e+00 6.969145279366745882e+00 1.205448478738282203e+00 2.549457656711823922e-02
3.944186070525822707e+00 3.052236479228263466e+00 6.936931695693989042e+00 1.195607041760832656e+00 2.516361506363318234e-02
3.920773649466855915e+00 3.031821075747667571e+00 6.904798253983405409e+00 1.185836403663851346e+00 2.484258471677152497e-02
3.897443207396616316e+00 3.011491513336352455e+00 6.872745186225219349e+00 1.176136238210780283e+00 2.453068537900177787e-02
3.874195134117698558e+00 2.991248326256397139e+00 6.840772709641878002e+00 1.166506215062173002e+00 2.422724789838391971e-02
3.851029793135856583e+00 2.971092012568963714e+00 6.808881030079501073e+00 1.156945996783698138e+00 2.393175293678405369e-02
3.827947522134204750e+00 2.951023033244746241e+00 6.777070342426450011e+00 1.147455242569087819e+00 2.364378776760025710e-02
3.804948634479517366e+00 2.931041816960286983e+00 6.745340830919865915e+00 1.138033606408119125e+00 2.336301080532579219e-02
3.782033424132226873e+00 2.911148760039136807e+00 6.713692673199670224e+00 1.128680739365301333e+00 2.308912314974708585e-02
3.759202165781058813e+00 2.891344230115779457e+00 6.682126038477936625e+00 1.119396288807538165e+00 2.282183985862683284e-02
3.736455111634097825e+00 2.871628566389816228e+00 6.650641087602886081e+00 1.110179899801801762e+00 2.256089414433957649e-02
3.713792505318560089e+00 2.852002082313176867e+00 6.619237980467111981e+00 1.101031214610151299e+00 2.230604450817249770e-02
3.691214568516655525e+00 2.832465066354094230e+00 6.587916863955711300e+00 1.091949873891067568e+00 2.205706684308287105e-02
3.668721509489256682e+00 2.813017783722080001e+00 6.556677886563178959e+00 1.082935516062133452e+00 2.181375308167483873e-02
3.646313528774852930e+00 2.793660477586266122e+00 6.525521190393074100e+00 1.073987778461767739e+00 2.157590553889706178e-02
3.623990804336420624e+00 2.774393370146317039e+00 6.494446910214660029e+00 1.065106296720238044e+00 2.134333571732648441e-02
3.601753511074053726e+00 2.755216663993863779e+00 6.463455181211528178e+00 1.056290705708045286e+00 2.111586247266046892e-02
3.579601809877816176e+00 2.736130542838013824e+00 6.432546132031850661e+00 1.047540639124445505e+00 2.089331300466732919e-02
3.557535849213057322e+00 2.717135172833132994e+00 6.401719889351148218e+00 1.038855730144447431e+00 2.067551755705751906e-02
3.535555771147212312e+00 2.698230703053627888e+00 6.370976576874448405e+00 1.030235611214870062e+00 2.046231502743268982e-02
3.513661706633458781e+00 2.679417266805157016e+00 6.340316315116757195e+00 1.021679914495076780e+00 2.025355175072329067e-02
3.491853779060259733e+00 2.660694981854098362e+00 6.309739222821906246e+00 1.013188271728250545e+00 2.004908113157123986e-02
3.470132104247512395e+00 2.642063951388193388e+00 6.279245415825560173e+00 1.004760314600598115e+00 1.984876685509532127e-02
3.448496789062449608e+00 2.623524264381426274e+00 6.248835008295707816e+00 9.963956746123089347e-01 1.965247812088568441e-02
3.426947935216622998e+00 2.605075997947925437e+00 6.218508112586797587e+00 9.880939833965531882e-01 1.946008762281085935e-02
3.405485636536665250e+00 2.586719215415793194e+00 6.188264838265777890e+00 9.798548726030712475e-01 1.927147342414694750e-02
3.384109980046019928e+00 2.568453967067108046e+00 6.158105294232850468e+00 9.716779741595276132e-01 1.908651330207808763e-02
3.362821048205323571e+00 2.550280295089827121e+00 6.128029586894186309e+00 9.635629201971325219e-01 1.890509148617793012e-02
3.341618915410450530e+00 2.532198228707520204e+00 6.098037821151556237e+00 9.555093432223177308e-01 1.872709471550620258e-02
3.320503652104381143e+00 2.514207783851053701e+00 6.068130100606154542e+00 9.475168760831436110e-01 1.855242126303235581e-02
3.299475322867370775e+00 2.496308971319877834e+00 6.038306526938694851e+00 9.395851522281124524e-01 1.838097623626026161e-02
3.278533986400182787e+00 2.478501790117069614e+00 6.008567200701190103e+00 9.317138055343610059e-01 1.821266948003813849e-02
3.257679697272376718e+00 2.460786226812212263e+00 5.978912220910128639e+00 9.239024703738244471e-01 1.804741947848188463e-02
3.236912504707865512e+00 2.443162263156425151e+00 5.949341685251825496e+00 9.161507820429203308e-01 1.788512025450198981e-02
3.216232453393159219e+00 2.425629870760722895e+00 5.919855690193863929e+00 9.084583762765623405e-01 1.772567681862251276e-02
3.195639583779411375e+00 2.408189010967701549e+00 5.890454330758948309e+00 9.008248894229344828e-01 1.756902406333439928e-02
3.175133931412464694e+00 2.390839639303655506e+00 5.861137700939262452e+00 8.932499589312102861e-01 1.741507982890955555e-02
3.154715528206244013e+00 2.373581702825841688e+00 5.831905893380822548e+00 8.857332227717592543e-01 1.726374790646349744e-02
3.134384401709640500e+00 2.356415140059232360e+00 5.802758999490267300e+00 8.782743196832647481e-01 1.711495533812679506e-02
3.114140575238697473e+00 2.339339883495049399e+00 5.773697109638312064e+00 8.708728894822205246e-01 1.696865462715325262e-02
3.093984068678786503e+00 2.322355858379965721e+00 5.744720312802284568e+00 8.635285727014792023e-01 1.682477562664833060e-02
3.073914897593380324e+00 2.305462982052429943e+00 5.715828696966991807e+00 8.562410107797556735e-01 1.668323526146457333e-02
3.053933074079791865e+00 2.288661166604819996e+00 5.687022348890533152e+00 8.490098461865721591e-01 1.654397832677330024e-02
3.034038606590346632e+00 2.271950317595434754e+00 5.658301354150183649e+00 8.418347222867987867e-01 1.640694253853001300e-02
3.014231499704378869e+00 2.255330332947767857e+00 5.629665797239690406e+00 8.347152834503642760e-01 1.627206572855965927e-02
2.994511754759772604e+00 2.238801106083779136e+00 5.601115761453586472e+00 8.276511751058666100e-01 1.613928382210874993e-02
2.974879369467030354e+00 2.222362524332452960e+00 5.572651328998569298e+00 8.206420436659724871e-01 1.600856559432509152e-02
2.955334338103441372e+00 2.206014468303784337e+00 5.544272580928409688e+00 8.136875366315855507e-01 1.587984949057853062e-02
2.935876651714705687e+00 2.189756813911655442e+00 5.515979597142129265e+00 8.067873026267119441e-01 1.575306808033027917e-02
2.916506297818442839e+00 2.173589431688101037e+00 5.487772456448481329e+00 7.999409912965853575e-01 1.562816935738063281e-02
2.897223260850803062e+00 2.157512186312776414e+00 5.459651236457302659e+00 7.931482534488838443e-01 1.550510111441343562e-02
2.878027521951434853e+00 2.141524937660598482e+00 5.431616013680938160e+00 7.864087410626058317e-01 1.538383338626378959e-02
2.858919058964656035e+00 2.125627540765009371e+00 5.403666863473615578e+00 7.797221071940244608e-01 1.526432942792953391e-02
2.839897846725195851e+00 2.109819845437415520e+00 5.375803860009419566e+00 7.730880061134959291e-01 1.514655321969028169e-02
2.820963856811373294e+00 2.094101696844000049e+00 5.348027076339590735e+00 7.665060932928762227e-01 1.503043857117881271e-02
2.802117057734813788e+00 2.078472935717607939e+00 5.320336584322494566e+00 7.599760253552902967e-01 1.491594416123007485e-02
2.783357414974107158e+00 2.062933397992939177e+00 5.292732454657859797e+00 7.534974601725612509e-01 1.480302738148783423e-02
2.764684890853272847e+00 2.047482915186042973e+00 5.265214756867865553e+00 7.470700568510889594e-01 1.469166067216089687e-02
2.746099444766371800e+00 2.032121314755397812e+00 5.237783559277407797e+00 7.406934757086619525e-01 1.458181236244895235e-02
2.727601033059457780e+00 2.016848419697271133e+00 5.210438929032263466e+00 7.343673783476203365e-01 1.447345276674637422e-02
2.709189609072367055e+00 2.001664048780288141e+00 5.183180932064042956e+00 7.280914276417164155e-01 1.436653768876021420e-02
2.690865123234551071e+00 1.986568017040913903e+00 5.156009633099188250e+00 7.218652877124972500e-01 1.426102582927115010e-02
2.672627522966696478e+00 1.971560135367688149e+00 5.128925095648015464e+00 7.156886240094983975e-01 1.415687068598125119e-02
2.654476752803885287e+00 1.956640210623868281e+00 5.101927381979600717e+00 7.095611032845148269e-01 1.405405087912730243e-02
2.636412754354612975e+00 1.941808046172732283e+00 5.075016553138362418e+00 7.034823935667777750e-01 1.395254432289859230e-02
2.618435466263168809e+00 1.927063441528938492e+00 5.048192668911420711e+00 6.974521642512202524e-01 1.385232051587513731e-02
2.600544824391421095e+00 1.912406192417434703e+00 5.021455787828993600e+00 6.914700860607195798e-01 1.375335541557116438e-02
2.582740761732001733e+00 1.897836091233934486e+00 4.994805967156318083e+00 6.855358310307253511e-01 1.365561197849807749e-02
2.565023208375711850e+00 1.883352926796282301e+00 4.968243262868335286e+00 6.796490725853975290e-01 1.355906192547173122e-02
2.547392091441111894e+00 1.868956484361091519e+00 4.941767729665413000e+00 6.738094855037567443e-01 1.346368138424194547e-02
2.529847335473949244e+00 1.854646546024745213e+00 4.915379420948933209e+00 6.680167459119888962e-01 1.336944664778703246e-02
2.512388862149138813e+00 1.840422890540541312e+00 4.889078388805132569e+00 6.622705313424661622e-01 1.327633268891957943e-02
2.495016590242591370e+00 1.826285293296207479e+00 4.862864683982808245e+00 6.565705207082208616e-01 1.318431432312885954e-02
2.477730435590251634e+00 1.812233526700613773e+00 4.836738355934257605e+00 6.509163942983525741e-01 1.309336737150759017e-02
2.460530311551438754e+00 1.798267360023293904e+00 4.810699452764186645e+00 6.453078338263411595e-01 1.300346708324329886e-02
2.443416128617447391e+00 1.784386559347594936e+00 4.784748021207735569e+00 6.397445224088640359e-01 1.291459241686792984e-02
2.426387794432533607e+00 1.770590887947780301e+00 4.758884106626496191e+00 6.342261445615149373e-01 1.282671978833432348e-02
2.409445213811462150e+00 1.756880106142912235e+00 4.733107753043989341e+00 6.287523862432012889e-01 1.273983151474843492e-02
2.392588289007259394e+00 1.743253971249137058e+00 4.707419003088145537e+00 6.233229348347958387e-01 1.265390613173337543e-02
2.375816919469767807e+00 1.729712237917636841e+00 4.681817897971428444e+00 6.179374791357200580e-01 1.256892733239532711e-02
2.359131001894139601e+00 1.716254658013722123e+00 4.656304477503968364e+00 6.125957094054359509e-01 1.248487555359732541e-02
2.342530430245852724e+00 1.702880980600666394e+00 4.630878780092888114e+00 6.072973173414880632e-01 1.240173333770510679e-02
2.326015095828664503e+00 1.689590952180971772e+00 4.605540842709467952e+00 6.020419960780721835e-01 1.231948192963867005e-02
2.309584887230717420e+00 1.676384316649858652e+00 4.580290700877862164e+00 5.968294402226997919e-01 1.223810201896012063e-02
2.293239690364787364e+00 1.663260815282445293e+00 4.555128388675916185e+00 5.916593458353008872e-01 1.215757495596817180e-02
2.276979388470346422e+00 1.650220186901643071e+00 4.530053938720158158e+00 5.865314104287437935e-01 1.207788152978311533e-02
2.260803862111810947e+00 1.637262167890657594e+00 4.505067382152691202e+00 5.814453329999447195e-01 1.199900387560835606e-02
2.244712989204941778e+00 1.624386492124385795e+00 4.480168748638368115e+00 5.764008140107157452e-01 1.192092573122723563e-02
2.228706645029461697e+00 1.611592891185460230e+00 4.455358066341025491e+00 5.713975553896334381e-01 1.184363432694460726e-02
2.212784702232482470e+00 1.598881094393015401e+00 4.430635361920817417e+00 5.664352605585493139e-01 1.176712147786788433e-02
2.196947030834897507e+00 1.586250828808942970e+00 4.406000660522465751e+00 5.615136344145020830e-01 1.169136625199027231e-02
