2.016656519978091477e+00 2.004933571048076679e+00 2.006010547786279741e+00 2.022626876027411313e+00 2.003677389762275940e+00
2.033460762312554682e+00 2.009982082195269193e+00 2.012099369080659006e+00 2.045451009171011858e+00 2.007420266839919254e+00
2.050399860275858632e+00 2.015139995506869841e+00 2.018263384709726882e+00 2.068457796683158545e+00 2.011230232845913957e+00
2.067462121986438195e+00 2.020402402649464690e+00 2.024499915276876560e+00 2.091633834913643852e+00 2.015109016738206638e+00
2.084636977788853596e+00 2.025764998043932508e+00 2.030806668164176099e+00 2.114966859828288914e+00 2.019058479537638728e+00
2.101914930741319854e+00 2.031224053838292853e+00 2.037181725702086332e+00 2.138445690729213755e+00 2.023080619630155397e+00
2.119287510335653213e+00 2.036776396681021950e+00 2.043623534473897774e+00 2.162060177160266328e+00 2.027177578699713933e+00
2.136747229289628347e+00 2.042419386255380775e+00 2.050130895769063599e+00 2.185801148913048664e+00 2.031351648338328708e+00
2.154287543500029045e+00 2.048150895555784334e+00 2.056702957189344261e+00 2.209660369089232024e+00 2.035605277389803902e+00
2.171902815088297967e+00 2.053969292886192122e+00 2.063339205423308176e+00 2.233630490176394368e+00 2.039941080089134218e+00
2.189588278545492983e+00 2.059873425569846095e+00 2.070039460209451843e+00 2.257705013107583980e+00 2.044361845067471428e+00
2.207340009972738937e+00 2.065862605365925919e+00 2.076803869516863799e+00 2.281878249288000315e+00 2.048870545301249457e+00
2.225154899423794408e+00 2.071936595597111186e+00 2.083632905980874916e+00 2.306145285586796323e+00 2.053470349093854175e+00
2.243030626368911928e+00 2.078095600000502863e+00 2.090527364640644592e+00 2.330501952308173585e+00 2.058164632189275700e+00
2.260965638311926540e+00 2.084340253324359349e+00 2.097488362036359355e+00 2.354944794174047562e+00 2.062956991129599071e+00
2.278959132607266014e+00 2.090671613702960840e+00 2.104517336735789890e+00 2.379471044370766286e+00 2.067851257982427526e+00
2.297011041540711673e+00 2.097091156853756466e+00 2.111616051373533587e+00 2.404078601734858545e+00 2.072851516580339393e+00
2.315122020759214028e+00 2.103600772154067489e+00 2.118786596301727165e+00 2.428766011178209450e+00 2.077962120432672588e+00
2.333293441155733117e+00 2.110202760669083411e+00 2.126031394968602939e+00 2.453532447481571399e+00 2.083187712490934373e+00
2.351527384342136706e+00 2.116899835218602366e+00 2.133353211161431062e+00 2.478377702617569511e+00 2.088533246972477109e+00
2.369826641871908279e+00 2.123695122588019402e+00 2.140755158273543124e+00 2.503302176800963341e+00 2.094004013474442871e+00
2.388194718407769201e+00 2.130592168010656096e+00 2.148240710781865292e+00 2.528306873509579500e+00 2.099605663640825348e+00
2.406635839066503912e+00 2.137594942070351500e+00 2.155813718152364000e+00 2.553393398743775133e+00 2.105344240680786516e+00
2.425154961216883898e+00 2.144707850200481491e+00 2.163478421426741072e+00 2.578563964900127292e+00 2.111226212077443432e+00
2.443757791054990136e+00 2.151935744984724508e+00 2.171239472785731817e+00 2.603821399637047840e+00 2.117258505872355645e+00
2.462450805336620530e+00 2.159283941500794501e+00 2.179101958433451447e+00 2.629169160211648926e+00 2.123448550964980086e+00
2.481241278710582865e+00 2.166758235986033565e+00 2.187071425204935693e+00 2.654611353858919998e+00 2.129804321927833310e+00
2.500137317169263351e+00 2.174364928149840281e+00 2.195153911366988009e+00 2.680152764864219606e+00 2.136334388908722293e+00
2.519147898216272274e+00 2.182110847509559637e+00 2.203355982162830351e+00 2.705798889101734606e+00 2.143047973273541462e+00
2.538282918445877279e+00 2.190003384187658053e+00 2.211684770746392470e+00 2.731555976953612852e+00 2.149955009736248090e+00
2.557553249341087298e+00 2.198050524676213424e+00 2.220148025265581637e+00 2.757431085665896120e+00 2.157066215830971245e+00
2.576970802220231782e+00 2.206260893155299829e+00 2.228754162989414311e+00 2.783432142395697806e+00 2.164393169705296494e+00
2.596548603408920908e+00 2.214643799046514427e+00 2.237512332536431003e+00 2.809568019423280383e+00 2.171948397355786042e+00
2.616300880879620649e+00 2.223209291590521275e+00 2.246432485456365757e+00 2.835848623268201418e+00 2.179745470590366274e+00
2.636243163792185928e+00 2.231968222363973187e+00 2.255525458654757287e+00 2.862284999753441639e+00 2.187799117187937181e+00
2.656392396583223015e+00 2.240932316795016810e+00 2.264803069432621108e+00 2.888889457443200026e+00 2.196125344936469492e+00
2.676767069506134078e+00 2.250114255913195915e+00 2.274278225262164277e+00 2.915675712352352900e+00 2.204741581470070599e+00
2.697387367797699831e+00 2.259527769760856231e+00 2.283965050840847333e+00 2.942659057336936890e+00 2.213666832091591541e+00
2.718275341965948222e+00 2.269187744126614614e+00 2.293879035483201267e+00 2.969856560260744072e+00 2.222921858061600808e+00
2.739455102043707235e+00 2.279110342522482568e+00 2.304037204542210837e+00 2.997287295829462295e+00 2.232529378155504673e+00
2.760953039036302847e+00 2.289313145640409886e+00 2.314458319334193437e+00 3.024972616974633599e+00 2.242514296624349868e+00
2.782798077199711617e+00 2.299815310863980500e+00 2.325163111000580596e+00 3.052936472814178792e+00 2.252903961039200986e+00
2.805021961210975245e+00 2.310637754813341438e+00 2.336174554930996017e+00 3.081205781613017169e+00 2.263728453820232911e+00
2.827659582708887953e+00 2.321803362344036170e+00 2.347518193846349632e+00 3.109810869359571850e+00 2.275020921515061190e+00
2.850749351038093682e+00 2.333337225917078595e+00 2.359222519469686308e+00 3.138785985642849496e+00 2.286817946041006078e+00
2.874333613283549749e+00 2.345266919775565118e+00 2.371319424982612389e+00 3.168169912420167211e+00 2.299159962038848981e+00
2.898459128710185961e+00 2.357622813900719372e+00 2.383844743226842144e+00 3.198006683367125902e+00 2.312091724066302145e+00
2.923177602382188933e+00 2.370438433246459642e+00 2.396838889375483284e+00 3.228346435509893197e+00 2.325662826380566095e+00
2.948546281776456279e+00 2.383750868166243375e+00 2.410347630408561592e+00 3.259246418965053849e+00 2.339928276204365165e+00
2.974628618332089136e+00 2.397601242171027103e+00 2.424423009702991294e+00 3.290772195331907568e+00 2.354949118216250081e+00
3.001494992490282065e+00 2.412035242978538108e+00 2.439124460735373034e+00 3.322999060184712583e+00 2.370793102914714012e+00
3.029223495283771328e+00 2.427103722043877365e+00 2.454520151225322966e+00 3.356013729716720739e+00 2.387535383671731459e+00
3.057900750856406891e+00 2.442863365810456600e+00 2.470688606936106702e+00 3.389916334736580161e+00 2.405259215596762701e+00
3.087622751184494696e+00 2.459377438369029445e+00 2.487720672193177496e+00 3.424822764621514803e+00 2.424056612439458913e+00
3.118495654806642037e+00 2.476716588923580264e+00 2.505721870240297910e+00 3.460867395594084517e+00 2.444028894139242070e+00
3.150636474271230281e+00 2.494959707165397056e+00 2.524815227268766282e+00 3.498206215058397017e+00 2.465287025960465783e+00
3.184173539030096922e+00 2.514194793830356378e+00 2.545144612473035917e+00 3.537020305064541681e+00 2.487951609189420488e+00
3.219246571605196117e+00 2.534519789337170703e+00 2.566878610275247663e+00 3.577519554902894861e+00 2.512152336152577714e+00
3.256006154357625082e+00 2.556043268344106778e+00 2.590214857752841660e+00 3.619946307336035396e+00 2.538026670458149336e+00
3.294612297553088265e+00 2.578884859095014193e+00 2.615384613362703892e+00 3.664578368194623348e+00 2.565717472198412175e+00
3.335231758756473486e+00 2.603175181901355550e+00 2.642657015205647220e+00 3.711730380624957970e+00 2.595369275447581892e+00
3.378033731588272914e+00 2.629055023275787661e+00 2.672341962513422153e+00 3.761751963400256749e+00 2.627122974621460383e+00
3.423183559616531202e+00 2.656673379883956354e+00 2.704789737645437508e+00 3.815020289887246729e+00 2.661108825810419187e+00
3.470834287864863921e+00 2.686183942907534039e+00 2.740384392389446422e+00 3.871924189105767411e+00 2.697437951871746620e+00
3.521116191534694906e+00 2.717739591892551321e+00 2.779526829428000223e+00 3.932836968267614974e+00 2.736192956235032891e+00
3.574124935633236966e+00 2.751484591964066695e+00 2.822603290371782592e+00 3.998076942988185056e+00 2.777418733976709575e+00
3.629909657081330732e+00 2.787544514199006507e+00 2.869937255974995161e+00 4.067859011585362339e+00 2.821114967521534567e+00
3.688462841403879366e+00 2.826014470636933673e+00 2.921729335141311168e+00 4.142247118107523995e+00 2.867231896252302459e+00
3.749714109735245327e+00 2.866947019499726412e+00 2.978000006260388854e+00 4.221122951767338982e+00 2.915670585738213028e+00
3.813529674059466856e+00 2.910341834080535595e+00 3.038558112577069537e+00 4.304185427773728811e+00 2.966288087332033196e+00
3.879718198708562049e+00 2.956139562243554231e+00 3.103014150958087747e+00 4.390985516593892690e+00 3.018906811481436581e+00
3.948042390084261832e+00 3.004221864677940612e+00 3.170838583500070751e+00 4.480986377331492854e+00 3.073326527587362911e+00
4.018234344142592285e+00 3.054418323920373268e+00 3.241443548186089263e+00 4.573629284579918242e+00 3.129336987628490885e+00
4.090012013945463210e+00 3.106519165925560433e+00 3.314258577189027832e+00 4.668387346285123307e+00 3.186729348388032790e+00
4.163094308579766256e+00 3.160291271478779862e+00 3.388780878159820542e+00 4.764798277541788529e+00 3.245305173158107959e+00
4.237213110424743689e+00 3.215494405417045787e+00 3.464596892247260751e+00 4.862477017696869019e+00 3.304882532031102826e+00
4.312121496958127409e+00 3.271895077161481868e+00 3.541382495134770103e+00 4.961114098067161748e+00 3.365299336713706513e+00
4.387598307368046235e+00 3.329276570178085759e+00 3.618891704556932432e+00 5.060466357727135822e+00 3.426414418454914124e+00
4.463449717138070483e+00 3.387444864722801263e+00 3.696941510571806866e+00 5.160344992262798414e+00 3.488106990945316621e+00
4.539508673052188747e+00 3.446231020705991632e+00 3.775397172219250752e+00 5.260603875540532215e+00 3.550275105822433108e+00
4.615632996104968910e+00 3.505490971389332966e+00 3.854159816694613383e+00 5.361129500911082424e+00 3.612833589697165948e+00
4.691702798063024815e+00 3.565103699999941256e+00 3.933156735223410472e+00 5.461832912635714798e+00 3.675711811357592396e+00
4.767617667806896442e+00 3.624968595236869540e+00 4.012334113826617532e+00 5.562643507808657795e+00 3.738851501840672942e+00
4.843293915593072541e+00 3.685002546120398570e+00 4.091651727385395176e+00 5.663504399844066839e+00 3.802204752577861946e+00
4.918662035445688474e+00 3.745137121989269069e+00 4.171079124292243812e+00 5.764369003559019156e+00 3.865732248942345795e+00
4.993664458292453645e+00 3.805316020790520781e+00 4.250592904548643247e+00 5.865198539770876351e+00 3.929401753385708851e+00
5.068253613685959280e+00 3.865492860091695349e+00 4.330174784193728144e+00 5.965960216227055746e+00 3.993186827469053402e+00
5.142390286840136326e+00 3.925629320042105963e+00 4.409810218978045704e+00 6.066625899439773484e+00 4.057065769545417311e+00
5.216042242262187933e+00 3.985693612868743241e+00 4.489487423626044027e+00 6.167171140418830966e+00 4.121020740029620377e+00
5.289183079458479320e+00 4.045659238294813775e+00 4.569196670349143119e+00 6.267574454961781782e+00 4.185037045855762194e+00
5.361791285862818945e+00 4.105503980374943573e+00 4.648929784635996043e+00 6.367816787138876222e+00 4.249102557737965746e+00
5.433849454799057455e+00 4.165209103452580663e+00 4.728679780690445256e+00 6.467881105003280062e+00 4.313207236926809962e+00
5.505343639937965605e+00 4.224758709616906138e+00 4.808440596051956284e+00 6.567752092157466137e+00 4.377342751491541506e+00
5.576262821952592041e+00 4.284139225849046717e+00 4.888206896944533142e+00 6.667415909198012969e+00 4.441502165389618284e+00
5.646598466960640827e+00 4.343338994528089358e+00 4.967973934298527183e+00 6.766860006442446895e+00 4.505679686492511493e+00
5.716344159893708365e+00 4.402347945958717368e+00 5.047737436261839683e+00 6.866072974578028010e+00 4.569870462250664289e+00
5.785495298986387702e+00 4.461157335828347392e+00 5.127493527131449014e+00 6.965044423594116907e+00 4.634070413804864508e+00
5.854048840150679389e+00 4.519759534010037605e+00 5.207238665526963572e+00 7.063764883011388385e+00 4.698276101110454128e+00
5.922003082127286433e+00 4.578147853977593051e+00 5.286969596665523241e+00 7.162225718316799217e+00 4.762484613083289631e+00
5.989357485047251295e+00 4.636316414378408801e+00 5.366683315039464830e+00 7.260419059873508552e+00 4.826693477947642030e+00
6.056112516450203209e+00 4.694260026114671192e+00 5.446377034822864616e+00 7.358337741554831446e+00 4.890900589912003049e+00
6.122269519946258676e+00 4.751974099708303534e+00 5.526048166063161737e+00 7.455975247060449895e+00 4.955104149060247209e+00
6.187830602627174770e+00 4.809454568842815192e+00 5.605694295240581049e+00 7.553325662388552075e+00 5.019302611956144133e+00
6.252798538069378687e+00 4.866697826849923914e+00 5.685313169152741430e+00 7.650383633314141285e+00 5.083494650948648719e+00
6.317176682363638385e+00 4.923700673594379573e+00 5.764902681355476233e+00 7.747144326998395947e+00 5.147679120557544508e+00
6.380968901081160105e+00 4.980460270746077889e+00 5.844460860589517637e+00 7.843603397060731730e+00 5.211855029632879166e+00
6.444179505467380054e+00 5.036974103847661866e+00 5.923985860767015943e+00 7.939756951593263778e+00 5.276021518231480911e+00
6.506813196461849635e+00 5.093239949914903697e+00 6.003475952197598886e+00 8.035601523710134586e+00 5.340177838359541518e+00
6.568875015391259176e+00 5.149255849564495335e+00 6.082929513811963673e+00 8.131134044310037723e+00 5.404323337887016798e+00
6.630370300372012693e+00 5.205020082863758724e+00 6.162345026198697617e+00 8.226351816792766058e+00 5.468457447072609945e+00
6.691304647649722881e+00 5.260531148267951096e+00 6.241721065312940908e+00 8.321252493519201821e+00 5.532579667242313981e+00
6.751683877190102656e+00 5.315787744117011826e+00 6.321056296745958036e+00 8.415834053841139806e+00 5.596689561248595624e+00
6.811514001982473587e+00 5.370788752281544731e+00 6.400349470474465008e+00 8.510094783555853581e+00 5.660786745405644638e+00
6.870801200582229207e+00 5.425533223618304923e+00 6.479599416016935898e+00 8.604033255662718815e+00 5.724870882651364568e+00
6.929551792499164087e+00 5.480020364959319323e+00 6.558805037947395000e+00 8.697648312317010522e+00 5.788941676730961383e+00
6.987772216093476096e+00 5.534249527410665337e+00 6.637965311722040518e+00 8.790939047883735924e+00 5.852998867232398261e+00
7.045469008693403090e+00 5.588220195775510213e+00 6.717079279784160306e+00 8.883904793025219959e+00 5.917042225341006656e+00
7.102648788685726799e+00 5.641931978949556559e+00 6.796146047918541377e+00 8.976545099733002075e+00 5.981071550189261288e+00
7.159318239367108205e+00 5.695384601162222893e+00 6.875164781831444749e+00 9.068859727252901237e+00 6.045086665714229035e+00
7.215484094369950974e+00 5.748577893958357166e+00 6.954134703936022177e+00 9.160848628839694641e+00 6.109087417940303411e+00
7.271153124502250265e+00 5.801511788832888428e+00 7.033055090326024050e+00 9.252511939290485543e+00 6.173073672623242913e+00
7.326332125861898525e+00 5.854186310441526153e+00 7.111925267923017380e+00 9.343849963207809139e+00 6.237045313199955032e+00
7.381027909089002748e+00 5.906601570326832196e+00 7.190744611784243290e+00 9.434863163948795872e+00 6.301002238998613336e+00
7.435247289670561699e+00 5.958757761109182205e+00 7.269512542559768420e+00 9.525552153218393769e+00 6.364944363671284577e+00
7.488997079180037986e+00 6.010655151087422432e+00 7.348228524088886715e+00 9.615917681268870254e+00 6.428871613816610875e+00
7.542284077366358197e+00 6.062294079218506937e+00 7.426892061126724620e+00 9.705960627670453533e+00 6.492783927765645835e+00
7.595115065026230461e+00 6.113674950436360334e+00 7.505502697192908634e+00 9.795681992619233114e+00 6.556681254508077039e+00
7.647496797580685346e+00 6.164798231283144858e+00 7.584060012534885153e+00 9.885082888751565378e+00 6.620563552739651136e+00
7.699435999297034705e+00 6.215664445824222284e+00 7.662563622199090041e+00 9.974164533436072233e+00 6.684430790014395996e+00
7.750939358100354504e+00 6.266274171825050310e+00 7.741013174203744462e+00 1.006292824151565135e+01 6.748282941987911343e+00
7.802013520922815637e+00 6.316628037169099485e+00 7.819408347807488724e+00 1.015137541847379055e+01 6.812119991739908897e+00
7.852665089544648147e+00 6.366726716497833394e+00 7.897748851868497511e+00 1.023950755400119483e+01 6.875941929165929167e+00
7.902900616885516705e+00 6.416570928057316436e+00 7.976034423289103614e+00 1.032732621594000122e+01 6.939748750429646229e+00
7.952726603708312858e+00 6.466161430736000248e+00 8.054264825541311623e+00 1.041483304458394343e+01 7.003540457468402813e+00
8.002149495700267678e+00 6.515499021280271030e+00 8.132439847268944533e+00 1.050202974731434047e+01 7.067317057545605685e+00
8.051175680899552489e+00 6.564584531676214141e+00 8.210559300960897033e+00 1.058891809355315239e+01 7.131078562844548330e+00
8.099811487439295021e+00 6.613418826685966145e+00 8.288623021695185500e+00 1.067549991001472520e+01 7.194824990098910078e+00
8.148063181581823855e+00 6.662002801528753793e+00 8.366630865946524054e+00 1.076177707623945601e+01 7.258556360255870921e+00
8.195936966018500414e+00 6.710337379697596916e+00 8.444582710455163621e+00 1.084775152039353330e+01 7.322272698168258209e+00
8.243438978413855978e+00 6.758423510902699327e+00 8.522478451154784196e+00 1.093342521531945621e+01 7.385974032312670801e+00
8.290575290172748524e+00 6.806262169134022599e+00 8.600318002155166397e+00 1.101880017482314500e+01 7.449660394530813079e+00
8.337351905411827246e+00 6.853854350835741016e+00 8.678101294777386343e+00 1.110387845018423292e+01 7.513331819791781108e+00
8.383774760118082980e+00 6.901201073185516677e+00 8.755828276638691676e+00 1.118866212687690975e+01 7.576988345973121319e+00
8.429849721478619884e+00 6.948303372472810047e+00 8.833498910784376434e+00 1.127315332148915594e+01 7.640630013658880060e+00
8.475582587366773168e+00 6.995162302570064661e+00 8.911113174864386366e+00 1.135735417882917631e+01 7.704256865953075462e+00
8.520979085970886047e+00 7.041778933491333881e+00 8.988671060352237063e+00 1.144126686920866476e+01 7.767868948307045329e+00
8.566044875553695093e+00 7.088154350033539330e+00 9.066172571804109737e+00 1.152489358589279966e+01 7.831466308359510187e+00
8.610785544330507690e+00 7.134289650495340140e+00 9.143617726156010761e+00 1.160823654270317284e+01 7.895048995788240376e+00
8.655206610455415728e+00 7.180185945469252928e+00 9.221006552057160022e+00 1.169129797177558316e+01 7.958617062172229417e+00
8.699313522106130847e+00 7.225844356703012394e+00 9.298339089237600774e+00 1.177408012145387062e+01 8.022170560863566280e+00
8.743111657658150904e+00 7.271266016025993650e+00 9.375615387908325715e+00 1.185658525431292531e+01 8.085709546868146802e+00
8.786606325939910533e+00 7.316452064337268801e+00 9.452835508192304559e+00 1.193881564530886763e+01 8.149234076734536814e+00
8.829802766561304139e+00 7.361403650651774377e+00 9.529999519584743339e+00 1.202077358004487628e+01 8.212744208450336814e+00
8.872706150308500739e+00 7.406121931201231412e+00 9.607107500441133041e+00 1.210246135314667271e+01 8.276240001345444242e+00
8.915321579598440849e+00 7.450608068586984878e+00 9.684159537491648706e+00 1.218388126674228822e+01 8.339721516001674217e+00
8.957654088986933161e+00 7.494863230981740898e+00 9.761155725380545434e+00 1.226503562903903877e+01 8.403188814168288445e+00
8.999708645724943779e+00 7.538888591377483017e+00 9.838096166229263417e+00 1.234592675299290221e+01 8.466641958683000624e+00
9.041490150357827105e+00 7.582685326877146359e+00 9.914980969222030538e+00 1.242655695506451252e+01 8.530081013397985856e+00
9.083003437362728860e+00 7.626254618027529908e+00 9.991810250212836308e+00 1.250692855405664972e+01 8.593506043110632930e+00
9.124253275819960152e+00 7.669597648191185613e+00 1.006858413135264030e+01 1.258704387002875436e+01 8.656917113498632688e+00
9.165244370114194794e+00 7.712715602955244165e+00 1.014530274073581140e+01 1.266690522328379487e+01 8.720314291059130696e+00
9.205981360661860791e+00 7.755609669575016518e+00 1.022196621206477474e+01 1.274651493342352104e+01 8.783697643051675996e+00
9.246468824661297603e+00 7.798281036450655179e+00 1.029857468433201007e+01 1.282587531846775697e+01 8.847067237444653287e+00
9.286711276862618547e+00 7.840730892635019877e+00 1.037512830151839793e+01 1.290498869403418247e+01 8.910423142865038670e+00
9.326713170354357985e+00 7.882960427369937406e+00 1.045162721230719072e+01 1.298385737257502193e+01 8.973765428551201850e+00
9.366478897364267198e+00 7.924970829651734050e+00 1.052807156981273806e+01 1.306248366266716587e+01 9.037094164308578925e+00
9.406012790071986984e+00 7.966763287823199313e+00 1.060446153132322600e+01 1.314086986835295434e+01 9.100409420468020372e+00
9.445319121430925335e+00 8.008338989188965584e+00 1.068079725805672453e+01 1.321901828852815619e+01 9.163711267846672115e+00
9.484402105997791210e+00 8.049699119654997403e+00 1.075707891492985269e+01 1.329693121637460607e+01 9.226999777711169415e+00
9.523265900768398851e+00 8.090844863391106756e+00 1.083330667033841799e+01 1.337461093883484509e+01 9.290275021743045869e+00
9.561914606016573615e+00 8.131777402513304054e+00 1.090948069594939795e+01 1.345205973612608652e+01 9.353537072006252728e+00
9.600352266135860901e+00 8.172497916786900518e+00 1.098560116650372720e+01 1.352927988129153647e+01 9.416786000916516741e+00
9.638582870482276022e+00 8.213007583347874174e+00 1.106166825962927902e+01 1.360627363978642279e+01 9.480021881212593371e+00
9.676610354216769849e+00 8.253307576442244553e+00 1.113768215566357789e+01 1.368304326909684754e+01 9.543244785929188012e+00
9.714438599146241415e+00 8.293399067182223305e+00 1.121364303748567615e+01 1.375959101838952314e+01 9.606454788371491915e+00
9.752071434562076035e+00 8.333283223317998534e+00 1.128955109035680415e+01 1.383591912819036907e+01 9.669651962091208475e+00
9.789512638075315465e+00 8.372961209024882834e+00 1.136540650176927336e+01 1.391202983009050520e+01 9.732836380864009485e+00
9.826765936447417360e+00 8.412434184704247642e+00 1.144120946130324867e+01 1.398792534647765606e+01 9.796008118668295239e+00
9.863835006416053375e+00 8.451703306798270532e+00 1.151696016049097970e+01 1.406360789029162639e+01 9.859167249665240718e+00
9.900723475515205152e+00 8.490769727616966023e+00 1.159265879268810551e+01 1.413907966480231160e+01 9.922313848179969753e+00
9.937434922888638056e+00 8.529634595177387979e+00 1.166830555295166150e+01 1.421434286340883624e+01 9.985447988683880283e+00
9.973972880096601656e+00 8.568299053054170500e+00 1.174390063792445282e+01 1.428939966945865692e+01 1.004856974577797857e+01
1.001034083191504998e+01 8.606764240240522668e+00 1.181944424572549046e+01 1.436425225608519085e+01 1.011167919417720640e+01
1.004654221712705997e+01 8.645031291019661168e+00 1.189493657584611519e+01 1.443890278606296818e+01 1.017477640869568312e+01
1.008258042930578213e+01 8.683101334845430230e+00 1.197037782905160519e+01 1.451335341167916226e+01 1.023786146423282517e+01
1.011845881758910792e+01 8.720975496232226121e+00 1.204576820728789244e+01 1.458760627462049086e+01 1.030093443576028100e+01
1.015418068744506463e+01 8.758654894653220779e+00 1.212110791359321738e+01 1.466166350587455014e+01 1.036399539830962979e+01
1.018974930142849011e+01 8.796140644446715839e+00 1.219639715201448915e+01 1.473552722564457618e+01 1.042704442696080314e+01
1.022516787992792153e+01 8.833433854730127877e+00 1.227163612752777233e+01 1.480919954327689148e+01 1.049008159683120844e+01
1.026043960190338744e+01 8.870535629320972504e+00 1.234682504596301733e+01 1.488268255720013578e+01 1.055310698306548112e+01
1.029556760561409945e+01 8.907447066664861524e+00 1.242196411393328859e+01 1.495597835487561156e+01 1.061612066082585493e+01
1.033055498933673633e+01 8.944169259769623181e+00 1.249705353876715819e+01 1.502908901275795905e+01 1.067912270528307417e+01
1.036540481207350517e+01 8.980703296145664538e+00 1.257209352844477657e+01 1.510201659626551951e+01 1.074211319160787248e+01
1.040012009425052142e+01 9.017050257751888509e+00 1.264708429153741243e+01 1.517476315975972767e+01 1.080509219496298812e+01
1.043470381840599082e+01 9.053211220947019910e+00 1.272202603715019542e+01 1.524733074653297571e+01 1.086805979049561088e+01
1.046915892986849173e+01 9.089187256446031427e+00 1.279691897486787155e+01 1.531972138880437662e+01 1.093101605333028559e+01
1.050348833742517840e+01 9.124979429281236065e+00 1.287176331470347890e+01 1.539193710772287460e+01 1.099396105856225958e+01
1.053769491397992120e+01 9.160588798768028340e+00 1.294655926704973403e+01 1.546397991337722644e+01 1.105689488125122999e+01
1.057178149720161642e+01 9.196016418474723508e+00 1.302130704263298533e+01 1.553585180481239014e+01 1.111981759641545864e+01
1.060575089016224304e+01 9.231263336196517955e+00 1.309600685246970819e+01 1.560755477005198344e+01 1.118272927902626535e+01
1.063960586196543190e+01 9.266330593933135518e+00 1.317065890782529713e+01 1.567909078612610507e+01 1.124563000400281609e+01
1.067334914836470716e+01 9.301219227870053174e+00 1.324526342017500191e+01 1.575046181910389897e+01 1.130851984620729489e+01
1.070698345237245697e+01 9.335930268363096474e+00 1.331982060116711786e+01 1.582166982413192002e+01 1.137139888044029767e+01
1.074051144485873266e+01 9.370464739926127606e+00 1.339433066258807692e+01 1.589271674547664226e+01 1.143426718143657439e+01
1.077393576514091400e+01 9.404823661221762165e+00 1.346879381632938433e+01 1.596360451657064061e+01 1.149712482386100376e+01
1.080725902156343388e+01 9.439008045054810836e+00 1.354321027435643821e+01 1.603433506006270903e+01 1.155997188230482209e+01
1.084048379206851109e+01 9.473018898368396279e+00 1.361758024867904737e+01 1.610491028787166456e+01 1.162280843128209895e+01
1.087361262475722157e+01 9.506857222242519612e+00 1.369190395132347859e+01 1.617533210124359400e+01 1.168563454522642786e+01
1.090664803844170905e+01 9.540524011894905954e+00 1.376618159430610078e+01 1.624560239081185742e+01 1.174845029848783007e+01
1.093959252318808240e+01 9.574020256684123709e+00 1.384041338960849110e+01 1.631572303665994284e+01 1.181125576532985910e+01
1.097244854085055188e+01 9.607346940114618761e+00 1.391459954915388053e+01 1.638569590838695333e+01 1.187405101992689183e+01
1.100521852559665703e+01 9.640505039843803914e+00 1.398874028478489784e+01 1.645552286517532181e+01 1.193683613636159002e+01
1.103790488442379214e+01 9.673495527690841200e+00 1.406283580824259083e+01 1.652520575586083140e+01 1.199961118862254139e+01
1.107050999766729049e+01 9.706319369647175677e+00 1.413688633114660931e+01 1.659474641900452951e+01 1.206237625060203733e+01
1.110303621949985065e+01 9.738977525888637743e+00 1.421089206497646096e+01 1.666414668296647150e+01 1.212513139609402302e+01
1.113548587842298865e+01 9.771470950789007404e+00 1.428485322105388278e+01 1.673340836598111281e+01 1.218787669879217539e+01
1.116786127774992465e+01 9.803800592935038694e+00 1.435877001052618596e+01 1.680253327623413284e+01 1.225061223228810015e+01
1.120016469608085963e+01 9.835967395142722225e+00 1.443264264435052802e+01 1.687152321194070126e+01 1.231333807006967973e+01
1.123239838776993338e+01 9.867972294474618877e+00 1.450647133327911575e+01 1.694037996142492020e+01 1.237605428551950837e+01
1.126456458338478406e+01 9.899816222258515097e+00 1.458025628784527505e+01 1.700910530320034653e+01 1.243876095191347275e+01
1.129666549015772681e+01 9.931500104107229276e+00 1.465399771835027209e+01 1.707770100605154084e+01 1.250145814241938957e+01
1.132870329243082885e+01 9.963024859939281441e+00 1.472769583485095524e+01 1.714616882911640161e+01 1.256414593009579228e+01
1.136068015209327164e+01 9.994391404000381840e+00 1.480135084714810745e+01 1.721451052196934839e+01 1.262682438789077466e+01
1.139259820901023801e+01 1.002560064488582192e+01 1.487496296477548086e+01 1.728272782470514102e+01 1.268949358864092680e+01
1.142445958144489460e+01 1.005665348556372329e+01 1.494853239698949743e+01 1.735082246802328143e+01 1.275215360507036522e+01
1.145626636647427254e+01 1.008755082339902742e+01 1.502205935275955007e+01 1.741879617331292707e+01 1.281480450978983576e+01
1.148802064039845838e+01 1.011829355017812659e+01 1.509554404075892897e+01 1.748665065273818087e+01 1.287744637529587521e+01
1.151972445914266352e+01 1.014888255213411483e+01 1.516898666935625428e+01 1.755438760932381115e+01 1.294007927397006164e+01
1.155137985865240502e+01 1.017931870997264276e+01 1.524238744660747713e+01 1.762200873704116333e+01 1.300270327807831983e+01
1.158298885528237854e+01 1.020960289889831785e+01 1.531574658024837454e+01 1.768951572089434521e+01 1.306531845977028539e+01
1.161455344617914243e+01 1.023973598864156465e+01 1.538906427768749374e+01 1.775691023700656501e+01 1.312792489107872029e+01
1.164607560965759525e+01 1.026971884348597897e+01 1.546234074599957431e+01 1.782419395270653339e+01 1.319052264391900664e+01
1.167755730557125560e+01 1.029955232229606388e+01 1.553557619191939487e+01 1.789136852661496135e+01 1.325311179008866169e+01
1.170900047567649338e+01 1.032923727854538143e+01 1.560877082183599640e+01 1.795843560873105105e+01 1.331569240126691867e+01
1.174040704399114965e+01 1.035877456034501165e+01 1.568192484178731760e+01 1.802539684051892621e+01 1.337826454901434303e+01
1.177177891714713631e+01 1.038816501047233487e+01 1.575503845745518916e+01 1.809225385499399508e+01 1.344082830477250212e+01
1.180311798473751317e+01 1.041740946640009824e+01 1.582811187416065479e+01 1.815900827680920315e+01 1.350338373986366314e+01
