5.010093725473567794e+00 5.005168244116819487e+00 5.008897654879970851e+00 5.005806657529059400e+00 5.008206399940775988e+00
5.020372975403391891e+00 5.010469101908050504e+00 5.017473818960620058e+00 5.011966480793637935e+00 5.016052980077779111e+00
5.030803995116764682e+00 5.015916634908796468e+00 5.025745710099454477e+00 5.018472436912000845e+00 5.023556709447165147e+00
5.041355470276265294e+00 5.021521893427393302e+00 5.033730231826912593e+00 5.025309757581636561e+00 5.030734066954876127e+00
5.051998331554551136e+00 5.027293144296503868e+00 5.041443555878660554e+00 5.032458625512561845e+00 5.037601069068986526e+00
5.062705665020885704e+00 5.033236198917093063e+00 5.048901139350187250e+00 5.039896205235518956e+00 5.044173293001897207e+00
5.073452527499912712e+00 5.039354771847417425e+00 5.056117799764361820e+00 5.047598072149996007e+00 5.050465893196831146e+00
5.084215831761782489e+00 5.045650695201064906e+00 5.063107735239408491e+00 5.055539268892856875e+00 5.056493617079013347e+00
5.094974192797391943e+00 5.052124143715345461e+00 5.069884556901907757e+00 5.063695001182097144e+00 5.062270820442480002e+00
5.105707774718973191e+00 5.058773870536930950e+00 5.076461284638106974e+00 5.072041108302636658e+00 5.067811481170492627e+00
5.116398161597402350e+00 5.065597391491681201e+00 5.082850614135741019e+00 5.080554388881131089e+00 5.073129211204826738e+00
5.127028210750140147e+00 5.072591146526519879e+00 5.089064510794434781e+00 5.089212769355111021e+00 5.078237269420684541e+00
5.137581922627540543e+00 5.079750652571537017e+00 5.095114399057056431e+00 5.097995404351784998e+00 5.083148573443106777e+00
5.148044327604711867e+00 5.087070644202272618e+00 5.101011235194882865e+00 5.106882716492071594e+00 5.087875709853244999e+00
5.158401389774371459e+00 5.094545198901741401e+00 5.106765526974139213e+00 5.115856391244381740e+00 5.092430943852014558e+00
5.168639939201846722e+00 5.102167846893223668e+00 5.112387330213568504e+00 5.124899348742336436e+00 5.096826228844546058e+00
5.178747634088073148e+00 5.109931662464370028e+00 5.117886257691584007e+00 5.133995697467025998e+00 5.101073215841307018e+00
5.188712951624524727e+00 5.117829348513767584e+00 5.123271481875892874e+00 5.143130678315479543e+00 5.105183261590202193e+00
5.198525203323211663e+00 5.125853314841322117e+00 5.128551760784325175e+00 5.152290600795889297e+00 5.109167438306326581e+00
5.208174563224434728e+00 5.133995749194275149e+00 5.133735431501223800e+00 5.161462779062071071e+00 5.113036539229523392e+00
5.217652097555202317e+00 5.142248673711401707e+00 5.138830455418829324e+00 5.170635468842727178e+00 5.116801086799049436e+00
5.226949785526081804e+00 5.150603996816822239e+00 5.143844406040504857e+00 5.179797804483062151e+00 5.120471339967680890e+00
5.236060526232670931e+00 5.159053558593329036e+00 5.148784492155377812e+00 5.188939738208325991e+00 5.124057301037577616e+00
5.244978127266591628e+00 5.167589170010757016e+00 5.153657596618144154e+00 5.198051982691255901e+00 5.127568722100301457e+00
5.253697278735291576e+00 5.176202648056121625e+00 5.158470200394082994e+00 5.207125957273520456e+00 5.131015110971318904e+00
5.262213514756637345e+00 5.184885846239153828e+00 5.163228450550255921e+00 5.216153737496788345e+00 5.134405737035168116e+00
5.270523166197201625e+00 5.193630680478713124e+00 5.167938209101227365e+00 5.225128007670756247e+00 5.137749636784330498e+00
5.278623308121761504e+00 5.202429151344380109e+00 5.172604975799081295e+00 5.234042016967006106e+00 5.141055619116531972e+00
5.286511705406976347e+00 5.211273363004941039e+00 5.177233984539507894e+00 5.242889538790890924e+00 5.144332270368546567e+00
5.294186756736523058e+00 5.220155539557510771e+00 5.181830159797155666e+00 5.251664832981915332e+00 5.147587958937811514e+00
5.301647439950375684e+00 5.229068038768207138e+00 5.186398131292421887e+00 5.260362610986742737e+00 5.150830839605545108e+00
5.308893260283531035e+00 5.238003363291549697e+00 5.190942256611586814e+00 5.268978003648413733e+00 5.154068857537574821e+00
5.315924201249273118e+00 5.246954170287799535e+00 5.195466595180097791e+00 5.277506531465976813e+00 5.157309751921863139e+00
5.322740677898038619e+00 5.255913279093322288e+00 5.199974947469133468e+00 5.285944077191715884e+00 5.160561059182464660e+00
5.329343493279909971e+00 5.264873677357777559e+00 5.204470845109359978e+00 5.294286859943909462e+00 5.163830115729433956e+00
5.335733798197404454e+00 5.273828525827384262e+00 5.208957558669118804e+00 5.302531411946000084e+00 5.167124060159039800e+00
5.341913054155989826e+00 5.282771161980486241e+00 5.213438108273059868e+00 5.310674557047610378e+00 5.170449834724132998e+00
5.347882999003395810e+00 5.291695102726933442e+00 5.217915266247433514e+00 5.318713391066941298e+00 5.173814186093937728e+00
5.353645615540614244e+00 5.300594045937764065e+00 5.222391565754787912e+00 5.326645262848553664e+00 5.177223665393165142e+00
5.359203102586118206e+00 5.309461871475019024e+00 5.226869302281513363e+00 5.334467757006025934e+00 5.180684626709137319e+00
5.364557848621733349e+00 5.318292641456574543e+00 5.231350536273067675e+00 5.342178678150004245e+00 5.184203224387930575e+00
5.369712407623149275e+00 5.327080599956205198e+00 5.235837100559008306e+00 5.349776036278258040e+00 5.187785408580655400e+00
5.374669477046334798e+00 5.335820172222784485e+00 5.240330597204255092e+00 5.357258033150193555e+00 5.191436917858884392e+00
5.379431878144733226e+00 5.344505963001012994e+00 5.244832406680800752e+00 5.364623049637590846e+00 5.195163270004814038e+00
5.384002536977435582e+00 5.353132756222343858e+00 5.249343685460472031e+00 5.371869633974693414e+00 5.198969748848650596e+00
5.388384467470237027e+00 5.361695511947353054e+00 5.253865371708283938e+00 5.378996490846233769e+00 5.202861386516697273e+00
5.392580757178445872e+00 5.370189366380847318e+00 5.258398185480002596e+00 5.386002471273012127e+00 5.206842940221720895e+00
5.396594552144189372e+00 5.378609626365626895e+00 5.262942630821684453e+00 5.392886563110862674e+00 5.210918862358822956e+00
5.400429046310065040e+00 5.386951769993467920e+00 5.267498996252109045e+00 5.399647882386163111e+00 5.215093261619617948e+00
5.404087469803229737e+00 5.395211441996442758e+00 5.272067357875004134e+00 5.406285665072283919e+00 5.219369855743182463e+00
5.407573076776380105e+00 5.403384452378205971e+00 5.276647571993997587e+00 5.412799259329664103e+00 5.223751912350241611e+00
5.410890702141710307e+00 5.411468537945548718e+00 5.281246412542260238e+00 5.419188839239184929e+00 5.228259912002405585e+00
5.414051136434848033e+00 5.419468209398679903e+00 5.285897587808285891e+00 5.425457429137972909e+00 5.232982471950004211e+00
5.417065927795568392e+00 5.427388983480615714e+00 5.290639487691354503e+00 5.431608555568380403e+00 5.238021680959734638e+00
5.419945808765593398e+00 5.435235517957050178e+00 5.295507483986244601e+00 5.437645507507287590e+00 5.243474140942356421e+00
5.422700760864347380e+00 5.443011756884747143e+00 5.300534166458343854e+00 5.443571362281432791e+00 5.249430524286720079e+00
5.425340057315906073e+00 5.450720937372370400e+00 5.305749367840362218e+00 5.449389003180836077e+00 5.255974810016508236e+00
5.427872288655590793e+00 5.458365659137783155e+00 5.311180108970525282e+00 5.455101136051664135e+00 5.263183435197712257e+00
5.430305443075309491e+00 5.465947963940737786e+00 5.316850727413364730e+00 5.460710303404591848e+00 5.271124340331026836e+00
5.432646949587693896e+00 5.473469382094716451e+00 5.322782927811283926e+00 5.466218893269459755e+00 5.279855935679263368e+00
5.434903708962304236e+00 5.480930970671501257e+00 5.328995782322849983e+00 5.471629160836137373e+00 5.289426032652326803e+00
5.437082124903906077e+00 5.488333363798392206e+00 5.335505742188415113e+00 5.476943236632005885e+00 5.299870798382031012e+00
5.439188145062313851e+00 5.495676818118778506e+00 5.342326657609064000e+00 5.482163132259506355e+00 5.311213805540649702e+00
5.441227294222332311e+00 5.502961251444563828e+00 5.349469785300856373e+00 5.487290751606918704e+00 5.323465261903462142e+00
5.443204703350598805e+00 5.510186278067285670e+00 5.356943789295971925e+00 5.492327900312751865e+00 5.336621509306603173e+00
5.445125135741432310e+00 5.517351243057357912e+00 5.364754735540279817e+00 5.497276293339021791e+00 5.350664872271116757e+00
5.446993012947561219e+00 5.524455253630408791e+00 5.372906079806099022e+00 5.502137561164157198e+00 5.365563927795107269e+00
5.448812442116462762e+00 5.531497213225597953e+00 5.381398649909159282e+00 5.506913256142266455e+00 5.381274233529397044e+00
5.450587224378904416e+00 5.538475838704134624e+00 5.390230619471703122e+00 5.511604858620350100e+00 5.397739509568930671e+00
5.452320883744137703e+00 5.545389688489422042e+00 5.399397477564702896e+00 5.516213782207543659e+00 5.414893234347939455e+00
5.454016694199899540e+00 5.552237193709978591e+00 5.408891990302261199e+00 5.520741378366363250e+00 5.432660570699693992e+00
5.455677678714560663e+00 5.559016673789815677e+00 5.418704159422834010e+00 5.525188942232698075e+00 5.450960505534828471e+00
5.457306653385268547e+00 5.565726363058109527e+00 5.428821176443980434e+00 5.529557714505004995e+00 5.469708073764699030e+00
5.458906220796690967e+00 5.572364425002531263e+00 5.439227376386000401e+00 5.533848888250415321e+00 5.488816526775507576e+00
5.460478796641588417e+00 5.578928967194583421e+00 5.449904195374625004e+00 5.538063609003496701e+00 5.508199348499227099e+00
5.462026609545663547e+00 5.585418057313885853e+00 5.460830135903286475e+00 5.542202980348381658e+00 5.527772013277245655e+00
5.463551723051098818e+00 5.591829734613985359e+00 5.471980751440279178e+00 5.546268065466716912e+00 5.547453436476088129e+00
5.465056041291772360e+00 5.598162027069619739e+00 5.483328658094665187e+00 5.550259889868865315e+00 5.567167114161542862e+00
5.466541325276264018e+00 5.604412960823441203e+00 5.494843592411812416e+00 5.554179445077391364e+00 5.586841901431485624e+00
5.468009198543932747e+00 5.610580572920956577e+00 5.506492541042284472e+00 5.558027689352070588e+00 5.606412513576660039e+00
5.469461157749410773e+00 5.616662918592895792e+00 5.518239954211454190e+00 5.561805551690669702e+00 5.625819771854231099e+00
5.470898594619225008e+00 5.622658079614291537e+00 5.530048079498185665e+00 5.565513931932895453e+00 5.645010628037418599e+00
5.472322795458715028e+00 5.628564171986608855e+00 5.541877433677024456e+00 5.569153704834929997e+00 5.663938026127603109e+00
5.473734924881742181e+00 5.634379352324357271e+00 5.553687419080136856e+00 5.572725718888580815e+00 5.682560643295934355e+00
5.475135279910309016e+00 5.640101513985634085e+00 5.565435925607213008e+00 5.576230507670815406e+00 5.700842256819985465e+00
5.476521287127784632e+00 5.645727720741638755e+00 5.577077476240360987e+00 5.579667615495291777e+00 5.718750876286726736e+00
5.477889925558483419e+00 5.651254892155399112e+00 5.588568243829652005e+00 5.583036314996825844e+00 5.736259157234836259e+00
5.479238261535955168e+00 5.656680150028963183e+00 5.599868045412142337e+00 5.586335933622840422e+00 5.753344296439199645e+00
5.480563580380775512e+00 5.662000720054704672e+00 5.610940708426590540e+00 5.589565858924228081e+00 5.769987474697320096e+00
5.481863379232768452e+00 5.667214073559646792e+00 5.621754291613795473e+00 5.592725519607356865e+00 5.786173510636515083e+00
5.483135358611342269e+00 5.672317881530957173e+00 5.632281142399450324e+00 5.595814390868075527e+00 5.801890283758486255e+00
5.484377396487020384e+00 5.677309961282143824e+00 5.642497792339183249e+00 5.598831999925898195e+00 5.817128375627215853e+00
5.485587571847261756e+00 5.682188274222571778e+00 5.652384731667964957e+00 5.601777916336820873e+00 5.831880770723151919e+00
5.486764048768820956e+00 5.686950935042657029e+00 5.661926116526997177e+00 5.604651748019466417e+00 5.846142560193212212e+00
5.487905170196442306e+00 5.691596204608926790e+00 5.671109432075459367e+00 5.607453146292593615e+00 5.859910615294629643e+00
5.489009418602854851e+00 5.696122483863335084e+00 5.679925142682005657e+00 5.610181794928970511e+00 5.873183339810312376e+00
5.490075394184899871e+00 5.700528320725310572e+00 5.688366353052999536e+00 5.612837417103481386e+00 5.885960488030366200e+00
5.491101860032840953e+00 5.704812373343463250e+00 5.696428480524904359e+00 5.615419766926648570e+00 5.898242945964898176e+00
5.492087670212654871e+00 5.708973442221874528e+00 5.704108956411298337e+00 5.617928630889494457e+00 5.910032638641887992e+00
5.493031804638435212e+00 5.713010421438073472e+00 5.711406958162880798e+00 5.620363828251716320e+00 5.921332372725654380e+00
5.493933333686890741e+00 5.716922328483654780e+00 5.718323168227280817e+00 5.622725203987188003e+00 5.932145676115200494e+00
5.494791421528884889e+00 5.720708278393033197e+00 5.724859557466760229e+00 5.625012636784534337e+00 5.942476699891876102e+00
5.495605327379733396e+00 5.724367487632900264e+00 5.731019193618273277e+00 5.627226028162640503e+00 5.952330102654991073e+00
5.496374390914519736e+00 5.727899274532663121e+00 5.736806074773422637e+00 5.629365310744788964e+00 5.961711003775148399e+00
5.497098031393373496e+00 5.731303045393415729e+00 5.742224983261662530e+00 5.631430437125606758e+00 5.970624892914749182e+00
5.497775742603949745e+00 5.734578300467811474e+00 5.747281357626730092e+00 5.633421387597668861e+00 5.979077561993955570e+00
5.498407086686366796e+00 5.737724622090230042e+00 5.751981180422505169e+00 5.635338158493417460e+00 5.987075090296406721e+00
5.498991713449917995e+00 5.740741672385161642e+00 5.756330879481209806e+00 5.637180777810259613e+00 5.994623761464968226e+00
5.499529285754615415e+00 5.743629190844598220e+00 5.760337244215996577e+00 5.638949295657051941e+00 6.001730028136016415e+00
5.500019583278547231e+00 5.746386987580396344e+00 5.764007351359405895e+00 5.640643759300537852e+00 6.008400474705610783e+00
5.500462427463201465e+00 5.749014943116918630e+00 5.767348500845976389e+00 5.642264265115471744e+00 6.014641788038856518e+00
5.500857647434658659e+00 5.751513003906669752e+00 5.770368159618183945e+00 5.643810924453219080e+00 6.020460720123773868e+00
5.501205176991301293e+00 5.753881172780892506e+00 5.773073913166824056e+00 5.645283843068471974e+00 6.025864081529510585e+00
5.501504963489813882e+00 5.756119516593729557e+00 5.775473424933797340e+00 5.646683161038169807e+00 6.030858713313711483e+00
5.501756989161860290e+00 5.758228161994333405e+00 5.777574397992760957e+00 5.648009038316915031e+00 6.035451467889690669e+00
5.501961284914227868e+00 5.760207274611179429e+00 5.779384542251464474e+00 5.649261640925253403e+00 6.039649197903049327e+00
5.502117919382658151e+00 5.762057079694527850e+00 5.780911551319973363e+00 5.650441145460534997e+00 6.043458736765992434e+00
5.502226982990094939e+00 5.763777859309652918e+00 5.782163071979339541e+00 5.651547750326089137e+00 6.046886888036732799e+00
5.502288599150451986e+00 5.765369922423150051e+00 5.783146695970763140e+00 5.652581663519884003e+00 6.049940417881678911e+00
5.502302933490717862e+00 5.766833629926695792e+00 5.783869937580460530e+00 5.653543108128396888e+00 6.052626046378874136e+00
5.502270163173924367e+00 5.768169391704048188e+00 5.784340216458888406e+00 5.654432314462169096e+00 6.054950438184852679e+00
5.502190497029323168e+00 5.769377643082911788e+00 5.784564845780297837e+00 5.655249524463029864e+00 6.056920198562906421e+00
5.502064168120141652e+00 5.770458861136286366e+00 5.784551025138080504e+00 5.655994998730207612e+00 6.058541866992554148e+00
5.501891428185285093e+00 5.771413561807765547e+00 5.784305830277458149e+00 5.656669000264499481e+00 6.059821911890924895e+00
5.501672551482723605e+00 5.772242286778068276e+00 5.783836205890222182e+00 5.657271803936106735e+00 6.060766726957754535e+00
5.501407828798130062e+00 5.772945610662464588e+00 5.783148961360655704e+00 5.657803697009063271e+00 6.061382628463728217e+00
5.501097567871544136e+00 5.773524139995183546e+00 5.782250765791362213e+00 5.658264975509254668e+00 6.061675851831515693e+00
5.500742093195119864e+00 5.773978503175642985e+00 5.781148144597064054e+00 5.658655942881114065e+00 6.061652549663840261e+00
5.500341739373668659e+00 5.774309355565974577e+00 5.779847477785570398e+00 5.658976911076176286e+00 6.061318790640441101e+00
5.499896852534647884e+00 5.774517381201994759e+00 5.778354997240893631e+00 5.659228198746199645e+00 6.060680557589745554e+00
5.499407787648152635e+00 5.774603279648183651e+00 5.776676784164323841e+00 5.659410133295662781e+00 6.059743746713003532e+00
5.498874930645755832e+00 5.774567773349569499e+00 5.774818771191156053e+00 5.659523048418839686e+00 6.058514167451371613e+00
5.498298648688233037e+00 5.774411610459604383e+00 5.772786734758943439e+00 5.659567285362877342e+00 6.056997539334373570e+00
5.497679322604595242e+00 5.774135550073545176e+00 5.770586315343156691e+00 5.659543190098847099e+00 6.055199495904034279e+00
5.497017336789086883e+00 5.773740370481372786e+00 5.768222990821127105e+00 5.659451114504276958e+00 6.053125576888971793e+00
5.496313110061472607e+00 5.773226871272910010e+00 5.765702107263556364e+00 5.659291419474475227e+00 6.050781241561341339e+00
5.495567048408330990e+00 5.772595861006154294e+00 5.763028855671574746e+00 5.659064467750583916e+00 6.048171853695735400e+00
5.494779549522101902e+00 5.771848163626119188e+00 5.760208292357230420e+00 5.658770626390302816e+00 6.045302694263099852e+00
5.493951020518344386e+00 5.770984619824162998e+00 5.757245328751359636e+00 5.658410266747424089e+00 6.042178956104134357e+00
5.493081884606176857e+00 5.770006077889616947e+00 5.754144736151423523e+00 5.657983763549590428e+00 6.038805745306916606e+00
5.492172579439702496e+00 5.768913397959729572e+00 5.750911148253544880e+00 5.657491508018338777e+00 6.035188083734277953e+00
5.491223514540794604e+00 5.767707453662613837e+00 5.747549067787179666e+00 5.656933882349081344e+00 6.031330906770197231e+00
5.490235112309562737e+00 5.766389124097856644e+00 5.744062864430096838e+00 5.656311272224575859e+00 6.027239065145360009e+00
5.489207797770731645e+00 5.764959297367439284e+00 5.740456778780931302e+00 5.655624067605637961e+00 6.022917325840642988e+00
5.488142013337853342e+00 5.763418873085856653e+00 5.736734926387939026e+00 5.654872660501538029e+00 6.018370375431760344e+00
5.487038179154331452e+00 5.761768753839876744e+00 5.732901298805886725e+00 5.654057461844727683e+00 6.013602816745392765e+00
5.485896722865744479e+00 5.760009849185332875e+00 5.728959768206843606e+00 5.653178869373649995e+00 6.008619173765114674e+00
5.484718071069582201e+00 5.758143076748290845e+00 5.724914088631656739e+00 5.652237283233943366e+00 6.003423890377856509e+00
5.483502658626805193e+00 5.756169356631021472e+00 5.720767899710200055e+00 5.651233107916813658e+00 5.998021332360027991e+00
5.482250909870645117e+00 5.754089613308524420e+00 5.716524729127171689e+00 5.650166749405937772e+00 5.992415788367454255e+00
5.480963248793227827e+00 5.751904777842279159e+00 5.712187995632269200e+00 5.649038626895720228e+00 5.986611470747999597e+00
5.479640097787255471e+00 5.749615782327476055e+00 5.707761011680579699e+00 5.647849150787749295e+00 5.980612516946414381e+00
5.478281880323169872e+00 5.747223561418675075e+00 5.703246986347370040e+00 5.646598732777520446e+00 5.974422990306629266e+00
5.476889016404173915e+00 5.744729054092575282e+00 5.698649028100690295e+00 5.645287787796254619e+00 5.968046881552433902e+00
5.475461919857533388e+00 5.742133199844606573e+00 5.693970147626322031e+00 5.643916731858035440e+00 5.961488109486439591e+00
5.474001002380389558e+00 5.739436939086829170e+00 5.689213258602902279e+00 5.642485986902372908e+00 5.954750522730790863e+00
5.472506675848102908e+00 5.736641214587780979e+00 5.684381183212009248e+00 5.640995971603153691e+00 5.947837900063627892e+00
5.470979356344914279e+00 5.733746968934773314e+00 5.679476653996101021e+00 5.639447105177676001e+00 5.940753951899965024e+00
5.469419443364907707e+00 5.730755144267972945e+00 5.674502315627596438e+00 5.637839808381805540e+00 5.933502321309168437e+00
5.467827337566542489e+00 5.727666683607450793e+00 5.669460728106776592e+00 5.636174502445514101e+00 5.926086585103665705e+00
5.466203436166524376e+00 5.724482528971019946e+00 5.664354370290871188e+00 5.634451611516707814e+00 5.918510254853131869e+00
5.464548145666161538e+00 5.721203620741806439e+00 5.659185640452772503e+00 5.632671557912970250e+00 5.910776778021807232e+00
5.462861853525604161e+00 5.717830899051176807e+00 5.653956856252723817e+00 5.630834763843592050e+00 5.902889540282624914e+00
5.461144949011657701e+00 5.714365302301820826e+00 5.648670265190196993e+00 5.628941652001431706e+00 5.894851864659750085e+00
5.459397817707719369e+00 5.710807766229896387e+00 5.643328040999031181e+00 5.626992644906609442e+00 5.886667013541384108e+00
5.457620843283925716e+00 5.707159225335440844e+00 5.637932280152499587e+00 5.624988168301761959e+00 5.878338189675171854e+00
5.455814404325705524e+00 5.703420611789249861e+00 5.632485017979646180e+00 5.622928644919571006e+00 5.869868536628590761e+00
5.453978875349923428e+00 5.699592854273909381e+00 5.626988221806067614e+00 5.620814496639398250e+00 5.861261141314585643e+00
5.452114627232020005e+00 5.695676879331394993e+00 5.621443789606481722e+00 5.618646145573191752e+00 5.852519033970022377e+00
5.450222026368758854e+00 5.691673610622042467e+00 5.615853559695089814e+00 5.616424013207470090e+00 5.843645187910476935e+00
5.448301434779666330e+00 5.687583967698889076e+00 5.610219311280099319e+00 5.614148524277127628e+00 5.834642522358707950e+00
5.446353210662384647e+00 5.683408867177030643e+00 5.604542762985835758e+00 5.611820099927917305e+00 5.825513903769731883e+00
5.444377707488063045e+00 5.679149222267965591e+00 5.598825576046396080e+00 5.609439159890731830e+00 5.816262145449201171e+00
5.442375275361396980e+00 5.674805941577980128e+00 5.593069359376544369e+00 5.607006123986528756e+00 5.806890005797549215e+00
5.440346264674289500e+00 5.670379930114557432e+00 5.587275667427669568e+00 5.604521411146276222e+00 5.797400195850697990e+00
5.438291015035162879e+00 5.665872089027055303e+00 5.581445998864871250e+00 5.601985442190744457e+00 5.787795375568434153e+00
5.436209864146825943e+00 5.661283314419680579e+00 5.575581808397896744e+00 5.599398635010739866e+00 5.778078155491796153e+00
5.434103145382450428e+00 5.656614498265478019e+00 5.569684501321840564e+00 5.596761405898666553e+00 5.768251097858270171e+00
5.431971190839802510e+00 5.651866528304231529e+00 5.563755430513833034e+00 5.594074170798680079e+00 5.758316718304374859e+00
5.429814325200881697e+00 5.647040286850184110e+00 5.557795909952340629e+00 5.591337344550824540e+00 5.748277486024973015e+00
5.427632869905242963e+00 5.642136651652291057e+00 5.551807208599163879e+00 5.588551342545608591e+00 5.738135822359162752e+00
5.425427142271622927e+00 5.637156495904781295e+00 5.545790549696901550e+00 5.585716577871916222e+00 5.727894106273712538e+00
5.423197457793087040e+00 5.632100687080883183e+00 5.539747117187088676e+00 5.582833461959644694e+00 5.717554672409408845e+00
5.420944127035120630e+00 5.626970087878312654e+00 5.533678057128399885e+00 5.579902405422565437e+00 5.707119811644308705e+00
5.418667455570378877e+00 5.621765556490806226e+00 5.527584475097857108e+00 5.576923817558156138e+00 5.696591771152185402e+00
5.416367745769002262e+00 5.616487944522314812e+00 5.521467438111441695e+00 5.573898107026001192e+00 5.685972758774303415e+00
5.414045296081211767e+00 5.611138098334702562e+00 5.515327980770335259e+00 5.570825680623353371e+00 5.675264940953457682e+00
5.411700401041773745e+00 5.605716858524491641e+00 5.509167101652271192e+00 5.567706943467276126e+00 5.664470442353848334e+00
5.409333351484144181e+00 5.600225062142428989e+00 5.502985762326304986e+00 5.564542299373278489e+00 5.653591349425858503e+00
5.406944434372504382e+00 5.594663539084041126e+00 5.496784896419454114e+00 5.561332150597773527e+00 5.642629710470666637e+00
5.404533932955449593e+00 5.589033112548301041e+00 5.490565405305033231e+00 5.558076899488365363e+00 5.631587535443854264e+00
5.402102127445518320e+00 5.583334600234420186e+00 5.484328155953826389e+00 5.554776945825837586e+00 5.620466795416094286e+00
5.399649293478243628e+00 5.577568814275442044e+00 5.478073990193378151e+00 5.551432687183756265e+00 5.609269427142299591e+00
5.397175703340366226e+00 5.571736565798997454e+00 5.471803720863907650e+00 5.548044520004090430e+00 5.597997330984678221e+00
5.394681625685579185e+00 5.565838653196795605e+00 5.465518131138929370e+00 5.544612839065074184e+00 5.586652371071393119e+00
5.392167325574227732e+00 5.559875871184877028e+00 5.459217978404119265e+00 5.541138038647937414e+00 5.575236377064344495e+00
5.389633064477901137e+00 5.553849008314123203e+00 5.452903995953979788e+00 5.537620510701914966e+00 5.563751145821680844e+00
5.387079100318443281e+00 5.547758849119417413e+00 5.446576890843586760e+00 5.534060644986914745e+00 5.552198440620885300e+00
5.384505687495463988e+00 5.541606172153523246e+00 5.440237344805544772e+00 5.530458829917559882e+00 5.540579989966007979e+00
5.381913078117216642e+00 5.535391747537603990e+00 5.433886019110928167e+00 5.526815452162059827e+00 5.528897492740925124e+00
5.379301520636033729e+00 5.529116340423366083e+00 5.427523551763306919e+00 5.523130897435521547e+00 5.517152615750990918e+00
5.376671259011347459e+00 5.522780709815202194e+00 5.421150556560117906e+00 5.519405549279696288e+00 5.505346994334645139e+00
5.374022534402479678e+00 5.516385610984317900e+00 5.414767629635156787e+00 5.515639789079356703e+00 5.493482232856893077e+00
5.371355584621335666e+00 5.509931790394431594e+00 5.408375346293739838e+00 5.511833996695159499e+00 5.481559907421496014e+00
5.368670644153922922e+00 5.503419989271349344e+00 5.401974259710883963e+00 5.507988550171128317e+00 5.469581564575224597e+00
5.365967944189704575e+00 5.496850942773426674e+00 5.395564906688036011e+00 5.504103826276301348e+00 5.457548720700549971e+00
5.363247716087387928e+00 5.490225380081146689e+00 5.389147805672641844e+00 5.500180199689690852e+00 5.445462865428659427e+00
5.360510183279118657e+00 5.483544024428203656e+00 5.382723456008345231e+00 5.496218042953107563e+00 5.433325460814445229e+00
5.357755567843605959e+00 5.476807592500144040e+00 5.376292340222370569e+00 5.492217726945360035e+00 5.421137941049695819e+00
5.354984088739557002e+00 5.470016794968840301e+00 5.369854925658322564e+00 5.488179620667544611e+00 5.408901711767748033e+00
5.352195961832117099e+00 5.463172336311428623e+00 5.363411662800236179e+00 5.484104091667204806e+00 5.396618155992713994e+00
5.349391399919299239e+00 5.456274916574720635e+00 5.356962985626529949e+00 5.479991505420119147e+00 5.384288630309773893e+00
5.346570615800727566e+00 5.449325228300597068e+00 5.350509315235453478e+00 5.475842225247760986e+00 5.371914466634709839e+00
5.343733820802560430e+00 5.442323957857213124e+00 5.344051057805821792e+00 5.471656612723431401e+00 5.359496972812123339e+00
5.340881217153686578e+00 5.435271785808188483e+00 5.337588603824505284e+00 5.467435027494707889e+00 5.347037423731663353e+00
5.338013007391682052e+00 5.428169386891523729e+00 5.331122332597963975e+00 5.463177827825552946e+00 5.334537080427654843e+00
5.335129391380408315e+00 5.421017430897756562e+00 5.324652610056766378e+00 5.458885369856423253e+00 5.321997180043234188e+00
5.332230566352754053e+00 5.413816580071046047e+00 5.318179786363828043e+00 5.454558007450794221e+00 5.309418936328428096e+00
5.329316726953370775e+00 5.406567491260549474e+00 5.311704202814665265e+00 5.450196092760115185e+00 5.296803541357688161e+00
5.326388066593325199e+00 5.399270815351425945e+00 5.305226189182469909e+00 5.445799975998455444e+00 5.284152159620520983e+00
5.323444774729964912e+00 5.391927197851943632e+00 5.298746064267459310e+00 5.441370005730594706e+00 5.271465929074160783e+00
5.320487038621037890e+00 5.384537278207607081e+00 5.292264136766116067e+00 5.436906528489142687e+00 5.258745981747786402e+00
5.317515043338413072e+00 5.377101689626314851e+00 5.285780694974808291e+00 5.432409888657322661e+00 5.245993422775498516e+00
5.314528971630998910e+00 5.369621059681723096e+00 5.279296029181465677e+00 5.427880428794678025e+00 5.233209337398189831e+00
5.311529003970703933e+00 5.362096010143172720e+00 5.272810417802937799e+00 5.423318489507861884e+00 5.220394791451631988e+00
5.308515317837531278e+00 5.354527157611637556e+00 5.266324130080219490e+00 5.418724409681041188e+00 5.207550815831505808e+00
5.305488086614650989e+00 5.346915112170087525e+00 5.259837427218423400e+00 5.414098526184174531e+00 5.194678441695622872e+00
5.302447485166153385e+00 5.339260478442811930e+00 5.253350542453198990e+00 5.409441173752973064e+00 5.181778675461395700e+00
5.299393684590400611e+00 5.331563855348236736e+00 5.246863724488163072e+00 5.404752685270372226e+00 5.168852504708861595e+00
5.296326853827437731e+00 5.323825836349099561e+00 5.240377207033667162e+00 5.400033391658929816e+00 5.155900899119554737e+00
5.293247159697743065e+00 5.316047009397665946e+00 5.233891215905618566e+00 5.395283622109174893e+00 5.142924806353044609e+00
5.290154766940990960e+00 5.308227956467946207e+00 5.227405969939693975e+00 5.390503703808590785e+00 5.129925156240506823e+00
5.287049836555551607e+00 5.300369254125548046e+00 5.220921664738320089e+00 5.385693961797999307e+00 5.116902867614671280e+00
5.283932528753909175e+00 5.292471473390070180e+00 5.214438509170295610e+00 5.380854719271630060e+00 5.103858839579112683e+00
5.280803002356444509e+00 5.284535180216127337e+00 5.207956698186673172e+00 5.375986297468257291e+00 5.090793954879138106e+00
5.277661413586825390e+00 5.276560934660416535e+00 5.201476420312802773e+00 5.371089015860952998e+00 5.077709079933755199e+00
5.274507916695753806e+00 5.268549291423875403e+00 5.194997857681324938e+00 5.366163191946360378e+00 5.064605058449495267e+00
