1.713115131627665733e+01
6.434282876466705048e+00
2.324055190426881801e+00
1.112207210486439557e+00
4.368220445897849302e+00
1.961383793969893707e+00
5.281659985579025829e+00
2.703585493562153275e+00
1.192104149204943830e+01
5.754969064924500444e+00
2.109672014252780059e+00
1.899221055323098817e+00
6.669206949663333717e+00
2.359246094367259516e+00
1.000235481678385607e+00
4.971924687804911702e-01
6.517572264174242846e-02
1.943885521774929570e-02
2.472770948912366151e-01
9.114768173850670840e-02
6.067692767510664970e-02
1.850120777953814799e-02
8.202326434234558095e-02
1.762671050757750810e-02
2.535469594706731833e+00
1.306713702690920353e+00
9.691433279389976008e+00
4.646979948996905918e+00
5.119243789627925700e+00
4.476084397825982997e+00
1.293341950100094229e-01
8.895942042481880252e-02
1.351196886392596674e+01
5.148895339172169905e+00
4.379319615809210475e+00
1.369058470903798952e+00
3.987074767172887668e+00
1.527784760414663712e+00
3.407392684361557067e-01
2.594113414898903680e-01
