2.131164218602805960e+01 2.142981897390151502e+01 2.130296268517855296e+01 2.131178099771070222e+01 2.134529850793921923e+01
2.123118887313476932e+01 2.146400034556567249e+01 2.121363790826729101e+01 2.123142400589339118e+01 2.129718058298368888e+01
2.115859827620746358e+01 2.150250895711073795e+01 2.113201213830409131e+01 2.115887988483709137e+01 2.125562167355742460e+01
2.109383014287233138e+01 2.154531005876785699e+01 2.105807207767452738e+01 2.109410196671603899e+01 2.122059756456279800e+01
2.103684572252322837e+01 2.159236934373793559e+01 2.099180472215719107e+01 2.103704590965741872e+01 2.119208442523241231e+01
2.098760764396870471e+01 2.164365292842353838e+01 2.093319732805851174e+01 2.098766945772203840e+01 2.117005879018827130e+01
2.094607982693452186e+01 2.169912734395612830e+01 2.088223740338104761e+01 2.094593226703869249e+01 2.115449754407482885e+01
2.091222739677144915e+01 2.175875952882894282e+01 2.083891268455877110e+01 2.091179573903473710e+01 2.114537790819850116e+01
2.088601660640029323e+01 2.182251682085896505e+01 2.080321111801664458e+01 2.088522287661969301e+01 2.114267742636975100e+01
2.086741477156946800e+01 2.189036694689560036e+01 2.077512085276424614e+01 2.086617816570161565e+01 2.114637395260137254e+01
2.085639019730358612e+01 2.196227801342894992e+01 2.075463022566760074e+01 2.085462744136878399e+01 2.115644563700808689e+01
2.085291211348016560e+01 2.203821849814049472e+01 2.074172774791898632e+01 2.085053778105832123e+01 2.117287091169000490e+01
2.085695062047598469e+01 2.211815724160845065e+01 2.073640209331663797e+01 2.085387741731670275e+01 2.119562847846503573e+01
2.086847664118415935e+01 2.220206343889680412e+01 2.073864208744009474e+01 2.086461565371952176e+01 2.122469729713245812e+01
2.088746186890670131e+01 2.228990662951601820e+01 2.074843669872658225e+01 2.088272278442995145e+01 2.126005657312565233e+01
2.091387871714842817e+01 2.238165669464538965e+01 2.076577502896305205e+01 2.090817001646887263e+01 2.130168574453103503e+01
2.094770027330889661e+01 2.247728384331185225e+01 2.079064630410054448e+01 2.094092940237102596e+01 2.134956446953686537e+01
2.098890025140606497e+01 2.257675860423432468e+01 2.082303986536376428e+01 2.098097377498251248e+01 2.140367261362399276e+01
2.103745294767402285e+01 2.268005181856085528e+01 2.086294515975417951e+01 2.102827669008889799e+01 2.146399023732576694e+01
2.109333319983676347e+01 2.278713463267063233e+01 2.091035173124397417e+01 2.108281237900719773e+01 2.153049758259335533e+01
2.115651633265061804e+01 2.289797848927228685e+01 2.096524921208041903e+01 2.114455568878653935e+01 2.160317506038352775e+01
2.122697812209831625e+01 2.301255511796918896e+01 2.102762731410079056e+01 2.121348203496670592e+01 2.168200323618082948e+01
2.130469473518099477e+01 2.313083652598963624e+01 2.109747581946258421e+01 2.128956735342996609e+01 2.176696281683840084e+01
2.138964268332417973e+01 2.325279498892552255e+01 2.117478457079425169e+01 2.137278805242787172e+01 2.185803463374205435e+01
2.148179874942475109e+01 2.337840304083925957e+01 2.125954346020106200e+01 2.146312096503599420e+01 2.195519962984543128e+01
2.158113993684193943e+01 2.350763346425643618e+01 2.135174241805645678e+01 2.156054330744377623e+01 2.205843884000625366e+01
2.168764337957383148e+01 2.364045927852380302e+01 2.145137140031520673e+01 2.166503263176456429e+01 2.216773337499152774e+01
2.180128625215849070e+01 2.377685372846886125e+01 2.155842037470348416e+01 2.177656677990028555e+01 2.228306440291510171e+01
2.192204569669935310e+01 2.391679027125413981e+01 2.167287930508034322e+01 2.189512383671992879e+01 2.240441312495324766e+01
2.204989866010412669e+01 2.406024256007246365e+01 2.179473813337281385e+01 2.202068207801600153e+01 2.253176075893257746e+01
2.218482179526003151e+01 2.420718443194712677e+01 2.192398675927834617e+01 2.215321991939952895e+01 2.266508850762666327e+01
2.232679128118897083e+01 2.435758988557404336e+01 2.206061501665816138e+01 2.229271585903425290e+01 2.280437753526323874e+01
2.247578258799634199e+01 2.451143306179009329e+01 2.220461264639450860e+01 2.243914841390949277e+01 2.294960893818251790e+01
2.263177033590402232e+01 2.466868822423045771e+01 2.235596926514843474e+01 2.259249605302981578e+01 2.310076370179682570e+01
2.279472790343321620e+01 2.482932972373565761e+01 2.251467432718441941e+01 2.275273712474549015e+01 2.325782267651325341e+01
2.296462713876542594e+01 2.499333197472111934e+01 2.268071708084492499e+01 2.291984976402400065e+01 2.342076651710388546e+01
2.314143801501463216e+01 2.516066941368075760e+01 2.285408651633140664e+01 2.309381179321464472e+01 2.358957564188860800e+01
2.332512796626332374e+01 2.533131644616362976e+01 2.303477130360118608e+01 2.327460062411411101e+01 2.376423017749895905e+01
2.351566153039771123e+01 2.550524741196678136e+01 2.322275972139345512e+01 2.346219310612182340e+01 2.394470987069484735e+01
2.371299947711205647e+01 2.568243649651724425e+01 2.341803956506263162e+01 2.365656537192348807e+01 2.413099404552083627e+01
2.391709786183556830e+01 2.586285765486297450e+01 2.362059804098340621e+01 2.385769267799614113e+01 2.432306147051092893e+01
2.412790743325214748e+01 2.604648453474496250e+01 2.383042163711423456e+01 2.406554915799675243e+01 2.452089027314099567e+01
2.434537179707490395e+01 2.623329030262508965e+01 2.404749596230398723e+01 2.428010755208605431e+01 2.472445781844475476e+01
2.456942639427148833e+01 2.642324753961760564e+01 2.427180556234406339e+01 2.450133892238093836e+01 2.493374049766196521e+01
2.479999667496729288e+01 2.661632802035981982e+01 2.450333367159477049e+01 2.472921223730878282e+01 2.514871365939225001e+01
2.503699544237014862e+01 2.681250240699459297e+01 2.474206191886999662e+01 2.496369385979757638e+01 2.536935123981140450e+01
2.528032165959915645e+01 2.701174006831876895e+01 2.498796995620349293e+01 2.520474699048077483e+01 2.559562554390387135e+01
2.552985574744811359e+01 2.721400850047643516e+01 2.524103498071414364e+01 2.545233095036870097e+01 2.582750689171822245e+01
2.578545672987107906e+01 2.741927297991212242e+01 2.550123116287732117e+01 2.570640014485630687e+01 2.606496320168628600e+01
2.604695797961940329e+01 2.762749560861382392e+01 2.576852889673781988e+01 2.596690287234203254e+01 2.630795945295277249e+01
2.631416224322892106e+01 2.783863449324627481e+01 2.604289372956042214e+01 2.623378007450045857e+01 2.655645697977640651e+01
2.658683578542005321e+01 2.805264257300235187e+01 2.632428505844035982e+01 2.650696305522023266e+01 2.681041259389228060e+01
2.686470140862915557e+01 2.826946599199112597e+01 2.661265443170254841e+01 2.678637093360391219e+01 2.706977745011968395e+01
2.714743036393495856e+01 2.848904198030951562e+01 2.690794320905242998e+01 2.707190839444484354e+01 2.733449554760275646e+01
2.743463331907320324e+01 2.871129589018446993e+01 2.721007933373306997e+01 2.736345995581323365e+01 2.760450194957317649e+01
2.772585007456541106e+01 2.893613729431162440e+01 2.751897293776309894e+01 2.766088499755658958e+01 2.787971981698045454e+01
2.802053808720472716e+01 2.916345506968379553e+01 2.783451017179730158e+01 2.796401048807335243e+01 2.816005704032687973e+01
2.831805993308270430e+01 2.939311064265952922e+01 2.815654449501894163e+01 2.827262122793438692e+01 2.844540145037733936e+01
2.861767000136227779e+01 2.962492899485524234e+01 2.848488439099559599e+01 2.858644688345880880e+01 2.873561405750885100e+01
2.891850093870019123e+01 2.985868692891133946e+01 2.881927529924589138e+01 2.890514442002742967e+01 2.903051955101508952e+01
2.921955025249118165e+01 3.009409805238164282e+01 2.915937273334127511e+01 2.922827361073063557e+01 2.932989287296999592e+01
2.951966859915210506e+01 3.033079336311471152e+01 2.950470539259757885e+01 2.955526705427400458e+01 2.963343998319235695e+01
2.981755045980711571e+01 3.056829691880909650e+01 2.985462008300172698e+01 2.988538933586265500e+01 2.994077069671384450e+01
3.011172982477842908e+01 3.080599613208503484e+01 3.020820313981285921e+01 3.021768297331551878e+01 3.025135676324966383e+01
3.040058347432228913e+01 3.104310668047321542e+01 3.056417453694886177e+01 3.055090030651603072e+01 3.056447557062717735e+01
3.068234123302389804e+01 3.127863259015951058e+01 3.092074785253259961e+01 3.088342082290990120e+01 3.087912773086146956e+01
3.095510828649975466e+01 3.151132413561138890e+01 3.127546202233907024e+01 3.121315429461329316e+01 3.119392419585178899e+01
3.121690062093280105e+01 3.173963802471049789e+01 3.162500285090278496e+01 3.153743957384957142e+01 3.150694055485242728e+01
3.146569463373514708e+01 3.196170693483712455e+01 3.196505565874184285e+01 3.185295584966971205e+01 3.181554388950896950e+01
3.169948939687015255e+01 3.217532940562149690e+01 3.229025800095955390e+01 3.215568050576047909e+01 3.211622036605180597e+01
3.191637987886753436e+01 3.237799211559313051e+01 3.259434236102130455e+01 3.244093859653008138e+01 3.240446117057364006e+01
3.211463574554528577e+01 3.256694420749570185e+01 3.287055203666166392e+01 3.270359061217491359e+01 3.267479458989468810e+01
3.229278009207335032e+01 3.273932176702787444e+01 3.311235074690552693e+01 3.293840276061063577e+01 3.292106687429428291e+01
3.244965946429103099e+01 3.289233271085318933e+01 3.331432376814053242e+01 3.314058284420403311e+01 3.313703413723278857e+01
3.258449766404644521e+01 3.302348313345508046e+01 3.347303328676856182e+01 3.330639706186151017e+01 3.331721453918489573e+01
3.269692803928419522e+01 3.313080990061965281e+01 3.358754086618294110e+01 3.343371204043864964e+01 3.345779586852695076e+01
3.278699634908960547e+01 3.321307759322401409e+01 3.365941388551986080e+01 3.352229434917605744e+01 3.355729136431344983e+01
3.285514223409275303e+01 3.326989551883975338e+01 3.369224453857175661e+01 3.357375952155938847e+01 3.361669762039343823e+01
3.290215611496024195e+01 3.330172880936753899e+01 3.369089174139075737e+01 3.359122028283835704e+01 3.363911767221810578e+01
3.292911787788811750e+01 3.330980543271434868e+01 3.366070408354838861e+01 3.357874146221922729e+01 3.362903824500796190e+01
3.293732717378809838e+01 3.329594519204535885e+01 3.360690603445989666e+01 3.354077882612993733e+01 3.359153619448406403e+01
3.292823126117594512e+01 3.326235150282347064e+01 3.353421366451720331e+01 3.348171877879271108e+01 3.353163118090148487e+01
3.290335628070896234e+01 3.321140612264408531e+01 3.344665743804981162e+01 3.340557360559275679e+01 3.345387190171150138e+01
3.286424738102433452e+01 3.314549619986139106e+01 3.334755180405355190e+01 3.331582580228494095e+01 3.336214220511845951e+01
3.281241963571883247e+01 3.306688717762439467e+01 3.323954972447751999e+01 3.321538531804758776e+01 3.325962370375343369e+01
3.274932082952798851e+01 3.297764289786031355e+01 3.312473528304945347e+01 3.310661794449178785e+01 3.314884906690819122e+01
3.267630572634998742e+01 3.287958586360412738e+01 3.300472488098114354e+01 3.299140953438730151e+01 3.303179524300983871e+01
3.259462019215241213e+01 3.277428771091935289e+01 3.288076227493846915e+01 3.287124250359801181e+01 3.290998530428478119e+01
3.250539369875733797e+01 3.266307922328005731e+01 3.275379974546507356e+01 3.274727178553973772e+01 3.278458304068409745e+01
3.240963812437437497e+01 3.254707177656771222e+01 3.262456464013831692e+01 3.262039144045356664e+01 3.265647375516098805e+01
3.230825111780648484e+01 3.242718393628230444e+01 3.249361156029764430e+01 3.249129090535888764e+01 3.252632881105923701e+01
3.220202261623700934e+01 3.230416903235855131e+01 3.236136363885021439e+01 3.236050101432407899e+01 3.239465730883687655e+01
3.209164320305150397e+01 3.217864147596701230e+01 3.222814442732514095e+01 3.222843021545618569e+01 3.226184541074929513e+01
3.197771328091508636e+01 3.205110056157192844e+01 3.209420162516420305e+01 3.209539294756614680e+01 3.212818663511343686e+01
3.186075250418624094e+01 3.192195096328944004e+01 3.195972526007005499e+01 3.196163161662557428e+01 3.199390446263793208e+01
3.174120917728229685e+01 3.179152006296286359e+01 3.182486160310655166e+01 3.182733343070740517e+01 3.185916957967218011e+01
3.161946906207842289e+01 3.166007255436404932e+01 3.168972360177439285e+01 3.169264327018737148e+01 3.172411270313723008e+01
3.149586335811427062e+01 3.152782247134709337e+01 3.155439868022253336e+01 3.155767352003773141e+01 3.158883426473164491e+01
3.137067591985118753e+01 3.139494292703408362e+01 3.141895472729964567e+01 3.142251155139158314e+01 3.145341167671656635e+01
3.124414975775670911e+01 3.126157404180420940e+01 3.128344466986293426e+01 3.128722563920492306e+01 3.131790480336381322e+01
3.111649279126280376e+01 3.112782934445065308e+01 3.114790987279232937e+01 3.115186927565787300e+01 3.118236008789074276e+01
3.098788285200657100e+01 3.099380094393776020e+01 3.101238276067958566e+01 3.101648433999909216e+01 3.104681362475415440e+01
3.085847200947803515e+01 3.085956370118627135e+01 3.087688885109443149e+01 3.088110371555355016e+01 3.091129363316897027e+01
3.072839031248000907e+01 3.072517853069475535e+01 3.074144823736813947e+01 3.074575336287868055e+01 3.077582230499074711e+01
3.059774901645936040e+01 3.059069508576722640e+01 3.060607681410397873e+01 3.061045385830220766e+01 3.064041708421909860e+01
3.046664334951869790e+01 3.045615390938617040e+01 3.047078724222817669e+01 3.047522152241868199e+01 3.050509165277151880e+01
3.033515487218599560e+01 3.032158815941730623e+01 3.033558962149245630e+01 3.034006931470385737e+01 3.036985677856459276e+01
3.020335348930234431e+01 3.018702501216376533e+01 3.020049200419057911e+01 3.020500752851883064e+01 3.023472100078823388e+01
3.007129916514291068e+01 3.005248676977951305e+01 3.006550079443847068e+01 3.007004440992784566e+01 3.009969112384925083e+01
2.993904338635642759e+01 2.991799174438610009e+01 2.993062109579756935e+01 2.993518657439556918e+01 2.996477256623938601e+01
2.980663040662705399e+01 2.978355501786761650e+01 2.979585699977427993e+01 2.980043931502137866e+01 2.982996963448146843e+01
2.967409829980658387e+01 2.964918904613323392e+01 2.966121181473373269e+01 2.966580701110492058e+01 2.969528573258528326e+01
2.954147985936955223e+01 2.951490411960531546e+01 2.952668820813223860e+01 2.953129306323173253e+01 2.956072360572315105e+01
2.940880336253586336e+01 2.938070883544611078e+01 2.939228832458168483e+01 2.939690020943864823e+01 2.942628543780216077e+01
2.927609321233057571e+01 2.924661023813878202e+01 2.925801388495587574e+01 2.926263064858114404e+01 2.929197298383144243e+01
2.914337048296267341e+01 2.911261415209373737e+01 2.912386625445564547e+01 2.912848615333069446e+01 2.915778770330422276e+01
2.901065339748048544e+01 2.897872541210706743e+01 2.898984655440910885e+01 2.899446816120682158e+01 2.902373068525282562e+01
2.887795783691496965e+01 2.884494803820930997e+01 2.885595564140620439e+01 2.886057782783399261e+01 2.888980283995736897e+01
2.874529752017777895e+01 2.871128539125385615e+01 2.872219427941090331e+01 2.872681609306060224e+01 2.875600484922696509e+01
2.861268436293676842e+01 2.857774026483860652e+01 2.858856300062439360e+01 2.859318369808289972e+01 2.862233725276836083e+01
2.848012877302127777e+01 2.844431498253860369e+01 2.845506230430618544e+01 2.845968122583438742e+01 2.848880047496233558e+01
2.834763972561172807e+01 2.831101147513647476e+01 2.832169251432283374e+01 2.832630913638431736e+01 2.835539484791821252e+01
2.821522505521238600e+01 2.817783134830705905e+01 2.818845391569285752e+01 2.819306778224264676e+01 2.822212061782736470e+01
2.808289161102444709e+01 2.804477592729536539e+01 2.805534669569625450e+01 2.805995744102924050e+01 2.808897798197610385e+01
2.795064537203102262e+01 2.791184630142428702e+01 2.792237099673178236e+01 2.792697832184497742e+01 2.795596706768414919e+01
2.781849155912103910e+01 2.777904340774344760e+01 2.778952691628422755e+01 2.779413057034130929e+01 2.782308796161431630e+01
2.768643476184130492e+01 2.764636795606421416e+01 2.765681451156942217e+01 2.766141432359159325e+01 2.769034071274248276e+01
2.755447898317716948e+01 2.751382065053869752e+01 2.752423382220754888e+01 2.752882962214501106e+01 2.755772533875687813e+01
2.742262772750772015e+01 2.738140192827131258e+01 2.739178484981389872e+01 2.739637654396276290e+01 2.742524183343519439e+01
2.729088407255042625e+01 2.724911229924465061e+01 2.725946758916246537e+01 2.726405506947548929e+01 2.729289017245654492e+01
2.715925071935558321e+01 2.711695203763934003e+01 2.712728200363074649e+01 2.713186520703576576e+01 2.716067031277871990e+01
2.702773003848833611e+01 2.698492145761154504e+01 2.699522804944029275e+01 2.699980691138252453e+01 2.702858219949026264e+01
2.689632409573153993e+01 2.685302074381923276e+01 2.686330566395307784e+01 2.686788013596057212e+01 2.689662576412034767e+01
2.676503473983781234e+01 2.672125005677109399e+01 2.673151477615657612e+01 2.673608481680209437e+01 2.676480092825811496e+01
2.663386356309780467e+01 2.658960950719684391e+01 2.659985530574387269e+01 2.660442088146419692e+01 2.663310760550161405e+01
2.650281199666396148e+01 2.645809917334116079e+01 2.646832716484918180e+01 2.647288824732735790e+01 2.650154570242697005e+01
2.637188130935042452e+01 2.632671910387463043e+01 2.633693026126704595e+01 2.634148682953794918e+01 2.637011511908580275e+01
2.624107257636383395e+01 2.619546932699834585e+01 2.620566449555357380e+01 2.621021653469897217e+01 2.623881575283555634e+01
2.611038681121599581e+01 2.606434985186149689e+01 2.607452976640879427e+01 2.607907726410645211e+01 2.610764749526563122e+01
2.597982482508718149e+01 2.593336066280144081e+01 2.594352596622366391e+01 2.594806891744381971e+01 2.597661023549547465e+01
2.584938739549505016e+01 2.580250173958047455e+01 2.581265298569013211e+01 2.581719138517634349e+01 2.584570386216722682e+01
2.571907515333793270e+01 2.567177303404159616e+01 2.568191071156124039e+01 2.568644455845467434e+01 2.571492825652286029e+01
2.558888868087368706e+01 2.554117449693730890e+01 2.555129902869403935e+01 2.555582832273344351e+01 2.558428330414746554e+01
2.545882846952483902e+01 2.541070606056353043e+01 2.542081781990625799e+01 2.542534256173312102e+01 2.545376888284036809e+01
2.532889496315078048e+01 2.528036765182702794e+01 2.529046696637538005e+01 2.529498715788087893e+01 2.532338487302029861e+01
2.519908853750136757e+01 2.515015918941163164e+01 2.516024634815887850e+01 2.516476199150824655e+01 2.519313115220719368e+01
2.506940953215996259e+01 2.502008058610265451e+01 2.503015584384708347e+01 2.503466694178316487e+01 2.506300759656943811e+01
2.493985823592602102e+01 2.489013174868577494e+01 2.490019533147220088e+01 2.490470188782644101e+01 2.493301408204174763e+01
2.481043489832850923e+01 2.476031258200692875e+01 2.477036468777008693e+01 2.477486670639395427e+01 2.480315048366001207e+01
2.468113973956252849e+01 2.463062298348548396e+01 2.464066378905141974e+01 2.464516127487795316e+01 2.467341667615730216e+01
2.455197293783874457e+01 2.450106285082861035e+01 2.451109251078745288e+01 2.451558546906451141e+01 2.454381253349778191e+01
2.442293465286287457e+01 2.437163207591843062e+01 2.438165072803336386e+01 2.438613916421238770e+01 2.441433792986535778e+01
2.429402501064393149e+01 2.424233054906253670e+01 2.425233831539940965e+01 2.425682223521751268e+01 2.428499273887782905e+01
2.416524412039491310e+01 2.411315815796046635e+01 2.412315514716841491e+01 2.412763455630798859e+01 2.415577683377338403e+01
2.403659206725808417e+01 2.398411478799528851e+01 2.399410109736645680e+01 2.399857600144925129e+01 2.402669008806424955e+01
2.390806892236042458e+01 2.385520032310758509e+01 2.386517603978029811e+01 2.386964644446861428e+01 2.389773237448522636e+01
2.377967473678684485e+01 2.372641464578134674e+01 2.373637984805070289e+01 2.374084575890392301e+01 2.376890356610546107e+01
2.365140955198411632e+01 2.359775763729778575e+01 2.360771239561936952e+01 2.361217381820151218e+01 2.364020353566949950e+01
2.352327339292820696e+01 2.346922917791905405e+01 2.347917355586690391e+01 2.348363049583806372e+01 2.351163215589997080e+01
2.339526627497987832e+01 2.334082914728532998e+01 2.335076320202008304e+01 2.335521566495623702e+01 2.338318929949963731e+01
2.326738820269464014e+01 2.321255742381520903e+01 2.322248120732398746e+01 2.322692919893219710e+01 2.325487483919633291e+01
2.313963917016351246e+01 2.308441388582853193e+01 2.309432744496884737e+01 2.309877097083096587e+01 2.312668864772291855e+01
2.301201916447611140e+01 2.295639841047899665e+01 2.296630178807232170e+01 2.297074085384995357e+01 2.299863059783002228e+01
2.288452816356277353e+01 2.282851087484419850e+01 2.283840410992118208e+01 2.284283872111386771e+01 2.287070056240381533e+01
2.275716613985262882e+01 2.270075115529544263e+01 2.271063428368876913e+01 2.271506444575451411e+01 2.274289841427815162e+01
2.262993305857751380e+01 2.257311912797310072e+01 2.258299218259162444e+01 2.258741790095391977e+01 2.261522402642947682e+01
2.250282888061713749e+01 2.244561466868649902e+01 2.245547768004314904e+01 2.245989895994719632e+01 2.248767727189235188e+01
2.237585356078843191e+01 2.231823765304891083e+01 2.232809064929297094e+01 2.233250749602030893e+01 2.236025802372600069e+01
2.224900705080921526e+01 2.219098795643905930e+01 2.220083096379745413e+01 2.220524338254158181e+01 2.223296615512529328e+01
2.212228929719343995e+01 2.206386545417446143e+01 2.207369849708477005e+01 2.207810649296614613e+01 2.210580153934310488e+01
2.199570024392343015e+01 2.193687002138364051e+01 2.194669312265653005e+01 2.195109670079928321e+01 2.197876404973217035e+01
2.186923983118932568e+01 2.181000153314801437e+01 2.181981471418963991e+01 2.182421387967353965e+01 2.185185355975109189e+01
2.174290799646025363e+01 2.168325986447492681e+01 2.169306314542073011e+01 2.169745790326938106e+01 2.172506994296277583e+01
2.161670467476402280e+01 2.155664489029640407e+01 2.156643829016741165e+01 2.157082864538892508e+01 2.159841307303770463e+01
2.149062979861070843e+01 2.143015648555259034e+01 2.143994002236759755e+01 2.144432597992015133e+01 2.147188282375794088e+01
2.136468329878110595e+01 2.130379452514281269e+01 2.131356821605107399e+01 2.131794978085491366e+01 2.134547906903152636e+01
2.123886510398678595e+01 2.117755888399054953e+01 2.118732274535482674e+01 2.119169992229700128e+01 2.121920168285862118e+01
2.111317514168815990e+01 2.105144943702782712e+01 2.106120348454222935e+01 2.106557627845841196e+01 2.109305053938036068e+01
2.098761333763417269e+01 2.092546605925255676e+01 2.093521030795983506e+01 2.093957872366350870e+01 2.096702551284055360e+01
2.086217961673985144e+01 2.079960862570583657e+01 2.080934309008786087e+01 2.081370713235669356e+01 2.084112647760457548e+01
2.073687390250468709e+01 2.067387701140592426e+01 2.068360170552865540e+01 2.068796137908889321e+01 2.071535330816118403e+01
2.061169611786986877e+01 2.054827109156949660e+01 2.055798602896868843e+01 2.056234133853250867e+01 2.058970587911766259e+01
2.048664618475107346e+01 2.042279074148092732e+01 2.043249593524270935e+01 2.043684688549493700e+01 2.046418406520503197e+01
2.036172402457929564e+01 2.029743583629919357e+01 2.030713129929496219e+01 2.031147789488894162e+01 2.033878774128006484e+01
2.023692955807873162e+01 2.017220625150822855e+01 2.018189199618068486e+01 2.018623424173431502e+01 2.021351678232381133e+01
2.011226270561240170e+01 2.004710186263781679e+01 2.005677790108684277e+01 2.006111580121556770e+01 2.008837106344287804e+01
1.998772338747057375e+01 1.992212254517788850e+01 1.993178888931896253e+01 1.993612244862633531e+01 1.996335045987142820e+01
1.986331152347057127e+01 1.979726817481000367e+01 1.980692483630565448e+01 1.981125405934394834e+01 1.983845484697121364e+01
1.973902703297630268e+01 1.967253862733993941e+01 1.968218561760152596e+01 1.968651050892630039e+01 1.971368410022835249e+01
1.961486983614061330e+01 1.954793377862174353e+01 1.955757110888445638e+01 1.956189167304364673e+01 1.958903809526059092e+01
1.949083985292055843e+01 1.942345350460962194e+01 1.943308118595977518e+01 1.943739742746009824e+01 1.946451670780987442e+01
1.936693700222634007e+01 1.929909768140631598e+01 1.930871572476087294e+01 1.931302764810051897e+01 1.934011981374886346e+01
1.924316120459249646e+01 1.917486618520649344e+01 1.918447460134201066e+01 1.918878221100713688e+01 1.921584728907803807e+01
1.911951238046625079e+01 1.905075889231019559e+01 1.906035769189123741e+01 1.906466099234551947e+01 1.909169900992678492e+01
1.899599044958561578e+01 1.892677567914923742e+01 1.893636487272258506e+01 1.894066386841164373e+01 1.896767485255398711e+01
1.887259533289090285e+01 1.880291642226939075e+01 1.881249602027412848e+01 1.881679071563078764e+01 1.884377469334838651e+01
1.874932695161184526e+01 1.867918099832374068e+01 1.868875101111704140e+01 1.869304141055732771e+01 1.871999840882842037e+01
1.862618522709828994e+01 1.855556928410581108e+01 1.856512972194921574e+01 1.856941582987566619e+01 1.859634587564289987e+01
1.850317008116031303e+01 1.843208115653092705e+01 1.844163202959670400e+01 1.844591385039976572e+01 1.847281697057016459e+01
1.838028143633786371e+01 1.830871649260793887e+01 1.831825781101621331e+01 1.832253534907377812e+01 1.834941157051984106e+01
1.825751921561292690e+01 1.818547516950254206e+01 1.819500694329352797e+01 1.819928020297052385e+01 1.822612955253282152e+01
1.813488334249629474e+01 1.806235706449987788e+01 1.807187930364447581e+01 1.807614828929693473e+01 1.810297079378070606e+01
1.801237374126600344e+01 1.793936205499347736e+01 1.794887476941526572e+01 1.795313948539019222e+01 1.797993517156379539e+01
1.788999033686123852e+01 1.781649001851160108e+01 1.782599321808229220e+01 1.783025366871300577e+01 1.785702256331700255e+01
1.776773305481755472e+01 1.769374083271518217e+01 1.770323452725320479e+01 1.770749071686549669e+01 1.773423284660590227e+01
1.764560182160206026e+01 1.757111437538527809e+01 1.758059857466662734e+01 1.758485050757752077e+01 1.761156589912651071e+01
1.752359656446308733e+01 1.744861052442863425e+01 1.745808523819170688e+01 1.746233291870796123e+01 1.748902159870662132e+01
1.740171721134598570e+01 1.732622915788560647e+01 1.733569439582998939e+01 1.733993782824917318e+01 1.736659982330726848e+01
1.727996369117443365e+01 1.720397015392337536e+01 1.721342592571430785e+01 1.721766511432517888e+01 1.724430045102112885e+01
1.715833593381674049e+01 1.708183339083849006e+01 1.709127970610905933e+01 1.709551465519219349e+01 1.712212336007263858e+01
1.703683387001685290e+01 1.695981874705803705e+01 1.696925561541128147e+01 1.697348632923868550e+01 1.700006842881933622e+01
1.691545743147034386e+01 1.683792610113975030e+01 1.684735353215017284e+01 1.685158001498523106e+01 1.687813553575122327e+01
1.679420655097003134e+01 1.671615533177138246e+01 1.672557333498751220e+01 1.672979559108572545e+01 1.675632455949149957e+01
1.667308116233041204e+01 1.659450631777398399e+01 1.660391490271792492e+01 1.660813293632782006e+01 1.663463537879684395e+01
1.655208120044225240e+01 1.647297893810068103e+01 1.648237811426943011e+01 1.648659192963143383e+01 1.651306787255660780e+01
1.643120660133865485e+01 1.635157307183320796e+01 1.636096284870315642e+01 1.636517245005049048e+01 1.639162191979390570e+01
1.631045730220931844e+01 1.623028859818952796e+01 1.623966898521398150e+01 1.624387437677313173e+01 1.627029739966671684e+01
1.618983324149876424e+01 1.610912539652039399e+01 1.611849640313125320e+01 1.612269758912122342e+01 1.614909419146629688e+01
1.606933435884494443e+01 1.598808334630778205e+01 1.599744498191783926e+01 1.600164196655114068e+01 1.602801217461822247e+01
1.594896059518232967e+01 1.586716232716787367e+01 1.587651460117118951e+01 1.588070738865393317e+01 1.590705122868296151e+01
1.582871189280772484e+01 1.574636221885192278e+01 1.575570514062335903e+01 1.575989373515550085e+01 1.578621123335678966e+01
1.570858819537320628e+01 1.562568290124491455e+01 1.563501648014373124e+01 1.563920088591688895e+01 1.566549206846994835e+01
1.558858944792061507e+01 1.550512425436643937e+01 1.551444849973434792e+01 1.551862872093511037e+01 1.554489361398848324e+01
1.546871559697279430e+01 1.538468615837141051e+01 1.539400107953366792e+01 1.539817712034278685e+01 1.542441575001522658e+01
1.534896659057694990e+01 1.526436849355039627e+01 1.527367409981595792e+01 1.527784596440841547e+01 1.530405835678885751e+01
1.522934237827157489e+01 1.514417114033091316e+01 1.515346744099521459e+01 1.515763513353764225e+01 1.518382131468388607e+01
1.510984291120407086e+01 1.502409397927578816e+01 1.503338098361943231e+01 1.503754450827349842e+01 1.506370450421197305e+01
1.499046814224154467e+01 1.490413689108512330e+01 1.491341460837344179e+01 1.491757396929525825e+01 1.494370780602421434e+01
1.487121802583730634e+01 1.478429975659765638e+01 1.479356819607992080e+01 1.479772339742049958e+01 1.482383110090680312e+01
1.475209251819998180e+01 1.466458245678876615e+01 1.467384162770267508e+01 1.467799267360631177e+01 1.470407426978466603e+01
1.463309157745226230e+01 1.454498487277255236e+01 1.455423478434327933e+01 1.455838167894671820e+01 1.458443719372237091e+01
1.451421516345289398e+01 1.442550688580280038e+01 1.443474754723969866e+01 1.443889029467528573e+01 1.446491975392415696e+01
1.439546323796114180e+01 1.430614837727212674e+01 1.431537979777037606e+01 1.431951840216711069e+01 1.434552183173181206e+01
1.427683576479083527e+01 1.418690922871300941e+01 1.419613141745594476e+01 1.420026588293540293e+01 1.422624330862760900e+01
1.415833270977887182e+01 1.406778932179924979e+01 1.407700228795961905e+01 1.408113261863450383e+01 1.410708406623761135e+01
1.403995404075178399e+01 1.394878853834570620e+01 1.395799229108075856e+01 1.396211849106159519e+01 1.398804398632583457e+01
1.392169972775654507e+01 1.382990676030824417e+01 1.383910130876213351e+01 1.384322338215471326e+01 1.386912295079844704e+01
