1.163264101764660108e+00 1.039631899979684082e+00 1.160696899525157200e+00 1.057068194004053607e+00 1.045020471220969194e+00
1.326251507659520934e+00 1.079044558126232012e+00 1.321122108508917092e+00 1.113905190576841342e+00 1.089892368836357539e+00
1.488981393815912213e+00 1.118240910840375246e+00 1.481294359330949328e+00 1.170515372688334832e+00 1.134617603667070540e+00
1.651470916729911531e+00 1.157223823491942749e+00 1.641230437321250735e+00 1.226902981674798276e+00 1.179198045348285318e+00
1.813735485918950952e+00 1.195996092527880528e+00 1.800945440924285101e+00 1.283072123110407192e+00 1.223635523466461095e+00
1.975788991525762039e+00 1.234560447458429966e+00 1.960452999325700274e+00 1.339026772331101567e+00 1.267931828644765835e+00
2.137643995494749038e+00 1.272919552718725589e+00 2.119765455625318484e+00 1.394770779641561154e+00 1.312088713579908861e+00
2.299311893173173971e+00 1.311076009412551535e+00 2.278894021907682532e+00 1.450307875220865572e+00 1.356107894029750849e+00
2.460803050605872233e+00 1.349032356934396049e+00 2.437848911238388094e+00 1.505641673737734942e+00 1.399991049753665839e+00
2.622126921783427989e+00 1.386791074473445962e+00 2.596639450571076146e+00 1.560775678702736480e+00 1.443739825406099353e+00
2.783292149242594604e+00 1.424354582396881730e+00 2.755274177742739639e+00 1.615713286562194151e+00 1.487355831383925242e+00
2.944306650749337173e+00 1.461725243512177252e+00 2.913760925204010643e+00 1.670457790549394916e+00 1.530840644628036262e+00
3.105177694290167434e+00 1.498905364206218893e+00 3.072106892543257306e+00 1.725012384309992042e+00 1.574195809379286493e+00
3.265911963182464905e+00 1.535897195458090447e+00 3.230318709538765987e+00 1.779380165301179595e+00 1.617422837888698561e+00
3.426515612790933307e+00 1.572702933722080365e+00 3.388402491154086871e+00 1.833564137987096831e+00 1.660523211081564421e+00
3.586994320076021037e+00 1.609324721676089309e+00 3.546363885640827718e+00 1.887567216827196193e+00 1.703498379174793076e+00
3.747353326991814004e+00 1.645764648829313170e+00 3.704208116720697941e+00 1.941392229070819653e+00 1.746349762246518500e+00
3.907597478579379224e+00 1.682024751982567512e+00 3.861940020652859573e+00 1.995041917362268435e+00 1.789078750756641023e+00
4.067731256460253242e+00 1.718107015532724713e+00 4.019564078861770362e+00 2.048518942161667411e+00 1.831686706016568689e+00
4.227758808322483297e+00 1.754013371611266914e+00 4.177084446690939146e+00 2.101825883983971188e+00 1.874174960605964113e+00
4.387683973895213363e+00 1.789745700045993759e+00 4.334504978757108162e+00 2.154965245459957490e+00 1.916544818733812994e+00
4.547510307829413456e+00 1.825305828132229857e+00 4.491829251304676696e+00 2.207939453219551762e+00 1.958797556540516238e+00
4.707241099834237552e+00 1.860695530198123837e+00 4.649060581895323452e+00 2.260750859598147589e+00 2.000934422337063090e+00
4.866879392364071855e+00 1.895916526946993086e+00 4.806202046714502352e+00 2.313401744163849472e+00 2.042956636776540602e+00
5.026427996102009743e+00 1.930970484555589506e+00 4.963256495728923134e+00 2.365894315063231890e+00 2.084865392952349072e+00
5.185889503444069071e+00 1.965859013505158570e+00 5.120226565889688608e+00 2.418230710180658161e+00 2.126661856416443452e+00
5.345266300151657823e+00 2.000583667119094411e+00 5.277114692539641716e+00 2.470412998104777547e+00 2.168347165109672847e+00
5.504560575307766435e+00 2.035145939775154122e+00 5.433923119151521597e+00 2.522443178893906790e+00 2.209922429194853599e+00
5.663774329682723874e+00 2.069547264757378713e+00 5.590653905494612275e+00 2.574323184628763084e+00 2.251388730781509029e+00
5.822909382587418747e+00 2.103789011707474454e+00 5.747308934299295125e+00 2.626054879739682324e+00 2.292747123529159214e+00
5.981967377266376396e+00 2.137872483627158982e+00 5.903889916463387344e+00 2.677640061090670098e+00 2.333998632113647886e+00
6.140949784857132165e+00 2.171798913378138352e+00 6.060398394817142709e+00 2.729080457800447945e+00 2.375144251538091833e+00
6.299857906916899175e+00 2.205569459617478412e+00 6.216835746437086030e+00 2.780377730775237310e+00 2.416184946266585420e+00
6.458692876489613433e+00 2.239185202093896709e+00 6.373203183470164568e+00 2.831533471923287859e+00 2.457121649154607290e+00
6.617455657658402934e+00 2.272647136222054165e+00 6.529501752398332748e+00 2.882549203015669192e+00 2.497955260145026113e+00
6.776147043495813094e+00 2.305956166836924393e+00 6.685732331639117731e+00 2.933426374148864646e+00 2.538686644692466299e+00
6.934767652288002182e+00 2.339113101011545126e+00 6.841895627337083674e+00 2.984166361758555208e+00 2.579316631871305443e+00
7.093317921866216125e+00 2.372118639806544582e+00 6.997992167154673204e+00 3.034770466120396915e+00 2.619846012113387967e+00
7.251798101829395549e+00 2.404973368793768440e+00 7.154022291813725509e+00 3.085239908263529340e+00 2.660275534510259110e+00
7.410208243381597448e+00 2.437677747166740794e+00 7.309986144071731751e+00 3.135575826204936245e+00 2.700605903600753699e+00
7.568548186433869951e+00 2.470232095223731328e+00 7.465883654733059593e+00 3.185779270393763962e+00 2.740837775547424027e+00
7.726817543530342114e+00 2.502636579962723040e+00 7.621714525191223721e+00 3.235851198232959192e+00 2.780971753583650674e+00
7.885015680044719311e+00 2.534891198479413799e+00 7.777478205870012040e+00 3.285792467511269521e+00 2.821008382586124075e+00
8.043141689953110074e+00 2.566995758809566208e+00 7.933173869764731378e+00 3.335603828548697969e+00 2.860948142593149779e+00
8.201194366305541550e+00 2.598949857771689853e+00 8.088800380078582819e+00 3.385285914804221363e+00 2.900791441045842411e+00
8.359172165290610579e+00 2.630752855285352965e+00 8.244356250679075515e+00 3.434839231643233237e+00 2.940538603473997536e+00
8.517073162487797333e+00 2.662403844545244702e+00 8.399839597754139575e+00 3.484264142883543247e+00 2.980189862277565105e+00
8.674894999515849747e+00 2.693901617271291293e+00 8.555248080594909155e+00 3.533560854643665206e+00 3.019745343163360740e+00
8.832634818772428176e+00 2.725244623130326449e+00 8.710578828837761023e+00 3.582729395900865921e+00 3.059205048678272920e+00
8.990289183290219199e+00 2.756430922142639961e+00 8.865828352716128791e+00 3.631769594983726090e+00 3.098568838125831171e+00
9.147853977836062356e+00 2.787458128816902025e+00 9.020992431822602242e+00 3.680681051074539578e+00 3.137836402950399339e+00
9.305324286166205994e+00 2.818323346193536860e+00 9.176065976485729081e+00 3.729463099446351571e+00 3.177007236405720469e+00
9.462694237712328871e+00 2.849023087793020270e+00 9.331042853949609750e+00 3.778114768859635486e+00 3.216080595968994427e+00
9.619956814705194148e+00 2.879553184875343952e+00 9.485915668981217408e+00 3.826634729037881488e+00 3.255055456486246612e+00
9.777103607614160197e+00 2.909908675832960867e+00 9.640675484857849753e+00 3.875021225496601662e+00 3.293930451394995185e+00
9.934124502517127198e+00 2.940083673750403026e+00 9.795311465933965067e+00 3.923271998124322923e+00 3.332703798515316063e+00
1.009100727768440464e+01 2.970071207194107554e+00 9.949810415895441906e+00 3.971384178708718071e+00 3.371373205659657923e+00
1.024773707802289380e+01 2.999863028052953240e+00 1.010415617614331119e+01 4.019354160954522470e+00 3.409935749838886476e+00
1.040429572335773578e+01 3.029449378687643968e+00 1.025832883500675230e+01 4.067177434191350471e+00 3.448387721452466970e+00
1.056066078814649956e+01 3.058818708718590518e+00 1.041230367889318309e+01 4.114848368805570367e+00 3.486724421901504556e+00
1.071680436338280273e+01 3.087957329158416364e+00 1.056604978849375698e+01 4.162359936801614424e+00 3.524939898793913784e+00
1.087269137180714829e+01 3.116848988856785851e+00 1.071952814318009217e+01 4.209703344397042635e+00 3.563026597064564260e+00
1.102827724886860494e+01 3.145474354099365488e+00 1.087268903992777602e+01 4.256867544276447646e+00 3.600974896293069438e+00
1.118350471528221313e+01 3.173810367895514517e+00 1.102546855209178567e+01 4.303838581784023454e+00 3.638772493393748420e+00
1.133829923882147916e+01 3.201829460176242925e+00 1.117778364344451170e+01 4.350598710225050958e+00 3.676403575201621088e+00
1.149256260082901804e+01 3.229498574328495852e+00 1.132952540207269720e+01 4.397125183269399606e+00 3.713847705761058826e+00
1.164616372515925669e+01 3.256777969806531559e+00 1.148054967255097125e+01 4.443388594254613189e+00 3.751078328537764683e+00
1.179892559888449455e+01 3.283619756219738672e+00 1.163066415490483507e+01 4.489350580381927358e+00 3.788060754768834304e+00
1.195060674933020728e+01 3.309966113853764824e+00 1.177961086676759628e+01 4.534960643345893772e+00 3.824749479216173143e+00
1.210087548840874838e+01 3.335747163334511267e+00 1.192704286565877325e+01 4.580151761333821625e+00 3.861084642908383824e+00
1.224927535142221124e+01 3.360878471388721422e+00 1.207249457400274117e+01 4.624834401411016316e+00 3.896987467285597972e+00
1.239518152538864548e+01 3.385258230492992571e+00 1.221534638271714712e+01 4.668888535654903471e+00 3.932354548634064084e+00
1.253775157836279597e+01 3.408764246276221765e+00 1.235478700230978433e+01 4.712153419956257139e+00 3.967051076165593493e+00
1.267588034513721951e+01 3.431251026091259426e+00 1.248978172137527665e+01 4.754415375200522931e+00 4.000903387250565046e+00
1.280817802798619454e+01 3.452547502543786173e+00 1.261906097718417818e+01 4.795394811582501582e+00 4.033691858698301047e+00
1.293299914115524807e+01 3.472456243593399883e+00 1.274114928844965888e+01 4.834735358878154976e+00 4.065145958704267315e+00
1.304855053800899434e+01 3.490755344167084662e+00 1.285445485239631758e+01 4.871999975891760926e+00 4.094944212584139542e+00
1.315309004026892303e+01 3.507204422908808183e+00 1.295742862765778369e+01 4.906680481530607096e+00 4.122722478523884071e+00
1.324518962876251038e+01 3.521556020844136103e+00 1.304877556624468937e+01 4.938226610384968573e+00 4.148093611512944534e+00
1.332399248577379502e+01 3.533572920116961669e+00 1.312766793940994425e+01 4.966096865040481312e+00 4.170679558059883441e+00
1.338937301803657931e+01 3.543050319297575523e+00 1.319389221640473941e+01 4.989825733234319216e+00 4.190152935532178269e+00
1.344193879311261242e+01 3.549839685274444712e+00 1.324787640120609211e+01 5.009092687482786133e+00 4.206280281597170045e+00
1.348288107048057860e+01 3.553869305793784683e+00 1.329059122986499020e+01 5.023773106628487639e+00 4.218955942230762979e+00
1.351374064503401407e+01 3.555156243402480154e+00 1.332336754546699353e+01 5.033954802408315388e+00 4.228216648043618520e+00
1.353617152124583001e+01 3.553806207671950546e+00 1.334769373222805555e+01 5.039915884910014299e+00 4.234232649367168477e+00
1.355175934735799181e+01 3.550001287041264053e+00 1.336504554298958425e+01 5.042073588754831803e+00 4.237279070817906224e+00
1.356191299730851085e+01 3.543978927976881632e+00 1.337677267087925337e+01 5.040921542619668294e+00 4.237696748709293360e+00
1.356781982953139476e+01 3.536007428920799445e+00 1.338404144406502283e+01 5.036971977568256875e+00 4.235852836773410957e+00
1.357044417380375556e+01 3.526362981540311914e+00 1.338781987832372167e+01 5.030712654064335432e+00 4.232108606893214109e+00
1.357054937228526015e+01 3.515311569576609951e+00 1.338888873923804645e+01 5.022580894869715706e+00 4.226797610285940365e+00
1.356872920096407498e+01 3.503096939977981883e+00 1.338786528939585097e+01 5.012952218277109573e+00 4.220213868579748784e+00
1.356544024652918878e+01 3.489934240082578576e+00 1.338523090296322060e+01 5.002139180686053344e+00 4.212607891391991544e+00
1.356103108759132780e+01 3.476008064569878098e+00 1.338135761898820952e+01 4.990396191214359511e+00 4.204187861134459858e+00
1.355576676774398592e+01 3.461473458727991837e+00 1.337653138145570964e+01 4.977927093836859385e+00 4.195123684792574359e+00
1.354984845405902405e+01 3.446458610744496553e+00 1.337097129742442014e+01 4.964893456771197755e+00 4.185552255964033463e+00
1.354342880721733167e+01 3.431068295592015538e+00 1.336484506050285681e+01 4.951422425226141399e+00 4.175582888748034627e+00
1.353662379423116668e+01 3.415387459828072014e+00 1.335828103529855504e+01 4.937613612987298062e+00 4.165302358260960958e+00
1.352952166984883675e+01 3.399484596445183637e+00 1.335137759248060796e+01 4.923544877527438857e+00 4.154779297083416090e+00
1.352218976123334748e+01 3.383414740088378725e+00 1.334421025543346140e+01 4.909277018472744558e+00 4.144067884234693189e+00
1.351467957527388464e+01 3.367222026645165123e+00 1.333683714191198710e+01 4.894857526546855020e+00 4.133210862572605393e+00
1.350703063773607049e+01 3.350941825776160066e+00 1.332930309535877278e+01 4.880323536766544734e+00 4.122241964969859396e+00
1.349927337923709914e+01 3.334602487062821030e+00 1.332164281781092363e+01 4.865704135485815485e+00 4.111187842779772339e+00
1.349143130703793680e+01 3.318226752830412796e+00 1.331388324596322725e+01 4.851022153344795917e+00 4.100069587071189403e+00
1.348352264240656773e+01 3.301832892056527413e+00 1.330604535519464093e+01 4.836295554584135736e+00 4.088903922848010630e+00
1.347556155778708309e+01 3.285435605593940878e+00 1.329814553145572553e+01 4.821538512171970048e+00 4.077704143921895508e+00
1.346755911429673169e+01 3.269046746453334595e+00 1.329019661693321197e+01 4.806762239672405457e+00 4.066480843788091271e+00
1.345952397412565205e+01 3.252675891914564410e+00 1.328220870902274520e+01 4.791975635357897723e+00 4.055242486895643594e+00
1.345146294359686578e+01 3.236330797659870750e+00 1.327418977248413867e+01 4.777185781614115889e+00 4.043995855436564035e+00
1.344338138846970310e+01 3.220017758340119496e+00 1.326614610982774245e+01 4.762398332849358873e+00 4.032746399159213624e+00
1.343528355257902263e+01 3.203741894105815557e+00 1.325808272384919917e+01 4.747617817439418353e+00 4.021498509759898532e+00
1.342717280311351580e+01 3.187507378618369192e+00 1.325000359789798843e+01 4.732847873342976186e+00 4.010255736512961633e+00
1.341905182003223551e+01 3.171317620812114324e+00 1.324191191321227556e+01 4.718091432389002193e+00 3.999020956108615188e+00
1.341092274290200237e+01 3.155175410081045850e+00 1.323381021798489598e+01 4.703350864821076449e+00 3.987796506748709113e+00
1.340278728491212412e+01 3.139083032517093308e+00 1.322570055931282518e+01 4.688628092985926976e+00 3.976584294290011812e+00
1.339464682189561096e+01 3.123042364198956200e+00 1.321758458638328193e+01 4.673924680989927083e+00 3.965385876484447181e+00
1.338650246191930826e+01 3.107054946220680680e+00 1.320946363155966985e+01 4.659241905602887535e+00 3.954202530014307992e+00
1.337835509990347482e+01 3.091122045232654436e+00 1.320133877419316271e+01 4.644580812489140342e+00 3.943035303977738604e+00
1.337020546060909609e+01 3.075244702397013086e+00 1.319321089101664413e+01 4.629942260925017372e+00 3.931885062708428524e+00
1.336205413257251706e+01 3.059423773082457831e+00 1.318508069605642241e+01 4.615326959458029066e+00 3.920752520086044690e+00
1.335390159497260854e+01 3.043659959141344018e+00 1.317694877232951889e+01 4.600735494419603278e+00 3.909638267175327364e+00
1.334574823896233120e+01 3.027953835221674606e+00 1.316881559708799720e+01 4.586168352780302548e+00 3.898542794505305054e+00
1.333759438465254199e+01 3.012305870275346020e+00 1.316068156197851202e+01 4.571625940543532884e+00 3.887466510093550820e+00
1.332944029467160618e+01 2.996716445185594768e+00 1.315254698918471199e+01 4.557108597535421524e+00 3.876409754061270529e+00
1.332128618501980810e+01 2.981185867251502586e+00 1.314441214438614836e+01 4.542616609377009951e+00 3.865372810516525259e+00
1.331313223378109711e+01 2.965714382120802295e+00 1.313627724718864975e+01 4.528150217178951387e+00 3.854355917240646079e+00
1.330497858813250822e+01 2.950302183643505938e+00 1.312814247954049307e+01 4.513709625409623172e+00 3.843359273603815573e+00
1.329682536999673736e+01 2.934949422044350165e+00 1.312000799253953076e+01 4.499295008301911203e+00 3.832383047049657598e+00
1.328867268062624873e+01 2.919656210683009956e+00 1.311187391195053387e+01 4.484906515078157518e+00 3.821427378420423793e+00
1.328052060429488890e+01 2.904422631696710777e+00 1.310374034270213883e+01 4.470544274224069525e+00 3.810492386340549320e+00
1.327236921131537173e+01 2.889248740701959584e+00 1.309560737252859575e+01 4.456208396990456677e+00 3.799578170833544100e+00
1.326421856049305426e+01 2.874134570725535465e+00 1.308747507495626294e+01 4.441898980269917807e+00 3.788684816313185433e+00
1.325606870112566860e+01 2.859080135498571984e+00 1.307934351174856680e+01 4.427616108964564035e+00 3.777812394062844081e+00
1.324791967464183706e+01 2.844085432222874132e+00 1.307121273490501601e+01 4.413359857938901065e+00 3.766960964295092307e+00
1.323977151594259105e+01 2.829150443900304346e+00 1.306308278830779557e+01 4.399130293634407884e+00 3.756130577866168441e+00
1.323162425450420621e+01 2.814275141297607696e+00 1.305495370907591557e+01 4.384927475406247943e+00 3.745321277705933039e+00
1.322347791528575911e+01 2.799459484607472515e+00 1.304682552868331769e+01 4.370751456633089838e+00 3.734533100017269458e+00
1.321533251947778709e+01 2.784703424855975218e+00 1.303869827388314739e+01 4.356602285639412209e+00 3.723766075273688969e+00
1.320718808512098263e+01 2.770006905097783356e+00 1.303057196747344371e+01 4.342480006464188413e+00 3.713020229061833710e+00
1.319904462761858177e+01 2.755369861432662493e+00 1.302244662893273919e+01 4.328384659502092724e+00 3.702295582789771444e+00
1.319090216016145867e+01 2.740792223872180688e+00 1.301432227494856164e+01 4.314316282039812656e+00 3.691592154282258953e+00
1.318276069408148032e+01 2.726273917080229481e+00 1.300619891985778054e+01 4.300274908705053356e+00 3.680909958284583006e+00
1.317462023914576008e+01 2.711814861006621058e+00 1.299807657601413879e+01 4.286260571843325984e+00 3.670249006888154586e+00
1.316648080380212527e+01 2.697414971430523334e+00 1.298995525409552165e+01 4.272273301834522030e+00 3.659609309891368678e+00
1.315834239538427752e+01 2.683074160427433963e+00 1.298183496336133658e+01 4.258313127359377503e+00 3.648990875105952991e+00
1.315020502028354166e+01 2.668792336771172113e+00 1.297371571186845962e+01 4.244380075624122561e+00 3.638393708617452482e+00
1.314206868409287488e+01 2.654569406280568256e+00 1.296559750665272404e+01 4.230474172550107603e+00 3.627817815007177149e+00
1.313393339172784380e+01 2.640405272119078717e+00 1.295748035388168695e+01 4.216595442934175431e+00 3.617263197541583875e+00
1.312579914752840615e+01 2.626299835054222598e+00 1.294936425898344901e+01 4.202743910584400666e+00 3.606729858334154493e+00
1.311766595534469637e+01 2.612252993682557811e+00 1.294124922675544553e+01 4.188919598435229652e+00 3.596217798483989370e+00
1.310953381860940503e+01 2.598264644625214892e+00 1.293313526145644232e+01 4.175122528645165865e+00 3.585727018194653226e+00
1.310140274039898856e+01 2.584334682698183894e+00 1.292502236688451056e+01 4.161352722679853677e+00 3.575257516876247710e+00
1.309327272348547488e+01 2.570463001060812935e+00 1.291691054644313219e+01 4.147610201382745387e+00 3.564809293233207832e+00
1.308514377038040699e+01 2.556649491345622582e+00 1.290879980319740739e+01 4.133894985035317937e+00 3.554382345339942351e+00
1.307701588337213572e+01 2.542894043771989132e+00 1.290069013992185276e+01 4.120207093408413179e+00 3.543976670706087795e+00
1.306888906455754906e+01 2.529196547245899929e+00 1.289258155914114568e+01 4.106546545806066817e+00 3.533592266332890031e+00
1.306076331586907990e+01 2.515556889447650324e+00 1.288447406316489463e+01 4.092913361102937131e+00 3.523229128761986129e+00
1.305263863909774180e+01 2.501974956909114756e+00 1.287636765411733286e+01 4.079307557776279403e+00 3.512887254117675440e+00
1.304451503591281281e+01 2.488450635081978835e+00 1.286826233396274333e+01 4.065729153933443918e+00 3.502566638143590261e+00
1.303639250787863624e+01 2.474983808398101282e+00 1.286015810452722796e+01 4.052178167335191539e+00 3.492267276234559237e+00
1.302827105646903405e+01 2.461574360323048438e+00 1.285205496751740029e+01 4.038654615415722127e+00 3.481989163464327408e+00
1.302015068307966317e+01 2.448222173403682866e+00 1.284395292453643478e+01 4.025158515299916751e+00 3.471732294609703562e+00
1.301203138903858658e+01 2.434927129310567206e+00 1.283585197709785497e+01 4.011689883818012170e+00 3.461496664171619386e+00
1.300391317561541449e+01 2.421689108875831220e+00 1.282775212663744213e+01 3.998248737518185880e+00 3.451282266393525422e+00
1.299579604402911670e+01 2.408507992127093544e+00 1.281965337452346887e+01 3.984835092677321722e+00 3.441089095277475085e+00
1.298767999545480301e+01 2.395383658317922215e+00 1.281155572206556315e+01 3.971448965310209633e+00 3.430917144598206292e+00
1.297956503102952297e+01 2.382315985955258064e+00 1.280345917052234128e+01 3.958090371177407363e+00 3.420766407915484475e+00
1.297145115185732145e+01 2.369304852824185570e+00 1.279536372110803377e+01 3.944759325791939997e+00 3.410636878584936138e+00
1.296333835901358356e+01 2.356350136010368690e+00 1.278726937499822824e+01 3.931455844424995849e+00 3.400528549767568798e+00
1.295522665354880054e+01 2.343451711920428338e+00 1.277917613333482372e+01 3.918179942110769698e+00 3.390441414438143841e+00
1.294711603649183296e+01 2.330609456300573257e+00 1.277108399723036491e+01 3.904931633650554179e+00 3.380375465392549295e+00
1.293900650885274217e+01 2.317823244253613968e+00 1.276299296777178860e+01 3.891710933616184143e+00 3.370330695254306619e+00
1.293089807162526128e+01 2.305092950254473472e+00 1.275490304602369207e+01 3.878517856352926785e+00 3.360307096480308342e+00
1.292279072578892496e+01 2.292418448164648570e+00 1.274681423303117533e+01 3.865352415981888168e+00 3.350304661365891334e+00
1.291468447231093997e+01 2.279799611245488578e+00 1.273872652982232445e+01 3.852214626401992970e+00 3.340323382049329215e+00
1.290657931214779452e+01 2.267236312170531676e+00 1.273063993741038580e+01 3.839104501291606741e+00 3.330363250515805618e+00
1.289847524624668829e+01 2.254728423036984619e+00 1.272255445679564900e+01 3.826022054109837089e+00 3.320424258600942924e+00
1.289037227554675979e+01 2.242275815376490566e+00 1.271447008896710251e+01 3.812967298097558633e+00 3.310506397993932648e+00
1.288227040098017540e+01 2.229878360165195250e+00 1.270638683490388843e+01 3.799940246278200817e+00 3.300609660240321208e+00
1.287416962347306360e+01 2.217535927833262477e+00 1.269830469557657437e+01 3.786940911458323011e+00 3.290734036744487501e+00
1.286606994394634995e+01 2.205248388273855831e+00 1.269022367194826550e+01 3.773969306228010190e+00 3.280879518771850467e+00
1.285797136331648538e+01 2.193015610851674069e+00 1.268214376497558504e+01 3.761025442961107856e+00 3.271046097450842627e+00
1.284987388249607854e+01 2.180837464411076621e+00 1.267406497560953760e+01 3.748109333815320188e+00 3.261233763774669114e+00
1.284177750239445359e+01 2.168713817283856482e+00 1.266598730479626411e+01 3.735220990732187829e+00 3.251442508602884640e+00
1.283368222391814761e+01 2.156644537296698694e+00 1.265791075347770978e+01 3.722360425436954223e+00 3.241672322662807471e+00
1.282558804797134044e+01 2.144629491778355490e+00 1.264983532259220844e+01 3.709527649438350227e+00 3.231923196550785526e+00
1.281749497545623129e+01 2.132668547566583861e+00 1.264176101307500666e+01 3.696722674028289912e+00 3.222195120733334583e+00
1.280940300727339043e+01 2.120761571014855740e+00 1.263368782585871841e+01 3.683945510281499303e+00 3.212488085548168559e+00
1.280131214432203990e+01 2.108908427998884338e+00 1.262561576187373902e+01 3.671196169055083836e+00 3.202802081205120555e+00
1.279322238750031993e+01 2.097108983922978620e+00 1.261754482204858441e+01 3.658474660988046967e+00 3.193137097786982626e+00
1.278513373770552519e+01 2.085363103726250333e+00 1.260947500731022863e+01 3.645780996500751048e+00 3.183493125250268729e+00
1.277704619583430556e+01 2.073670651888688266e+00 1.260140631858437921e+01 3.633115185794354662e+00 3.173870153425893736e+00
1.276895976278285083e+01 2.062031492437121916e+00 1.259333875679572223e+01 3.620477238850198898e+00 3.164268172019800929e+00
1.276087443944705235e+01 2.050445488951081696e+00 1.258527232286813913e+01 3.607867165429177181e+00 3.154687170613534430e+00
1.275279022672263629e+01 2.038912504568573869e+00 1.257720701772492511e+01 3.595284975071064704e+00 3.145127138664761901e+00
1.274470712550530394e+01 2.027432401991776878e+00 1.256914284228894019e+01 3.582730677093840743e+00 3.135588065507751043e+00
1.273662513669083829e+01 2.016005043492675064e+00 1.256107979748277614e+01 3.570204280592983892e+00 3.126069940353811027e+00
1.272854426117520354e+01 2.004630290918631985e+00 1.255301788422889686e+01 3.557705794440747749e+00 3.116572752291697057e+00
1.272046449985463568e+01 1.993308005697917995e+00 1.254495710344975556e+01 3.545235227285430835e+00 3.107096490287984292e+00
1.271238585362572238e+01 1.982038048845194744e+00 1.253689745606791384e+01 3.532792587550629637e+00 3.097641143187420454e+00
1.270430832338547589e+01 1.970820280966962157e+00 1.252883894300613399e+01 3.520377883434484101e+00 3.088206699713247794e+00
1.269623191003139695e+01 1.959654562266980315e+00 1.252078156518746788e+01 3.507991122908916015e+00 3.078793148467507734e+00
1.268815661446152632e+01 1.948540752551660926e+00 1.251272532353534395e+01 3.495632313718860296e+00 3.069400477931324644e+00
1.268008243757449449e+01 1.937478711235443907e+00 1.250467021897362052e+01 3.483301463381488716e+00 3.060028676465178510e+00
1.267200938026958035e+01 1.926468297346156211e+00 1.249661625242667462e+01 3.470998579185436750e+00 3.050677732309155843e+00
1.266393744344673777e+01 1.915509369530355333e+00 1.248856342481943216e+01 3.458723668190022416e+00 3.041347633583192600e+00
1.265586662800664008e+01 1.904601786058667257e+00 1.248051173707743544e+01 3.446476737224466902e+00 3.032038368287305996e+00
1.264779693485070844e+01 1.893745404831113976e+00 1.247246119012688936e+01 3.434257792887112970e+00 3.022749924301815660e+00
1.263972836488114915e+01 1.882940083382441232e+00 1.246441178489469515e+01 3.422066841544644245e+00 3.013482289387555024e+00
1.263166091900096966e+01 1.872185678887439142e+00 1.245636352230849120e+01 3.409903889331305393e+00 3.004235451186076489e+00
1.262359459811401230e+01 1.861482048166266168e+00 1.244831640329669042e+01 3.397768942148126303e+00 2.995009397219853486e+00
1.261552940312496851e+01 1.850829047689772411e+00 1.244027042878850331e+01 3.385662005662144480e+00 2.985804114892469663e+00
1.260746533493940547e+01 1.840226533584829127e+00 1.243222559971397168e+01 3.373583085305634111e+00 2.976619591488812500e+00
1.259940239446377852e+01 1.829674361639656910e+00 1.242418191700399355e+01 3.361532186275336453e+00 2.967455814175256723e+00
1.259134058260544720e+01 1.819172387309163197e+00 1.241613938159033559e+01 3.349509313531694676e+00 2.958312769999845937e+00
1.258327990027269472e+01 1.808720465720285775e+00 1.240809799440567218e+01 3.337514471798093130e+00 2.949190445892473367e+00
1.257522034837474223e+01 1.798318451677340946e+00 1.240005775638358543e+01 3.325547665560102395e+00 2.940088828665060383e+00
1.256716192782174879e+01 1.787966199667380129e+00 1.239201866845859179e+01 3.313608899064726110e+00 2.931007905011731030e+00
1.255910463952483980e+01 1.777663563865555574e+00 1.238398073156615631e+01 3.301698176319656675e+00 2.921947661508987437e+00
1.255104848439610166e+01 1.767410398140492500e+00 1.237594394664270858e+01 3.289815501092534511e+00 2.912908084615885684e+00
1.254299346334859955e+01 1.757206556059672131e+00 1.236790831462564633e+01 3.277960876910213539e+00 2.903889160674207659e+00
1.253493957729638808e+01 1.747051890894821824e+00 1.235987383645335846e+01 3.266134307058033759e+00 2.894890875908638250e+00
1.252688682715450952e+01 1.736946255627314750e+00 1.235184051306523045e+01 3.254335794579098273e+00 2.885913216426938099e+00
1.251883521383901332e+01 1.726889502953579791e+00 1.234380834540165495e+01 3.242565342273561413e+00 2.876956168220117682e+00
1.251078473826694903e+01 1.716881485290519649e+00 1.233577733440403890e+01 3.230822952697915085e+00 2.868019717162614945e+00
1.250273540135638406e+01 1.706922054780935616e+00 1.232774748101481777e+01 3.219108628164291996e+00 2.859103849012472942e+00
1.249468720402640365e+01 1.697011063298967670e+00 1.231971878617745197e+01 3.207422370739769768e+00 2.850208549411513470e+00
1.248664014719711801e+01 1.687148362455537010e+00 1.231169125083645177e+01 3.195764182245684371e+00 2.841333803885521370e+00
1.247859423178966587e+01 1.677333803603802576e+00 1.230366487593736480e+01 3.184134064256952001e+00 2.832479597844423935e+00
1.247054945872622156e+01 1.667567237844620909e+00 1.229563966242679030e+01 3.172532018101395845e+00 2.823645916582472992e+00
1.246250582892999681e+01 1.657848516032017328e+00 1.228761561125239510e+01 3.160958044859082605e+00 2.814832745278431858e+00
1.245446334332524252e+01 1.648177488778664213e+00 1.227959272336289764e+01 3.149412145361670134e+00 2.806040068995756531e+00
1.244642200283726297e+01 1.638554006461365953e+00 1.227157099970809284e+01 3.137894320191755959e+00 2.797267872682791978e+00
1.243838180839240515e+01 1.628977919226552551e+00 1.226355044123884319e+01 3.126404569682240453e+00 2.788516141172956875e+00
1.243034276091807300e+01 1.619449076995779002e+00 1.225553104890708944e+01 3.114942893915694899e+00 2.779784859184939005e+00
1.242230486134272560e+01 1.609967329471229336e+00 1.224751282366585770e+01 3.103509292723738433e+00 2.771074011322890662e+00
1.241426811059587898e+01 1.600532526141230427e+00 1.223949576646925586e+01 3.092103765686427419e+00 2.762383582076626709e+00
1.240623250960811674e+01 1.591144516285767807e+00 1.223147987827247718e+01 3.080726312131647049e+00 2.753713555821823977e+00
