7.886345745595044754e+00 7.904992768605138664e+00 7.945097386745962886e+00 7.917426519695776932e+00 0.000000000000000000e+00
7.970339356943635600e+00 8.007454975950448528e+00 8.082356096797415290e+00 8.030515493117786008e+00 0.000000000000000000e+00
8.052168618142285794e+00 8.107485915613445115e+00 8.212240398615735515e+00 8.139507601469171405e+00 0.000000000000000000e+00
8.132013578409189591e+00 8.205181155332569531e+00 8.335190556481144597e+00 8.244632826813228732e+00 0.000000000000000000e+00
8.210046772379278934e+00 8.300632671817568919e+00 8.451624073454590658e+00 8.346110907889316977e+00 0.000000000000000000e+00
8.286433431351337475e+00 8.393928980645057436e+00 8.561936867508979532e+00 8.444151777251162727e+00 0.000000000000000000e+00
8.361331685800532654e+00 8.485155261216759115e+00 8.666504384212222689e+00 8.538955979144336794e+00 0.000000000000000000e+00
8.434892759497198966e+00 8.574393476847857798e+00 8.765682650026290545e+00 8.630715070147923385e+00 0.000000000000000000e+00
8.507261155519215023e+00 8.661722490721144752e+00 8.859809269683918131e+00 8.719612002658220007e+00 0.000000000000000000e+00
8.578574834442965980e+00 8.747218177409411766e+00 8.949204370848905299e+00 8.805821492162239750e+00 0.000000000000000000e+00
8.648965384971036841e+00 8.830953530087944259e+00 9.034171499080732914e+00 8.889510368917271421e+00 0.000000000000000000e+00
8.718558187239628054e+00 8.912998763776776912e+00 9.114998465899182278e+00 8.970837914714786976e+00 0.000000000000000000e+00
8.787472569027768188e+00 8.993421414601920461e+00 9.191958152549460692e+00 9.049956185331179626e+00 0.000000000000000000e+00
8.855821955075345642e+00 9.072286435266283533e+00 9.265309271923701573e+00 9.127010319284616813e+00 0.000000000000000000e+00
8.923714009701816607e+00 9.149656286821469919e+00 9.335297090900443351e+00 9.202138833458414879e+00 0.000000000000000000e+00
8.991250772904084698e+00 9.225591026858142030e+00 9.402154115264089285e+00 9.275473906129022339e+00 0.000000000000000000e+00
9.058528790098318240e+00 9.300148394220126846e+00 9.466100739189188928e+00 9.347141647929563035e+00 0.000000000000000000e+00
9.125639235658590920e+00 9.373383890338798707e+00 9.527345861188553755e+00 9.417262361242391577e+00 0.000000000000000000e+00
9.192668030393866374e+00 9.445350857281360035e+00 9.586087468294238079e+00 9.485950788491578578e+00 0.000000000000000000e+00
9.259695953094105647e+00 9.516100552596997275e+00 9.642513190125503897e+00 9.553316349785069050e+00 0.000000000000000000e+00
9.326798746266058870e+00 9.585682221043693829e+00 9.696800824423295495e+00 9.619463370342774766e+00 0.000000000000000000e+00
9.394047216170861248e+00 9.654143163261764471e+00 9.749118835507491809e+00 9.684491298116348901e+00 0.000000000000000000e+00
9.461507327264458311e+00 9.721528801464707215e+00 9.799626827050502698e+00 9.748494911979866728e+00 0.000000000000000000e+00
9.529240291136433783e+00 9.787882742203155573e+00 9.848475990459336415e+00 9.811564520870751593e+00 0.000000000000000000e+00
9.597302650033165961e+00 9.853246836252402829e+00 9.895809530084790140e+00 9.873786154221749101e+00 0.000000000000000000e+00
9.665746355044950278e+00 9.917661235665663710e+00 9.941763066403765947e+00 9.935241744005637088e+00 0.000000000000000000e+00
9.734618839030197535e+00 9.981164448026481395e+00 9.986465018232058455e+00 9.996009298703116386e+00 0.000000000000000000e+00
9.803963084344069046e+00 1.004379338792420384e+01 1.003003696497120600e+01 1.005616306947650251e+01 0.000000000000000000e+00
9.873817685433955660e+00 1.010558342566635304e+01 1.007259398980127330e+01 1.011577370880939597e+01 0.000000000000000000e+00
9.944216906360415109e+00 1.016656843323023374e+01 1.011424500467401799e+01 1.017490842184715838e+01 0.000000000000000000e+00
1.001519073329896692e+01 1.022678082744371686e+01 1.015509305787932526e+01 1.023363111065801156e+01 0.000000000000000000e+00
1.008676492207593434e+01 1.028625161037356861e+01 1.019523562488086377e+01 1.029200251159824298e+01 0.000000000000000000e+00
1.015896104079213735e+01 1.034501040687727880e+01 1.023476488304443777e+01 1.035008032593274052e+01 0.000000000000000000e+00
1.023179650758857662e+01 1.040308549926615456e+01 1.027376797078246895e+01 1.040791934384218820e+01 0.000000000000000000e+00
1.030528462361190911e+01 1.046050385900043800e+01 1.031232723155731357e+01 1.046557156189921400e+01 0.000000000000000000e+00
1.037943460124306405e+01 1.051729117531979441e+01 1.035052044306581287e+01 1.052308629405244567e+01 0.000000000000000000e+00
1.045425158766086682e+01 1.057347188067763000e+01 1.038842103181288934e+01 1.058051027611170092e+01 0.000000000000000000e+00
1.052973668382424854e+01 1.062906917280188246e+01 1.042609827313742699e+01 1.063788776366413913e+01 0.000000000000000000e+00
1.060588695897331135e+01 1.068410503326152394e+01 1.046361747657716279e+01 1.069526062327767768e+01 0.000000000000000000e+00
1.068269546076906273e+01 1.073860024220800113e+01 1.050104015626760479e+01 1.075266841675290586e+01 0.000000000000000000e+00
1.076015122122012002e+01 1.079257438906935107e+01 1.053842418580673801e+01 1.081014847808901180e+01 0.000000000000000000e+00
1.083823925857698001e+01 1.084604587883014837e+01 1.057582393672644372e+01 1.086773598268270291e+01 0.000000000000000000e+00
1.091694057541882579e+01 1.089903193348905752e+01 1.061329039932466323e+01 1.092546400810594776e+01 0.000000000000000000e+00
1.099623215320873726e+01 1.095154858819242172e+01 1.065087128414848294e+01 1.098336358560953663e+01 0.000000000000000000e+00
1.107608694365863578e+01 1.100361068144792398e+01 1.068861110184024277e+01 1.104146374122089647e+01 0.000000000000000000e+00
1.115647385732483521e+01 1.105523183869702208e+01 1.072655121831736480e+01 1.109979152496778809e+01 0.000000000000000000e+00
1.123735774995159353e+01 1.110642444837959886e+01 1.076472988137240350e+01 1.115837202629406022e+01 0.000000000000000000e+00
1.131869940719704992e+01 1.115719962944810817e+01 1.080318221362774622e+01 1.121722837323471467e+01 0.000000000000000000e+00
1.140045552851721133e+01 1.120756718906594784e+01 1.084194016540862471e+01 1.127638171217314955e+01 0.000000000000000000e+00
1.148257871115380624e+01 1.125753556894670737e+01 1.088103241937752763e+01 1.133585116405547488e+01 0.000000000000000000e+00
1.156501743537386240e+01 1.130711177852832527e+01 1.092048423662905776e+01 1.139565375180721496e+01 0.000000000000000000e+00
1.164781103893607117e+01 1.135646898675564920e+01 1.096059868395045811e+01 1.145595895023478938e+01 0.000000000000000000e+00
1.173135715523674172e+01 1.140642953928182024e+01 1.100276636052919699e+01 1.151753558725260618e+01 0.000000000000000000e+00
1.181609654554301692e+01 1.145792870721361112e+01 1.104856230523006921e+01 1.158125889604144199e+01 0.000000000000000000e+00
1.190241465235239104e+01 1.151184484318988943e+01 1.109945798728875133e+01 1.164795288035775833e+01 0.000000000000000000e+00
1.199064254808516949e+01 1.156900130753713363e+01 1.115682159742193313e+01 1.171839109661218714e+01 0.000000000000000000e+00
1.208105788867460539e+01 1.163016749869045974e+01 1.122191643493228241e+01 1.179329677834063794e+01 0.000000000000000000e+00
1.217388589758205697e+01 1.169605909142999067e+01 1.129589725921740317e+01 1.187334218998202395e+01 0.000000000000000000e+00
1.226930040665152077e+01 1.176733750585873395e+01 1.137980435709756755e+01 1.195914705681863133e+01 0.000000000000000000e+00
1.236742498192779927e+01 1.184460857166165049e+01 1.147455502488979917e+01 1.205127587456240512e+01 0.000000000000000000e+00
1.246833416479555545e+01 1.192842030313426704e+01 1.158093217071485093e+01 1.215023385834626879e+01 0.000000000000000000e+00
1.257205486131489458e+01 1.201925965433933818e+01 1.169956982607594576e+01 1.225646125360141703e+01 0.000000000000000000e+00
1.267856791512114611e+01 1.211754807765044184e+01 1.183093554868263197e+01 1.237032571309765849e+01 0.000000000000000000e+00
1.278780990136295159e+01 1.222363566319809358e+01 1.197531003935834271e+01 1.249211246606532910e+01 0.000000000000000000e+00
1.289967518037969185e+01 1.233779359588441338e+01 1.213276481829740838e+01 1.262201209755536979e+01 0.000000000000000000e+00
1.301401824959163989e+01 1.246020464205663281e+01 1.230313951790708060e+01 1.276010595937372649e+01 0.000000000000000000e+00
1.313065642966303237e+01 1.259095139240163519e+01 1.248602120323826981e+01 1.290634959223904410e+01 0.000000000000000000e+00
1.324937291558114971e+01 1.273000208188458515e+01 1.268072898956878980e+01 1.306055508521265551e+01 0.000000000000000000e+00
1.336992021403382047e+01 1.287719404771751108e+01 1.288630784499388326e+01 1.322237402536253903e+01 0.000000000000000000e+00
1.349202397463136371e+01 1.303221536701152061e+01 1.310153551518629378e+01 1.339128351138737827e+01 0.000000000000000000e+00
1.361538720369662947e+01 1.319458604553393322e+01 1.332494567119916340e+01 1.356657841520493690e+01 0.000000000000000000e+00
1.373969482567856382e+01 1.336364137416124720e+01 1.355486851739970255e+01 1.374737335410664407e+01 0.000000000000000000e+00
1.386461852975777020e+01 1.353852162731910092e+01 1.378948740510142734e+01 1.393261732303972877e+01 0.000000000000000000e+00
1.398982180996003066e+01 1.371817368683345073e+01 1.402690707530901726e+01 1.412112240879554292e+01 0.000000000000000000e+00
1.411496507921031807e+01 1.390137049129236502e+01 1.426522684129855811e+01 1.431160559299441815e+01 0.000000000000000000e+00
1.423971071520379716e+01 1.408675224393067360e+01 1.450261106382633258e+01 1.450273993212709733e+01 0.000000000000000000e+00
1.436372788285635060e+01 1.427288847430223484e+01 1.473734996962141430e+01 1.469320926710952335e+01 0.000000000000000000e+00
1.448669697781866716e+01 1.445835347722269937e+01 1.496790593480008269e+01 1.488175984906015437e+01 0.000000000000000000e+00
1.460831354978710195e+01 1.464180236627593423e+01 1.519294308951110395e+01 1.506724314113570884e+01 0.000000000000000000e+00
1.472829159243236141e+01 1.482203411454875841e+01 1.541134070382833343e+01 1.524864617948124668e+01 0.000000000000000000e+00
1.484636612550304058e+01 1.499803222366885613e+01 1.562219271888016259e+01 1.542510844268861447e+01 0.000000000000000000e+00
1.496229503895893309e+01 1.516898064584091266e+01 1.582479678029571879e+01 1.559592638991268032e+01 0.000000000000000000e+00
1.507586021296223500e+01 1.533425872945277391e+01 1.601863630844787068e+01 1.576054821621362834e+01 0.000000000000000000e+00
1.518686796591387989e+01 1.549342210060579816e+01 1.620335875818313909e+01 1.591856187534240163e+01 0.000000000000000000e+00
1.529514674241281114e+01 1.564617574270157618e+01 1.637875097162569915e+01 1.606967783051798548e+01 0.000000000000000000e+00
1.540054133741892706e+01 1.579234501288472003e+01 1.654471355117798126e+01 1.621370904774462929e+01 0.000000000000000000e+00
1.550292036176897881e+01 1.593185328746237239e+01 1.670124670537687095e+01 1.635055991812683374e+01 0.000000000000000000e+00
1.560217666793833402e+01 1.606469942890180036e+01 1.684843183082322682e+01 1.648021050157255019e+01 0.000000000000000000e+00
1.569822517898837333e+01 1.619093857195048258e+01 1.698641394600361920e+01 1.660270112464932524e+01 0.000000000000000000e+00
1.579100074341512716e+01 1.631066698660489322e+01 1.711538694249954773e+01 1.671811930049607042e+01 0.000000000000000000e+00
1.588045606200513227e+01 1.642401038397286683e+01 1.723558136776314598e+01 1.682658882628664188e+01 0.000000000000000000e+00
1.596655972005727975e+01 1.653111500556271807e+01 1.734725441850788386e+01 1.692826082677713018e+01 0.000000000000000000e+00
1.604929434685676881e+01 1.663214089997170930e+01 1.745068182426083325e+01 1.702330648128144119e+01 0.000000000000000000e+00
1.612865491484916092e+01 1.672725688694069390e+01 1.754615132178159342e+01 1.711191117347638624e+01 0.000000000000000000e+00
1.620464718335880505e+01 1.681663680733354838e+01 1.763395745244192270e+01 1.719426982369555290e+01 0.000000000000000000e+00
1.627728628658054433e+01 1.690045674548013110e+01 1.771439744950640360e+01 1.727058319184075330e+01 0.000000000000000000e+00
1.634659546084104420e+01 1.697889298328700747e+01 1.778776801673786778e+01 1.734105496966200732e+01 0.000000000000000000e+00
1.641260490411322337e+01 1.705212050354050390e+01 1.785436283160248294e+01 1.740588951055008948e+01 0.000000000000000000e+00
1.647535075882332478e+01 1.712031190482361964e+01 1.791447063464996603e+01 1.746529007148069113e+01 0.000000000000000000e+00
1.653487420824293608e+01 1.718363662478374465e+01 1.796837379106815291e+01 1.751945746471714926e+01 0.000000000000000000e+00
1.659122067647950871e+01 1.724226039435232494e+01 1.801634723112984204e+01 1.756858903628503654e+01 0.000000000000000000e+00
1.664443912222637678e+01 1.729634486506117952e+01 1.805865769354390338e+01 1.761287790429888389e+01 0.000000000000000000e+00
1.669458141684113173e+01 1.734604736594915408e+01 1.809556321005306501e+01 1.765251240346626105e+01 0.000000000000000000e+00
1.674170179789400947e+01 1.739152075755550086e+01 1.812731278135024482e+01 1.768767569276667473e+01 0.000000000000000000e+00
1.678585638998933049e+01 1.743291335849409407e+01 1.815414620401785584e+01 1.771854549189329475e+01 0.000000000000000000e+00
1.682710278536122672e+01 1.747036892618189086e+01 1.817629401603693395e+01 1.774529391908742326e+01 0.000000000000000000e+00
1.686549967745303036e+01 1.750402667780780774e+01 1.819397753461144873e+01 1.776808740845780221e+01 0.000000000000000000e+00
1.690110654136375956e+01 1.753402134101891718e+01 1.820740896536562303e+01 1.778708668936421233e+01 0.000000000000000000e+00
1.693398335568947743e+01 1.756048322635154335e+01 1.821679156597585347e+01 1.780244681396522566e+01 0.000000000000000000e+00
1.696419036087284127e+01 1.758353831533825939e+01 1.822231985071779192e+01 1.781431722186274413e+01 0.000000000000000000e+00
1.699178784973810252e+01 1.760330835971631558e+01 1.822417982508246581e+01 1.782284183302648728e+01 0.000000000000000000e+00
1.701683598635637296e+01 1.761991098820218582e+01 1.822254924180143476e+01 1.782815916197688821e+01 0.000000000000000000e+00
1.703939464985386465e+01 1.763345981818022068e+01 1.821759787137925102e+01 1.783040244764441695e+01 0.000000000000000000e+00
1.705952330015744067e+01 1.764406457026964858e+01 1.820948778164729021e+01 1.782969979444215980e+01 0.000000000000000000e+00
1.707728086303439596e+01 1.765183118422660158e+01 1.819837362199772102e+01 1.782617432107553412e+01 0.000000000000000000e+00
1.709272563209292528e+01 1.765686193501002421e+01 1.818440290887588873e+01 1.781994431423545322e+01 0.000000000000000000e+00
1.710591518569074410e+01 1.765925554812754683e+01 1.816771630986858099e+01 1.781112338499750436e+01 0.000000000000000000e+00
1.711690631694069609e+01 1.765910731359761954e+01 1.814844792429474651e+01 1.779982062618832117e+01 0.000000000000000000e+00
1.712575497522172085e+01 1.765650919803493935e+01 1.812672555871715474e+01 1.778614076934472266e+01 0.000000000000000000e+00
1.713251621779210154e+01 1.765154995449170983e+01 1.810267099616973852e+01 1.777018434021031723e+01 0.000000000000000000e+00
1.713724417027068014e+01 1.764431522982794576e+01 1.807640025821871532e+01 1.775204781194796766e+01 0.000000000000000000e+00
1.713999199489716929e+01 1.763488766937397756e+01 1.804802385921028574e+01 1.773182375544353562e+01 0.000000000000000000e+00
1.714081186561362458e+01 1.762334701879738574e+01 1.801764705227379793e+01 1.770960098623121581e+01 0.000000000000000000e+00
1.713975494912630282e+01 1.760977022312394524e+01 1.798537006680513173e+01 1.768546470769657830e+01 0.000000000000000000e+00
1.713687139118666281e+01 1.759423152283774883e+01 1.795128833728428219e+01 1.765949665031272175e+01 0.000000000000000000e+00
1.713221030745315332e+01 1.757680254707453926e+01 1.791549272338246723e+01 1.763177520674610221e+01 0.000000000000000000e+00
1.712581977836995861e+01 1.755755240391663818e+01 1.787806972139626183e+01 1.760237556272174686e+01 0.000000000000000000e+00
1.711774684749565978e+01 1.753654776782306257e+01 1.783910166710428769e+01 1.757136982363818234e+01 0.000000000000000000e+00
1.710803752288300572e+01 1.751385296423527649e+01 1.779866693019717161e+01 1.753882713689379713e+01 0.000000000000000000e+00
1.709673678108720196e+01 1.748953005141667916e+01 1.775684010046343175e+01 1.750481380987553237e+01 0.000000000000000000e+00
1.708388857345875778e+01 1.746363889957837401e+01 1.771369216594355223e+01 1.746939342383302218e+01 0.000000000000000000e+00
1.706953583440332878e+01 1.743623726736069557e+01 1.766929068328447627e+01 1.743262694354797304e+01 0.000000000000000000e+00
1.705372049133569590e+01 1.740738087573733850e+01 1.762369994054080635e+01 1.739457282295319729e+01 0.000000000000000000e+00
1.703648347608683977e+01 1.737712347941115354e+01 1.757698111267844610e+01 1.735528710678368114e+01 0.000000000000000000e+00
1.701786473754467366e+01 1.734551693577623155e+01 1.752919241004098794e+01 1.731482352835250538e+01 0.000000000000000000e+00
1.699790325534272029e+01 1.731261127151416090e+01 1.748038922004125695e+01 1.727323360357048188e+01 0.000000000000000000e+00
1.697663705442429816e+01 1.727845474689814509e+01 1.743062424234154406e+01 1.723056672131924927e+01 0.000000000000000000e+00
1.695410322033740513e+01 1.724309391787696200e+01 1.737994761778153574e+01 1.718687023028528316e+01 0.000000000000000000e+00
1.693033791512562303e+01 1.720657369600776931e+01 1.732840705131020442e+01 1.714218952237682814e+01 0.000000000000000000e+00
1.690537639370182532e+01 1.716893740630916909e+01 1.727604792917259147e+01 1.709656811283861444e+01 0.000000000000000000e+00
1.687925302059990429e+01 1.713022684310065458e+01 1.722291343059611890e+01 1.705004771717607781e+01 0.000000000000000000e+00
1.685200128701604783e+01 1.709048232389471167e+01 1.716904463421555604e+01 1.700266832500469150e+01 0.000000000000000000e+00
1.682365382805843268e+01 1.704974274140807822e+01 1.711448061946551746e+01 1.695446827093489617e+01 0.000000000000000000e+00
1.679424244013624801e+01 1.700804561375404589e+01 1.705925856316615707e+01 1.690548430260216506e+01 0.000000000000000000e+00
1.676379809842558188e+01 1.696542713287845316e+01 1.700341383151661745e+01 1.685575164594901665e+01 0.000000000000000000e+00
1.673235097435847507e+01 1.692192221129885255e+01 1.694698006770426701e+01 1.680530406786287401e+01 0.000000000000000000e+00
1.669993045308682511e+01 1.687756452720322997e+01 1.688998927531921623e+01 1.675417393627069984e+01 0.000000000000000000e+00
1.666656515088106261e+01 1.683238656796688559e+01 1.683247189780019681e+01 1.670239227779036284e+01 0.000000000000000000e+00
1.663228293242948652e+01 1.678641967214056763e+01 1.677445689409823615e+01 1.664998883303059429e+01 0.000000000000000000e+00
1.659711092799629739e+01 1.673969406996327436e+01 1.671597181059295067e+01 1.659699210963448124e+01 0.000000000000000000e+00
1.656107555042365576e+01 1.669223892245153351e+01 1.665704284967035065e+01 1.654342943315456793e+01 0.000000000000000000e+00
1.652420251195026424e+01 1.664408235911214362e+01 1.659769493496185788e+01 1.648932699584547734e+01 0.000000000000000000e+00
1.648651684082062729e+01 1.659525151432893253e+01 1.653795177342480471e+01 1.643470990345704763e+01 0.000000000000000000e+00
1.644804289767304795e+01 1.654577256246831851e+01 1.647783591444689222e+01 1.637960222010804401e+01 0.000000000000000000e+00
1.640880439169426808e+01 1.649567075174869402e+01 1.641736880608686988e+01 1.632402701131746525e+01 0.000000000000000000e+00
1.636882439651978061e+01 1.644497043691803029e+01 1.635657084860208599e+01 1.626800638526765397e+01 0.000000000000000000e+00
1.632812536587737284e+01 1.639369511077861929e+01 1.629546144538733188e+01 1.621156153237058106e+01 0.000000000000000000e+00
1.628672914896291957e+01 1.634186743460202962e+01 1.623405905144776895e+01 1.615471276320611693e+01 0.000000000000000000e+00
1.624465700553837166e+01 1.628950926747189598e+01 1.617238121952496144e+01 1.609747954489825617e+01 0.000000000000000000e+00
1.620192962075365273e+01 1.623664169459212303e+01 1.611044464398963427e+01 1.603988053599286090e+01 0.000000000000000000e+00
1.615856711968292103e+01 1.618328505459842503e+01 1.604826520260860789e+01 1.598193361989783057e+01 0.000000000000000000e+00
1.611458908157249326e+01 1.612945896590521855e+01 1.598585799627922199e+01 1.592365593694478321e+01 0.000000000000000000e+00
1.607001455380385835e+01 1.607518235212445390e+01 1.592323738684246770e+01 1.586506391512821601e+01 0.000000000000000000e+00
1.602486206556479331e+01 1.602047346658781990e+01 1.586041703306089268e+01 1.580617329957584971e+01 0.000000000000000000e+00
1.597914964123063974e+01 1.596534991600365849e+01 1.579740992484595097e+01 1.574699918080302119e+01 0.000000000000000000e+00
1.593289481345999548e+01 1.590982868328082667e+01 1.573422841582605081e+01 1.568755602180038444e+01 0.000000000000000000e+00
1.588611463599964679e+01 1.585392614954581703e+01 1.567088425433158427e+01 1.562785768400293662e+01 0.000000000000000000e+00
1.583882569620458192e+01 1.579765811538408116e+01 1.560738861287427603e+01 1.556791745218631995e+01 0.000000000000000000e+00
1.579104412727721396e+01 1.574103982133180146e+01 1.554375211619372088e+01 1.550774805833449221e+01 0.000000000000000000e+00
1.574278562022221450e+01 1.568408596764444063e+01 1.547998486794026540e+01 1.544736170452103785e+01 0.000000000000000000e+00
1.569406543552543809e+01 1.562681073336865012e+01 1.541609647606043332e+01 1.538677008484474484e+01 0.000000000000000000e+00
1.564489841456067865e+01 1.556922779474034080e+01 1.535209607694764600e+01 1.532598440645838700e+01 0.000000000000000000e+00
1.559529899072186154e+01 1.551135034293394455e+01 1.528799235841807480e+01 1.526501540972804882e+01 0.000000000000000000e+00
1.554528120029098126e+01 1.545319110118537154e+01 1.522379358156836204e+01 1.520387338755883277e+01 0.000000000000000000e+00
1.549485869304491104e+01 1.539476234131053189e+01 1.515950760157094912e+01 1.514256820392135339e+01 0.000000000000000000e+00
1.544404474259979132e+01 1.533607589964148232e+01 1.509514188745525587e+01 1.508110931161176538e+01 0.000000000000000000e+00
1.539285225650428757e+01 1.527714319239972873e+01 1.503070354092745653e+01 1.501950576927771941e+01 0.000000000000000000e+00
1.534129378608439254e+01 1.521797523052704548e+01 1.496619931427374972e+01 1.495776625773918589e+01 0.000000000000000000e+00
1.528938153603918515e+01 1.515858263399304029e+01 1.490163562739193814e+01 1.489589909563451542e+01 0.000000000000000000e+00
1.523712737379946880e+01 1.509897564559758365e+01 1.483701858399369833e+01 1.483391225441900652e+01 0.000000000000000000e+00
1.518454283865141896e+01 1.503916414428646675e+01 1.477235398701785840e+01 1.477181337274284445e+01 0.000000000000000000e+00
1.513163915062525788e+01 1.497915765799693411e+01 1.470764735329302830e+01 1.470960977023404226e+01 0.000000000000000000e+00
1.507842721916129491e+01 1.491896537604970696e+01 1.464290392748608127e+01 1.464730846071098469e+01 0.000000000000000000e+00
1.502491765155427217e+01 1.485859616110382753e+01 1.457812869537120193e+01 1.458491616484812070e+01 0.000000000000000000e+00
1.497112076117768709e+01 1.479805856068946923e+01 1.451332639645241862e+01 1.452243932231744949e+01 0.000000000000000000e+00
1.491704657549955115e+01 1.473736081833384226e+01 1.444850153597196396e+01 1.445988410342139829e+01 0.000000000000000000e+00
1.486270484388952795e+01 1.467651088429420803e+01 1.438365839633231147e+01 1.439725642025437580e+01 0.000000000000000000e+00
1.480810504522147575e+01 1.461551642591236977e+01 1.431880104796267261e+01 1.433456193742542872e+01 0.000000000000000000e+00
1.475325639528055888e+01 1.455438483760338819e+01 1.425393335965575048e+01 1.427180608226880665e+01 0.000000000000000000e+00
1.469816785397509484e+01 1.449312325049187500e+01 1.418905900840083234e+01 1.420899405468042787e+01 0.000000000000000000e+00
1.464284813235845029e+01 1.443173854170813364e+01 1.412418148873768686e+01 1.414613083655385317e+01 0.000000000000000000e+00
1.458730569946841094e+01 1.437023734335640057e+01 1.405930412165465349e+01 1.408322120080218554e+01 0.000000000000000000e+00
1.453154878898426361e+01 1.430862605116616848e+01 1.399443006305308934e+01 1.402026972002209426e+01 0.000000000000000000e+00
1.447558540570786434e+01 1.424691083283838822e+01 1.392956231179928395e+01 1.395728077478412743e+01 0.000000000000000000e+00
1.441942333187463277e+01 1.418509763609700158e+01 1.386470371738393759e+01 1.389425856159182793e+01 0.000000000000000000e+00
1.436307013329477300e+01 1.412319219645624635e+01 1.379985698720829390e+01 1.383120710051234425e+01 0.000000000000000000e+00
1.430653316533165231e+01 1.406120004471407903e+01 1.373502469351544875e+01 1.376813024247612383e+01 0.000000000000000000e+00
1.424981957872200589e+01 1.399912651418068776e+01 1.367020927998318669e+01 1.370503167629400210e+01 0.000000000000000000e+00
1.419293632523835491e+01 1.393697674765207495e+01 1.360541306799597550e+01 1.364191493537066968e+01 0.000000000000000000e+00
1.413589016320094771e+01 1.387475570413754156e+01 1.354063826261106307e+01 1.357878340413974350e+01 0.000000000000000000e+00
1.407868766284280149e+01 1.381246816534958022e+01 1.347588695823006333e+01 1.351564032424372996e+01 0.000000000000000000e+00
1.402133521152842377e+01 1.375011874196484740e+01 1.341116114399767412e+01 1.345248880044647954e+01 0.000000000000000000e+00
1.396383901883353218e+01 1.368771187966396319e+01 1.334646270895766662e+01 1.338933180630524156e+01 0.000000000000000000e+00
1.390620512148861287e+01 1.362525186495752827e+01 1.328179344692030561e+01 1.332617218961000916e+01 0.000000000000000000e+00
1.384843938818694475e+01 1.356274283080531973e+01 1.321715506109721439e+01 1.326301267758907620e+01 0.000000000000000000e+00
1.379054752426435648e+01 1.350018876204591933e+01 1.315254916853251288e+01 1.319985588191343773e+01 0.000000000000000000e+00
1.373253507625289771e+01 1.343759350062778246e+01 1.308797730431893136e+01 1.313670430348062013e+01 0.000000000000000000e+00
1.367440743630912969e+01 1.337496075064763978e+01 1.302344092558738353e+01 1.307356033700437870e+01 0.000000000000000000e+00
1.361616984651934814e+01 1.331229408321663854e+01 1.295894141530984278e+01 1.301042627542067898e+01 0.000000000000000000e+00
1.355782740309866874e+01 1.324959694116711439e+01 1.289448008592174588e+01 1.294730431410063431e+01 0.000000000000000000e+00
1.349938506047877240e+01 1.318687264358029765e+01 1.283005818276831889e+01 1.288419655489682647e+01 0.000000000000000000e+00
1.344084763526473658e+01 1.312412439015531440e+01 1.276567688737567963e+01 1.282110501002058456e+01 0.000000000000000000e+00
1.338221981008793549e+01 1.306135526542745673e+01 1.270133732056445730e+01 1.275803160575330786e+01 0.000000000000000000e+00
1.332350613736680778e+01 1.299856824283495271e+01 1.263704054541684485e+01 1.269497818601401207e+01 0.000000000000000000e+00
1.326471104296496684e+01 1.293576618864356220e+01 1.257278757009660097e+01 1.263194651576973193e+01 0.000000000000000000e+00
1.320583882974299783e+01 1.287295186573219397e+01 1.250857935052852632e+01 1.256893828430833615e+01 0.000000000000000000e+00
1.314689368101209332e+01 1.281012793724490884e+01 1.244441679294660119e+01 1.250595510837909963e+01 0.000000000000000000e+00
1.308787966389603952e+01 1.274729697011413698e+01 1.238030075632543081e+01 1.244299853519614452e+01 0.000000000000000000e+00
1.302880073260222993e+01 1.268446143845984864e+01 1.231623205468569004e+01 1.238007004532397914e+01 0.000000000000000000e+00
1.296966073160542443e+01 1.262162372686717582e+01 1.225221145928958322e+01 1.231717105544076496e+01 0.000000000000000000e+00
1.291046339873924076e+01 1.255878613355067586e+01 1.218823970072935658e+01 1.225430292098485729e+01 0.000000000000000000e+00
1.285121236820631019e+01 1.249595087340541255e+01 1.212431747091593515e+01 1.219146693869797282e+01 0.000000000000000000e+00
1.279191117350599427e+01 1.243312008095076493e+01 1.206044542496699634e+01 1.212866434905641100e+01 0.000000000000000000e+00
1.273256325028211045e+01 1.237029581317020188e+01 1.199662418300383671e+01 1.206589633860478372e+01 0.000000000000000000e+00
1.267317193909259743e+01 1.230748005225090402e+01 1.193285433186354894e+01 1.200316404219457489e+01 0.000000000000000000e+00
1.261374048810347048e+01 1.224467470822664339e+01 1.186913642672490887e+01 1.194046854512533606e+01 0.000000000000000000e+00
1.255427205570921245e+01 1.218188162152746834e+01 1.180547099265527677e+01 1.187781088520245021e+01 0.000000000000000000e+00
1.249476971308134665e+01 1.211910256543929165e+01 1.174185852608153269e+01 1.181519205470637779e+01 0.000000000000000000e+00
1.243523644664761107e+01 1.205633924847670890e+01 1.167829949619289565e+01 1.175261300227997907e+01 0.000000000000000000e+00
1.237567516050453342e+01 1.199359331667211848e+01 1.161479434627081631e+01 1.169007463474136799e+01 0.000000000000000000e+00
1.231608867876147784e+01 1.193086635578395160e+01 1.155134349495594215e+01 1.162757781881713370e+01 0.000000000000000000e+00
1.225647974782211058e+01 1.186815989342703404e+01 1.148794733745328678e+01 1.156512338280643704e+01 0.000000000000000000e+00
1.219685103860502018e+01 1.180547540112773675e+01 1.142460624667979907e+01 1.150271211817661943e+01 0.000000000000000000e+00
1.213720514870155753e+01 1.174281429630658380e+01 1.136132057435372822e+01 1.144034478108968678e+01 0.000000000000000000e+00
1.207754460447513445e+01 1.168017794419090727e+01 1.129809065203150631e+01 1.137802209386982888e+01 0.000000000000000000e+00
1.201787186310376576e+01 1.161756765965997751e+01 1.123491679209566207e+01 1.131574474640673067e+01 0.000000000000000000e+00
1.195818931456716072e+01 1.155498470902501751e+01 1.117179928869312100e+01 1.125351339750156043e+01 0.000000000000000000e+00
