1.839844737425555010e+01
0.000000000000000000e+00
1.545509166813423541e+00
0.000000000000000000e+00
3.991278348826472033e+00
0.000000000000000000e+00
1.449036802125919454e+00
0.000000000000000000e+00
1.068588224209462112e+01
0.000000000000000000e+00
1.378519003042805391e+00
0.000000000000000000e+00
5.714212242239404826e-01
0.000000000000000000e+00
8.638613404884594171e-01
0.000000000000000000e+00
8.000000000000000167e-03
0.000000000000000000e+00
3.204325706279906316e-02
0.000000000000000000e+00
4.773446690220662508e-03
0.000000000000000000e+00
1.000000000000000021e-02
0.000000000000000000e+00
2.636568339113100068e-01
0.000000000000000000e+00
5.440574404992996271e+00
0.000000000000000000e+00
5.672215479300223961e+00
0.000000000000000000e+00
3.707857726268769943e-02
0.000000000000000000e+00
2.904699147833735395e+00
0.000000000000000000e+00
1.000000000000000021e-02
0.000000000000000000e+00
4.450756949322903222e-01
0.000000000000000000e+00
8.998160742789375333e-02
0.000000000000000000e+00
