2.028061364481872353e+00 2.001621551463835136e+00 2.005001051841782456e+00 2.011367663117019422e+00 0.000000000000000000e+00
2.056350716449997229e+00 2.003440803948002724e+00 2.010127438551835510e+00 2.022929234684747613e+00 0.000000000000000000e+00
2.084840006328590345e+00 2.005444740055072117e+00 2.015372682396130877e+00 2.034685356739549089e+00 0.000000000000000000e+00
2.113503215036455440e+00 2.007621254045296233e+00 2.020730845802994224e+00 2.046637179122410277e+00 0.000000000000000000e+00
2.142316258167732634e+00 2.009959100175799040e+00 2.026196474888061427e+00 2.058786359415002210e+00 0.000000000000000000e+00
2.171256902063900096e+00 2.012447859166148323e+00 2.031764616348215036e+00 2.071135057944518909e+00 0.000000000000000000e+00
2.200304687170324236e+00 2.015077902335078441e+00 2.037430794795899835e+00 2.083685939736046322e+00 0.000000000000000000e+00
2.229440855139271704e+00 2.017840357606449420e+00 2.043190986542386955e+00 2.096442177459659550e+00 0.000000000000000000e+00
2.258648279842186746e+00 2.020727078112954267e+00 2.049041611394511353e+00 2.109407453756796169e+00 0.000000000000000000e+00
2.287911403977819891e+00 2.023730611829456905e+00 2.054979523992726431e+00 2.122585964376461742e+00 0.000000000000000000e+00
2.317216179810796195e+00 2.026844170134859624e+00 2.061002002260341914e+00 2.135982422871062880e+00 0.000000000000000000e+00
2.346550013596904183e+00 2.030061601574642882e+00 2.067106737275643980e+00 2.149602070347511606e+00 0.000000000000000000e+00
2.375901714302879775e+00 2.033377366826442323e+00 2.073291825330073834e+00 2.163450682802537273e+00 0.000000000000000000e+00
2.405261446467065412e+00 2.036786513759756723e+00 2.079555761730749186e+00 2.177534579160780304e+00 0.000000000000000000e+00
2.434620686798866007e+00 2.040284654599025416e+00 2.085897435803159450e+00 2.191860631508594892e+00 0.000000000000000000e+00
2.463972184176017155e+00 2.043867945007495912e+00 2.092316127116052638e+00 2.206436278167667631e+00 0.000000000000000000e+00
2.493309922741930418e+00 2.047533064220132371e+00 2.098811503027997460e+00 2.221269537233215630e+00 0.000000000000000000e+00
2.522629089612654418e+00 2.051277198738232777e+00 2.105383618312704819e+00 2.236369020804610308e+00 0.000000000000000000e+00
2.551926046099531220e+00 2.055098026021390023e+00 2.112032916340108812e+00 2.251743950696436070e+00 0.000000000000000000e+00
2.581198302032552405e+00 2.058993700152781603e+00 2.118760230499464381e+00 2.267404176020658912e+00 0.000000000000000000e+00
2.610444492862105559e+00 2.062962839439672624e+00 2.125566789349824681e+00 2.283360191766215408e+00 0.000000000000000000e+00
2.639664360767111972e+00 2.067004515748172011e+00 2.132454223581448538e+00 2.299623157866256040e+00 0.000000000000000000e+00
2.668858739070228303e+00 2.071118245614682607e+00 2.139424574608137064e+00 2.316204917822912268e+00 0.000000000000000000e+00
2.698029540320499908e+00 2.075303983938343588e+00 2.146480306097892754e+00 2.333118024427747184e+00 0.000000000000000000e+00
2.727179747802622956e+00 2.079562118959072947e+00 2.153624316851212139e+00 2.350375754107662196e+00 0.000000000000000000e+00
2.756313410586359147e+00 2.083893469377230634e+00 2.160859957337728510e+00 2.367992138916975353e+00 0.000000000000000000e+00
2.785435642285954305e+00 2.088299283966998487e+00 2.168191049738422471e+00 2.385981981531449136e+00 0.000000000000000000e+00
2.814552623495280237e+00 2.092781243057311169e+00 2.175621910360914679e+00 2.404360882089295437e+00 0.000000000000000000e+00
2.843671608589071198e+00 2.097341462794875877e+00 2.183157376355168822e+00 2.423145257393866991e+00 0.000000000000000000e+00
2.872800936424374285e+00 2.101982502244066797e+00 2.190802836823513733e+00 2.442352363521023584e+00 0.000000000000000000e+00
2.901950047235165364e+00 2.106707372890272101e+00 2.198564268523313547e+00 2.462000312745303621e+00 0.000000000000000000e+00
2.931129498515999909e+00 2.111519551410143691e+00 2.206448276648440121e+00 2.482108091618569379e+00 0.000000000000000000e+00
2.960350997343736523e+00 2.116422996006496859e+00 2.214462142472874095e+00 2.502695576516850817e+00 0.000000000000000000e+00
2.989627411081013264e+00 2.121422165739895949e+00 2.222613876792220999e+00 2.523783535423520075e+00 0.000000000000000000e+00
3.018972826234080920e+00 2.126522044934718192e+00 2.230912281508405925e+00 2.545393647028720618e+00 0.000000000000000000e+00
3.048402574881454274e+00 2.131728171890794776e+00 2.239367020098457228e+00 2.567548482976636848e+00 0.000000000000000000e+00
3.077933282209756261e+00 2.137046672446090145e+00 2.247988698478475822e+00 2.590271508160955083e+00 0.000000000000000000e+00
3.107582934707109334e+00 2.142484299488201405e+00 2.256788956435493709e+00 2.613587065447022795e+00 0.000000000000000000e+00
3.137370918749335935e+00 2.148048479452691506e+00 2.265780572892281963e+00 2.637520322345086932e+00 0.000000000000000000e+00
3.167318103777776450e+00 2.153747364384845042e+00 2.274977587507982513e+00 2.662097270587581388e+00 0.000000000000000000e+00
3.197446918368821223e+00 2.159589895320474184e+00 2.284395438572750070e+00 2.687344621139591716e+00 0.000000000000000000e+00
3.227781410708356891e+00 2.165585873784682924e+00 2.294051121898805334e+00 2.713289758879508184e+00 0.000000000000000000e+00
3.258347372185212532e+00 2.171746044571181589e+00 2.303963373458799868e+00 2.739960654755411618e+00 0.000000000000000000e+00
3.289172412499533404e+00 2.178082191649011623e+00 2.314152880716517036e+00 2.767385699835676061e+00 0.000000000000000000e+00
3.320286073583588404e+00 2.184607250306113801e+00 2.324642522655609334e+00 2.795593653506431409e+00 0.000000000000000000e+00
3.351719959080668332e+00 2.191335431532576372e+00 2.335457650429194842e+00 2.824613384638643421e+00 0.000000000000000000e+00
3.383507829486538832e+00 2.198282375411467093e+00 2.346626410031303678e+00 2.854473736458423616e+00 0.000000000000000000e+00
3.415685759099400531e+00 2.205465322669980743e+00 2.358180116384725800e+00 2.885203321783116337e+00 0.000000000000000000e+00
3.448292261157503980e+00 2.212903316606281034e+00 2.370153685317612169e+00 2.916830220052250677e+00 0.000000000000000000e+00
3.481368409633597505e+00 2.220617435538151163e+00 2.382586131482117509e+00 2.949381717588799301e+00 0.000000000000000000e+00
3.514958010021620449e+00 2.228631048992581132e+00 2.395521123035897038e+00 2.982884004019982438e+00 0.000000000000000000e+00
3.549107917841816118e+00 2.236970320223226061e+00 2.409007812729662135e+00 3.017361909548148979e+00 0.000000000000000000e+00
3.583870136839111709e+00 2.245665667520150954e+00 2.423102424795936738e+00 3.052838679763603125e+00 0.000000000000000000e+00
3.619303935944751860e+00 2.254753532198789046e+00 2.437870130123485524e+00 3.089335995093219989e+00 0.000000000000000000e+00
3.655475927950623483e+00 2.264276923842194034e+00 2.453386095389519905e+00 3.126873471863805154e+00 0.000000000000000000e+00
3.692459957555269678e+00 2.274286057690475094e+00 2.469736627137498530e+00 3.165468287894075861e+00 0.000000000000000000e+00
3.730336996416271145e+00 2.284839146138607724e+00 2.487020460537817890e+00 3.205134782594383225e+00 0.000000000000000000e+00
3.769194975339640763e+00 2.296003364719916728e+00 2.505350150387062769e+00 3.245884098328531753e+00 0.000000000000000000e+00
3.809128530254556555e+00 2.307856032552566994e+00 2.524853547820996802e+00 3.287723822955744168e+00 0.000000000000000000e+00
3.850238643767782243e+00 2.320486001875620818e+00 2.545675173044740003e+00 3.330657683500050315e+00 0.000000000000000000e+00
3.892632135743885780e+00 2.333995415891044978e+00 2.567977356355602758e+00 3.374685321787837200e+00 0.000000000000000000e+00
3.936420950857741019e+00 2.348501728691574364e+00 2.591940780924076648e+00 3.419802107499266608e+00 0.000000000000000000e+00
3.981721180694230533e+00 2.364140020318312718e+00 2.617763954677089888e+00 3.465999027216435380e+00 0.000000000000000000e+00
4.028651783819717558e+00 2.381065664979580720e+00 2.645660912773531770e+00 3.513262655086730302e+00 0.000000000000000000e+00
4.077332923895673922e+00 2.399457176993724516e+00 2.675856262843685052e+00 3.561575199534721126e+00 0.000000000000000000e+00
4.127883899446050719e+00 2.419519017144121431e+00 2.708576580970543990e+00 3.610914625929430244e+00 0.000000000000000000e+00
4.180420622023383714e+00 2.441483899543813951e+00 2.744037341962514809e+00 3.661254853574891222e+00 0.000000000000000000e+00
4.235052651619644060e+00 2.465613757640343184e+00 2.782425210108339542e+00 3.712566018672392332e+00 0.000000000000000000e+00
4.291879851644393007e+00 2.492198038235427848e+00 2.823876874080518906e+00 3.764814791512046011e+00 0.000000000000000000e+00
4.350988748951965412e+00 2.521547276711134877e+00 2.868457493826006566e+00 3.817964740826942815e+00 0.000000000000000000e+00
4.412448797257210842e+00 2.553979429100681653e+00 2.916143584615338735e+00 3.871976730192718819e+00 0.000000000000000000e+00
4.476308780039722102e+00 2.589796613859701946e+00 2.966815695775535833e+00 3.926809337102879383e+00 0.000000000000000000e+00
4.542593651228934881e+00 2.629250469589374806e+00 3.020264412767491358e+00 3.982419283204025717e+00 0.000000000000000000e+00
4.611302117564024527e+00 2.672500334036232772e+00 3.076209328976004187e+00 4.038761866429799063e+00 0.000000000000000000e+00
4.682405265042441478e+00 2.719571760879559541e+00 3.134326464194019835e+00 4.095791387072161172e+00 0.000000000000000000e+00
4.755846438113139563e+00 2.770329761984798633e+00 3.194277436065398046e+00 4.153461561155349813e+00 0.000000000000000000e+00
4.831542471161008656e+00 2.824479802879091839e+00 3.255734295185510607e+00 4.211725915105184015e+00 0.000000000000000000e+00
4.909386211767258423e+00 2.881600307961804663e+00 3.318396773991227011e+00 4.270538156155452292e+00 0.000000000000000000e+00
4.989250143343488375e+00 2.941197236384347935e+00 3.382001468661803845e+00 4.329852515695957749e+00 0.000000000000000000e+00
5.070990775087329538e+00 3.002762618508375336e+00 3.446324449887168573e+00 4.389624058741579127e+00 0.000000000000000000e+00
5.154453416979118074e+00 3.065821227581557284e+00 3.511179498172939173e+00 4.449808957783755403e+00 0.000000000000000000e+00
5.239476943784517005e+00 3.129958183987914477e+00 3.576413980949918692e+00 4.510364727464178713e+00 0.000000000000000000e+00
5.325898208570627013e+00 3.194828787809433024e+00 3.641903840794995073e+00 4.571250419033889401e+00 0.000000000000000000e+00
5.413555864346070834e+00 3.260156176201988387e+00 3.707548603629929662e+00 4.632426774386924073e+00 0.000000000000000000e+00
5.502293412685776985e+00 3.325722686978923814e+00 3.773266868929616269e+00 4.693856334897228422e+00 0.000000000000000000e+00
5.591961631996610116e+00 3.391359273552571274e+00 3.838992526584241283e+00 4.755503541220989838e+00 0.000000000000000000e+00
5.682419913191905536e+00 3.456935000152714821e+00 3.904671488066600027e+00 4.817334740315158292e+00 0.000000000000000000e+00
5.773537349995633505e+00 3.522348524140201498e+00 3.970259253592663740e+00 4.879318232121517163e+00 0.000000000000000000e+00
5.865193202805065731e+00 3.587520832644981450e+00 4.035718963417940230e+00 4.941424250576919697e+00 0.000000000000000000e+00
5.957276809947460450e+00 3.652390032621647631e+00 4.101019751002715097e+00 5.003624937031981190e+00 0.000000000000000000e+00
6.049687338088096666e+00 3.716906914736558321e+00 4.166135595595532592e+00 5.065894292471416094e+00 0.000000000000000000e+00
6.142333280061698098e+00 3.781032044965723760e+00 4.231044336488123392e+00 5.128208118359983914e+00 0.000000000000000000e+00
6.235131832271406438e+00 3.844733406411902976e+00 4.295726943742102399e+00 5.190543947425582338e+00 0.000000000000000000e+00
6.328008234020814804e+00 3.907984704688530098e+00 4.360166977372220920e+00 5.252880968533128581e+00 0.000000000000000000e+00
6.420895076500686471e+00 3.970764150120022151e+00 4.424350117108644120e+00 5.315199945222954803e+00 0.000000000000000000e+00
6.513731625631709043e+00 4.033053502552145453e+00 4.488263827460291289e+00 5.377483132550421985e+00 0.000000000000000000e+00
6.606463176044010233e+00 4.094837396641526794e+00 4.551897065730455161e+00 5.439714194338362674e+00 0.000000000000000000e+00
6.699040454766688413e+00 4.156102789007615428e+00 4.615240064617524673e+00 5.501878120715966602e+00 0.000000000000000000e+00
6.791419071457162282e+00 4.216838557365593765e+00 4.678284169616039989e+00 5.563961146730744822e+00 0.000000000000000000e+00
6.883559017718315687e+00 4.277035216404828866e+00 4.741021687117592975e+00 5.625950673370149424e+00 0.000000000000000000e+00
6.975424218378424968e+00 4.336684667471196519e+00 4.803445764348476921e+00 5.687835191725994832e+00 0.000000000000000000e+00
7.066982129068160923e+00 4.395780000390319131e+00 4.865550280504866265e+00 5.749604210412347705e+00 0.000000000000000000e+00
7.158203378982833875e+00 4.454315341980109366e+00 4.927329793122232182e+00 5.811248186409541105e+00 0.000000000000000000e+00
7.249061451390148569e+00 4.512285741025005237e+00 4.988779463048550689e+00 5.872758459435424072e+00 0.000000000000000000e+00
7.339532401813269935e+00 4.569687073807609856e+00 5.049894990004971440e+00 5.934127190080267233e+00 0.000000000000000000e+00
7.429594607212951729e+00 4.626515958651569171e+00 5.110672560670132647e+00 5.995347301644826210e+00 0.000000000000000000e+00
7.519228545690407550e+00 4.682769679503628879e+00 5.171108804918593371e+00 6.056412425485894424e+00 0.000000000000000000e+00
7.608416596371197826e+00 4.738446121815274026e+00 5.231200770124395660e+00 6.117316849868457140e+00 0.000000000000000000e+00
7.697142862143656394e+00 4.793543722519006067e+00 5.290945887522180868e+00 6.178055472130922432e+00 0.000000000000000000e+00
7.785393016334270833e+00 4.848061426515397621e+00 5.350341935607359822e+00 6.238623754009111622e+00 0.000000000000000000e+00
7.873154165920083436e+00 4.901998645538820476e+00 5.409387012601490241e+00 6.299017680111737683e+00 0.000000000000000000e+00
7.960414726408659547e+00 4.955355220223288448e+00 5.468079516077467339e+00 6.359233719182309841e+00 0.000000000000000000e+00
8.047164308351570483e+00 5.008131386577596267e+00 5.526418122975577774e+00 6.419268788105354950e+00 0.000000000000000000e+00
8.133393617089565097e+00 5.060327746398147752e+00 5.584401769211271294e+00 6.479120218941445408e+00 0.000000000000000000e+00
8.219094363404090942e+00 5.111945240105071342e+00 5.642029631156648684e+00 6.538785727001931392e+00 0.000000000000000000e+00
8.304259182749367696e+00 5.162985121857856186e+00 5.699301109088648509e+00 6.598263381621594981e+00 0.000000000000000000e+00
8.388881561760451078e+00 5.213448937391142124e+00 5.756215812452540881e+00 6.657551580184403406e+00 0.000000000000000000e+00
8.472955774976799859e+00 5.263338499466011733e+00 5.812773541861493420e+00 6.716649023276194619e+00 0.000000000000000000e+00
8.556476815507657818e+00 5.312655870811082259e+00 5.868974284145822118e+00 6.775554691704747334e+00 0.000000000000000000e+00
8.639440346257121206e+00 5.361403342978216635e+00 5.924818189257948120e+00 6.834267824934535440e+00 0.000000000000000000e+00
8.721842648374597218e+00 5.409583418487523332e+00 5.980305570992702435e+00 6.892787901496331138e+00 0.000000000000000000e+00
8.803680564020238464e+00 5.457198801890744910e+00 6.035436888915996612e+00 6.951114620174322134e+00 0.000000000000000000e+00
8.884951479843623545e+00 5.504252374838554118e+00 6.090212740651579360e+00 7.009247883107692090e+00 0.000000000000000000e+00
8.965653263728340150e+00 5.550747191697522176e+00 6.144633852604181712e+00 7.067187779804975811e+00 0.000000000000000000e+00
9.045784245539554291e+00 5.596686459260663327e+00 6.198701069759677829e+00 7.124934572737634753e+00 0.000000000000000000e+00
9.125343176821017366e+00 5.642073526101186509e+00 6.252415348478583823e+00 7.182488683929682871e+00 0.000000000000000000e+00
9.204329196696493298e+00 5.686911872747910657e+00 6.305777749467897486e+00 7.239850682156755646e+00 0.000000000000000000e+00
9.282741809110211406e+00 5.731205096630273665e+00 6.358789428215025907e+00 7.297021272632282063e+00 0.000000000000000000e+00
9.360580856194571808e+00 5.774956906629773457e+00 6.411451631712807853e+00 7.354001281728854700e+00 0.000000000000000000e+00
9.437846487802014295e+00 5.818171110131436841e+00 6.463765689227725986e+00 7.410791654829979258e+00 0.000000000000000000e+00
9.514539149526996198e+00 5.860851605260825714e+00 6.515733007917196673e+00 7.467393433737725239e+00 0.000000000000000000e+00
9.590659553791066827e+00 5.903002373277568715e+00 6.567355066907492933e+00 7.523807765682759552e+00 0.000000000000000000e+00
9.666208663642342103e+00 5.944627468115360358e+00 6.618633410905849779e+00 7.580035875882502161e+00 0.000000000000000000e+00
9.741187675458617079e+00 5.985731011548597102e+00 6.669569646750973746e+00 7.636079079888146381e+00 0.000000000000000000e+00
9.815597998454403950e+00 6.026317184237012903e+00 6.720165437479055370e+00 7.691938759485336341e+00 0.000000000000000000e+00
9.889441242205062821e+00 6.066390219537048267e+00 6.770422498361722496e+00 7.747616370105304462e+00 0.000000000000000000e+00
9.962719201517105105e+00 6.105954398308416131e+00 6.820342593192248337e+00 7.803113424280908816e+00 0.000000000000000000e+00
1.003543383976724890e+01 6.145014040973561187e+00 6.869927529234246322e+00 7.858431493571525372e+00 0.000000000000000000e+00
1.010758728046604560e+01 6.183573504421157274e+00 6.919179154783423158e+00 7.913572197435216893e+00 0.000000000000000000e+00
1.017918179240427534e+01 6.221637175168654110e+00 6.968099354896967412e+00 7.968537203567701788e+00 0.000000000000000000e+00
1.025021977862027533e+01 6.259209465090766145e+00 7.016690048140904246e+00 8.023328218534143019e+00 0.000000000000000000e+00
1.032070376760386665e+01 6.296294807448373554e+00 7.064953184063081260e+00 8.077946988707328302e+00 0.000000000000000000e+00
1.039063640114435039e+01 6.332897651227320956e+00 7.112890739425732356e+00 8.132395291690480477e+00 0.000000000000000000e+00
1.046002042664871290e+01 6.369022458780493778e+00 7.160504716246841816e+00 8.186674937324555756e+00 0.000000000000000000e+00
1.052885868861578800e+01 6.404673700934948144e+00 7.207797138944236792e+00 8.240787760509139304e+00 0.000000000000000000e+00
1.059715411888380920e+01 6.439855853878912129e+00 7.254770051583821378e+00 8.294735621340258547e+00 0.000000000000000000e+00
1.066490973111656260e+01 6.474573396363553002e+00 7.301425516313442721e+00 8.348520399796923286e+00 0.000000000000000000e+00
1.073212861278273778e+01 6.508830805553684762e+00 7.347765610499729760e+00 8.402143994925580728e+00 0.000000000000000000e+00
1.079881391774882005e+01 6.542632555445898390e+00 7.393792425184914308e+00 8.455608321095795077e+00 0.000000000000000000e+00
1.086496886169248732e+01 6.575983113287209747e+00 7.439508063156551998e+00 8.508915306662482081e+00 0.000000000000000000e+00
1.093059671480295414e+01 6.608886937403588568e+00 7.484914636751067718e+00 8.562066891310022854e+00 0.000000000000000000e+00
1.099570079707786086e+01 6.641348475199392531e+00 7.530014266814030854e+00 8.615065024461683763e+00 0.000000000000000000e+00
1.106028447459114972e+01 6.673372160196729297e+00 7.574809080615404255e+00 8.667911663438390590e+00 0.000000000000000000e+00
1.112435114954461213e+01 6.704962410970383146e+00 7.619301210655548218e+00 8.720608771655934177e+00 0.000000000000000000e+00
1.118790426352843248e+01 6.736123628592022072e+00 7.663492793747656684e+00 8.773158317491793312e+00 0.000000000000000000e+00
1.125094728475678174e+01 6.766860195144407619e+00 7.707385968222479455e+00 8.825562272268477670e+00 0.000000000000000000e+00
1.131348370765584832e+01 6.797176472341998732e+00 7.750982874423931079e+00 8.877822609762564099e+00 0.000000000000000000e+00
1.137551705629151044e+01 6.827076799655152683e+00 7.794285652714707524e+00 8.929941303992380952e+00 0.000000000000000000e+00
1.143705086402667881e+01 6.856565493711279657e+00 7.837296440853963375e+00 8.981920329309810214e+00 0.000000000000000000e+00
1.149808869245616094e+01 6.885646844866098348e+00 7.880017378040696130e+00 9.033761658016315366e+00 0.000000000000000000e+00
1.155863410726461282e+01 6.914325120112255085e+00 7.922450596843661152e+00 9.085467260928124844e+00 0.000000000000000000e+00
1.161869068926992021e+01 6.942604556365388646e+00 7.964598228429562887e+00 9.137039104948563306e+00 0.000000000000000000e+00
1.167826202763177967e+01 6.970489363288627338e+00 8.006462399301604194e+00 9.188479153832670221e+00 0.000000000000000000e+00
1.173735171432295843e+01 6.997983724277948347e+00 8.048045229471606277e+00 9.239789366002286286e+00 0.000000000000000000e+00
1.179596334779411748e+01 7.025091788462852982e+00 8.089348834852650327e+00 9.290971695229050198e+00 0.000000000000000000e+00
1.185410052349281429e+01 7.051817679193719712e+00 8.130375323000766485e+00 9.342028088790582885e+00 0.000000000000000000e+00
1.191176683882164866e+01 7.078165485722194283e+00 8.171126795284294531e+00 9.392960488052960244e+00 0.000000000000000000e+00
1.196896588534366046e+01 7.104139266110920836e+00 8.211605344867976441e+00 9.443770826920054873e+00 0.000000000000000000e+00
1.202570125029439829e+01 7.129743047639196085e+00 8.251813056164097659e+00 9.494461032341494189e+00 0.000000000000000000e+00
1.208197651598343469e+01 7.154980822771435989e+00 8.291752005521095370e+00 9.545033023007230000e+00 0.000000000000000000e+00
1.213779525334293474e+01 7.179856552465866848e+00 8.331424258742528011e+00 9.595488709793441373e+00 0.000000000000000000e+00
1.219316102833362692e+01 7.204374162879456200e+00 8.370831872996783218e+00 9.645829994674111063e+00 0.000000000000000000e+00
1.224807739230571890e+01 7.228537546188883667e+00 8.409976894644657364e+00 9.696058771102025631e+00 0.000000000000000000e+00
1.230254788625421547e+01 7.252350560966737802e+00 8.448861359454072684e+00 9.746176923119973523e+00 0.000000000000000000e+00
1.235657603744046362e+01 7.275817029717488893e+00 8.487487293320846504e+00 9.796186325674993256e+00 0.000000000000000000e+00
1.241016535823409406e+01 7.298940741896238649e+00 8.525856709920015319e+00 9.846088844002832019e+00 0.000000000000000000e+00
1.246331934732197944e+01 7.321725450787138101e+00 8.563971612257610388e+00 9.895886333898220144e+00 0.000000000000000000e+00
1.251604148486810786e+01 7.344174874568284217e+00 8.601833991213366559e+00 9.945580640598956634e+00 0.000000000000000000e+00
1.256833523612908543e+01 7.366292697176051618e+00 8.639445825845072591e+00 9.995173599743266024e+00 0.000000000000000000e+00
1.262020404655229378e+01 7.388082565958014492e+00 8.676809083491427543e+00 1.004466703727157295e+01 0.000000000000000000e+00
1.267165134381863112e+01 7.409548093991641160e+00 8.713925718513227281e+00 1.009406276732935304e+01 0.000000000000000000e+00
1.272268053675846744e+01 7.430692858405278045e+00 8.750797673492476392e+00 1.014336259477931179e+01 0.000000000000000000e+00
1.277329501310044080e+01 7.451520400874916739e+00 8.787426877779685341e+00 1.019256831447407841e+01 0.000000000000000000e+00
1.282349814167164226e+01 7.472034228233159325e+00 8.823815248157284685e+00 1.024168170912760090e+01 0.000000000000000000e+00
1.287329326882545644e+01 7.492237811237452583e+00 8.859964688753318995e+00 1.029070455225303604e+01 0.000000000000000000e+00
1.292268372061814574e+01 7.512134586019368676e+00 8.895877090197901182e+00 1.033963860700103154e+01 0.000000000000000000e+00
1.297167280075285234e+01 7.531727953136426734e+00 8.931554330590353530e+00 1.038848562483565452e+01 0.000000000000000000e+00
1.302026379057913097e+01 7.551021277962806977e+00 8.966998274358081389e+00 1.043724734763587669e+01 0.000000000000000000e+00
1.306845994951584977e+01 7.570017891403045596e+00 9.002210772887378809e+00 1.048592550669628487e+01 0.000000000000000000e+00
1.311626451314923258e+01 7.588721088844600615e+00 9.037193664353964095e+00 1.053452182228365253e+01 0.000000000000000000e+00
1.316368069500909499e+01 7.607134131533582533e+00 9.071948773288406542e+00 1.058303800465390054e+01 0.000000000000000000e+00
1.321071168423250164e+01 7.625260245933112024e+00 9.106477911191316110e+00 1.063147575346832596e+01 0.000000000000000000e+00
1.325736064687641935e+01 7.643102624051766547e+00 9.140782875791582995e+00 1.067983675773793273e+01 0.000000000000000000e+00
1.330363072522673029e+01 7.660664424109315362e+00 9.174865451549084838e+00 1.072812269659299567e+01 0.000000000000000000e+00
1.334952503719893002e+01 7.677948769907104065e+00 9.208727409497097227e+00 1.077633523860587950e+01 0.000000000000000000e+00
1.339504667727693210e+01 7.694958751804318098e+00 9.242370507027242610e+00 1.082447604192684487e+01 0.000000000000000000e+00
1.344019871502051622e+01 7.711697426477190476e+00 9.275796488345484647e+00 1.087254675500250656e+01 0.000000000000000000e+00
1.348498419632112899e+01 7.728167817189422806e+00 9.309007083946136518e+00 1.092054901587578897e+01 0.000000000000000000e+00
1.352940614230278804e+01 7.744372914343149894e+00 9.342004011052756240e+00 1.096848445248841664e+01 0.000000000000000000e+00
1.357346754975384329e+01 7.760315675185937678e+00 9.374788973474258214e+00 1.101635468317699740e+01 0.000000000000000000e+00
1.361717139123287268e+01 7.775999024554548278e+00 9.407363661542179400e+00 1.106416131614092535e+01 0.000000000000000000e+00
1.366052061442368881e+01 7.791425854835055453e+00 9.439729752421463616e+00 1.111190594979008850e+01 0.000000000000000000e+00
1.370351814302265403e+01 7.806599026224669835e+00 9.471888909791911004e+00 1.115959017325463165e+01 0.000000000000000000e+00
1.374616687580099672e+01 7.821521367245991563e+00 9.503842784196887550e+00 1.120721556572274835e+01 0.000000000000000000e+00
1.378846968738110590e+01 7.836195674619665041e+00 9.535593012932464418e+00 1.125478369697600201e+01 0.000000000000000000e+00
1.383042942791625585e+01 7.850624713878371352e+00 9.567141220086192277e+00 1.130229612780106052e+01 0.000000000000000000e+00
1.387204892308607995e+01 7.864811219461086189e+00 9.598489016749949698e+00 1.134975440939147440e+01 0.000000000000000000e+00
1.391333097453340706e+01 7.878757894971741393e+00 9.629638000840202494e+00 1.139716008389097013e+01 0.000000000000000000e+00
1.395427835935969263e+01 7.892467413619104200e+00 9.660589757387430865e+00 1.144451468439909902e+01 0.000000000000000000e+00
1.399489383113609087e+01 7.905942418267778216e+00 9.691345858453587425e+00 1.149181973505497822e+01 0.000000000000000000e+00
1.403518011878731109e+01 7.919185521906060288e+00 9.721907863230299540e+00 1.153907675115940634e+01 0.000000000000000000e+00
1.407513992721738738e+01 7.932199307841562685e+00 9.752277318191310940e+00 1.158628723938272920e+01 0.000000000000000000e+00
1.411477593773497574e+01 7.944986329967396621e+00 9.782455757010088959e+00 1.163345269766549350e+01 0.000000000000000000e+00
1.415409080847208045e+01 7.957549113135847563e+00 9.812444700796870478e+00 1.168057461546933595e+01 0.000000000000000000e+00
1.419308717256887142e+01 7.969890153326615767e+00 9.842245658050096324e+00 1.172765447390936799e+01 0.000000000000000000e+00
1.423176763976987935e+01 7.982011918056596933e+00 9.871860124806431713e+00 1.177469374574360472e+01 0.000000000000000000e+00
1.427013479828082332e+01 7.993916846581469393e+00 9.901289584754412232e+00 1.182169389557830463e+01 0.000000000000000000e+00
1.430819121155482954e+01 8.005607350157445623e+00 9.930535509137834893e+00 1.186865638001759748e+01 0.000000000000000000e+00
1.434593941963818153e+01 8.017085812360241093e+00 9.959599356940792347e+00 1.191558264764270447e+01 0.000000000000000000e+00
1.438338194003293680e+01 8.028354589448323253e+00 9.988482575145662068e+00 1.196247413922214164e+01 0.000000000000000000e+00
1.442052126871172568e+01 8.039416010470567642e+00 1.001718659858391547e+01 1.200933228781656403e+01 0.000000000000000000e+00
1.445735987725690386e+01 8.050272377653792333e+00 1.004571284991462043e+01 1.205615851885097634e+01 0.000000000000000000e+00
1.449390021525916872e+01 8.060925966703701206e+00 1.007406273988969048e+01 1.210295425025575256e+01 0.000000000000000000e+00
1.453014471040804168e+01 8.071379027328491773e+00 1.010223766791055944e+01 1.214972089257219778e+01 0.000000000000000000e+00
1.456609576810158480e+01 8.081633782962317269e+00 1.013023902116961672e+01 1.219645984906188474e+01 0.000000000000000000e+00
1.460175577140220682e+01 8.091692431467443214e+00 1.015806817524272176e+01 1.224317251580981392e+01 0.000000000000000000e+00
1.463712708163361675e+01 8.101557145294639994e+00 1.018572649418199383e+01 1.228986028182826651e+01 0.000000000000000000e+00
1.467221203845282140e+01 8.111230071753114501e+00 1.021321533089798095e+01 1.233652452919708864e+01 0.000000000000000000e+00
1.470701295985636570e+01 8.120713333370634501e+00 1.024053602651095751e+01 1.238316663313463373e+01 0.000000000000000000e+00
1.474153214243201404e+01 8.130009028112228364e+00 1.026768991097419459e+01 1.242978796211081516e+01 0.000000000000000000e+00
1.477577186181042102e+01 8.139119229499918617e+00 1.029467830306264453e+01 1.247638987798872989e+01 0.000000000000000000e+00
1.480973437275036098e+01 8.148045987041456328e+00 1.032150251049966627e+01 1.252297373608479170e+01 0.000000000000000000e+00
1.484342190870726874e+01 8.156791326658536789e+00 1.034816382988383765e+01 1.256954088528857660e+01 0.000000000000000000e+00
1.487683668259964698e+01 8.165357250747145912e+00 1.037466354691383863e+01 1.261609266819956154e+01 0.000000000000000000e+00
1.490998088707693547e+01 8.173745738046466869e+00 1.040100293640749740e+01 1.266263042118164250e+01 0.000000000000000000e+00
1.494285669421232399e+01 8.181958744653801574e+00 1.042718326241469917e+01 1.270915547449005700e+01 0.000000000000000000e+00
1.497546625596022274e+01 8.189998203993146930e+00 1.045320577833641096e+01 1.275566915239859078e+01 0.000000000000000000e+00
