3.349521003158367449e+01 3.352406515338090998e+01 3.350205806686930998e+01 3.368351001446765025e+01 3.353448362142199812e+01
3.339411338475263591e+01 3.345028493150870474e+01 3.340739236375874555e+01 3.378431350057201143e+01 3.347146293767290359e+01
3.329666867519458151e+01 3.337861610675744117e+01 3.331599446290182698e+01 3.389838814896914698e+01 3.341087193979374348e+01
3.320283739473820361e+01 3.330901494918269634e+01 3.322785602922941450e+01 3.401742987315271449e+01 3.335264230106471928e+01
3.311258356732993491e+01 3.324143716723607866e+01 3.314296881506999171e+01 3.412753557661017823e+01 3.329670323004618382e+01
3.302587345574960409e+01 3.317583784680139303e+01 3.306132465447502966e+01 3.421174453728222176e+01 3.324298133716359160e+01
3.294267530813482381e+01 3.311217138815920435e+01 3.298291545704567795e+01 3.425757005377172248e+01 3.319140051495544697e+01
3.286295913536820734e+01 3.305039144058663680e+01 3.290773320099956578e+01 3.426313900067804497e+01 3.314188183363010154e+01
3.278669651171384203e+01 3.299045083442276649e+01 3.283576992515718729e+01 3.423542306142150693e+01 3.309434345286156542e+01
3.271386039190585393e+01 3.293230151021720786e+01 3.276701771940669516e+01 3.418411978502941651e+01 3.304870055061073231e+01
3.264442493827890956e+01 3.287589444470184219e+01 3.270146871307412084e+01 3.411749456297749106e+01 3.300486526951775090e+01
3.257836535153604274e+01 3.282117957324499713e+01 3.263911506044104982e+01 3.404131050352628307e+01 3.296274668110756068e+01
3.251565769839339737e+01 3.276810570843517212e+01 3.257994892240186857e+01 3.395923401258769303e+01 3.292225076769880587e+01
3.245627872861808072e+01 3.271662045442835165e+01 3.252396244292421557e+01 3.387351131370023438e+01 3.288328042152992481e+01
3.240020567287528053e+01 3.266667011666287834e+01 3.247114771850691284e+01 3.378550520128514023e+01 3.284573546020988744e+01
3.234741601125956834e+01 3.261819960650365147e+01 3.242149675825086064e+01 3.369604635138377802e+01 3.280951265716933563e+01
3.229788720037015537e+01 3.257115234037454599e+01 3.237500143124948693e+01 3.360564715146550441e+01 3.277450578536602421e+01
3.225159634427461697e+01 3.252547013288859290e+01 3.233165339690597051e+01 3.351462853046210455e+01 3.274060567208485395e+01
3.220851979152482158e+01 3.248109308344824342e+01 3.229144401239553730e+01 3.342319487450976112e+01 3.270770026228903760e+01
3.216863263658118655e+01 3.243795945578602158e+01 3.225436420894301648e+01 3.333147856871833170e+01 3.267567468765926009e+01
3.213190809942555148e+01 3.239600554985086234e+01 3.222040432604602955e+01 3.323956679703964312e+01 3.264441133821460994e+01
3.209831675180937083e+01 3.235516556542768285e+01 3.218955388856237931e+01 3.314751790146227250e+01 3.261378993327932108e+01
3.206782555246318367e+01 3.231537145688439949e+01 3.216180130571150642e+01 3.305537152368097509e+01 3.258368758858058811e+01
3.204039664679509514e+01 3.227655277836685599e+01 3.213713346407175209e+01 3.296315499182869502e+01 3.255397887646966382e+01
3.201598587935612272e+01 3.223863651880217418e+01 3.211553517498660426e+01 3.287088740485812366e+01 3.252453587671098489e+01
3.199454096004727788e+01 3.220154692609656166e+01 3.209698842278837105e+01 3.277858228420603837e+01 3.249522821603817846e+01
3.197599921848276239e+01 3.216520531989736753e+01 3.208147133972778420e+01 3.268624932010730788e+01 3.246592309580698554e+01
3.196028487627425463e+01 3.212952989239537516e+01 3.206895680589111208e+01 3.259389553758473568e+01 3.243648530868861002e+01
3.194730576609708805e+01 3.209443549678917407e+01 3.205941053496890447e+01 3.250152608518345687e+01 3.240677724754371525e+01
3.193694943192598856e+01 3.205983342326277352e+01 3.205278845628188122e+01 3.240914477527970661e+01 3.237665891253886485e+01
3.192907856052113758e+01 3.202563116247913655e+01 3.204903313806961762e+01 3.231675445839004368e+01 3.234598792638208664e+01
3.192352572492038476e+01 3.199173215718277064e+01 3.204806891286295212e+01 3.222435728561620749e+01 3.231461957237809912e+01
3.192008747267356128e+01 3.195803554302704441e+01 3.204979526275145219e+01 3.213195489450746578e+01 3.228240687601813619e+01
3.191851787149567699e+01 3.192443588060833903e+01 3.205407790684405001e+01 3.203954854205307612e+01 3.224920075800145725e+01
3.191852173979297191e+01 3.189082288186153846e+01 3.206073691954921401e+01 3.194713920076112501e+01 3.221485029501934605e+01
3.191974794356715606e+01 3.185708113557257448e+01 3.206953113475383077e+01 3.185472762869580166e+01 3.217920313321187109e+01
3.192178333374550547e+01 3.182308983893308962e+01 3.208013813135929837e+01 3.176231442102757541e+01 3.214210610824113701e+01
3.192414811614214543e+01 3.178872254496906180e+01 3.209212937935245691e+01 3.166990004820812032e+01 3.210340613219590011e+01
3.192629366568757376e+01 3.175384693954007886e+01 3.210494085953116894e+01 3.157748488452435254e+01 3.206295140961024970e+01
3.192760396499389941e+01 3.171832466666091932e+01 3.211784093090867032e+01 3.148506922961651711e+01 3.202059303861821604e+01
3.192740189700274200e+01 3.168201122743429110e+01 3.212989969176407357e+01 3.139265332478904114e+01 3.197618703468831214e+01
3.192496146658595180e+01 3.164475598610475515e+01 3.213996763072522356e+01 3.130023736547327573e+01 3.192959677973269805e+01
3.191952658863720416e+01 3.160640232721704024e+01 3.214667544521273612e+01 3.120782151081037981e+01 3.188069584708967596e+01
3.191033632423771138e+01 3.156678801941753676e+01 3.214846976547431012e+01 3.111540589106641974e+01 3.182937108582856567e+01
3.189665541899171330e+01 3.152574585558748055e+01 3.214369798565952152e+01 3.102299061340027464e+01 3.177552577526614641e+01
3.187780785935195382e+01 3.148310465262973068e+01 3.213074590581956613e+01 3.093057576639289152e+01 3.171908259832394350e+01
3.185321017938323962e+01 3.143869070602476867e+01 3.210821352479349144e+01 3.083816142361418855e+01 3.165998614929834432e+01
3.182240072955006127e+01 3.139232979982766736e+01 3.207509276849412316e+01 3.074574764641733893e+01 3.159820470473669118e+01
3.178506130322547207e+01 3.134384986541077112e+01 3.203089858710084314e+01 3.065333448619609413e+01 3.153373104950268058e+01
3.174102845974880793e+01 3.129308435440662706e+01 3.197571329741527890e+01 3.056092198618150491e+01 3.146658225628555883e+01
3.169029340724574695e+01 3.123987633209627646e+01 3.191013284765583791e+01 3.046851018287676283e+01 3.139679844162444411e+01
3.163299104108876492e+01 3.118408320115721466e+01 3.183513760922969382e+01 3.037609910722510520e+01 3.132444063742571672e+01
3.156938024135747867e+01 3.112558183252610178e+01 3.175193064694548184e+01 3.028368878555263777e+01 3.124958800009494198e+01
3.149981848312685884e+01 3.106427372642892237e+01 3.166178551457164403e+01 3.019127924033680443e+01 3.117233461796791971e+01
3.142473407414023612e+01 3.100008968803826903e+01 3.156592991929019476e+01 3.009887049083550892e+01 3.109278617311269244e+01
3.134459898665513577e+01 3.093299342997306667e+01 3.146547308603948778e+01 3.000646255360127057e+01 3.101105667680446842e+01
3.125990450619508110e+01 3.086298355751151234e+01 3.136137162889160734e+01 2.991405544290737595e+01 3.092726544379322462e+01
3.117114103648530232e+01 3.079009357306409100e+01 3.125442314238607722e+01 2.982164917110827673e+01 3.084153441239814697e+01
3.107878258068620170e+01 3.071438982535486062e+01 3.114527654576690452e+01 2.972924374892371091e+01 3.075398586500524090e+01
3.098327578615370115e+01 3.063596764931588368e+01 3.103445059711638621e+01 2.963683918567824449e+01 3.066474056175837859e+01
3.088503303235411934e+01 3.055494620147490892e+01 3.092235489674197879e+01 2.954443548950948895e+01 3.057391627024410852e+01
3.078442883880630276e+01 3.047146262494271696e+01 3.080931012786766132e+01 2.945203266754078442e+01 3.048162665574549024e+01
3.068179882287800453e+01 3.038566616318895086e+01 3.069556597716841750e+01 2.935963072602458723e+01 3.038798048608617819e+01
3.057744049053007629e+01 3.029771271727490500e+01 3.058131621420613300e+01 2.926722967046146096e+01 3.029308110247609065e+01
3.047161524920763398e+01 3.020776016548373377e+01 3.046671097235726933e+01 2.917482950570365929e+01 3.019702610865190096e+01
3.036455115598865007e+01 3.011596459125248870e+01 3.035186653608017693e+01 2.908243023604291722e+01 3.009990723447723582e+01
3.025644603466562188e+01 3.002247742839421463e+01 3.023687302823097411e+01 2.899003186528420883e+01 3.000181033532319930e+01
3.014747070000581886e+01 2.992744344312165339e+01 3.012180038975789742e+01 2.889763439680944401e+01 2.990281549416865658e+01
3.003777211300158712e+01 2.983099942628679813e+01 3.000670300194907725e+01 2.880523783363132040e+01 2.980299719887150900e+01
2.992747635662680850e+01 2.973327345547065192e+01 2.989162324569685225e+01 2.871284217844014464e+01 2.970242457215466203e+01
2.981669136988986324e+01 2.963438459307271700e+01 2.977659423658720428e+01 2.862044743364385724e+01 2.960116163634418740e+01
2.970550941200330186e+01 2.953444290357896307e+01 2.966164192508298214e+01 2.852805360140244417e+01 2.949926759876336746e+01
2.959400925136677785e+01 2.943354969396261822e+01 2.954678670954219299e+01 2.843566068365803901e+01 2.939679714691805756e+01
2.948225808864449959e+01 2.933179790167189438e+01 2.943204467624568110e+01 2.834326868216064099e+01 2.929380074527228572e+01
2.937031323179831332e+01 2.922927257285279623e+01 2.931742855408027992e+01 2.825087759849062152e+01 2.919032492756495145e+01
2.925822354534156489e+01 2.912605138859218457e+01 2.920294845102120362e+01 2.815848743407830312e+01 2.908641258033427945e+01
2.914603069775293775e+01 2.902220520901680345e+01 2.908861242336320174e+01 2.806609819022096630e+01 2.898210321466821071e+01
2.903377023083673336e+01 2.891779861436771526e+01 2.897442691686811855e+01 2.797370986809784910e+01 2.887743322429084358e+01
2.892147247358798268e+01 2.881289042916938925e+01 2.886039710949289727e+01 2.788132246878315357e+01 2.877243612875213330e+01
2.880916332133389091e+01 2.870753422068814587e+01 2.874652717835809668e+01 2.778893599325749975e+01 2.866714280133717807e+01
2.869686489884422542e+01 2.860177876663660612e+01 2.863282050827986325e+01 2.769655044241801178e+01 2.856158168153145738e+01
2.858459612397429339e+01 2.849566848964230203e+01 2.851927985511259678e+01 2.760416581708717487e+01 2.845577897233713571e+01
2.847237318634454439e+01 2.838924385781578508e+01 2.840590747405637373e+01 2.751178211802069029e+01 2.834975882291601224e+01
2.836020995365023367e+01 2.828254175195296583e+01 2.829270522072992122e+01 2.741939934591439254e+01 2.824354349720256252e+01
2.824811831645437366e+01 2.817559580068499869e+01 2.817967463100514180e+01 2.732701750141036712e+01 2.813715352922542579e+01
2.813610848076465842e+01 2.806843668535753622e+01 2.806681698427642502e+01 2.723463658510238972e+01 2.803060786593152542e+01
2.802418921634348692e+01 2.796109241667626932e+01 2.795413335372345287e+01 2.714225659754076858e+01 2.792392399832988659e+01
2.791236806751435040e+01 2.785358858526078407e+01 2.784162464628620981e+01 2.704987753923663618e+01 2.781711808177220391e+01
2.780065153220598972e+01 2.774594858825593846e+01 2.772929163468382896e+01 2.695749941066577904e+01 2.771020504616985747e+01
2.768904521410394892e+01 2.763819383408916508e+01 2.761713498300602154e+01 2.686512221227207675e+01 2.760319869691887362e+01
2.757755395202175563e+01 2.753034392736189417e+01 2.750515526729098070e+01 2.677274594447056089e+01 2.749611180726804349e+01
2.746618193001966546e+01 2.742241683573888267e+01 2.739335299208059382e+01 2.668037060765013280e+01 2.738895620282436028e+01
2.735493277114981581e+01 2.731442904054976850e+01 2.728172860379536147e+01 2.658799620217604698e+01 2.728174283884687412e+01
2.724380961734702211e+01 2.720639567275635429e+01 2.717028250155424374e+01 2.649562272839211374e+01 2.717448187093535950e+01
2.713281519760801075e+01 2.709833063562167155e+01 2.705901504595739482e+01 2.640325018662268874e+01 2.706718271967691791e+01
2.702195188618192745e+01 2.699024671548247056e+01 2.694792656622982108e+01 2.631087857717446354e+01 2.695985412977019280e+01
2.691122175230213998e+01 2.688215568182035398e+01 2.683701736604572829e+01 2.621850790033805723e+01 2.685250422410640425e+01
2.680062660272516695e+01 2.677406837767918901e+01 2.672628772828678123e+01 2.612613815638951564e+01 2.674514055324709005e+01
2.669016801815061513e+01 2.666599480141169209e+01 2.661573791896006824e+01 2.603376934559160460e+01 2.663777014070194937e+01
2.657984738443362360e+01 2.655794418062928486e+01 2.650536819039904302e+01 2.594140146819500359e+01 2.653039952437586280e+01
2.646966591935995083e+01 2.644992503914670579e+01 2.639517878388272720e+01 2.584903452443940708e+01 2.642303479452237980e+01
2.635962469563772004e+01 2.634194525761269290e+01 2.628516993183426464e+01 2.575666851455448736e+01 2.631568162851134929e+01
2.624972466065883481e+01 2.623401212847118558e+01 2.617534185961983084e+01 2.566430343876081110e+01 2.620834532269148553e+01
2.613996665350212822e+01 2.612613240581574559e+01 2.606569478704004794e+01 2.557193929727063875e+01 2.610103082160025778e+01
2.603035141957699494e+01 2.601831235063813352e+01 2.595622892957419836e+01 2.547957609028868831e+01 2.599374274475832891e+01
2.592087962324773542e+01 2.591055777193843923e+01 2.584694449941525107e+01 2.538721381801278199e+01 2.588648541129060732e+01
2.581155185872684399e+01 2.580287406409430773e+01 2.573784170633470225e+01 2.529485248063448921e+01 2.577926286246357179e+01
2.570236865948157501e+01 2.569526624085932909e+01 2.562892075840609607e+01 2.520249207833970573e+01 2.567207888244642078e+01
2.559333050639213525e+01 2.558773896632048306e+01 2.552018186261301480e+01 2.511013261130914032e+01 2.556493701738221702e+01
2.548443783477389601e+01 2.548029658310312939e+01 2.541162522536082236e+01 2.501777407971881573e+01 2.545784059291496959e+01
2.537569104048009905e+01 2.537294313809326596e+01 2.530325105290818399e+01 2.492541648374050922e+01 2.535079273032879854e+01
2.526709048520653766e+01 2.526568240591231884e+01 2.519505955173222489e+01 2.483305982354214336e+01 2.524379636140104921e+01
2.515863650107983673e+01 2.515851791035464302e+01 2.508705092883866783e+01 2.474070409928817327e+01 2.513685424208732755e+01
2.505032939465321107e+01 2.505145294398454681e+01 2.497922539202588865e+01 2.464834931113990635e+01 2.502996896513531055e+01
2.494216945038136402e+01 2.494449058606064185e+01 2.487158315010992737e+01 2.455599545925585403e+01 2.492314297171780169e+01
2.483415693364557342e+01 2.483763371894314531e+01 2.476412441311668999e+01 2.446364254379199465e+01 2.481637856216829974e+01
2.472629209339199363e+01 2.473088504312056202e+01 2.465684939244973251e+01 2.437129056490205770e+01 2.470967790589341107e+01
2.461857516443380334e+01 2.462424709101540543e+01 2.454975830103495227e+01 2.427893952273777600e+01 2.460304305053100649e+01
2.451100636946266320e+01 2.451772223961327413e+01 2.444285135344195581e+01 2.418658941744911672e+01 2.449647593041641613e+01
2.440358592080805522e+01 2.441131272206017400e+01 2.433612876599111985e+01 2.409424024918451579e+01 2.438997837441352345e+01
2.429631402197774648e+01 2.430502063834902415e+01 2.422959075684958918e+01 2.400189201809104844e+01 2.428355211316271678e+01
2.418919086900836746e+01 2.419884796512499392e+01 2.412323754611493598e+01 2.390954472431464595e+01 2.417719878579308102e+01
2.408221665165081760e+01 2.409279656471026243e+01 2.401706935588784475e+01 2.381719836800026968e+01 2.407091994614209796e+01
2.397539155441203107e+01 2.398686819342265863e+01 2.391108641033679305e+01 2.372485294929206390e+01 2.396471706852242534e+01
2.386871575747169416e+01 2.388106450923084978e+01 2.380528893575581506e+01 2.363250846833352270e+01 2.385859155307189639e+01
2.376218943748947865e+01 2.377538707882097668e+01 2.369967716061683660e+01 2.354016492526763571e+01 2.375254473071976236e+01
2.365581276831651181e+01 2.366983738411600413e+01 2.359425131561652478e+01 2.344782232023702662e+01 2.364657786779945781e+01
2.354958592163164610e+01 2.356441682829725437e+01 2.348901163371874290e+01 2.335548065338407397e+01 2.354069217033558914e+01
2.344350906749501107e+01 2.345912674136543075e+01 2.338395835019342073e+01 2.326313992485104265e+01 2.343488878803048436e+01
2.333758237484059350e+01 2.335396838528673769e+01 2.327909170265228767e+01 2.317080013478019751e+01 2.332916881797353525e+01
2.323180601191408101e+01 2.324894295875338557e+01 2.317441193108201603e+01 2.307846128331391000e+01 2.322353330809472638e+01
2.312618014666777100e+01 2.314405160159289565e+01 2.306991927787482055e+01 2.298612337059477539e+01 2.311798326038174878e+01
2.302070494710755000e+01 2.303929539885130495e+01 2.296561398785721764e+01 2.289378639676569449e+01 2.301251963387884203e+01
2.291538058160414693e+01 2.293467538458159183e+01 2.286149630831705792e+01 2.280145036196997665e+01 2.290714334748365388e+01
2.281020721917109029e+01 2.283019254535777876e+01 2.275756648902909518e+01 2.270911526635143574e+01 2.280185528255739769e+01
2.270518502971571095e+01 2.272584782353825972e+01 2.265382478227931173e+01 2.261678111005446468e+01 2.269665628536017365e+01
2.260031418426417105e+01 2.262164212029586707e+01 2.255027144288811414e+01 2.252444789322413854e+01 2.259154716932842888e+01
2.249559485516505930e+01 2.251757629843648800e+01 2.244690672823267263e+01 2.243211561600626780e+01 2.248652871721558100e+01
2.239102721627298465e+01 2.241365118502038456e+01 2.234373089826836889e+01 2.233978427854750137e+01 2.238160168307140196e+01
2.228661144311578823e+01 2.230986757380269481e+01 2.224074421554960779e+01 2.224745388099538346e+01 2.227676679410165406e+01
2.218234771304685538e+01 2.220622622750550690e+01 2.213794694524993290e+01 2.215512442349843525e+01 2.217202475242456217e+01
2.207823620538445653e+01 2.210272787993662646e+01 2.203533935518174403e+01 2.206279590620622599e+01 2.206737623670572646e+01
2.197427710153921510e+01 2.199937323796524424e+01 2.193292171581552097e+01 2.197046832926942272e+01 2.196282190368854614e+01
2.187047058513173070e+01 2.189616298336587263e+01 2.183069430029874169e+01 2.187814169283989330e+01 2.185836238963793221e+01
2.176681684210153023e+01 2.179309777453956087e+01 2.172865738447443462e+01 2.178581599707073124e+01 2.175399831169096743e+01
2.166331606080803951e+01 2.169017824812301853e+01 2.162681124689883916e+01 2.169349124211634816e+01 2.164973026912637266e+01
2.155996843212473024e+01 2.158740502049193211e+01 2.152515616885962046e+01 2.160116742813251633e+01 2.154555884456080150e+01
2.145677414952724504e+01 2.148477868916647537e+01 2.142369243439349091e+01 2.150884455527645045e+01 2.144148460507136633e+01
2.135373340917637819e+01 2.138229983413724611e+01 2.132242033030377826e+01 2.141652262370683957e+01 2.133750810325275893e+01
2.125084640999619978e+01 2.127996901909790495e+01 2.122134014617764919e+01 2.132420163358393239e+01 2.123362987821506565e+01
2.114811335374891854e+01 2.117778679259359009e+01 2.112045217440322631e+01 2.123188158506958700e+01 2.112985045652287397e+01
2.104553444510634819e+01 2.107575368910943681e+01 2.101975671018657366e+01 2.113956247832732060e+01 2.102617035308065141e+01
2.094310989171804849e+01 2.097387023009252971e+01 2.091925405156857565e+01 2.104724431352238057e+01 2.092259007197010590e+01
2.084083990427404487e+01 2.087213692490983874e+01 2.081894449944154601e+01 2.095492709082179417e+01 2.081911010724089905e+01
2.073872469656884121e+01 2.077055427174572344e+01 2.071882835756592911e+01 2.086261081039442544e+01 2.071573094365706424e+01
2.063676448556273257e+01 2.066912275844747171e+01 2.061890593258679161e+01 2.077029547241102847e+01 2.061245305740440870e+01
2.053495949144112487e+01 2.056784286332213441e+01 2.051917753405028932e+01 2.067798107704431487e+01 2.050927691676063347e+01
2.043330993767257908e+01 2.046671505588769691e+01 2.041964347441993155e+01 2.058566762446899645e+01 2.040620298272904165e+01
2.033181605106530654e+01 2.036573979757956465e+01 2.032030406909283116e+01 2.049335511486185979e+01 2.030323170964040358e+01
2.023047806182229280e+01 2.026491754241676446e+01 2.022115963641585878e+01 2.040104354840180179e+01 2.020036354572490822e+01
2.012929620359632565e+01 2.016424873763165593e+01 2.012221049770175441e+01 2.030873292526990070e+01 2.009759893365422556e+01
2.002827071354413135e+01 2.006373382426453134e+01 2.002345697724507545e+01 2.021642324564947302e+01 1.999493831105748498e+01
1.992740183237997798e+01 1.996337323772529260e+01 1.992489940233812362e+01 2.012411450972611959e+01 1.989238211101320530e+01
1.982668980442889861e+01 1.986316740832538486e+01 1.982653810328675448e+01 2.003180671768780385e+01 1.978993076251665784e+01
1.972613487767953089e+01 1.976311676178133681e+01 1.972837341342617989e+01 1.993949986972488730e+01 1.968758469092590246e+01
1.962573730383673265e+01 1.966322171969121158e+01 1.963040566913657159e+01 1.984719396603020414e+01 1.958534431838840817e+01
1.952549733837427581e+01 1.956348269998699863e+01 1.953263520985866109e+01 1.975488900679911808e+01 1.948321006424750124e+01
1.942541524058747271e+01 1.946390011736375314e+01 1.943506237810920467e+01 1.966258499222957568e+01 1.938118234543138030e+01
1.932549127364587704e+01 1.936447438368711360e+01 1.933768751949642350e+01 1.957028192252218091e+01 1.927926157682644970e+01
1.922572570464611985e+01 1.926520590838089575e+01 1.924051098273525895e+01 1.947797979788024136e+01 1.917744817163407234e+01
1.912611880466495862e+01 1.916609509879607032e+01 1.914353311966258886e+01 1.938567861850984286e+01 1.907574254171318273e+01
1.902667084881259285e+01 1.906714236056152245e+01 1.904675428525229464e+01 1.929337838461991339e+01 1.897414509791007475e+01
1.892738211628630296e+01 1.896834809791879550e+01 1.895017483763029986e+01 1.920107909642227284e+01 1.887265625037477434e+01
1.882825289042448702e+01 1.886971271404140182e+01 1.885379513808941709e+01 1.910878075413172539e+01 1.877127640886590498e+01
1.872928345876106704e+01 1.877123661133964916e+01 1.875761555110407741e+01 1.901648335796609857e+01 1.867000598304498737e+01
1.863047411308033219e+01 1.867292019175205198e+01 1.866163644434497826e+01 1.892418690814632143e+01 1.856884538276012719e+01
1.853182514947234338e+01 1.857476385702447175e+01 1.856585818869359983e+01 1.883189140489650626e+01 1.846779501832019932e+01
1.843333686838885654e+01 1.847676800897685467e+01 1.847028115825657935e+01 1.873959684844399831e+01 1.836685530076046291e+01
1.833500957469977521e+01 1.837893304975934683e+01 1.837490573037988639e+01 1.864730323901947173e+01 1.826602664209983473e+01
1.823684357775019649e+01 1.828125938209800339e+01 1.827973228566292008e+01 1.855501057685697930e+01 1.816530945559033228e+01
1.813883919141813195e+01 1.818374740953079538e+01 1.818476120797219053e+01 1.846271886219403768e+01 1.806470415595968504e+01
1.804099673417272953e+01 1.808639753663454997e+01 1.808999288445581755e+01 1.837042809527170917e+01 1.796421115964735904e+01
1.794331652913340491e+01 1.798921016924376914e+01 1.799542770555570925e+01 1.827813827633466204e+01 1.786383088503430017e+01
1.784579890412951642e+01 1.789218571466098240e+01 1.790106606502346764e+01 1.818584940563127716e+01 1.776356375266725252e+01
1.774844419176081090e+01 1.779532458186006849e+01 1.780690835993014431e+01 1.809356148341370485e+01 1.766341018547795727e+01
1.765125272945858015e+01 1.769862718168254290e+01 1.771295499068342139e+01 1.800127450993796430e+01 1.756337060899691593e+01
1.755422485954767353e+01 1.760209392702735798e+01 1.761920636103578985e+01 1.790898848546401467e+01 1.746344545156402717e+01
1.745736092930906835e+01 1.750572523303322470e+01 1.752566287810183709e+01 1.781670341025584747e+01 1.736363514453521262e+01
1.736066129104361622e+01 1.740952151725925390e+01 1.743232495236615165e+01 1.772441928458158600e+01 1.726394012248429632e+01
1.726412630213636490e+01 1.731348319985805162e+01 1.733919299769973321e+01 1.763213610871355996e+01 1.716436082340162272e+01
1.716775632512176131e+01 1.721761070374194347e+01 1.724626743136792939e+01 1.753985388292841208e+01 1.706489768889013092e+01
1.707155172774976037e+01 1.712190445474611877e+01 1.715354867404618844e+01 1.744757260750718686e+01 1.696555116435903443e+01
1.697551288305284345e+01 1.702636488178891483e+01 1.706103714982729258e+01 1.735529228273541946e+01 1.686632169921521296e+01
1.687964016941369749e+01 1.693099241702384461e+01 1.696873328623705746e+01 1.726301290890325646e+01 1.676720974705262890e+01
1.678393397063426917e+01 1.683578749599291058e+01 1.687663751424035752e+01 1.717073448630554822e+01 1.666821576583921427e+01
1.668839467600538740e+01 1.674075055777450061e+01 1.678475026825689298e+01 1.707845701524194482e+01 1.656934021810246804e+01
1.659302268037745165e+01 1.664588204512812197e+01 1.669307198616611032e+01 1.698618049601702396e+01 1.647058357111393789e+01
1.649781838423207958e+01 1.655118240463621859e+01 1.660160310932274896e+01 1.689390492894037976e+01 1.637194629707266458e+01
1.640278219375478841e+01 1.645665208684109970e+01 1.651034408256085584e+01 1.680163031432675069e+01 1.627342887328773813e+01
1.630791452090921112e+01 1.636229154638213856e+01 1.641929535420895903e+01 1.670935665249614033e+01 1.617503178236019679e+01
1.621321578351011539e+01 1.626810124212926567e+01 1.632845737609313019e+01 1.661708394377392395e+01 1.607675551236454581e+01
1.611868640530269303e+01 1.617408163731552051e+01 1.623783060355176744e+01 1.652481218849097289e+01 1.597860055703008086e+01
1.602432681603092846e+01 1.608023319966530096e+01 1.614741549543759191e+01 1.643254138698378952e+01 1.588056741592219900e+01
1.593013745152818572e+01 1.598655640152247592e+01 1.605721251413208606e+01 1.634027153959462808e+01 1.578265659462397963e+01
1.583611875378043443e+01 1.589305171997626331e+01 1.596722212554624143e+01 1.624800264667164029e+01 1.568486860491813140e+01
1.574227117102340046e+01 1.579971963698599247e+01 1.587744479913468432e+01 1.615573470856899263e+01 1.558720396496951288e+01
1.564859515780820765e+01 1.570656063950356085e+01 1.578788100789515880e+01 1.606346772564703329e+01 1.548966319950839043e+01
1.555509117509630457e+01 1.561357521959504346e+01 1.569853122838219406e+01 1.597120169827240588e+01 1.539224684001466237e+01
1.546175969033312114e+01 1.552076387456134654e+01 1.560939594070531911e+01 1.587893662681822349e+01 1.529495542490315252e+01
1.536860117753844612e+01 1.542812710705757340e+01 1.552047562854223273e+01 1.578667251166420549e+01 1.519778949971025028e+01
1.527561611738952330e+01 1.533566542521174725e+01 1.543177077913565931e+01 1.569440935319684272e+01 1.510074961728176390e+01
1.518280499730639832e+01 1.524337934274184292e+01 1.534328188330597520e+01 1.560214715180956091e+01 1.500383633796272953e+01
1.509016831154618821e+01 1.515126937907299265e+01 1.525500943544664523e+01 1.550988590790288413e+01 1.490705022978872130e+01
1.499770656128143287e+01 1.505933605945363674e+01 1.516695393353623267e+01 1.541762562188460528e+01 1.481039186867915980e+01
1.490542025470446674e+01 1.496757991507142371e+01 1.507911587913236318e+01 1.532536629416996021e+01 1.471386183863269004e+01
1.481330990710482531e+01 1.487600148316805537e+01 1.499149577738305261e+01 1.523310792518181955e+01 1.461746073192479578e+01
1.472137604097573060e+01 1.478460130715424548e+01 1.490409413701913444e+01 1.514085051535085924e+01 1.452118914930779070e+01
1.462961918609612511e+01 1.469337993672421661e+01 1.481691147036483258e+01 1.504859406511577191e+01 1.442504770021345628e+01
1.453803987963645028e+01 1.460233792797001584e+01 1.472994829332859545e+01 1.495633857492344987e+01 1.432903700295802096e+01
1.444663866624753190e+01 1.451147584349552844e+01 1.464320512541284280e+01 1.486408404522920357e+01 1.423315768495045397e+01
1.435541609816355546e+01 1.442079425253044533e+01 1.455668248970312817e+01 1.477183047649695879e+01 1.413741038290355156e+01
1.426437273530050298e+01 1.433029373104426440e+01 1.447038091287697448e+01 1.467957786919948759e+01 1.404179574304812839e+01
1.417350914535339257e+01 1.423997486186024553e+01 1.438430092519132941e+01 1.458732622381861965e+01 1.394631442135055011e+01
1.408282590390692235e+01 1.414983823476942781e+01 1.429844306049037961e+01 1.449507554084548033e+01 1.385096708373375129e+01
1.399232359452603447e+01 1.405988444664479786e+01 1.421280785619124032e+01 1.440282582078073581e+01 1.375575440630183266e+01
1.390200280887601636e+01 1.397011410155565692e+01 1.412739585329066117e+01 1.431057706413482755e+01 1.366067707556852007e+01
1.381186414681345731e+01 1.388052781088220833e+01 1.404220759634888083e+01 1.421832927142823166e+01 1.356573578868936103e+01
1.372190821650811010e+01 1.379112619343031554e+01 1.395724363349512487e+01 1.412608244319172357e+01 1.347093125369800859e+01
1.363213563453932764e+01 1.370190987554673612e+01 1.387250451640956861e+01 1.403383657996664269e+01 1.337626418974717168e+01
1.354254702601689608e+01 1.361287949123463648e+01 1.378799080032751867e+01 1.394159168230518020e+01 1.328173532735349838e+01
1.345314302468557877e+01 1.352403568226950092e+01 1.370370304401943073e+01 1.384934775077066327e+01 1.318734540864718596e+01
1.336392427304198272e+01 1.343537909831541199e+01 1.361964180979364158e+01 1.375710478593785524e+01 1.309309518762631619e+01
1.327489142245062226e+01 1.334691039704180859e+01 1.353580766347440090e+01 1.366486278839326474e+01 1.299898543041610033e+01
1.318604513325362682e+01 1.325863024424091030e+01 1.345220117440302765e+01 1.357262175873546184e+01 1.290501691553318153e+01
1.309738607489985895e+01 1.317053931394544719e+01 1.336882291541389201e+01 1.348038169757541027e+01 1.281119043415539238e+01
1.300891492604917410e+01 1.308263828854708066e+01 1.328567346283387351e+01 1.338814260553680846e+01 1.271750679039600485e+01
1.292063237470958548e+01 1.299492785891505342e+01 1.320275339645624335e+01 1.329590448325644481e+01 1.262396680158509454e+01
