2.003128131105722520e+00 2.001624423510851791e+00 2.002834557269145499e+00 2.003819331082899780e+00 2.008556479097672653e+00
2.006331846046967904e+00 2.003281299446928898e+00 2.005720431237052903e+00 2.007737349218390754e+00 2.017330528511830146e+00
2.009610810033550798e+00 2.004971494922973552e+00 2.008658605434219258e+00 2.011752464733585377e+00 2.026315746791680361e+00
2.012964788753195844e+00 2.006695916510157662e+00 2.011650127892029349e+00 2.015863242390504517e+00 2.035506080196549217e+00
2.016393656677562873e+00 2.008455516259920692e+00 2.014696116701999440e+00 2.020068396177946202e+00 2.044895824312678467e+00
2.019897395153779751e+00 2.010251293135139061e+00 2.017797762334482936e+00 2.024366779275672545e+00 2.054479620884143376e+00
2.023476094346839282e+00 2.012084295510356835e+00 2.020956331181412047e+00 2.028757406502014415e+00 2.064252450135769301e+00
2.027129955832779107e+00 2.013955624072208739e+00 2.024173169586403365e+00 2.033239449152600020e+00 2.074209630300059004e+00
2.030859295400065268e+00 2.015866434535963148e+00 2.027449707587955618e+00 2.037812229172584644e+00 2.084346815325173630e+00
2.034664545347990128e+00 2.017817940964198531e+00 2.030787463409610805e+00 2.042475222920921762e+00 2.094659993060324243e+00
2.038546257495149394e+00 2.019811420618144560e+00 2.034188045362957276e+00 2.047228063801777687e+00 2.105145484093889241e+00
2.042505106777666946e+00 2.021848216707015755e+00 2.037653159464731800e+00 2.052070545512053368e+00 2.115799941541055773e+00
2.046541894704045905e+00 2.023929742574582136e+00 2.041184614827462607e+00 2.057002623448682677e+00 2.126620351378353924e+00
2.050657554119236448e+00 2.026057485961087590e+00 2.044784328923293426e+00 2.062024418273415538e+00 2.137604033497121581e+00
2.054853153826748269e+00 2.028233014022027714e+00 2.048454334148085199e+00 2.067136221492738457e+00 2.148748643636008371e+00
2.059129903875509537e+00 2.030457978674213404e+00 2.052196784060464019e+00 2.072338499087170050e+00 2.160052176474565488e+00
2.063489161112124215e+00 2.032734121579650832e+00 2.056013960442895083e+00 2.077631893866056512e+00 2.171512969713056407e+00
2.067932436058210310e+00 2.035063281125204515e+00 2.059908281739383451e+00 2.083017233617394215e+00 2.183129708915561906e+00
2.072461399942692406e+00 2.037447397914554426e+00 2.063882311738594932e+00 2.088495537310446348e+00 2.194901433852184169e+00
2.077077892785123669e+00 2.039888523534601816e+00 2.067938769990614212e+00 2.094068022558544850e+00 2.206827546520052863e+00
2.081783931724408010e+00 2.042388827461963263e+00 2.072080541599596426e+00 2.099736108815625002e+00 2.218907821937627034e+00
2.086581721953556290e+00 2.044950606070801591e+00 2.076310687225060736e+00 2.105501433970259573e+00 2.231142412408577691e+00
2.091473668657753304e+00 2.047576293585953167e+00 2.080632459998992712e+00 2.111365869551844909e+00 2.243531875171203005e+00
2.096462382147525005e+00 2.050268469532029680e+00 2.085049306125838164e+00 2.117331498845989035e+00 2.256077154974652554e+00
2.101550706867479246e+00 2.053029874712566372e+00 2.089564903919529648e+00 2.123400690584416051e+00 2.268779651291538801e+00
2.106741707060736601e+00 2.055863416465111726e+00 2.094183144524009776e+00 2.129576022902908594e+00 2.281641170820210895e+00
2.112038725229877567e+00 2.058772193074881685e+00 2.098908195407451771e+00 2.135860410449573088e+00 2.294664027683834373e+00
2.117445350843916163e+00 2.061759494398688997e+00 2.103744469099544379e+00 2.142257010716116739e+00 2.307850990897017063e+00
2.122965487430233278e+00 2.064828837215164636e+00 2.108696697185953095e+00 2.148769340244913284e+00 2.321205382277441664e+00
2.128603343377303947e+00 2.067983962171009882e+00 2.113769905339394573e+00 2.155401232869828654e+00 2.334731056121548409e+00
2.134363471911109311e+00 2.071228879532542866e+00 2.118969479043415927e+00 2.162156901265888997e+00 2.348432473835137646e+00
2.140250801324384167e+00 2.074567864519909488e+00 2.124301167029257531e+00 2.169040945642864759e+00 2.362314721445250676e+00
2.146270649367893579e+00 2.078005511278933959e+00 2.129771123372228292e+00 2.176058394879327285e+00 2.376383569849652044e+00
2.152428790600454445e+00 2.081546730727811489e+00 2.135385950035971980e+00 2.183214737911133518e+00 2.390645532038170984e+00
2.158731447506468726e+00 2.085196816480161086e+00 2.141152711001212960e+00 2.190515961266295442e+00 2.405107905078339936e+00
2.165185403890363958e+00 2.088961442596485529e+00 2.147079023944687304e+00 2.197968611108864767e+00 2.419778885524711320e+00
2.171797963477479776e+00 2.092846744670479708e+00 2.153173038562729680e+00 2.205579812458463795e+00 2.434667579174800256e+00
2.178577126320235369e+00 2.096859320689306916e+00 2.159443588889471854e+00 2.213357384724491617e+00 2.449784198963360637e+00
2.185531504860912300e+00 2.101006327990496025e+00 2.165900130709828453e+00 2.221309829297766658e+00 2.465140012154323212e+00
2.192670578941594783e+00 2.105295492070049956e+00 2.172552964669053566e+00 2.229446514657443146e+00 2.480747646533971285e+00
2.200004573333925517e+00 2.109735220903471653e+00 2.179413132949717724e+00 2.237777627247143908e+00 2.496621116584141653e+00
2.207544713669126857e+00 2.114334628604129573e+00 2.186492707179158224e+00 2.246314445580898322e+00 2.512776027907124732e+00
2.215303279995950891e+00 2.119103667968226912e+00 2.193804686654364122e+00 2.255069232014291991e+00 2.529229755934176982e+00
2.223293753090910485e+00 2.124053180874480251e+00 2.201363234019982684e+00 2.264055594626829482e+00 2.546001632466991182e+00
2.231530930040166449e+00 2.129195046892142784e+00 2.209183801411746639e+00 2.273288512083863289e+00 2.563113213540203272e+00
2.240031097284647998e+00 2.134542281421188736e+00 2.217283253675086829e+00 2.282784573791314831e+00 2.580588609176631909e+00
2.248812252899421438e+00 2.140109192208689226e+00 2.225680020215861976e+00 2.292562167724728983e+00 2.598454723387007004e+00
2.257894251070112990e+00 2.145911513212944044e+00 2.234394282017664324e+00 2.302641699348402238e+00 2.616741756882946301e+00
2.267299166640169616e+00 2.151966675675814678e+00 2.243448209792066717e+00 2.313045904911938955e+00 2.635483662957668560e+00
2.277051543968620972e+00 2.158293997228783123e+00 2.252866137370189037e+00 2.323800225857983293e+00 2.654718512634770988e+00
2.287178728188202115e+00 2.164914948866309530e+00 2.262674925493248779e+00 2.334933121612456919e+00 2.674489383718384961e+00
2.297711397579591974e+00 2.171853433954514578e+00 2.272904254701310744e+00 2.346476639167149880e+00 2.694845003635633063e+00
2.308683845134074986e+00 2.179136186483018101e+00 2.283586929257728215e+00 2.358466990834189314e+00 2.715840636673328312e+00
2.320134819614346533e+00 2.186793214690100573e+00 2.294759410788234533e+00 2.370945029798492865e+00 2.737539118511937097e+00
2.332108108603352381e+00 2.194858250956163381e+00 2.306462207223995087e+00 2.383957356920276549e+00 2.760012056710833939e+00
2.344653357948573547e+00 2.203369427363421895e+00 2.318740405555062445e+00 2.397557167958823232e+00 2.783341321998107354e+00
2.357827050269164282e+00 2.212369999271944554e+00 2.331644384179870855e+00 2.411805411956098766e+00 2.807620739440083835e+00
2.371693690088623185e+00 2.221909081589679147e+00 2.345230520456889067e+00 2.426772199274144448e+00 2.832958042613545224e+00
2.386327198224779789e+00 2.232042888775697342e+00 2.359561995095990738e+00 2.442538527496481038e+00 2.859477114280569054e+00
2.401812586016819573e+00 2.242835885759162817e+00 2.374709670558933006e+00 2.459198360285881346e+00 2.887320501046514387e+00
2.418247923157526014e+00 2.254362235573805773e+00 2.390753114301578108e+00 2.476861106766858889e+00 2.916652139724180248e+00
2.435746626209414067e+00 2.266707572922601610e+00 2.407781731151105831e+00 2.495654563628492362e+00 2.947660122614717437e+00
2.454440114475158197e+00 2.279971133011592599e+00 2.425895950343734064e+00 2.515728370717744689e+00 2.980559256261588352e+00
2.474480801118443818e+00 2.294268242315059769e+00 2.445208427375276994e+00 2.537257935700456102e+00 3.015593073652624412e+00
2.496045323186619758e+00 2.309733187379229502e+00 2.465845187359321677e+00 2.560448795610628103e+00 3.053033682600069465e+00
2.519337762746995057e+00 2.326522450448424095e+00 2.487946581450448669e+00 2.585540976090158427e+00 3.093179028805695729e+00
2.544592576820035479e+00 2.344818203821458003e+00 2.511667905513339516e+00 2.612812875481532071e+00 3.136345852121087407e+00
2.572075981282643919e+00 2.364831775603983832e+00 2.537179116968050430e+00 2.642582822475945115e+00 3.182855148221832575e+00
2.602084987575442820e+00 2.386806624089664819e+00 2.564663611400256116e+00 2.675206738602387446e+00 3.233009346047925003e+00
2.634941653628294578e+00 2.411019478263396909e+00 2.594315309513383294e+00 2.711068244007747374e+00 3.287061399406653539e+00
2.670979836633926574e+00 2.437778135951422342e+00 2.626333349686791774e+00 2.750556666130437922e+00 3.345177339101488290e+00
2.710522754417380664e+00 2.467413951195617461e+00 2.660914103643716722e+00 2.794030521508000131e+00 3.407400822133198393e+00
2.753848870486293343e+00 2.500264571189308782e+00 2.698239724994337063e+00 2.841764926157335225e+00 3.473630064130378337e+00
2.801149241066880791e+00 2.536645612659198523e+00 2.738463624522492257e+00 2.893891922778755621e+00 3.543617058459178182e+00
2.852484513953693401e+00 2.576810243108851761e+00 2.781694732381628121e+00 2.950351464426429260e+00 3.616992545173027818e+00
2.907755215599269860e+00 2.620901247016063973e+00 2.827981742888443950e+00 3.010875422322254025e+00 3.693310488035844497e+00
2.966699425146241964e+00 2.668908514520079933e+00 2.877301229614728673e+00 3.075019039474209404e+00 3.772098572559613228e+00
3.028922794846545141e+00 2.720648349089106244e+00 2.929552898735772182e+00 3.142228575803774238e+00 3.852901843082324529e+00
3.093951390453258732e+00 2.775777372465792148e+00 2.984563737400634853e+00 3.211922398105730547e+00 3.935311948016060768e+00
3.161291467444558023e+00 2.833839683115347174e+00 3.042101590160769753e+00 3.283557136623739048e+00 4.018981151230417659e+00
3.230478135284762242e+00 2.894330989472748250e+00 3.101894381045666282e+00 3.356666504909596505e+00 4.103624417398024526e+00
3.301105280349081905e+00 2.956758471369482777e+00 3.163651977375345759e+00 3.430873970165988496e+00 4.189014253774782759e+00
3.372837078669716604e+00 3.020681996179332085e+00 3.227086095619186690e+00 3.505888063964237578e+00 4.274972223137623040e+00
3.445406555715615493e+00 3.085733645442424233e+00 3.291925657202162014e+00 3.581489421378630134e+00 4.361359733797177896e+00
3.518607187436364470e+00 3.151619931865158986e+00 3.357926565241950989e+00 3.657515781024898605e+00 4.448069581723493648e+00
3.592282064814336984e+00 3.218114669716880982e+00 3.424876332350454522e+00 3.733848233797800287e+00 4.535018751275712745e+00
3.666313279565216909e+00 3.285047307606695277e+00 3.492594757673725514e+00 3.810399945229212548e+00 4.622142664672674428e+00
3.740612736131471383e+00 3.352291125969894203e+00 3.560932010773378842e+00 3.887107348080967473e+00 4.709390642997114185e+00
3.815114731272151172e+00 3.419752744023533353e+00 3.629765328155710069e+00 3.963923775585219911e+00 4.796722564906892750e+00
3.889770200798037703e+00 3.487363677759893754e+00 3.698995179307667858e+00 4.040814643787642879e+00 4.884106238453002291e+00
3.964542372947946536e+00 3.555073751549745253e+00 3.768541456406471646e+00 4.117754070009751466e+00 4.971515483782953382e+00
4.039403536529735383e+00 3.622846185736610103e+00 3.838339988959313054e+00 4.194722438381986329e+00 5.058928700471457596e+00
4.114332657968794216e+00 3.690653957795162921e+00 3.908339512895796286e+00 4.271704667175170833e+00 5.146327792837429804e+00
4.189313637943249624e+00 3.758477161802260547e+00 3.978499127788181600e+00 4.348688975938657997e+00 5.233697378096131558e+00
4.264334019499986361e+00 3.826301064622496195e+00 4.048786195385316589e+00 4.425665985878913133e+00 5.321024175782083532e+00
4.339384051124103969e+00 3.894114697208352460e+00 4.119174631814514598e+00 4.502628089345467544e+00 5.408296564834279785e+00
4.414456025398663996e+00 3.961909884210593980e+00 4.189643574876344978e+00 4.579569023058392752e+00 5.495504251988622357e+00
4.489543753065766474e+00 4.029680500899636364e+00 4.260176297927996458e+00 4.656483519247352376e+00 5.582638015635069451e+00
4.564642193205705745e+00 4.097421925131545350e+00 4.330759346337984539e+00 4.733367060946671145e+00 5.669689503204566883e+00
4.639747180443076324e+00 4.165130650387110833e+00 4.401381863797432459e+00 4.810215716773636352e+00 5.756651084482956371e+00
4.714855221157230325e+00 4.232804010899685387e+00 4.472035064555166528e+00 4.887026011485033017e+00 5.843515739402433518e+00
4.789963337925211562e+00 4.300439964783626223e+00 4.542711808410486718e+00 4.963794830137109315e+00 5.930276966067971500e+00
4.865068957243118497e+00 4.368036940800838153e+00 4.613406270936736497e+00 5.040519347755092916e+00 6.016928711126190876e+00
4.940169822548865497e+00 4.435593724309160102e+00 4.684113680535906710e+00 5.117196977377038714e+00 6.103465315332925023e+00
5.015263929155556077e+00 4.503109371968298191e+00 4.754830111983458174e+00 5.193825330398506246e+00 6.189881469144944859e+00
5.090349474453562451e+00 4.570583147316515493e+00 4.825552320465354761e+00 5.270402185612627299e+00 6.276172177504392380e+00
5.165424820287203289e+00 4.638014472737718386e+00 4.896277611871194146e+00 5.346925466504765190e+00 6.362332731068165437e+00
5.240488463939356301e+00 4.705402893697887556e+00 4.967003737776383154e+00 5.423393223271554042e+00 6.448358682658749785e+00
5.315539015307080284e+00 4.772748051169361183e+00 5.037728813755498969e+00 5.499803618556559748e+00 6.534245827729708189e+00
5.390575178548870028e+00 4.840049660640304729e+00 5.108451250676044886e+00 5.576154916636268055e+00 6.619990187788360458e+00
5.465595739029321720e+00 4.907307495204300096e+00 5.179169699496871893e+00 5.652445474125857849e+00 6.705587996402937456e+00
5.540599553271637667e+00 4.974521373823323600e+00 5.249883009954130486e+00 5.728673732383037454e+00 6.791035686700720220e+00
5.615585540231689876e+00 5.041691152644911078e+00 5.320590197525091547e+00 5.804838211876049314e+00 6.876329880753858426e+00
5.690552673908106485e+00 5.108816717703381194e+00 5.391290414872841552e+00 5.880937507487731253e+00 6.961467380474275046e+00
5.765499977630851092e+00 5.175897978753276618e+00 5.461982927376010544e+00 5.956970284189261555e+00 7.046445159387861423e+00
5.840426519763600055e+00 5.242934864538242756e+00 5.532667093922253976e+00 6.032935273191237791e+00 7.131260355005242246e+00
5.915331410168070292e+00 5.309927319388568989e+00 5.603342352238523283e+00 6.108831268627667122e+00 7.215910261651606206e+00
5.990213797269920093e+00 5.376875300673703784e+00 5.674008206863748960e+00 6.184657124771975489e+00 7.300392324033609270e+00
6.065072865057532070e+00 5.443778776723068979e+00 5.744664219491122381e+00 6.260411753561538006e+00 7.384704131445216646e+00
6.139907831312834574e+00 5.510637725153051392e+00 5.815309998708857009e+00 6.336094122332036171e+00 7.468843412304145168e+00
6.214717944940160166e+00 5.577452131113768807e+00 5.885945195146951470e+00 6.411703251801871950e+00 7.552808029028817316e+00
6.289502484997846921e+00 5.644221986154271953e+00 5.956569491360576230e+00 6.487238213790729624e+00 7.636595973053890596e+00
6.364260759568090009e+00 5.710947287997650612e+00 6.027182601237311310e+00 6.562698129806280534e+00 7.720205360249302373e+00
6.438992103703316872e+00 5.777628038273024735e+00 6.097784265941352366e+00 6.638082168697005514e+00 7.803634425869756086e+00
6.513695879181766735e+00 5.844264244111888829e+00 6.168374247391864351e+00 6.713389545674826486e+00 7.886881521667795880e+00
6.588371472917304850e+00 5.910855916030522295e+00 6.238952329958788567e+00 6.788619520577328537e+00 7.969945109923538773e+00
6.663018296187464884e+00 5.977403068395880759e+00 6.309518314958821428e+00 6.863771396184247031e+00 8.052823761785264267e+00
6.737635783683018076e+00 6.043905718689362772e+00 6.380072019330166988e+00 6.938844517371967946e+00 8.135516151920109351e+00
6.812223392205334349e+00 6.110363887307133091e+00 6.450613274859462898e+00 7.013838269201485787e+00 8.218021055767657401e+00
6.886780601636966814e+00 6.176777597329790481e+00 6.521141921922950502e+00 7.088752075989850354e+00 8.300337345885422380e+00
6.961306910901996048e+00 6.243146873658748319e+00 6.591657819280202446e+00 7.163585400063078978e+00 8.382463988365408625e+00
7.035801841684901525e+00 6.309471744761994572e+00 6.662160826426581473e+00 7.238337740201725268e+00 8.464400040349296717e+00
7.110264933870983128e+00 6.375752239468726934e+00 6.732650816318001219e+00 7.313008630306385705e+00 8.546144644740543583e+00
7.184695747037304514e+00 6.441988389265709714e+00 6.803127672968632744e+00 7.387597640065862059e+00 8.627697031025949315e+00
7.259093860380049890e+00 6.508180228214301977e+00 6.873591280684702376e+00 7.462104370442046886e+00 8.709056508097219762e+00
7.333458870113357619e+00 6.574327790481143019e+00 6.944041540332586138e+00 7.536528455528666903e+00 8.790222462257126779e+00
7.407790391151005238e+00 6.640431113753074044e+00 7.014478352284165830e+00 7.610869561634928004e+00 8.871194360172562909e+00
7.482088054931781862e+00 6.706490235979169157e+00 7.084901626644339423e+00 7.685127383094489062e+00 8.951971735931275376e+00
7.556351509833087121e+00 6.772505197050011638e+00 7.155311279361466603e+00 7.759301645688235993e+00 9.032554197685465525e+00
7.630580420294633903e+00 6.838476038512908417e+00 7.225707231032107103e+00 7.833392102611749230e+00 9.112941421884146465e+00
7.704774466431949520e+00 6.904402803021702617e+00 7.296089407812405447e+00 7.907398534095311682e+00 9.193133148102162977e+00
7.778933343764084185e+00 6.970285534559081952e+00 7.366457740203681936e+00 7.981320748399138409e+00 9.273129183030052403e+00
7.853056762329885032e+00 7.036124278329993764e+00 7.436812163728508729e+00 8.055158578204025588e+00 9.352929391347272414e+00
7.927144447649376424e+00 7.101919080688720243e+00 7.507152617451014365e+00 8.128911881621558422e+00 9.432533697827016894e+00
8.001196138052693030e+00 7.167669989117403162e+00 7.577479045304949423e+00 8.202580541155292337e+00 9.511942084618445037e+00
8.075211585416086635e+00 7.233377052024093423e+00 7.647791396190579682e+00 8.276164461915955783e+00 9.591154586751338584e+00
8.149190555353197141e+00 7.299040319284228140e+00 7.718089619981876481e+00 8.349663572351822438e+00 9.670171294219711555e+00
8.223132828138043138e+00 7.364659841332903412e+00 7.788373669763906548e+00 8.423077822268506765e+00 9.748992345733551446e+00
8.297038193213506219e+00 7.430235669451667135e+00 7.858643506403871548e+00 8.496407182347407883e+00 9.827617929188207313e+00
8.370906452739305337e+00 7.495767855682768044e+00 7.928899092795084869e+00 8.569651644686798520e+00 9.906048281072873607e+00
8.444737422819573069e+00 7.561256454302868413e+00 7.999140390244867227e+00 8.642811220038710829e+00 9.984283680755199342e+00
8.518530931068294620e+00 7.626701518774072319e+00 8.069367363809636373e+00 8.715885938743388905e+00 1.006232445309927215e+01
8.592286813511936572e+00 7.692103103662053520e+00 8.139579989337132560e+00 8.788875849984352229e+00 1.014017096413162378e+01
8.666004917773545202e+00 7.757461264193132422e+00 8.209778239439744496e+00 8.861781020035044421e+00 1.021782361952597640e+01
8.739685105086094197e+00 7.822776057959369922e+00 8.279962087734419995e+00 8.934601533179749921e+00 1.029528286546886484e+01
8.813327244381927272e+00 7.888047541247312999e+00 8.350131511331980505e+00 9.007337490016087855e+00 1.037254918345355037e+01
8.886931214389965916e+00 7.953275771589275678e+00 8.420286496342033189e+00 9.079989007094814824e+00 1.044962309181696192e+01
8.960496903882162911e+00 8.018460807148816372e+00 8.490427024643166121e+00 9.152556217189918186e+00 1.052650514335782539e+01
9.034024212919893770e+00 8.083602707625445305e+00 8.560553082134752856e+00 9.225039267397850296e+00 1.060319592275054390e+01
9.107513048474622508e+00 8.148701532177186735e+00 8.630664657319067956e+00 9.297438319654272476e+00 1.067969604811189477e+01
9.180963327057137136e+00 8.213757340892282599e+00 8.700761742206941207e+00 9.369753550152687183e+00 1.075600616619622230e+01
9.254374974014870858e+00 8.278770194412894412e+00 8.770844329594615019e+00 9.441985148061787569e+00 1.083212695355952704e+01
9.327747923683565645e+00 8.343740154109987373e+00 8.840912414908284944e+00 9.514133316209063551e+00 1.090805911530484273e+01
9.401082117485682232e+00 8.408667281574389918e+00 8.910965995549204877e+00 9.586198269702599362e+00 1.098380338193861760e+01
9.474377504986307486e+00 8.473551638953757958e+00 8.981005070531224987e+00 9.658180235675878578e+00 1.105936051110719731e+01
9.547634044014611021e+00 8.538393288840570250e+00 9.051029641171769669e+00 9.730079453571670811e+00 1.113473128393278699e+01
9.620851699854354067e+00 8.603192294272664853e+00 9.121039710396647848e+00 9.801896173517606670e+00 1.120991650509823145e+01
9.694030444246351408e+00 8.667948718635066996e+00 9.191035282995880351e+00 9.873630656825451268e+00 1.128491700267787579e+01
9.767170256118209437e+00 8.732662625690078784e+00 9.261016365635049041e+00 9.945283175514321172e+00 1.135973362494378769e+01
9.840271122477364685e+00 8.797334079583288613e+00 9.330982966145739965e+00 1.001685401128673902e+01 1.143436724164903140e+01
9.913333035887481159e+00 8.861963144912856194e+00 9.400935094011233062e+00 1.008834345606716454e+01 1.150881874183886922e+01
9.986355995233518357e+00 8.926549886404069767e+00 9.470872760819737834e+00 1.015975181092450264e+01 1.158308903279679392e+01
1.005934000577968135e+01 8.991094369131582553e+00 9.540795979781227842e+00 1.023107938587592258e+01 1.165717904072243805e+01
1.013228508019512653e+01 9.055596658519466047e+00 9.610704764814986589e+00 1.030232650008917616e+01 1.173108970763862757e+01
1.020519123542704598e+01 9.120056820409937259e+00 9.680599131534130208e+00 1.037349348062462973e+01 1.180482199292033840e+01
1.027805849459629073e+01 9.184474920646563234e+00 9.750479097503559345e+00 1.044458066282435560e+01 1.187837687141992404e+01
1.035088688657812384e+01 9.248851025396135128e+00 9.820344681405089204e+00 1.051558838993721068e+01 1.195175533111511790e+01
1.042367644623002398e+01 9.313185201116253253e+00 9.890195903002148015e+00 1.058651701230413522e+01 1.202495837357353103e+01
1.049642721267326628e+01 9.377477514563521410e+00 9.960032783490877506e+00 1.065736688781035646e+01 1.209798701744987959e+01
1.056913923037149772e+01 9.441728032530548376e+00 1.002985534545317492e+01 1.072813838101017225e+01 1.217084229120643180e+01
1.064181254911777508e+01 9.505936822057655888e+00 1.009966361257181866e+01 1.079883186303658249e+01 1.224352523291164552e+01
1.071444722350017997e+01 9.570103950399817094e+00 1.016945760971235835e+01 1.086944771201196325e+01 1.231603689183251582e+01
1.078704331223055135e+01 9.634229485003011462e+00 1.023923736288801045e+01 1.093998631131117172e+01 1.238837833581829351e+01
1.085960087864114954e+01 9.698313493392044293e+00 1.030900289919183344e+01 1.101044805016421435e+01 1.246055063493714599e+01
1.093211999107825427e+01 9.762356043256154692e+00 1.037875424678298231e+01 1.108083332336030757e+01 1.253255486864132884e+01
1.100460072154152691e+01 9.826357202446112993e+00 1.044849143482688447e+01 1.115114253303344505e+01 1.260439212528958564e+01
1.107704314604880835e+01 9.890317038937203264e+00 1.051821449348803839e+01 1.122137608362688432e+01 1.267606351046431534e+01
1.114944734464668663e+01 9.954235620762117875e+00 1.058792345406314261e+01 1.129153438509761287e+01 1.274757012717771154e+01
1.122181340207314904e+01 1.001811301606257310e+01 1.065761834853785572e+01 1.136161785196679297e+01 1.281891308872952884e+01
1.129414140576049697e+01 1.008194929311866872e+01 1.072729920985407226e+01 1.143162690661985081e+01 1.289009351531644043e+01
1.136643144703221076e+01 1.014574452028110940e+01 1.079696607189519497e+01 1.150156197131798486e+01 1.296111253821469944e+01
1.143868362085762591e+01 1.020949876591479821e+01 1.086661896960267448e+01 1.157142347363530277e+01 1.303197128867021881e+01
1.151089802603508438e+01 1.027321209845975147e+01 1.093625793840628724e+01 1.164121184486180383e+01 1.310267090516178001e+01
1.158307476393576962e+01 1.033688458647377573e+01 1.100588301463662155e+01 1.171092752326182662e+01 1.317321253163797756e+01
1.165521393931142669e+01 1.040051629853262760e+01 1.107549423549428980e+01 1.178057094666484872e+01 1.324359731910647042e+01
1.172731566029802330e+01 1.046410730320337024e+01 1.114509163900795841e+01 1.185014255747033296e+01 1.331382641925607757e+01
1.179938003803648527e+01 1.052765766909711154e+01 1.121467526374393664e+01 1.191964280113253061e+01 1.338390098862387667e+01
1.187140718618404200e+01 1.059116746490678018e+01 1.128424514904092391e+01 1.198907212827413815e+01 1.345382218809102071e+01
1.194339722129766557e+01 1.065463675930291387e+01 1.135380133499304378e+01 1.205843098993215179e+01 1.352359118327493093e+01
1.201535026310057930e+01 1.071806562093950888e+01 1.142334386234385235e+01 1.212771984060183073e+01 1.359320913956240773e+01
1.208726643354786390e+01 1.078145411848081636e+01 1.149287277241281124e+01 1.219693913728459478e+01 1.366267722566530018e+01
1.215914585707969842e+01 1.084480232064121630e+01 1.156238810715879595e+01 1.226608934072078583e+01 1.373199661396485460e+01
1.223098866063092771e+01 1.090811029608010507e+01 1.163188990921103816e+01 1.233517091253625075e+01 1.380116847945711811e+01
1.230279497402271360e+01 1.097137811343000457e+01 1.170137822172135245e+01 1.240418431681611544e+01 1.387019399616754356e+01
1.237456492873231007e+01 1.103460584130490751e+01 1.177085308837842881e+01 1.247313001964490198e+01 1.393907434026267644e+01
1.244629865861809570e+01 1.109779354833473342e+01 1.184031455341180461e+01 1.254200849023072273e+01 1.400781069088820452e+01
1.251799629977135453e+01 1.116094130307175902e+01 1.190976266170104658e+01 1.261082019835679979e+01 1.407640422761285492e+01
1.258965799063760826e+01 1.122404917402847069e+01 1.197919745848875372e+01 1.267956561561552498e+01 1.414485612907648715e+01
1.266128387118758170e+01 1.128711722967248576e+01 1.204861898952588106e+01 1.274824521516758757e+01 1.421316757484465221e+01
1.273287408344791238e+01 1.135014553847625862e+01 1.211802730103559611e+01 1.281685947285503424e+01 1.428133974653403016e+01
1.280442877151712544e+01 1.141313416879955867e+01 1.218742243983713713e+01 1.288540886478636160e+01 1.434937382443546383e+01
1.287594808130690005e+01 1.147608318895297685e+01 1.225680445301108001e+01 1.295389386832226641e+01 1.441727098807551855e+01
1.294743216020126297e+01 1.153899266718236305e+01 1.232617338811029306e+01 1.302231496205777006e+01 1.448503241674185915e+01
1.301888115733041218e+01 1.160186267172502106e+01 1.239552929310934992e+01 1.309067262666885689e+01 1.455265929101573086e+01
1.309029522376192745e+01 1.166469327067889594e+01 1.246487221646669319e+01 1.315896734303815307e+01 1.462015278872852164e+01
1.316167451185088311e+01 1.172748453208613739e+01 1.253420220689164744e+01 1.322719959280654045e+01 1.468751408690839177e+01
1.323301917541904160e+01 1.179023652390899102e+01 1.260351931349688748e+01 1.329536985854217512e+01 1.475474436143574586e+01
1.330432936976622749e+01 1.185294931407578822e+01 1.267282358577152124e+01 1.336347862427311206e+01 1.482184478895196911e+01
1.337560525193283567e+01 1.191562297037164875e+01 1.274211507358503503e+01 1.343152637421914974e+01 1.488881654212973693e+01
1.344684697987491084e+01 1.197825756051022239e+01 1.281139382705338647e+01 1.349951359296412967e+01 1.495566079270378168e+01
1.351805471295193506e+01 1.204085315211423968e+01 1.288065989662946187e+01 1.356744076571423285e+01 1.502237871072105158e+01
1.358922861182555764e+01 1.210340981274741878e+01 1.294991333310273873e+01 1.363530837866229639e+01 1.508897146597818661e+01
1.366036883854000195e+01 1.216592760983117572e+01 1.301915418756075660e+01 1.370311691809722987e+01 1.515544022409192593e+01
1.373147555597791403e+01 1.222840661070001822e+01 1.308838251131801123e+01 1.377086687034326751e+01 1.522178614914973416e+01
1.380254892820783752e+01 1.229084688258801350e+01 1.315759835597076410e+01 1.383855872207795379e+01 1.528801040323539340e+01
1.387358912049578130e+01 1.235324849265137459e+01 1.322680177342287600e+01 1.390619296060851262e+01 1.535411414713224509e+01
1.394459629913580834e+01 1.241561150790184520e+01 1.329599281580005155e+01 1.397377007321288467e+01 1.542009853751501858e+01
1.401557063122259272e+01 1.247793599525200392e+01 1.336517153543528558e+01 1.404129054691365752e+01 1.548596472896037568e+01
1.408651228483418372e+01 1.254022202150610532e+01 1.343433798489639663e+01 1.410875486886309105e+01 1.555171387376577563e+01
1.415742142916355917e+01 1.260246965337606007e+01 1.350349221703450375e+01 1.417616352656025924e+01 1.561734712201438668e+01
1.422829823408194905e+01 1.266467895742584560e+01 1.357263428484846912e+01 1.424351700736162840e+01 1.568286561980170291e+01
1.429914287025924580e+01 1.272685000011068901e+01 1.364176424153452416e+01 1.431081579811145588e+01 1.574827051062839267e+01
1.436995550917407805e+01 1.278898284777102212e+01 1.371088214048084986e+01 1.437806038560393418e+01 1.581356293549628589e+01
1.444073632329403623e+01 1.285107756664243261e+01 1.377998803533004235e+01 1.444525125670567789e+01 1.587874403245102961e+01
1.451148548551656781e+01 1.291313422281039713e+01 1.384908197981194711e+01 1.451238889804306886e+01 1.594381493563254182e+01
1.458220316950185946e+01 1.297515288224362351e+01 1.391816402784508533e+01 1.457947379554630096e+01 1.600877677618613504e+01
1.465288954960434786e+01 1.303713361079052291e+01 1.398723423350728723e+01 1.464650643492574922e+01 1.607363068260958983e+01
