9.946130517809387284e-01 1.031373900374911390e+00 1.036162013975311158e+00 1.103567248674838241e+00 1.066675035360968860e+00
9.892768413423748131e-01 1.061906564744311554e+00 1.071683038379907416e+00 1.206447196797059807e+00 1.132297895260945708e+00
9.839873221456726382e-01 1.091615497223417997e+00 1.106590672225505667e+00 1.308661906170999645e+00 1.196876505363361431e+00
9.787406402304374975e-01 1.120516531300392193e+00 1.140910513354007616e+00 1.410232242205903264e+00 1.260418155437822429e+00
9.735331342688994249e-01 1.148624107965072083e+00 1.174666469905565336e+00 1.511177899922067525e+00 1.322929473390704658e+00
9.683613090542566582e-01 1.175951327530508239e+00 1.207880805453100725e+00 1.611517507490479506e+00 1.384416512019058576e+00
9.632218268433263564e-01 1.202510115565736060e+00 1.240574317363194012e+00 1.711268706527427907e+00 1.444884837857472126e+00
9.581115183303861027e-01 1.228311382874596180e+00 1.272766495737858605e+00 1.810448214562547564e+00 1.504339572907833489e+00
9.530273704557332692e-01 1.253365124751770310e+00 1.304475622266697776e+00 1.909071866988960586e+00 1.562785440382133961e+00
9.479665146321427649e-01 1.277680494244386233e+00 1.335718849774223838e+00 2.007154657399619069e+00 1.620226819996608114e+00
9.429262180593631637e-01 1.301265891124659513e+00 1.366512297992660052e+00 2.104710788165801816e+00 1.676667800725662794e+00
9.379038779740695997e-01 1.324129044060448956e+00 1.396871139725067934e+00 2.201753678784832413e+00 1.732112227993820142e+00
9.328970175694776268e-01 1.346277075667274170e+00 1.426809669090185695e+00 2.298296016814999732e+00 1.786563743947059635e+00
9.279032774185637100e-01 1.367716557841565539e+00 1.456341359979208550e+00 2.394349750689614087e+00 1.840025824430276735e+00
9.229204166781964647e-01 1.388453568316450282e+00 1.485478926362943319e+00 2.489926125894489584e+00 1.892501818405146752e+00
9.179462976717124301e-01 1.408493727174148225e+00 1.514234356233367995e+00 2.585035702257651113e+00 1.943994981177689096e+00
9.129788812381842700e-01 1.427842250890613451e+00 1.542618966961131433e+00 2.679688343991307509e+00 1.994508510511241894e+00
9.080162257709946116e-01 1.446503965260403035e+00 1.570643429582901929e+00 2.773893227251818416e+00 2.044045575363936162e+00
9.030564764124268118e-01 1.464483374192161236e+00 1.598317813584720914e+00 2.867658806766325341e+00 2.092609314843114188e+00
8.980978596034457917e-01 1.481784685015644198e+00 1.625651627509180575e+00 2.960992824378709365e+00 2.140202905457664340e+00
8.931386792501287974e-01 1.498411831707644026e+00 1.652653823876674144e+00 3.053902258147478399e+00 2.186829573472387711e+00
8.881773113662070340e-01 1.514368510580731630e+00 1.679332833814374482e+00 3.146393303113344864e+00 2.232492609435592801e+00
8.832121922343072473e-01 1.529658190332167544e+00 1.705696564602855236e+00 3.238471341531359737e+00 2.277195384876057993e+00
8.782418306456970525e-01 1.544284144520750024e+00 1.731752420941645942e+00 3.330140878259079784e+00 2.320941365326914863e+00
8.732647724976050352e-01 1.558249470922717927e+00 1.757507314143730515e+00 3.421405489537478584e+00 2.363734125268920128e+00
8.682796388815082755e-01 1.571557115622118195e+00 1.782967668229899605e+00 3.512267767010468056e+00 2.405577367068023165e+00
8.632850671097972439e-01 1.584209892709061318e+00 1.808139420661081020e+00 3.602729213239955097e+00 2.446474929944350230e+00
8.582797561661400509e-01 1.596210504821925502e+00 1.833028019425746891e+00 3.692790177144074981e+00 2.486430793474181833e+00
8.532624207051725529e-01 1.607561558823819015e+00 1.857638420142683211e+00 3.782449745408355213e+00 2.525449099587771862e+00
8.482318095982829265e-01 1.618265582458858320e+00 1.881975068203279866e+00 3.871705619506697005e+00 2.563534132239664309e+00
8.431866920775971108e-01 1.628325042120144506e+00 1.906041887136407542e+00 3.960554017726956033e+00 2.600690360102607457e+00
8.381258524452058767e-01 1.637742357385221004e+00 1.929842262123394159e+00 4.048989518597780446e+00 2.636922391264208798e+00
8.330480871887591121e-01 1.646519917526147347e+00 1.953379012271251991e+00 4.137004909695826349e+00 2.672235022502268631e+00
8.279522004500702304e-01 1.654660095284755883e+00 1.976654362186899716e+00 4.224591055938264006e+00 2.706633193357885325e+00
8.228369954586471913e-01 1.662165264631771944e+00 1.999669910330626577e+00 4.311736691945599276e+00 2.740122021488310189e+00
8.177012711214253216e-01 1.669037810628560159e+00 2.022426588363649635e+00 4.398428248217463477e+00 2.772706772685699761e+00
8.125438164614285919e-01 1.675280147765850991e+00 2.044924612316790569e+00 4.484649680052955389e+00 2.804392876473341900e+00
8.073634009057210070e-01 1.680894731804111641e+00 2.067163431090759840e+00 4.570382223548357992e+00 2.835185908620946993e+00
8.021587738693358727e-01 1.685884069961998577e+00 2.089141673832084933e+00 4.655604210488626826e+00 2.865091594594728619e+00
7.969286524661153281e-01 1.690250741579975235e+00 2.110857074277526113e+00 4.740290847838101840e+00 2.894115795178329176e+00
7.916717204169231303e-01 1.693997400642828222e+00 2.132306399618791648e+00 4.824413983326484967e+00 2.922264504994464662e+00
7.863866175514027113e-01 1.697126799281793774e+00 2.153485374251439932e+00 4.907941904580445325e+00 2.949543838132942852e+00
7.810719363591622777e-01 1.699641791462606299e+00 2.174388582469254594e+00 4.990839109369507476e+00 2.975960023084702755e+00
7.757262123032678813e-01 1.701545352291827129e+00 2.195009368786876358e+00 5.073066116331209408e+00 3.001519389955667361e+00
7.703479189625995760e-01 1.702840585638949689e+00 2.215339733062182237e+00 5.154579263742236961e+00 3.026228361012179402e+00
7.649354589873519350e-01 1.703530740282032330e+00 2.235370213915591986e+00 5.235330549144016743e+00 3.050093440459374250e+00
7.594871562580026714e-01 1.703619218176641192e+00 2.255089753914619521e+00 5.315267521119587890e+00 3.073121200739201253e+00
7.540012497423353999e-01 1.703109590104563198e+00 2.274485565752251137e+00 5.394333118907736591e+00 3.095318274489788024e+00
7.484758807525989655e-01 1.702005603999893202e+00 2.293542995413760277e+00 5.472465692698977868e+00 3.116691337446771293e+00
7.429090914597973327e-01 1.700311198350477504e+00 2.312245357128766887e+00 5.549599022071753929e+00 3.137247101992038711e+00
7.372988710827916847e-01 1.698030552236748925e+00 2.330573871058540636e+00 5.625663281060829135e+00 3.156992410188150799e+00
9.252206003740920393e-01 2.016455714616017580e+00 2.923360082288419370e+00 6.625060901759574072e+00 3.611572244860387304e+00
1.107000827444835300e+00 2.326951043706323219e+00 3.509640550381130542e+00 7.611843161420575932e+00 4.056635537575311368e+00
1.283229709553030506e+00 2.629910357865950843e+00 4.089898178401965012e+00 8.585431286887079239e+00 4.492443027016401302e+00
1.454354746330162484e+00 2.925618633982370209e+00 4.664341305100403012e+00 9.545148785884210341e+00 4.919221293822288565e+00
1.620719993915715973e+00 3.214291228013403057e+00 5.232993748696972425e+00 1.049024289445545044e+01 5.337169288220217744e+00
1.782592444713153590e+00 3.496096309683851544e+00 5.795745098546393415e+00 1.141990129236533669e+01 5.746462219104295777e+00
1.940179699545544478e+00 3.771169383114602258e+00 6.352380238425526571e+00 1.233326612737852379e+01 6.147255703790579950e+00
2.093642425493564385e+00 4.039622654321710193e+00 6.902597023272631027e+00 1.322944834743930365e+01 6.539688412764833814e+00
2.243103947578478863e+00 4.301551447276031226e+00 7.446019778559330504e+00 1.410753998775622620e+01 6.923883901400968099e+00
2.388656340388058297e+00 4.557039006008353432e+00 7.982205078439426060e+00 1.496662545729571114e+01 7.299952932523900984e+00
2.530365839919722415e+00 4.806159492572708913e+00 8.510647990646855732e+00 1.580579514313768463e+01 7.667995014391752129e+00
2.668276800082356015e+00 5.048980400711634786e+00 9.030787415944466545e+00 1.662415819842959053e+01 8.028099331768970615e+00
2.802414566162995335e+00 5.285564489423408396e+00 9.542009523331259402e+00 1.742085365990693546e+01 8.380345793846185387e+00
2.932788011596783040e+00 5.515971224850097165e+00 1.004365185217598011e+01 1.819506226274609517e+01 8.724806036126144804e+00
3.059391674545778095e+00 5.740257813558946154e+00 1.053500791746363063e+01 1.894601842920588197e+01 9.061544205416677045e+00
3.182207512419330531e+00 5.958480008930004956e+00 1.101533266924294985e+01 1.967302127553749358e+01 9.390617640625231743e+00
3.301206456146213331e+00 6.170692837067977443e+00 1.148384904912000515e+01 2.037544465140110006e+01 9.712077379830068580e+00
3.416349938348680393e+00 6.376951231998516434e+00 1.193975572952885500e+01 2.105274625913533626e+01 1.002596869716577821e+01
3.527591493085932228e+00 6.577310535518698487e+00 1.238223623303092502e+01 2.170447562504745775e+01 1.033233163230085339e+01
3.634878441625920775e+00 6.771826879528894061e+00 1.281046958647673151e+01 2.233028058032508056e+01 1.063120150171903688e+01
3.738153682365805253e+00 6.960557494126529576e+00 1.322364249069451958e+01 2.292991211440340038e+01 1.092260938130219472e+01
3.837357633650479105e+00 7.143560982726941511e+00 1.362096283318578394e+01 2.350322752956869721e+01 1.120658258188753642e+01
3.932430376689969531e+00 7.320897562659503421e+00 1.400167428046301410e+01 2.405019183868519050e+01 1.148314513046159391e+01
4.023314005938771309e+00 7.492629256360384460e+00 1.436507160467327537e+01 2.457087741643191237e+01 1.175231827095647574e+01
4.109955133653989456e+00 7.658820037145484427e+00 1.471051629007352624e+01 2.506546183009638895e+01 1.201412101632078411e+01
4.192307481271908998e+00 7.819535941198604512e+00 1.503745184970668802e+01 2.553422404850696736e+01 1.226857073202794624e+01
4.270334438420469780e+00 7.974845152607404231e+00 1.534541820132059975e+01 2.597753924455329511e+01 1.251568376393544391e+01
4.344011458349790189e+00 8.124818061692115734e+00 1.563406442426255971e+01 2.639587218130317936e+01 1.275547607959729923e+01
4.413328202889013063e+00 8.269527295650474841e+00 1.590315924498107414e+01 2.678976955555683404e+01 1.298796399617599739e+01
4.478290085231655837e+00 8.409047722759328991e+00 1.615259867377944758e+01 2.715985150716542762e+01 1.321316494299477284e+01
4.538919336917948577e+00 8.543456432817031043e+00 1.638241047282071605e+01 2.750680251604415361e+01 1.343109826949567243e+01
4.595255451730674068e+00 8.672832696045819745e+00 1.659275493172224714e+01 2.783136192931387853e+01 1.364178609897821559e+01
4.647354426154817197e+00 8.797257656883406440e+00 1.678392106331109090e+01 2.813431054771406181e+01 1.384525398195229329e+01
4.591638186442644098e+00 8.760953268743545408e+00 1.673189523392371214e+01 2.811290233973168995e+01 1.380393696157731753e+01
4.535765728256751395e+00 8.724202850798574715e+00 1.667810003682286535e+01 2.808953861882508463e+01 1.376202775878625140e+01
4.479751262510407450e+00 8.687014353468820005e+00 1.662260167580662440e+01 2.806430060134513838e+01 1.371953198680079922e+01
4.423607606614297083e+00 8.649396702218789201e+00 1.656547153038371079e+01 2.803727566620004907e+01 1.367645417166750299e+01
4.367350283623304463e+00 8.611359007980842861e+00 1.650678816147770078e+01 2.800855146774869908e+01 1.363279970587503520e+01
4.310994782568007722e+00 8.572910542738911843e+00 1.644663556618975164e+01 2.797821519911866162e+01 1.358857490170517757e+01
4.254557771557897716e+00 8.534060733538650467e+00 1.638510155823492909e+01 2.794635305140132786e+01 1.354378702084931341e+01
4.198056096584712904e+00 8.494819143938835637e+00 1.632227616920638269e+01 2.791304967560243000e+01 1.349844430524616534e+01
4.141506816592606555e+00 8.455195445498855378e+00 1.625825033762590976e+01 2.787838768836719439e+01 1.345255599119486156e+01
4.084927189079996523e+00 8.415199399338863628e+00 1.619311455558484525e+01 2.784244734080269978e+01 1.340613230174262505e+01
4.028334484103178958e+00 8.374840838949120680e+00 1.612695756784708934e+01 2.780530620814252885e+01 1.335918441690924396e+01
3.971745825676861408e+00 8.334129651534880168e+00 1.605986545274909005e+01 2.776703893923970767e+01 1.331172443000245487e+01
3.915178145656951436e+00 8.293075756227775486e+00 1.599192097613358321e+01 2.772771713295492191e+01 1.326376528603135263e+01
3.858648150775031205e+00 8.251689082972765377e+00 1.592320302851756786e+01 2.768740920845134568e+01 1.321532070756753363e+01
3.802172280147667838e+00 8.209979553298561328e+00 1.585378616482041814e+01 2.764618030843948304e+01 1.316640510909467388e+01
3.745766662333166241e+00 8.167957062044550298e+00 1.578374032096863822e+01 2.760409227143662392e+01 1.311703349595030232e+01
3.689447087955334492e+00 8.125631459590390904e+00 1.571313069249231908e+01 2.756120364844301207e+01 1.306722138242446718e+01
3.633229005982906656e+00 8.083012526657851637e+00 1.564201773011957464e+01 2.751756975304103392e+01 1.301698469825085880e+01
3.577127526243654820e+00 8.040109984192529424e+00 1.557045719946910545e+01 2.747324273093142111e+01 1.296633965238214792e+01
3.521157420530181881e+00 7.996933450604907456e+00 1.549850030531728429e+01 2.742827164556747732e+01 1.291530265115733656e+01
3.465333126371198613e+00 7.953492440804247998e+00 1.542619387646332285e+01 2.738270256977307326e+01 1.286389018049420940e+01
3.409668756719398619e+00 7.909796339359271400e+00 1.535358059203135106e+01 2.733657869589834988e+01 1.281211877824420142e+01
3.354178113365137825e+00 7.865854398488417054e+00 1.528069922917983625e+01 2.728994046061199796e+01 1.276000493908115274e+01
3.298874701021329070e+00 7.821675729433529511e+00 1.520758492204051215e+01 2.724282567382892850e+01 1.270756502598408311e+01
3.243771741507742057e+00 7.777269291556967445e+00 1.513426942684524334e+01 2.719526964997358931e+01 1.265481520351603706e+01
3.188882188939653695e+00 7.732643884476743779e+00 1.506078138624217111e+01 2.714730533881320795e+01 1.260177139232390253e+01
3.134218744712963911e+00 7.687808136836655315e+00 1.498714658921016074e+01 2.709896345674222218e+01 1.254844923066845830e+01
3.079793873116377423e+00 7.642770500826496338e+00 1.491338822050922275e+01 2.705027261272307371e+01 1.249486403436138637e+01
3.025619816640301440e+00 7.597539251652060344e+00 1.483952709283498450e+01 2.700125944141549894e+01 1.244103076289579768e+01
2.971708610376951665e+00 7.552122469144737060e+00 1.476558187813271950e+01 2.695194871517334434e+01 1.238696399333269760e+01
2.918072096639277468e+00 7.506528061166965138e+00 1.469156930728902921e+01 2.690236347930920502e+01 1.233267790402657482e+01
2.864721937269693708e+00 7.460763719761105861e+00 1.461750435847732277e+01 2.685252514401684110e+01 1.227818625261257779e+01
2.811669626685743051e+00 7.414836967165899573e+00 1.454340043470972077e+01 2.680245361561824069e+01 1.222350238670498790e+01
2.758926502670759007e+00 7.368755113866941819e+00 1.446926953650982561e+01 2.675216737802754352e+01 1.216863921923287783e+01
2.706503757386948816e+00 7.322525287208996758e+00 1.439512239182523068e+01 2.670168360197938284e+01 1.211360924239435910e+01
2.654412447116396567e+00 7.276154420548106572e+00 1.432096859636668285e+01 2.665101823847242812e+01 1.205842452415032540e+01
2.602663501721265593e+00 7.229649253494955019e+00 1.424681673824359152e+01 2.660018608317873401e+01 1.200309670696961817e+01
2.551267731372371284e+00 7.183016340819555978e+00 1.417267450439982035e+01 2.654920089990891441e+01 1.194763701957742263e+01
2.500235833725410028e+00 7.136262045640125784e+00 1.409854877275623508e+01 2.649807544134687731e+01 1.189205628299555251e+01
2.449578400626112540e+00 7.089392549468454874e+00 1.402444570358242082e+01 2.644682157807902811e+01 1.183636491491317067e+01
2.399305921757736382e+00 7.042413848623064077e+00 1.395037082415896457e+01 2.639545030939871495e+01 1.178057294732962568e+01
2.349428788802853774e+00 6.995331764610154934e+00 1.387632909002864778e+01 2.634397187458890244e+01 1.172469003230369111e+01
2.299957298811879269e+00 6.948151939465547322e+00 1.380232495104460710e+01 2.629239576874847728e+01 1.166872545437976427e+01
2.250901655800197521e+00 6.900879850384598946e+00 1.372836240807396457e+01 2.624073082729616857e+01 1.161268814333530131e+01
2.202271971141947837e+00 6.853520802517838462e+00 1.365444506639056854e+01 2.618898525653315446e+01 1.155658668444553960e+01
2.154078263585801789e+00 6.806079944826315398e+00 1.358057617306136677e+01 2.613716668447968772e+01 1.150042933128215417e+01
2.106330459055415272e+00 6.758562264849047985e+00 1.350675866038487172e+01 2.608528221331731700e+01 1.144422401779939058e+01
2.059038386937646070e+00 6.710972600870610094e+00 1.343299518304180573e+01 2.603333843578894502e+01 1.138797836993160750e+01
2.012211777445702232e+00 6.663315641435557879e+00 1.335928814680096366e+01 2.598134150452667157e+01 1.133169971811185128e+01
1.965860258112017256e+00 6.615595933237882420e+00 1.328563973631028006e+01 2.592929712959069732e+01 1.127539510840124315e+01
1.919993347675705841e+00 6.567817884139907747e+00 1.321205194050485332e+01 2.587721064392804848e+01 1.121907131448382877e+01
1.874620449889426776e+00 6.519985768873603149e+00 1.313852657673331592e+01 2.582508700286237513e+01 1.116273484827484097e+01
1.829750846671602149e+00 6.472103733408840043e+00 1.306506530680647948e+01 2.577293083488771330e+01 1.110639197081436791e+01
1.785393690106773734e+00 6.424175799865659897e+00 1.299166965600933921e+01 2.572074644846926006e+01 1.105004870339901046e+01
1.741557992335473148e+00 6.376205871437923278e+00 1.291834102899072967e+01 2.566853786613641475e+01 1.099371083679489836e+01
1.698252615745449834e+00 6.328197736771661752e+00 1.284508072347568941e+01 2.561630884175680833e+01 1.093738394181200313e+01
1.655486261444135021e+00 6.280155074842148188e+00 1.277188994108553821e+01 2.556406287614909090e+01 1.088107337872859048e+01
1.613267457524520720e+00 6.232081459551929825e+00 1.269876979637890280e+01 2.551180324628757390e+01 1.082478430584731299e+01
1.571604547867075929e+00 6.183980363669031810e+00 1.262572133670576235e+01 2.545953300640983841e+01 1.076852168914892971e+01
1.530505673527196020e+00 6.135855164221579727e+00 1.255274553124659676e+01 2.540725502029942717e+01 1.071229031008275889e+01
1.489978770078975723e+00 6.087709145137203848e+00 1.247984331018416526e+01 2.535497195949418270e+01 1.065609477354961143e+01
1.450031530661718415e+00 6.039545503493884304e+00 1.240701553170652360e+01 2.530268633054670957e+01 1.059993951648282717e+01
1.410671418306831626e+00 5.991367351218530146e+00 1.233426302838191013e+01 2.525040047571216917e+01 1.054382881431647334e+01
1.371905616525420646e+00 5.943177721608603470e+00 1.226158657800998775e+01 2.519811659286964556e+01 1.048776678835214327e+01
1.333741043228921841e+00 5.894979570545906711e+00 1.218898693034648950e+01 2.514583674040897776e+01 1.043175741283216063e+01
1.296184305582730456e+00 5.846775783000347282e+00 1.211646480083493849e+01 2.509356284909999601e+01 1.037580452022747401e+01
1.259241703576338800e+00 5.798569173990003378e+00 1.204402087752062300e+01 2.504129673218729124e+01 1.031991181133938618e+01
1.222919194753626870e+00 5.750362494668527447e+00 1.197165582580751675e+01 2.498904008930128029e+01 1.026408285281693367e+01
1.187222388034552267e+00 5.702158433679380245e+00 1.189937028989329626e+01 2.493679452093075000e+01 1.020832109614916838e+01
1.152156516341420245e+00 5.653959621996276219e+00 1.182716489748222344e+01 2.488456152769008867e+01 1.015262986988509297e+01
1.117726422414017762e+00 5.605768635371038755e+00 1.175504026023049242e+01 2.483234252426357358e+01 1.009701239119127436e+01
1.083936537836820868e+00 5.557587997692452930e+00 1.168299697895811740e+01 2.478013883910564630e+01 1.004147177362771970e+01
1.050790864025940907e+00 5.509420184416395472e+00 1.161103564101995111e+01 2.472795172532211083e+01 9.986011020222303358e+00
1.018292955853623338e+00 5.461267624735419268e+00 1.153915682779914320e+01 2.467578236190626839e+01 9.930633043935355175e+00
9.864459022203686533e-01 5.413132705670411049e+00 1.146736110988360480e+01 2.462363185921890363e+01 9.875340656097709058e+00
9.552523090579957410e-01 5.365017773397883438e+00 1.139564905469948464e+01 2.457150126532463119e+01 9.820136582915349521e+00
9.247142870964926153e-01 5.316925137705261761e+00 1.132402122254522325e+01 2.451939157505445621e+01 9.765023462495712181e+00
8.948334282969890863e-01 5.268857072751374382e+00 1.125247817212751578e+01 2.446730371254002989e+01 9.710003849463479497e+00
8.656108061049210267e-01 5.220815821672265322e+00 1.118102045834269198e+01 2.441523856959556937e+01 9.655080222227333309e+00
8.370469432714570113e-01 5.172803596986724095e+00 1.110964863614148967e+01 2.436319698662823541e+01 9.600254979728681803e+00
8.091418278449910018e-01 5.124822585181706636e+00 1.103836325880197933e+01 2.431117974184277841e+01 9.545530452876832328e+00
7.818948705970668600e-01 5.076874946951764223e+00 1.096716488146695134e+01 2.425918759518328116e+01 9.490908899542235488e+00
7.553049360372546817e-01 5.028962821608851108e+00 1.089605405910118385e+01 2.420722125581006878e+01 9.436392513058105891e+00
7.293702944134334842e-01 4.981088327345445599e+00 1.082503134993931049e+01 2.415528138918324075e+01 9.381983423248216880e+00
7.040886609972316634e-01 4.933253565253197692e+00 1.075409731358615417e+01 2.410336864006717406e+01 9.327683696492915288e+00
6.794571553707013933e-01 4.885460620005805055e+00 1.068325251374394647e+01 2.405148360980058797e+01 9.273495343857668161e+00
6.554723333413974284e-01 4.837711562970453016e+00 1.061249751719877921e+01 2.399962687222448210e+01 9.219420316476615085e+00
6.321301699218644377e-01 4.790008453710548508e+00 1.054183289535311374e+01 2.394779897580742301e+01 9.165460514739189435e+00
6.094260718708365276e-01 4.742353342199128186e+00 1.047125922416428345e+01 2.389600043588857048e+01 9.111617785418479443e+00
5.873548906044826490e-01 4.694748270894481657e+00 1.040077708490580299e+01 2.384423174861051109e+01 9.057893925779703537e+00
5.659109144649572265e-01 4.647195276362812599e+00 1.033038706447480948e+01 2.379249338519704082e+01 9.004290686435233226e+00
5.450879093695688571e-01 4.599696391471350232e+00 1.026008975580869098e+01 2.374078579121821164e+01 8.950809770181553660e+00
5.248790948950300406e-01 4.552253646735968218e+00 1.018988575837179233e+01 2.368910939718328024e+01 8.897452838243886220e+00
5.052772068321886856e-01 4.504869073685792813e+00 1.011977567832119540e+01 2.363746461099473706e+01 8.844221506971461366e+00
4.862744633819734430e-01 4.457544705324806067e+00 1.004976012913856209e+01 2.358585182070434172e+01 8.791117354039585052e+00
4.678626422313815758e-01 4.410282576422086542e+00 9.979839731642279332e+00 2.353427140170664700e+01 8.738141917181883045e+00
4.500330437004941286e-01 4.363084730270002431e+00 9.910015114590715157e+00 2.348272370838405010e+01 8.685296695913510945e+00
4.327765744761873923e-01 4.315953216898194000e+00 9.840286914681589892e+00 2.343120908182801188e+01 8.632583154875520748e+00
4.160837145886201460e-01 4.268890091451896573e+00 9.770655777462401659e+00 2.337972785003282894e+01 8.580002722007536775e+00
3.999445991639464237e-01 4.221897424375854690e+00 9.701122357148133091e+00 2.332828032359815040e+01 8.527556793461954499e+00
3.843489980742211820e-01 4.174977297640070084e+00 9.631687316419670353e+00 2.327686680377023265e+01 8.475246731645832199e+00
3.692863817379957170e-01 4.128131804622713119e+00 9.562351328344107060e+00 2.322548757870652381e+01 8.423073868433846201e+00
3.547459283705604038e-01 4.081363056955027879e+00 9.493115075454158003e+00 2.317414292368010109e+01 8.371039505743580023e+00
3.407165635826416294e-01 4.034673183692594201e+00 9.423979249048841211e+00 2.312283310548536264e+01 8.319144915670396045e+00
3.271869907140174116e-01 3.988064332405605761e+00 9.354944552080112885e+00 2.307155837954847755e+01 8.267391343552771943e+00
3.141457158893487533e-01 3.941538671822038431e+00 9.286011697705854218e+00 2.302031899139477389e+01 8.215780006271778291e+00
3.015810869836216823e-01 3.895098393743224641e+00 9.217181408870454007e+00 2.296911517913562051e+01 8.164312095938750957e+00
2.894813154877647898e-01 3.848745714430643172e+00 9.148454420559277267e+00 2.291794717047913821e+01 8.112988778699168790e+00
2.778345130178345168e-01 3.802482876513205934e+00 9.079831478791557942e+00 2.286681518617371367e+01 8.061811196398329216e+00
2.666287175809756715e-01 3.756312150386578175e+00 9.011313341001342181e+00 2.281571943984360118e+01 8.010780467551676054e+00
2.558519198904699588e-01 3.710235836440167745e+00 8.942900776589203460e+00 2.276466013611108252e+01 7.959897686493583535e+00
2.454920991475362801e-01 3.664256267153315427e+00 8.874594567092621844e+00 2.271363747463047034e+01 7.909163927601946753e+00
2.355372371712339541e-01 3.618375807734816707e+00 8.806395506571657705e+00 2.266265164807285259e+01 7.858580244227823641e+00
2.259753616902722695e-01 3.572596858801731834e+00 8.738304401781652686e+00 2.261170284224021998e+01 7.808147665409199689e+00
2.167945456151828820e-01 3.526921859023185224e+00 8.670322072409454961e+00 2.256079123838786060e+01 7.757867202687124042e+00
2.079829601064654976e-01 3.481353284860321029e+00 8.602449351569026348e+00 2.250991701113801824e+01 7.707739850479668142e+00
1.995288655480326467e-01 3.435893653755830002e+00 8.534687086035154024e+00 2.245908032998400472e+01 7.657766583532841231e+00
1.914206585969642493e-01 3.390545527384676294e+00 8.467036136344972874e+00 2.240828136093497847e+01 7.607948350870025855e+00
1.836468704728801138e-01 3.345311510727719373e+00 8.399497377341411664e+00 2.235752026557977956e+01 7.558286093711612530e+00
1.761961964679282788e-01 3.300194255368103846e+00 8.332071698496440249e+00 2.230679719958883567e+01 7.508780733699246923e+00
1.690575079334832032e-01 3.255196463081052372e+00 8.264760003925887943e+00 2.225611231247062349e+01 7.459433172333225670e+00
1.622198618265152104e-01 3.210320885855566964e+00 8.197563212970827351e+00 2.220546575533909106e+01 7.410244294349850769e+00
1.556725259767738623e-01 3.165570327444632515e+00 8.130482260689904095e+00 2.215485767443896847e+01 7.361214972963054493e+00
1.494049706618193474e-01 3.120947647906505473e+00 8.063518097613942004e+00 2.210428821175346314e+01 7.312346064608559182e+00
1.434069042717456555e-01 3.076455765207215975e+00 7.996671690481234052e+00 2.205375749935693364e+01 7.263638405942985266e+00
1.376682511391515984e-01 3.032097654392845509e+00 7.929944022973304918e+00 2.200326567636496478e+01 7.215092824181882136e+00
1.321791930225721945e-01 2.987876353125982654e+00 7.863336095077601229e+00 2.195281287595760844e+01 7.166710130779971877e+00
1.269301384150398337e-01 2.943794965009028708e+00 7.796848924057403707e+00 2.190239922898249247e+01 7.118491122521657388e+00
1.219117652304163996e-01 2.899856656540941824e+00 7.730483545291024328e+00 2.185202485592886745e+01 7.070436581443400037e+00
1.171149861891019606e-01 2.856064663438669715e+00 7.664241011547964000e+00 2.180168988433788613e+01 7.022547278470783638e+00
1.125309889637462341e-01 2.812422295519172444e+00 7.598122393944766628e+00 2.175139443641942449e+01 6.974823971004272316e+00
1.081512021670618523e-01 2.768932931919262153e+00 7.532128782762361752e+00 2.170113863241894592e+01 6.927267401603935504e+00
1.039673276560141996e-01 2.725600028139208320e+00 7.466261287108249434e+00 2.165092258746479104e+01 6.879878302127487188e+00
9.997131556108150574e-02 2.682427121201929499e+00 7.400521035415478011e+00 2.160074641740748547e+01 6.832657392504005500e+00
9.615537907918449145e-02 2.639417825684430063e+00 7.334909176432780065e+00 2.155061023628112693e+01 6.785605380098830963e+00
9.251198542127440916e-02 2.596575839485594450e+00 7.269426879234085703e+00 2.150051415607190108e+01 6.738722958355723769e+00
8.903385419505135956e-02 2.553904948720667534e+00 7.204075333283042504e+00 2.145045828627563722e+01 6.692010812176295786e+00
8.571395873944240296e-02 2.511409027184289044e+00 7.138855749592733169e+00 2.140044273514946127e+01 6.645469614321235063e+00
8.254551482259689377e-02 2.469092038394641087e+00 7.073769361072876904e+00 2.135046761023004436e+01 6.599100024875082404e+00
7.952198694574894033e-02 2.426958041354345674e+00 7.008817422171060407e+00 2.130053301748257866e+01 6.552902693338789497e+00
7.663707241222769695e-02 2.385011192461687024e+00 6.944001210201718344e+00 2.125063906111953216e+01 6.506878259436057022e+00
7.388470882889539015e-02 2.343255745138309365e+00 6.879322026033481308e+00 2.120078584374855524e+01 6.461027351754872861e+00
7.125905698636825214e-02 2.301696055809439034e+00 6.814781193316530761e+00 2.115097346816595447e+01 6.415350586517495124e+00
6.875450721696120537e-02 2.260336587067998337e+00 6.750380059972294511e+00 2.110120203578867049e+01 6.369848571688964789e+00
6.636566322080088287e-02 2.219181906878919364e+00 6.686119999207077669e+00 2.105147164683270944e+01 6.324521904391552596e+00
6.408734602258576996e-02 2.178236693919892275e+00 6.622002408373092841e+00 2.100178239931092250e+01 6.279371171059803913e+00
6.191457966499026161e-02 2.137505740303297763e+00 6.558028710590221522e+00 2.095213439247336140e+01 6.234396947758204632e+00
5.984259246119151554e-02 2.096993952930359839e+00 6.494200356057758583e+00 2.090252772417150595e+01 6.189599801660135014e+00
5.786680647204975325e-02 2.056706357100127391e+00 6.430518820618375209e+00 2.085296249159646820e+01 6.144980289873759105e+00
5.598283415373969674e-02 2.016648097034879683e+00 6.366985607547190895e+00 2.080343878970619187e+01 6.100538958479140739e+00
5.418647060540258964e-02 1.976824441599593252e+00 6.303602248782434359e+00 2.075395671484436022e+01 6.056276345238599923e+00
5.247368823384222086e-02 1.937240785248268038e+00 6.240370303956822795e+00 2.070451636218825087e+01 6.012192978192036463e+00
5.084063123304637805e-02 1.897902646633102153e+00 6.177291361641421119e+00 2.065511782648334815e+01 5.968289375583530010e+00
