2.023461649277705110e+00 2.010396979719630828e+00 2.021810368707410710e+00 2.007730089758228420e+00 2.003272808645880865e+00
2.047812948254947418e+00 2.021086851432746467e+00 2.044432486227910406e+00 2.015700573037467525e+00 2.007237917879575839e+00
2.072989977287221119e+00 2.032062643636023846e+00 2.067828059774151406e+00 2.023908559021510900e+00 2.011858599685970361e+00
2.098931486102705524e+00 2.043317854367745490e+00 2.091960507913833478e+00 2.032351671907234536e+00 2.017099963672930762e+00
2.125578896016411257e+00 2.054846439678253756e+00 2.116794689174688937e+00 2.041028061036238572e+00 2.022928905611409700e+00
2.152876216645681851e+00 2.066642813704019588e+00 2.142296993268675287e+00 2.049936400718935126e+00 2.029314060175031464e+00
2.180769999314217333e+00 2.078701842771332409e+00 2.168435351839284930e+00 2.059075899073391724e+00 2.036225751460321920e+00
2.209209292531603808e+00 2.091018847079725518e+00 2.195179114314701696e+00 2.068446308550524471e+00 2.043635944159654105e+00
2.238145589468232277e+00 2.103589602021984195e+00 2.222498997739034809e+00 2.078047935604119711e+00 2.051518197052340398e+00
2.267532776403798245e+00 2.116410338850552630e+00 2.250367074261293787e+00 2.087881650184209903e+00 2.059847617749295257e+00
2.297327074241204858e+00 2.129477745823396884e+00 2.278756742682643832e+00 2.097948902113831782e+00 2.068600819078459274e+00
2.327486980638363345e+00 2.142788970442712326e+00 2.307642694374549386e+00 2.108251739533197888e+00 2.077755876303782223e+00
2.357973219792644848e+00 2.156341622556467996e+00 2.337000885710288411e+00 2.118792827831452730e+00 2.087292287390056789e+00
2.388748691761820808e+00 2.170133778213617415e+00 2.366808496375849558e+00 2.129575470858633413e+00 2.097190935196179495e+00
2.419778419382764056e+00 2.184163984418351134e+00 2.397043905531930363e+00 2.140603634451742288e+00 2.107434051320098867e+00
2.451029496789455031e+00 2.198431266947354246e+00 2.427686666939701698e+00 2.151881973658970715e+00 2.118005182231286643e+00
2.482471041036827586e+00 2.212935131268042532e+00 2.458717484764502803e+00 2.163415863790165705e+00 2.128889158293849615e+00
2.514074143970410180e+00 2.227675578960818470e+00 2.490118190292870626e+00 2.175211436359175465e+00 2.140072066100619619e+00
2.545811834104072524e+00 2.242653102536959597e+00 2.521871722641249036e+00 2.187275617340840306e+00 2.151541217600394962e+00
2.577659030050920563e+00 2.257868711136299833e+00 2.553962104289826396e+00 2.199616169849142544e+00 2.163285124506285850e+00
2.609592508624532403e+00 2.273323934575477434e+00 2.586374435377614578e+00 2.212241741875059287e+00 2.175293484407863964e+00
2.641590872157941305e+00 2.289020836299076933e+00 2.619094861379642758e+00 2.225161919363099816e+00 2.187557162422818724e+00
2.673634513257921341e+00 2.304962034117031155e+00 2.652110599136876523e+00 2.238387285164936902e+00 2.200068172658462107e+00
2.705705594139764081e+00 2.321150708854250677e+00 2.685409871985908303e+00 2.251929483444933933e+00 2.212819665588719786e+00
2.737788025325432972e+00 2.337590626890679868e+00 2.718981949655690844e+00 2.265801291508874549e+00 2.225805919507381603e+00
2.769867441943901110e+00 2.354286159348744523e+00 2.752817106480535347e+00 2.280016698667771013e+00 2.239022334472808407e+00
2.801931199258974381e+00 2.371242299532214215e+00 2.786906632754682089e+00 2.294590992711270427e+00 2.252465433666988481e+00
2.833968366574989961e+00 2.388464696744819982e+00 2.821242840888186443e+00 2.309540854963018752e+00 2.266132865621023562e+00
2.865969715796194972e+00 2.405959671800341759e+00 2.855819054095614540e+00 2.324884464279032947e+00 2.280023410912996429e+00
2.897927736085402106e+00 2.423734256503364382e+00 2.890629626783111306e+00 2.340641610526671634e+00 2.294136993912800904e+00
2.929836639870669224e+00 2.441796221023730062e+00 2.925669942144590863e+00 2.356833818448210049e+00 2.308474699818586107e+00
2.961692369373176259e+00 2.460154104893772509e+00 2.960936420921089773e+00 2.373484479882160603e+00 2.323038795952411029e+00
2.993492631663905001e+00 2.478817265113202328e+00 2.996426541436137736e+00 2.390618999621547225e+00 2.337832761854978347e+00
3.025236924332922239e+00 2.497795903424683939e+00 3.032138836445198216e+00 2.408264949386579978e+00 2.352861323488634859e+00
3.056926560211402411e+00 2.517101122529494361e+00 3.068072930967337353e+00 2.426452232090274830e+00 2.368130495028996751e+00
3.088564729800831632e+00 2.536744969453951448e+00 3.104229537235043690e+00 2.445213254909801570e+00 2.383647628526645690e+00
3.120156547940863945e+00 2.556740481488115169e+00 3.140610498683638507e+00 2.464583109326625721e+00 2.399421471506357317e+00
3.151709102174347077e+00 2.577101755975572672e+00 3.177218790908714396e+00 2.484599755377356001e+00 2.415462233030110095e+00
3.183231547561026886e+00 2.597843991057636082e+00 3.214058561407118653e+00 2.505304205654165450e+00 2.431781662142510569e+00
3.214735181221134663e+00 2.618983565360746280e+00 3.251135141296034092e+00 2.526740704573249729e+00 2.448393134560166828e+00
3.246233525884478333e+00 2.640538097462788336e+00 3.288455075006490702e+00 2.548956893741925356e+00 2.465311751648216809e+00
3.277742466324568671e+00 2.662526512105467535e+00 3.326026138442544244e+00 2.572003952788614267e+00 2.482554452261493072e+00
3.309280359204593402e+00 2.684969129518127495e+00 3.363857363241070431e+00 2.595936702376404615e+00 2.500140136107847688e+00
3.340868167029874325e+00 2.707887723651936973e+00 3.401959045895463163e+00 2.620813650323996047e+00 2.518089802370559571e+00
3.372529647546796294e+00 2.731305620427882719e+00 3.440342777361203197e+00 2.646696964827137233e+00 2.536426704117855202e+00
3.404291511701320605e+00 2.755247769697150240e+00 3.479021429406118138e+00 2.673652334462209179e+00 2.555176514885569627e+00
3.436183626171606775e+00 2.779740829196003737e+00 3.518009160182322681e+00 2.701748706345004969e+00 2.574367510561599737e+00
3.468239271733168483e+00 2.804813251754043613e+00 3.557321402390525744e+00 2.731057838082638245e+00 2.594030765491740276e+00
3.500495361456439358e+00 2.830495358838454489e+00 3.596974836945493692e+00 2.761653636372658482e+00 2.614200356679746484e+00
3.532992719763408118e+00 2.856819420866555159e+00 3.636987353047717253e+00 2.793611251300956777e+00 2.634913580910404729e+00
3.565776430094909522e+00 2.883819728503871360e+00 3.677377987554852901e+00 2.827005920116185234e+00 2.656211172902939843e+00
3.598896347396838724e+00 2.911532688834003402e+00 3.718167017503873240e+00 2.861911461162403469e+00 2.678137658795957332e+00
3.632409088379874085e+00 2.939997229963809300e+00 3.759377560596330881e+00 2.898398578227403100e+00 2.700742737294066664e+00
3.666380112530021496e+00 2.969255349771868779e+00 3.801037259450831485e+00 2.936533381032053303e+00 2.724082763356679759e+00
3.700884074853111549e+00 2.999352035300638875e+00 3.843178017216968279e+00 2.976374800236951668e+00 2.748220904810884768e+00
3.736004976567394831e+00 3.030335180438205267e+00 3.885835598546563574e+00 3.017972141811694264e+00 2.773227107615977349e+00
3.771836387004437796e+00 3.062255453587897858e+00 3.929049192395508427e+00 3.061362549772069563e+00 2.799178004136643416e+00
3.808481603655718306e+00 3.095166108769418667e+00 3.972860940241035976e+00 3.106568641433315570e+00 2.826156660622895611e+00
3.846053713076882818e+00 3.129122714343238520e+00 4.017315382355262088e+00 3.153596596405373376e+00 2.854252103040019861e+00
3.884675472583481337e+00 3.164182795089454103e+00 4.062458846343692365e+00 3.202434953611766222e+00 2.883558551844394913e+00
3.924478892157234000e+00 3.200405380604328442e+00 4.108338794300255614e+00 3.253053921663314529e+00 2.914174274149444965e+00
3.965604371857835986e+00 3.237850429364746319e+00 4.155003087787731531e+00 3.305405867316455470e+00 2.946199959474954611e+00
4.008199198850870282e+00 3.276578119910967590e+00 4.202499195451763647e+00 3.359426640208000858e+00 2.979736532399439142e+00
4.052415174778438711e+00 3.316648003074052387e+00 4.250873326728442869e+00 3.415037613643662429e+00 3.014882340825650431e+00
4.098405143240210435e+00 3.358118005246317317e+00 4.300169487696981818e+00 3.472148441795848584e+00 3.051729709829636761e+00
4.146318180706789036e+00 3.401043285821342632e+00 4.350428564622624172e+00 3.530660157208674210e+00 3.090360936067993336e+00
4.196293296997844813e+00 3.445474962404514674e+00 4.401687357587084293e+00 3.590468380377658253e+00 3.130843909340033537e+00
4.248451701693057636e+00 3.491458729316819998e+00 4.453977620367503221e+00 3.651466402892596275e+00 3.173227668161295867e+00
4.302887936724282270e+00 3.539033408704299166e+00 4.507325164725080491e+00 3.713547931113575729e+00 3.217538331025139087e+00
4.359660520841012854e+00 3.588229491086898815e+00 4.561749050497764024e+00 3.776609374281688414e+00 3.263775901610310726e+00
4.418783230867441958e+00 3.639067736817421128e+00 4.617260897501444639e+00 3.840551614532588864e+00 3.311912431131350587e+00
4.480218346646737793e+00 3.691557918643175285e+00 4.673864369236740757e+00 3.905281259048128284e+00 3.361891894850843165e+00
4.543873159096502690e+00 3.745697793818196786e+00 4.731554854188623871e+00 3.970711420968546790e+00 3.413631941339826614e+00
4.609600973240931765e+00 3.801472391388358130e+00 4.790319374692166399e+00 4.036762099035386520e+00 3.467027303554222506e+00
4.677206594585371136e+00 3.858853684138144668e+00 4.850136728421871268e+00 4.103360238152829353e+00 3.521954497217223423e+00
4.746455957033282047e+00 3.917800688616615012e+00 4.910977866960128502e+00 4.170439553973125157e+00 3.578277224496559938e+00
4.817088283938733007e+00 3.978260037145655570e+00 4.972806497381448310e+00 4.237940193863187766e+00 3.635851870542232689e+00
4.888829188359344435e+00 4.040166955301868867e+00 5.035579843571059477e+00 4.305808296274573621e+00 3.694532567847555793e+00
4.961402941981248205e+00 4.103446632607458788e+00 5.099249563586071510e+00 4.373995496928737126e+00 3.754175468772714908e+00
5.034542688930813803e+00 4.168015884877176447e+00 5.163762744256693793e+00 4.442458418052941838e+00 3.814642046367591632e+00
5.107997977795495359e+00 4.233785003858670848e+00 5.229062929224810752e+00 4.511158165793932362e+00 3.875801412111803401e+00
5.181539597552166754e+00 4.300659686275454696e+00 5.295091132430212788e+00 4.580059852351421767e+00 3.937531742083587805e+00
5.254961979636599168e+00 4.368542934349822104e+00 5.361786792692620374e+00 4.649132152617196923e+00 3.999720969952987648e+00
5.328083711951225432e+00 4.437336838436910291e+00 5.429088641336796250e+00 4.718346900017750478e+00 4.062266918903638668e+00
5.400746796996122256e+00 4.506944162718257374e+00 5.496935457657814439e+00 4.787678703358678511e+00 4.125077015623186405e+00
5.472815117123528417e+00 4.577269751292447175e+00 5.565266695291358978e+00 4.857104703862123785e+00 4.188067814237403930e+00
5.544172210701781900e+00 4.648221559570497874e+00 5.634022972009335994e+00 4.926604142776882966e+00 4.251164199327171822e+00
5.614719365590911337e+00 4.719711557603420538e+00 5.703146521140261882e+00 4.996158211968191765e+00 4.314298771618202188e+00
5.684373485962938233e+00 4.791656370848911273e+00 5.772581498245016540e+00 5.065749800265281877e+00 4.377411063722552953e+00
5.753065038137228804e+00 4.863977644388469024e+00 5.842274195480305465e+00 5.135363353282603960e+00 4.440446823587516967e+00
5.820736344331680634e+00 4.936602264311911625e+00 5.912173196782620543e+00 5.204984652881272211e+00 4.503357346369750047e+00
5.887339870833742772e+00 5.009462434970944678e+00 5.982229450076318678e+00 5.274600686119736537e+00 4.566098881563474876e+00
5.952836973324204806e+00 5.082495607359201806e+00 6.052396289147051078e+00 5.344199533982173733e+00 4.628632059196602810e+00
6.017196675483940993e+00 5.155644328161060663e+00 6.122629420134233946e+00 5.413770255800821829e+00 4.690921381048143601e+00
6.080394610199300054e+00 5.228856029986403087e+00 6.192886877558426484e+00 5.483302776179122873e+00 4.752934819967306268e+00
6.142412144919297212e+00 5.302082775711054907e+00 6.263128955041318058e+00 5.552787804466368549e+00 4.814643442582187127e+00
6.203235667108132567e+00 5.375280962494640491e+00 6.333318124194288856e+00 5.622216768931133757e+00 4.876021067555963207e+00
6.262855944611003700e+00 5.448411017845314674e+00 6.403418945464706802e+00 5.691581752422840701e+00 4.937043961219111488e+00
6.321267553173428588e+00 5.521437103456544371e+00 6.473397973359331203e+00 5.760875430387159213e+00 4.997690624711244034e+00
6.378468399016611556e+00 5.594326822621320972e+00 6.543223658601045045e+00 5.830091017657191621e+00 5.057941564382488764e+00
6.434459313301251093e+00 5.667050933700338966e+00 6.612866251453827005e+00 5.899222226816402959e+00 5.117779088952983280e+00
6.489243703684697273e+00 5.739583078422791473e+00 6.682297707213871618e+00 5.968263211398649126e+00 5.177187149342804773e+00
6.542827239904108971e+00 5.811899528953407668e+00 6.751491594875364655e+00 6.037208556929887671e+00 5.236151197223601450e+00
6.595217578947663029e+00 5.883978954070748557e+00 6.820423009847538687e+00 6.106053239300369917e+00 5.294658056387913980e+00
6.646424126903946572e+00 5.955802202400683143e+00 6.889068491020030827e+00 6.174792591030611177e+00 5.352695804671152580e+00
6.696457828654894584e+00 6.027352103296746755e+00 6.957405942133018328e+00 6.243422274114119652e+00 5.410253670464161502e+00
6.745330978764306984e+00 6.098613285392563199e+00 7.025414557970388607e+00 6.311938259531279627e+00 5.467321946585814274e+00
6.793057053266155165e+00 6.169572011815445123e+00 7.093074755193524261e+00 6.380336807854506631e+00 5.523891910581539832e+00
6.839650559690746867e+00 6.240216030696235094e+00 7.160368107447469654e+00 6.448614449466044896e+00 5.579955753262543006e+00
6.885126902469671961e+00 6.310534439072768009e+00 7.227277284484736164e+00 6.516767966658179034e+00 5.635506512265185286e+00
6.929502261551203190e+00 6.380517560739852101e+00 7.293785993933282974e+00 6.584794376174810893e+00 5.690538012514160471e+00
6.972793482756578953e+00 6.450156836501656166e+00 7.359878928387769470e+00 6.652690916518493758e+00 5.745044809728069524e+00
7.015017981044767481e+00 6.519444723445258383e+00 7.425541716803133241e+00 6.720455032701571518e+00 5.799022141598481284e+00
7.056193646385795937e+00 6.588374606165261049e+00 7.490760877403503493e+00 6.788084364397676040e+00 5.852465882832429855e+00
7.096338761480083690e+00 6.656940706093109839e+00 7.555523773844965874e+00 6.855576737227957018e+00 5.905372503131946615e+00
7.135471931517179733e+00 6.725138016092967241e+00 7.619818573121359684e+00 6.922930149262072952e+00 5.957739029197957947e+00
7.173612016612732845e+00 6.792962237067086129e+00 7.683634207378895020e+00 6.990142762732205028e+00 6.009563008665449679e+00
7.210778069231431608e+00 6.860409714635574474e+00 7.746960337467041491e+00 7.057212894548882787e+00 6.060842476000122936e+00
7.246989282649918707e+00 6.927477383077422779e+00 7.809787318421928859e+00 7.124139007312312977e+00 6.111575922128178462e+00
7.282264936353574747e+00 6.994162718533414314e+00 7.872106167510282582e+00 7.190919701132356678e+00 6.161762265464147958e+00
7.316624351075978971e+00 7.060463691960271682e+00 7.933908533394960827e+00 7.257553707311842572e+00 6.211400824502852913e+00
7.350086846598758328e+00 7.126378729468594742e+00 7.995186667183889817e+00 7.324039880503989686e+00 6.260491293349369712e+00
7.382671703737888613e+00 7.191906672438334702e+00 8.055933395195463476e+00 7.390377192470386269e+00 6.309033717871402658e+00
7.414398132741080616e+00 7.257046749056059731e+00 8.116142093791898660e+00 7.456564726411250454e+00 6.357028474543080065e+00
7.445285240896220458e+00 7.321798541120946524e+00 8.175806661884685411e+00 7.522601670630915116e+00 6.404476245274237201e+00
7.475352005156481461e+00 7.386161961145577770e+00 8.234921500393253879e+00 7.588487313080411134e+00 6.451378003794335569e+00
7.504617248891110037e+00 7.450137210839475443e+00 8.293481487214359404e+00 7.654221036590749705e+00 6.497734988416151047e+00
7.533099615254653436e+00 7.513724785733738365e+00 8.351481956242356119e+00 7.719802313706116692e+00 6.543548694787078013e+00
7.560817552186438029e+00 7.576925408886979518e+00 8.408918682136354406e+00 7.785230702004605874e+00 6.588820851323718308e+00
7.587789283883162206e+00 7.639740065705415972e+00 8.465787852038985761e+00 7.850505840217278042e+00 6.633553409216349728e+00
7.614032807467116193e+00 7.702169930938706166e+00 8.522086057395213743e+00 7.915627443729564838e+00 6.677748526704494481e+00
7.639565870988831442e+00 7.764216402670015782e+00 8.577810267776815323e+00 7.980595300643021694e+00 6.721408552224835020e+00
7.664405966442491724e+00 7.825881049284812541e+00 8.632957818688579366e+00 8.045409268382638146e+00 6.764536016007212105e+00
7.688570319506885298e+00 7.887165619978511621e+00 8.687526393335565089e+00 8.110069269929599756e+00 6.807133610868731921e+00
7.712075878733922529e+00 7.948072016832094633e+00 8.741514006049072805e+00 8.174575290384183290e+00 6.849204188398598347e+00
7.734939309778012806e+00 8.008602289628136361e+00 8.794918991308410483e+00 8.238927374107877455e+00 6.890750739355272714e+00
7.757176985571574868e+00 8.068758618692790208e+00 8.847739984053051288e+00 8.303125621478081086e+00 6.931776391898921474e+00
7.778804980169141459e+00 8.128543309653020188e+00 8.899975911726853539e+00 8.367170185925406400e+00 6.972284393744100583e+00
7.799839069390359647e+00 8.187958777971596547e+00 8.951625976649685512e+00 8.431061271466331775e+00 7.012278109458877751e+00
7.820294721118014714e+00 8.247007544957478231e+00 9.002689646106265542e+00 8.494799130299364620e+00 7.051761006615224758e+00
7.840187099152169381e+00 8.305692226118624788e+00 9.053166642785047458e+00 8.558384059267634569e+00 7.090736650513735917e+00
7.859531056307272223e+00 8.364015524848433358e+00 9.103056924959460616e+00 8.621816398803812120e+00 7.129208694806443702e+00
7.878341138782673170e+00 8.421980225577277324e+00 9.152360678893915136e+00 8.685096529735869098e+00 7.167180873496649340e+00
7.896631581664320443e+00 8.479589185169805532e+00 9.201078321492197176e+00 8.748224870561342570e+00 7.204656996111562073e+00
7.914416313270619341e+00 8.536845328721753390e+00 9.249210456844789263e+00 8.811201878229786288e+00 7.241640936955867858e+00
7.931708952518361500e+00 8.593751641079959924e+00 9.296757900506062100e+00 8.874028041429054880e+00 7.278136633711002723e+00
7.948522813959716160e+00 8.650311163328879616e+00 9.343721661822829816e+00 8.936703884701842071e+00 7.314148076313898628e+00
7.964870906056386701e+00 8.706526987997962763e+00 9.390102908217871303e+00 8.999229960725685373e+00 7.349679306074589746e+00
7.980765937416524736e+00 8.762402253350030534e+00 9.435903005694957102e+00 9.061606853523182181e+00 7.384734405977792626e+00
7.996220315652339927e+00 8.817940129556626871e+00 9.481123464654041655e+00 9.123835173523056952e+00 7.419317499282337636e+00
8.011246154513759876e+00 8.873143832756621663e+00 9.525765950428368711e+00 9.185915557632368333e+00 7.453432741691071506e+00
8.025855273520857480e+00 8.928016613264407653e+00 9.569832290405310360e+00 9.247848667442859494e+00 7.487084319076848793e+00
8.040059205313188073e+00 8.982561728492962416e+00 9.613324435089271702e+00 9.309635187133348921e+00 7.520276441694660363e+00
8.053869196303040212e+00 9.036782476665838004e+00 9.656244473660668959e+00 9.371275823515956560e+00 7.553013340785301288e+00
8.067296213797149562e+00 9.090682188587155821e+00 9.698594622474459470e+00 9.432771302732811947e+00 7.585299265001673952e+00
8.080350947650606130e+00 9.144264182757741111e+00 9.740377207867366494e+00 9.494122371615583589e+00 7.617138475658840058e+00
8.093043819089752233e+00 9.197531809068909325e+00 9.781594678643005025e+00 9.555329793700508390e+00 7.648535245272114480e+00
8.105384979291233805e+00 9.250488444754610740e+00 9.822249581921964179e+00 9.616394350708269201e+00 7.679493852102415197e+00
8.117384314789921618e+00 9.303137451022259086e+00 9.862344562640736001e+00 9.677316839609803267e+00 7.710018580894510087e+00
8.129051462227016245e+00 9.355482207305396258e+00 9.901882371259629778e+00 9.738098072540250172e+00 7.740113713834801956e+00
8.140395798246405690e+00 9.407526108242199925e+00 9.940865834030866210e+00 9.798738875849558383e+00 7.769783532697044137e+00
8.151426447805789621e+00 9.459272536580645152e+00 9.979297866261461536e+00 9.859240088437852378e+00 7.799032318527254759e+00
8.162152304539826986e+00 9.510724881089037908e+00 1.001718146575055890e+01 9.919602562050192418e+00 7.827864337095487457e+00
8.172582018421755023e+00 9.561886535445873747e+00 1.005451969522832201e+01 9.979827158979871271e+00 7.856283852767226961e+00
8.182724001167724026e+00 9.612760881277869984e+00 1.009131569458567057e+01 1.003991475290575330e+01 7.884295119400070107e+00
8.192586444825945335e+00 9.663351297965609987e+00 1.012757266437788495e+01 1.009986622644438370e+01 7.911902369689818748e+00
8.202177317892230590e+00 9.713661165763154415e+00 1.016329386307508997e+01 1.015968247190691187e+01 7.939109832926825483e+00
8.211504367174129015e+00 9.763693847051145625e+00 1.019848261288294466e+01 1.021936438958561055e+01 7.965921715799817449e+00
8.220575129210505594e+00 9.813452697231371147e+00 1.023314227999008708e+01 1.027891288753182231e+01 7.992342205757838158e+00
8.229396933166132300e+00 9.862941070985540293e+00 1.026727628210471543e+01 1.033832888107714965e+01 8.018375478181422267e+00
8.237976905228389768e+00 9.912162299630571383e+00 1.030088808484695306e+01 1.039761329162246462e+01 8.044025680973710735e+00
8.246321972391521982e+00 9.961119704300793742e+00 1.033398118864547754e+01 1.045676704697791060e+01 8.069296941968827852e+00
8.254438867378141254e+00 1.000981660151006558e+01 1.036655913751169322e+01 1.051579107973480554e+01 8.094193368754794449e+00
8.262334136977532495e+00 1.005825628313313480e+01 1.039862550798040175e+01 1.057468632791486129e+01 8.118719040199041004e+00
8.270014142258608203e+00 1.010644202759552890e+01 1.043018390557497632e+01 1.063345373333373267e+01 8.142878011698741147e+00
8.277485063579431923e+00 1.015437710345096889e+01 1.046123797108790399e+01 1.069209424207332937e+01 8.166674313258701190e+00
8.284752909312393498e+00 1.020206475527580814e+01 1.049179136453806294e+01 1.075060880345651348e+01 8.190111944156980073e+00
8.291823516019919182e+00 1.024950821111903210e+01 1.052184777137682303e+01 1.080899836980168871e+01 8.213194879083712152e+00
8.298702552416854061e+00 1.029671068471444251e+01 1.055141090049439789e+01 1.086726389620428890e+01 8.235927062826892353e+00
8.305395529160570334e+00 1.034367536654705866e+01 1.058048447387033697e+01 1.092540633968849484e+01 8.258312408290223061e+00
8.311907798168700623e+00 1.039040542748197460e+01 1.060907223302719693e+01 1.098342665949646424e+01 8.280354803659399465e+00
8.318244555092832115e+00 1.043690402177239562e+01 1.063717793199384154e+01 1.104132581599143492e+01 8.302058102338111922e+00
8.324410851476510942e+00 1.048317428008899022e+01 1.066480533365618832e+01 1.109910477148674879e+01 8.323426127159448740e+00
8.330411592321231851e+00 1.052921931131665900e+01 1.069195821503494415e+01 1.115676448834887680e+01 8.344462670923940451e+00
8.336251536824214270e+00 1.057504220606961987e+01 1.071864035551666561e+01 1.121430592938346393e+01 8.365171492264234843e+00
8.341935313373857852e+00 1.062064603128262696e+01 1.074485554124277087e+01 1.127173005863686228e+01 8.385556318146425880e+00
8.347467415272431523e+00 1.066603383051668352e+01 1.077060756426128130e+01 1.132903784002948022e+01 8.405620844279130921e+00
8.352852200121105852e+00 1.071120862746560931e+01 1.079590021447542192e+01 1.138623023583234861e+01 8.425368730780318671e+00
8.358093906563347275e+00 1.075617342234984264e+01 1.082073728456992789e+01 1.144330820830906070e+01 8.444803605866853857e+00
8.363196649034991381e+00 1.080093119099410970e+01 1.084512256548715037e+01 1.150027272164611603e+01 8.463929064424403848e+00
8.368164416279649132e+00 1.084548488796942323e+01 1.086905984300168626e+01 1.155712473554029529e+01 8.482748666046738606e+00
8.373001088488319255e+00 1.088983744447847180e+01 1.089255290235473339e+01 1.161386520931953825e+01 8.501265938354118035e+00
8.377710431958725223e+00 1.093399176679783480e+01 1.091560551938448143e+01 1.167049510298961934e+01 8.519484373943537747e+00
8.382296096898487647e+00 1.097795073897724549e+01 1.093822146380187910e+01 1.172701537384417847e+01 8.537407430721042800e+00
8.386761634413861799e+00 1.102171722170115409e+01 1.096040449896236701e+01 1.178342697683990359e+01 8.555038534261106165e+00
8.391110491139688321e+00 1.106529405044809344e+01 1.098215837577400933e+01 1.183973086580869172e+01 8.572381074132715995e+00
8.395346007450617876e+00 1.110868403790707504e+01 1.100348683632366154e+01 1.189592799360947062e+01 8.589438406116908453e+00
8.399471432037525886e+00 1.115188997348385769e+01 1.102439361111090932e+01 1.195201930945810354e+01 8.606213852788453522e+00
8.403489918693916039e+00 1.119491462123403558e+01 1.104488241614001787e+01 1.200800576071448589e+01 8.622710701146406365e+00
8.407404524039570504e+00 1.123776072214677946e+01 1.106495695649156907e+01 1.206388829329204526e+01 8.638932204613663401e+00
8.411218219513719063e+00 1.128043099410463412e+01 1.108462092033218305e+01 1.211966784966316268e+01 8.654881582955310293e+00
8.414933890713326647e+00 1.132292812969385309e+01 1.110387798078836319e+01 1.217534536974250692e+01 8.670562020960900895e+00
8.418554334431103570e+00 1.136525479833410301e+01 1.112273179638435217e+01 1.223092179110643407e+01 8.685976670240311392e+00
8.422082268278659356e+00 1.140741364652769541e+01 1.114118600638670564e+01 1.228639804878415376e+01 8.701128648485600081e+00
8.425520332283268132e+00 1.144940729577166216e+01 1.115924423460007908e+01 1.234177507410604413e+01 8.716021039147708649e+00
8.428871085453131684e+00 1.149123834442676362e+01 1.117691008654155560e+01 1.239705379559437759e+01 8.730656893029619781e+00
8.432137013198733655e+00 1.153290936813282563e+01 1.119418714578909224e+01 1.245223513976466911e+01 8.745039226869465665e+00
8.435320530819856444e+00 1.157442291797473644e+01 1.121107897582609070e+01 1.250732002872365634e+01 8.759171024150454343e+00
8.438423979786517037e+00 1.161578152205523828e+01 1.122758912453816826e+01 1.256230938165033884e+01 8.773055236001425783e+00
8.441449633240749151e+00 1.165698768601778568e+01 1.124372111868365387e+01 1.261720411492145999e+01 8.786694779925086962e+00
8.444399700947938570e+00 1.169804389146143642e+01 1.125947845638798661e+01 1.267200514150847646e+01 8.800092540993961876e+00
8.447276325433316302e+00 1.173895259727724749e+01 1.127486461500226511e+01 1.272671337053899876e+01 8.813251372176019061e+00
8.450081585877651236e+00 1.177971624024507058e+01 1.128988305729880359e+01 1.278132970792536227e+01 8.826174093643835761e+00
8.452817504156604045e+00 1.182033723364290267e+01 1.130453722442143238e+01 1.283585505666212612e+01 8.838863493826595530e+00
8.455486040922849611e+00 1.186081796841659930e+01 1.131883052289522062e+01 1.289029031547454451e+01 8.851322329446549730e+00
8.458089098175287646e+00 1.190116081380325141e+01 1.133276633937119371e+01 1.294463637970096137e+01 8.863553325312885534e+00
8.460628526082146550e+00 1.194136811613336135e+01 1.134634804272336162e+01 1.299889414151671652e+01 8.875559175231490627e+00
8.463106119078796397e+00 1.198144219985556624e+01 1.135957897971110242e+01 1.305306448917817796e+01 8.887342541781658056e+00
8.465523617353865049e+00 1.202138536813654746e+01 1.137246246315380027e+01 1.310714830716720769e+01 8.898906056553659738e+00
8.467882714184742809e+00 1.206119990189017699e+01 1.138500178466182611e+01 1.316114647644150004e+01 8.910252320908586654e+00
8.470185052125168923e+00 1.210088806066730704e+01 1.139720021411934603e+01 1.321505987448550634e+01 8.921383905536471204e+00
8.472432223627345493e+00 1.214045208312181146e+01 1.140906099791280504e+01 1.326888937466196161e+01 8.932303351132057756e+00
8.474625778637530971e+00 1.217989418644404864e+01 1.142058735153630522e+01 1.332263584667069445e+01 8.943013168780174382e+00
8.476767220946136661e+00 1.221921656694489400e+01 1.143178246694067823e+01 1.337630015689400587e+01 8.953515839778770413e+00
8.478858008137855506e+00 1.225842140050670004e+01 1.144264951230644201e+01 1.342988316749991107e+01 8.963813816251603228e+00
8.480899559236478424e+00 1.229751084230237623e+01 1.145319163130042739e+01 1.348338573694391229e+01 8.973909521413009571e+00
8.482893251269906898e+00 1.233648702716438095e+01 1.146341193775139899e+01 1.353680872004866842e+01 8.983805349598810608e+00
8.484840418707836562e+00 1.237535207002080817e+01 1.147331352062447785e+01 1.359015296793530680e+01 8.993503666884318903e+00
8.486742361001507362e+00 1.241410806580418225e+01 1.148289944417255093e+01 1.364341932767243470e+01 9.003006811146917698e+00
8.488600339389316574e+00 1.245275708969431605e+01 1.149217274769655006e+01 1.369660864261463828e+01 9.012317092212136060e+00
8.490415575953164762e+00 1.249130119752606127e+01 1.150113644054106388e+01 1.374972175262041318e+01 9.021436792281841477e+00
8.492189260943833418e+00 1.252974242582693876e+01 1.150979350665227585e+01 1.380275949340815700e+01 9.030368166348587522e+00
8.493922549836037561e+00 1.256808279199237077e+01 1.151814690544121866e+01 1.385572269699183678e+01 9.039113442490640082e+00
8.495616562114271630e+00 1.260632429470410187e+01 1.152619957209908996e+01 1.390861219173638297e+01 9.047674821535972356e+00
8.497272388299665025e+00 1.264446891397267692e+01 1.153395441046869330e+01 1.396142880219664306e+01 9.056054477898166866e+00
8.498891087208152229e+00 1.268251861126698365e+01 1.154141429959997289e+01 1.401417334904600409e+01 9.064254559865325689e+00
8.500473684810584629e+00 1.272047532984216467e+01 1.154858209396235047e+01 1.406684664925843364e+01 9.072277190652602741e+00
