5.668852658373078945e+00 5.667168123144612046e+00 5.659399093329505526e+00 5.661745467461737569e+00 5.654492642311900852e+00
5.735025907745635365e+00 5.732675118284170424e+00 5.717179646238330193e+00 5.721943699074993894e+00 5.707543331292215250e+00
5.798893825251583145e+00 5.796829651297657371e+00 5.773662103114049593e+00 5.780876547273031463e+00 5.759408198042282656e+00
5.860810112444964304e+00 5.859923077738589114e+00 5.829148769806146824e+00 5.838810052886509894e+00 5.810332601595892932e+00
5.921109606058160502e+00 5.922229751972134082e+00 5.883924900235896871e+00 5.895995480712925563e+00 5.860552328384898146e+00
5.980109042363428884e+00 5.984008220162645664e+00 5.938258983120213941e+00 5.952670284937643608e+00 5.910293332799271937e+00
6.038108104255437425e+00 6.045501993771962290e+00 5.992403995100525016e+00 6.009058996778042783e+00 5.959772192229962684e+00
6.095390383415391078e+00 6.106940149268135443e+00 6.046597901190495783e+00 6.065373905772478480e+00 6.009196480562786213e+00
6.152224135836843466e+00 6.168538042205097938e+00 6.101064214989603940e+00 6.121815738472319524e+00 6.058764908957317452e+00
6.208862997441949361e+00 6.230497970216653414e+00 6.156012672179705270e+00 6.178574280518433604e+00 6.108667531834118591e+00
6.265546774304860733e+00 6.293009758803995268e+00 6.211639835590555769e+00 6.235828945164087145e+00 6.159085990657260368e+00
6.322502177923093214e+00 6.356251307402887463e+00 6.268129644505921583e+00 6.293749282488192875e+00 6.210193734669704035e+00
6.379943471740475935e+00 6.420389088279481626e+00 6.325653967572788083e+00 6.352495446396453360e+00 6.262156210360702246e+00
6.438073152296744261e+00 6.485578715154467488e+00 6.384373024316191803e+00 6.412218670659472153e+00 6.315131059061281249e+00
6.497082483821768228e+00 6.551965455478799605e+00 6.444435843962902588e+00 6.473061675154230699e+00 6.369268315967820726e+00
6.557152052058613734e+00 6.619684656916763998e+00 6.505980864210655135e+00 6.535159026864396203e+00 6.424710532195121893e+00
6.618452316152145798e+00 6.688862149018147463e+00 6.569136349545515507e+00 6.598637487630434784e+00 6.481592939241389573e+00
6.681144108122356151e+00 6.759614643564117564e+00 6.634020789013515440e+00 6.663616348438222481e+00 6.540043684687503855e+00
6.745379116723596802e+00 6.832050124527946799e+00 6.700743291484120512e+00 6.730207752951478994e+00 6.600183932210685889e+00
6.811300330917902990e+00 6.906268212183213961e+00 6.769403944185256705e+00 6.798516957708536701e+00 6.662128046408569482e+00
6.879042453512068001e+00 6.982360553180368079e+00 6.840094156420567728e+00 6.868642582130203067e+00 6.725983714919506085e+00
6.948732284262286285e+00 7.060411040752812006e+00 6.912897057555805524e+00 6.940676854058516199e+00 6.791852056595701015e+00
7.020489097897163688e+00 7.140496387700883574e+00 6.987887819829477820e+00 7.014705838532306004e+00 6.859827762046124100e+00
7.094424969778517998e+00 7.222686059271413050e+00 7.065133979518420482e+00 7.090809615754484874e+00 6.929999194545037433e+00
7.170645112603684979e+00 7.307042749663962056e+00 7.144695739652803468e+00 7.169062552309135583e+00 7.002448520693230094e+00
7.249248162735537626e+00 7.393622542101403461e+00 7.226626247967851135e+00 7.249533379163525915e+00 7.077251800436850537e+00
7.330326464240251028e+00 7.482475248818478697e+00 7.310971872924914017e+00 7.332285407419673717e+00 7.154479130694320510e+00
7.413966307491953067e+00 7.573644600963066686e+00 7.397772471065060529e+00 7.417376614499398002e+00 7.234194699376578441e+00
7.500248156608694927e+00 7.667168514061934559e+00 7.487061630054310690e+00 7.504859815074504503e+00 7.316456889254106422e+00
7.589246857000635949e+00 7.763079250771897755e+00 7.578866945884402462e+00 7.594782774081090260e+00 7.401318449681090428e+00
7.681031819851022568e+00 7.861403612089151061e+00 7.673210206504331055e+00 7.687188324242154813e+00 7.488826344377661037e+00
7.775667185760076094e+00 7.962163147068047842e+00 7.770107686245860457e+00 7.782114453696926226e+00 7.579022174344442142e+00
7.873211954069359031e+00 8.065374312333684514e+00 7.869570261643445974e+00 7.879594386033328846e+00 7.671941895063756789e+00
7.973720101987390230e+00 8.171048643613092466e+00 7.971603704070293617e+00 7.979656655655025688e+00 7.767616147458483056e+00
8.077240672559890200e+00 8.279192925016815252e+00 8.076208808027720565e+00 8.082325177267449590e+00 7.866070216513222135e+00
8.183817852677019999e+00 8.389809339506239638e+00 8.183381612383028525e+00 8.187619296325003404e+00 7.967324069601651182e+00
8.293491001501001492e+00 8.502895605364907183e+00 8.293113589481640346e+00 8.295553845106589108e+00 8.071392525617051561e+00
8.406294674449521054e+00 8.618445119284771749e+00 8.405391790486950399e+00 8.406139183744633314e+00 8.178285211522254627e+00
8.522258614230379337e+00 8.736447090551665795e+00 8.520199071151845160e+00 8.519381241458299669e+00 8.288006715467220786e+00
8.641407725252786776e+00 8.856886657944949448e+00 8.637514193177247890e+00 8.635281538225786591e+00 8.400556584978705388e+00
8.763762007795259379e+00 8.979745017609895186e+00 8.757312051779125639e+00 8.753837214023521440e+00 8.515929427426998544e+00
8.889336470903289822e+00 9.104999543853093513e+00 8.879563765072141734e+00 8.875041050547499921e+00 8.634114963533917830e+00
9.018141022915381555e+00 9.232623896614272851e+00 9.004236884913753514e+00 8.998881489547585488e+00 8.755098077112462462e+00
9.150180334102294921e+00 9.362588133948634095e+00 9.131295495580463495e+00 9.125342647122673512e+00 8.878858903241582112e+00
9.285453678655397169e+00 9.494858822582399327e+00 9.260700393005357967e+00 9.254404330216448926e+00 9.005372892012196928e+00
9.423954733513918214e+00 9.629399139095266236e+00 9.392409205186304177e+00 9.386042051501533479e+00 9.134610855367970572e+00
9.565671373075154804e+00 9.766168974338384601e+00 9.526376548827258262e+00 9.520227043626746877e+00 9.266539075365011868e+00
9.710585432732917965e+00 9.905125037146428113e+00 9.662554167486852919e+00 9.656926276610668936e+00 9.401119371631395438e+00
9.858672464926971912e+00 1.004622095492425871e+01 9.800891042335713621e+00 9.796102478748805353e+00 9.538309202672971665e+00
1.000990145772253648e+01 1.018940737405042718e+01 9.941333559670711750e+00 9.937714159528880487e+00 9.678061731784222133e+00
1.016423456400334047e+01 1.033463206183245831e+01 1.008382560857178412e+01 1.008171563893432854e+01 9.820325953156379128e+00
1.032162679737633937e+01 1.048184000754677037e+01 1.022830873863867041e+01 1.022805708450276896e+01 9.965046766879170903e+00
1.048202575226395439e+01 1.063097352408060381e+01 1.037472226687713217e+01 1.037668455478681473e+01 1.011216511113210181e+01
1.064537131172043161e+01 1.078197235190000747e+01 1.052300342278656409e+01 1.052754004721868242e+01 1.026161806617242078e+01
1.081159538052077096e+01 1.093477376235016685e+01 1.067308746378067674e+01 1.068056156257530631e+01 1.041333897260147978e+01
1.098062163129935875e+01 1.108931266465650189e+01 1.082490780898920590e+01 1.083568317721794649e+01 1.056725759774329987e+01
1.115236528273632111e+01 1.124552171446904580e+01 1.097839616063392221e+01 1.099283512696833043e+01 1.072330022299113850e+01
1.132673290038012759e+01 1.140333142274646860e+01 1.113348262969901370e+01 1.115194389594098823e+01 1.088138985780562251e+01
1.150362227554881045e+01 1.156267026869912229e+01 1.129009586200611004e+01 1.131293233331551384e+01 1.104144634008176062e+01
1.168292234516120054e+01 1.172346481594052925e+01 1.144816315656790096e+01 1.147571977378632191e+01 1.120338654277666812e+01
1.186451319101863255e+01 1.188563983468034735e+01 1.160761059560771713e+01 1.164022217539477744e+01 1.136712453228066444e+01
1.204826608002062471e+01 1.204911840486622587e+01 1.176836315865516802e+01 1.180635226136212346e+01 1.153257173700295546e+01
1.223404365130402915e+01 1.221382206615063915e+01 1.193034485173268600e+01 1.197401969843606828e+01 1.169963717480344734e+01
1.242170016034709867e+01 1.237967091255397634e+01 1.209347882138655095e+01 1.214313127210650833e+01 1.186822759569394670e+01
1.261108182868519201e+01 1.254658373775952995e+01 1.225768748074426995e+01 1.231359108291257520e+01 1.203824774331949143e+01
1.280202727237515070e+01 1.271447817140558456e+01 1.242289262349680712e+01 1.248530074583670846e+01 1.220960051394660617e+01
1.299436806177848958e+01 1.288327078195738729e+01 1.258901554596717531e+01 1.265815962660631122e+01 1.238218720077185253e+01
1.318792939544569265e+01 1.305287726798031223e+01 1.275597716181524355e+01 1.283206506953135317e+01 1.255590771515843507e+01
1.338253082925139203e+01 1.322321252507634526e+01 1.292369811735143870e+01 1.300691264304922967e+01 1.273066078897934794e+01
1.357798711869162922e+01 1.339419085934864206e+01 1.309209890980409874e+01 1.318259639362605817e+01 1.290634422893853284e+01
1.377410909244732728e+01 1.356572605808480780e+01 1.326109999122441785e+01 1.335900911902099075e+01 1.308285511576678317e+01
1.397070469075933019e+01 1.373773159063144256e+01 1.343062189327042333e+01 1.353604263673527619e+01 1.326009005519731510e+01
1.416757995973449091e+01 1.391012070080475738e+01 1.360058531901424672e+01 1.371358806140857034e+01 1.343794539116697351e+01
1.436454011595056279e+01 1.408280658983080613e+01 1.377091126863746595e+01 1.389153608968067921e+01 1.361631744311891268e+01
1.456139061372903498e+01 1.425570252693012030e+01 1.394152112522155029e+01 1.406977728726542409e+01 1.379510272472696109e+01
1.475793824561584344e+01 1.442872201319622683e+01 1.411233677545695464e+01 1.424820237236859910e+01 1.397419817433540956e+01
1.495399218863285284e+01 1.460177891382727822e+01 1.428328069267772449e+01 1.442670250014039546e+01 1.415350136032850692e+01
1.514936502429009302e+01 1.477478759784656681e+01 1.445427604729182214e+01 1.460516954555390257e+01 1.433291071053882604e+01
1.534387371822911028e+01 1.494766308206884808e+01 1.462524679222244472e+01 1.478349637759700919e+01 1.451232569925893401e+01
1.553734054008565479e+01 1.512032116328209064e+01 1.479611775511467542e+01 1.496157712702144238e+01 1.469164705906444190e+01
1.572959387815411425e+01 1.529267854739485699e+01 1.496681473405808660e+01 1.513930744999766453e+01 1.487077697206884430e+01
1.592046899569320573e+01 1.546465299780251179e+01 1.513726456171111323e+01 1.531658477540333685e+01 1.504961922732326407e+01
1.610980867762909341e+01 1.563616342538914239e+01 1.530739521771211464e+01 1.549330854130572277e+01 1.522807944349106180e+01
1.629746383891064454e+01 1.580713006810110777e+01 1.547713586640931815e+01 1.566938041880450072e+01 1.540606516502258927e+01
1.648329392435586627e+01 1.597747453027712972e+01 1.564641697070728021e+01 1.584470452998147572e+01 1.558348607833051425e+01
1.666716729794024943e+01 1.614711999555627742e+01 1.581517032138061651e+01 1.601918763393727119e+01 1.576025409943388844e+01
1.684896150217605282e+01 1.631599121491427340e+01 1.598332913922535248e+01 1.619273930717330146e+01 1.593628353068948478e+01
1.702856346527533660e+01 1.648401474380469978e+01 1.615082810333172603e+01 1.636527210399962584e+01 1.611149118308263084e+01
1.720586954980840844e+01 1.665111890117343663e+01 1.631760343390198287e+01 1.653670171184910842e+01 1.628579643705203850e+01
1.738078556216461124e+01 1.681723398345601694e+01 1.648359292757801953e+01 1.670694706346673897e+01 1.645912141227328718e+01
1.755322668961392196e+01 1.698229225424126554e+01 1.664873601132390846e+01 1.687593045181787943e+01 1.663139095864255879e+01
1.772311737144391230e+01 1.714622807377195812e+01 1.681297379488771782e+01 1.704357761932315185e+01 1.680253280507862002e+01
1.789039110514346831e+01 1.730897796202372874e+01 1.697624908512444719e+01 1.720981784406296455e+01 1.697247755790413493e+01
1.805499017719860078e+01 1.747048062540483926e+01 1.713850646271787426e+01 1.737458397892968520e+01 1.714115877368994489e+01
1.821686539081081335e+01 1.763067709069453670e+01 1.729969226288482886e+01 1.753781250030134231e+01 1.730851301076382498e+01
1.837597573540415752e+01 1.778951063962753665e+01 1.745975465338775834e+01 1.769944353277690752e+01 1.747447979852155697e+01
1.853228804761254978e+01 1.794692699788696544e+01 1.761864360887224024e+01 1.785942086334762280e+01 1.763900172948907041e+01
1.868577661064432860e+01 1.810287419658362396e+01 1.777631097323434162e+01 1.801769192479649817e+01 1.780202438060932479e+01
1.883642277546496047e+01 1.825730279517039278e+01 1.793271043638494788e+01 1.817420778267275949e+01 1.796349637611830374e+01
1.898421455742061781e+01 1.841016569238158240e+01 1.808779757457733695e+01 1.832892310611190823e+01 1.812336933072271350e+01
1.912914622519027219e+01 1.856141835973189913e+01 1.824152983701136677e+01 1.848179612382450543e+01 1.828159783562995955e+01
1.927121788898197252e+01 1.871101863055723058e+01 1.839386655720383956e+01 1.863278856477010947e+01 1.843813945594984816e+01
1.941043511849348135e+01 1.885892690488359946e+01 1.854476895732412345e+01 1.878186559754827556e+01 1.859295464219220761e+01
1.954680851452349444e+01 1.900510598226065540e+01 1.869420012365658224e+01 1.892899576061195788e+01 1.874600674561784075e+01
1.968035332713207453e+01 1.914952115212265937e+01 1.884212503358887503e+01 1.907415087816262300e+01 1.889726191467644156e+01
1.981108906420418236e+01 1.929214013752591939e+01 1.898851050295771259e+01 1.921730597150765973e+01 1.904668908026916085e+01
1.993903912894100117e+01 1.943293306244723695e+01 1.913332521383917495e+01 1.935843916699132095e+01 1.919425987529255906e+01
2.006423046584573555e+01 1.957187247668184327e+01 1.927653965957455640e+01 1.949753159972002692e+01 1.933994856809069418e+01
2.018669322131045618e+01 1.970893324076793363e+01 1.941812615905352501e+01 1.963456730693164687e+01 1.948373201922406395e+01
2.030646041311484851e+01 1.984409259616949228e+01 1.955805880613416647e+01 1.976953312246990890e+01 1.962558957549540750e+01
2.042356762901110301e+01 1.997733000309912299e+01 1.969631346728596100e+01 1.990241856818705912e+01 1.976550302947523363e+01
2.053805273129617959e+01 2.010862722676115411e+01 1.983286773961425453e+01 2.003321574407292971e+01 1.990345651802496718e+01
2.064995558224630656e+01 2.023796815609577493e+01 1.996770092924623441e+01 2.016191921354050720e+01 2.003943646141777890e+01
2.075931778059651478e+01 2.036533888441494966e+01 2.010079402149161609e+01 2.028852589148575802e+01 2.017343147703750006e+01
2.086618242281632263e+01 2.049072752256105900e+01 2.023212963822087218e+01 2.041303493120166124e+01 2.030543229798462335e+01
2.097059387821412813e+01 2.061412426481897597e+01 2.036169202126346889e+01 2.053544761138434183e+01 2.043543170014737242e+01
2.107259757529124755e+01 2.073552124956133724e+01 2.048946697513556714e+01 2.065576722374771279e+01 2.056342441151664246e+01
2.117223980575341002e+01 2.085491254780485804e+01 2.061544185091424453e+01 2.077399896273660573e+01 2.068940703913569124e+01
2.126956755137732458e+01 2.097229406417482878e+01 2.073960548929092340e+01 2.089014981846068153e+01 2.081337798331075817e+01
2.136462830440866512e+01 2.108766348551570502e+01 2.086194819718332738e+01 2.100422846037584534e+01 2.093533736073161577e+01
2.145746991535905934e+01 2.120102023070552733e+01 2.098246169470598232e+01 2.111624515586211004e+01 2.105528692257928824e+01
2.154814042904348526e+01 2.131236535698280932e+01 2.110113908400256832e+01 2.122621163170206415e+01 2.117322997955031028e+01
2.163668797912715291e+01 2.142170152343808454e+01 2.121797480112979173e+01 2.133414101106971472e+01 2.128917131962020548e+01
2.172316066729511874e+01 2.152903289640753925e+01 2.133296457771164256e+01 2.144004767565250802e+01 2.140311713853027342e+01
2.180760644842411722e+01 2.163436510746056030e+01 2.144610539768362756e+01 2.154394721809110536e+01 2.151507495913589807e+01
2.189007305384714996e+01 2.173770517135821478e+01 2.155739545335775631e+01 2.164585630615484746e+01 2.162505356338731843e+01
2.197060788550037458e+01 2.183906142836572428e+01 2.166683410566599122e+01 2.174579263493749437e+01 2.173306292011113783e+01
2.204925794173424691e+01 2.193844347582591681e+01 2.177442183815084320e+01 2.184377481022529821e+01 2.183911411197574992e+01
2.212606975431880940e+01 2.203586210187023653e+01 2.188016021691579738e+01 2.193982229864628763e+01 2.194321927693488306e+01
2.220108929743359027e+01 2.213132922682512316e+01 2.198405184665165990e+01 2.203395532730946726e+01 2.204539153044794020e+01
2.227436195447674905e+01 2.222485783087918776e+01 2.208610032897076181e+01 2.212619481720501113e+01 2.214564491539976387e+01
2.234593242335074947e+01 2.231646190186531697e+01 2.218631022078107051e+01 2.221656230497033491e+01 2.224399432938452392e+01
2.241584475093685569e+01 2.240615636591323678e+01 2.228468699219645899e+01 2.230507988507821082e+01 2.234045547228361883e+01
2.248414220978153111e+01 2.249395703179926898e+01 2.238123698623217805e+01 2.239177013884741285e+01 2.243504478875652097e+01
2.255086735013795618e+01 2.257988053510936055e+01 2.247596737830002667e+01 2.247665607265921039e+01 2.252777940710819138e+01
2.261606189498395025e+01 2.266394427104878062e+01 2.256888613537488908e+01 2.255976106727370833e+01 2.261867710749729099e+01
2.267976679108199889e+01 2.274616635791228347e+01 2.266000197980703135e+01 2.264110881021268540e+01 2.270775622555628814e+01
2.274202211906570525e+01 2.282656555652003760e+01 2.274932434575866580e+01 2.272072326072864001e+01 2.279503565186608327e+01
2.280286714550410920e+01 2.290516125216056409e+01 2.283686334846404975e+01 2.279862857996662484e+01 2.288053477186369022e+01
2.286234024306375190e+01 2.298197336389567624e+01 2.292262974064190217e+01 2.287484910720666065e+01 2.296427334813468946e+01
2.292047894949910614e+01 2.305702234091417324e+01 2.300663488696000769e+01 2.294940929169653998e+01 2.304627165403930888e+01
2.297731989443732203e+01 2.313032906633435815e+01 2.308889070810920785e+01 2.302233367829102306e+01 2.312655021380362186e+01
2.303289886367178241e+01 2.320191486373083833e+01 2.316940967077606217e+01 2.309364684017123182e+01 2.320512989487502864e+01
2.308725073469107869e+01 2.327180140171498124e+01 2.324820475048137070e+01 2.316337337413067132e+01 2.328203191467153488e+01
2.314040953884106955e+01 2.334001069619180058e+01 2.332528935932836234e+01 2.323153783395461858e+01 2.335727764091861403e+01
2.319240841094345029e+01 2.340656504008702044e+01 2.340067738713923262e+01 2.329816473364324736e+01 2.343088871790801875e+01
2.324327964302926830e+01 2.347148697947051588e+01 2.347438310733272004e+01 2.336327848295127652e+01 2.350288695741522105e+01
2.329305464951505300e+01 2.353479927586271714e+01 2.354642115040491746e+01 2.342690339605614369e+01 2.357329428875263133e+01
2.334176401193564487e+01 2.359652485986700654e+01 2.361680655889501423e+01 2.348906363076480019e+01 2.364213282326373999e+01
2.338943745697792664e+01 2.365668681913027172e+01 2.368555463330165622e+01 2.354978320114263823e+01 2.370942470285564951e+01
2.343610389541937522e+01 2.371530833648288095e+01 2.375268098639342895e+01 2.360908592063500322e+01 2.377519215835358324e+01
2.348179140872964510e+01 2.377241269632424192e+01 2.381820153545410435e+01 2.366699541805577311e+01 2.383945747655175396e+01
2.352652728477018229e+01 2.382802321401603507e+01 2.388213239375971497e+01 2.372353508452858506e+01 2.390224291549570879e+01
2.357033801063800382e+01 2.388216325414560615e+01 2.394448992010483224e+01 2.377872809198131066e+01 2.396357078826945397e+01
2.361324930541097089e+01 2.393485615687598056e+01 2.400529068200089711e+01 2.383259734426675536e+01 2.402346334117710924e+01
2.365528611859204133e+01 2.398612526271872269e+01 2.406455138968925311e+01 2.388516549696400659e+01 2.408194277383271853e+01
2.369647265925630464e+01 2.403599384151437235e+01 2.412228894187747485e+01 2.393645491316856777e+01 2.413903126965467649e+01
2.373683239980334037e+01 2.408448511344020559e+01 2.417852035528495946e+01 2.398648768370646067e+01 2.419475087813849257e+01
2.377638810142846282e+01 2.413162219618858018e+01 2.423326274552563930e+01 2.403528558765636447e+01 2.424912358591525319e+01
2.381516182225607281e+01 2.417742810650566554e+01 2.428653337407379809e+01 2.408287011261015564e+01 2.430217127172575076e+01
2.385317493981798620e+01 2.422192573411899374e+01 2.433834953199624351e+01 2.412926241963950247e+01 2.435391566265334617e+01
2.389044816232533108e+01 2.426513782276143161e+01 2.438872858627740570e+01 2.417448336339524317e+01 2.440437839271454123e+01
2.392700154893597642e+01 2.430708696587037210e+01 2.443768798220528993e+01 2.421855346127029662e+01 2.445358090650816507e+01
2.396285452356783097e+01 2.434779557434150377e+01 2.448524515383675038e+01 2.426149291300045263e+01 2.450154450202642309e+01
2.399802589385360818e+01 2.438728588640637795e+01 2.453141757555066249e+01 2.430332157392437153e+01 2.454829032508181541e+01
2.403253386391404334e+01 2.442557992850361970e+01 2.457622273772726018e+01 2.434405897371996730e+01 2.459383930854130895e+01
2.406639605116229674e+01 2.446269953343614389e+01 2.461967809161456344e+01 2.438372429363242588e+01 2.463821222596311245e+01
2.409962950103434665e+01 2.449866629913312011e+01 2.466180109901590711e+01 2.442233638414996832e+01 2.468142964121230420e+01
2.413225070633930613e+01 2.453350161070983759e+01 2.470260917753182994e+01 2.445991374617933545e+01 2.472351190475240301e+01
2.416427562274335017e+01 2.456722660082762744e+01 2.474211968866324440e+01 2.449647455604064561e+01 2.476447918519487601e+01
2.419571968632764580e+01 2.459986218490958620e+01 2.478034997929211514e+01 2.453203663107377608e+01 2.480435140370888902e+01
2.422659782475186674e+01 2.463142900053799167e+01 2.481731729786828566e+01 2.456661744246464352e+01 2.484314827421234284e+01
2.425692447199529056e+01 2.466194741787831290e+01 2.485303883201331487e+01 2.460023415825838100e+01 2.488088928945774114e+01
2.428671358264989877e+01 2.469143758159925284e+01 2.488753171389014796e+01 2.463290356183670937e+01 2.491759369170463145e+01
2.431597865827523464e+01 2.471991934457009066e+01 2.492081295796986851e+01 2.466464209736458812e+01 2.495328051220317178e+01
2.434473274211335081e+01 2.474741224586826860e+01 2.495289950137538071e+01 2.469546593809939239e+01 2.498796852405198621e+01
2.437298843845153229e+01 2.477393559206074869e+01 2.498380819022735011e+01 2.472539086924922813e+01 2.502167626218860619e+01
2.440075794469625237e+01 2.479950845229840795e+01 2.501355574240889013e+01 2.475443234525936376e+01 2.505442203019253000e+01
2.442805303784558291e+01 2.482414951381909773e+01 2.504215878584348332e+01 2.478260553966690694e+01 2.508622386671437354e+01
2.445488509749988992e+01 2.484787721517735548e+01 2.506963382366677351e+01 2.480992527891374877e+01 2.511709957511987668e+01
2.448126513330904785e+01 2.487070978575817648e+01 2.509599722750155237e+01 2.483640606415774243e+01 2.514706670679572298e+01
2.450720377291787599e+01 2.489266506932001377e+01 2.512126526831501394e+01 2.486206210285105911e+01 2.517614255429325709e+01
2.453271128585140559e+01 2.491376064546610181e+01 2.514545406308692321e+01 2.488690728691980425e+01 2.520434417443063069e+01
2.455779760629878794e+01 2.493401386522463170e+01 2.516857960111075343e+01 2.491095519612122189e+01 2.523168835682659505e+01
2.458247232295639861e+01 2.495344172906152025e+01 2.519065774812312597e+01 2.493421911888317055e+01 2.525819164499052150e+01
2.460674470344689979e+01 2.497206096446289791e+01 2.521170421110339532e+01 2.495671204595421955e+01 2.528387033533140738e+01
2.463062371292009090e+01 2.498988801837601770e+01 2.523173456506587797e+01 2.497844667014114250e+01 2.530874046218933771e+01
2.465411799890315336e+01 2.500693904216887020e+01 2.525076424767371108e+01 2.499943540141316944e+01 2.533281781904730323e+01
2.467723592170048263e+01 2.502322989138924214e+01 2.526880853457391751e+01 2.501969036679200187e+01 2.535611794278249675e+01
2.469998557074133316e+01 2.503877615609755125e+01 2.528588256455055472e+01 2.503922340987016426e+01 2.537865611981837688e+01
2.472237474915378286e+01 2.505359315827898925e+01 2.530200132233428434e+01 2.505804610969227397e+01 2.540044739566771170e+01
2.474441100370474445e+01 2.506769590218693367e+01 2.531717963554428863e+01 2.507616978348185555e+01 2.542150655998213082e+01
2.476610163598062897e+01 2.508109912810073894e+01 2.533143219053057038e+01 2.509360547439474587e+01 2.544184816178333719e+01
2.478745368540903371e+01 2.509381732015879862e+01 2.534477350762093906e+01 2.511036397517664298e+01 2.546148650671572256e+01
2.480847396447879660e+01 2.510586466060724931e+01 2.535721795471778961e+01 2.512645583048377418e+01 2.548043565339601813e+01
2.482916906485759512e+01 2.511725506671919206e+01 2.536877975203443469e+01 2.514189133367765194e+01 2.549870942737607393e+01
2.484954534372796786e+01 2.512800221722870830e+01 2.537947295245022872e+01 2.515668053955085171e+01 2.551632140941355331e+01
2.486960895588590859e+01 2.513811949504830778e+01 2.538931145771044839e+01 2.517083326859377479e+01 2.553328494607694665e+01
2.488936585658614931e+01 2.514762002950615383e+01 2.539830901651071571e+01 2.518435910939015443e+01 2.554961315266458399e+01
2.490882178671058611e+01 2.515651669895452613e+01 2.540647921285297883e+01 2.519726742527699415e+01 2.556531890821813491e+01
2.492798230972833551e+01 2.516482212144212838e+01 2.541383547786861641e+01 2.520956735725253139e+01 2.558041486598307301e+01
2.494685280875399158e+01 2.517254866005256986e+01 2.542039108385198176e+01 2.522126783332856093e+01 2.559491345099591797e+01
2.496543847644687375e+01 2.517970843492244271e+01 2.542615914347802786e+01 2.523237757008933713e+01 2.560882686308111644e+01
2.498374434722181192e+01 2.518631332331744943e+01 2.543115261986118369e+01 2.524290507670432149e+01 2.562216708641122409e+01
2.500177529320114189e+01 2.519237495336187749e+01 2.543538431234239283e+01 2.525285866387021017e+01 2.563494587856794737e+01
2.501953601228431978e+01 2.519790471851278824e+01 2.543886686576730938e+01 2.526224644577803602e+01 2.564717478093712799e+01
2.503703106529667366e+01 2.520291378258982107e+01 2.544161277245988018e+01 2.527107634359198229e+01 2.565886512128277630e+01
2.505426486598780755e+01 2.520741307143750376e+01 2.544363436507444831e+01 2.527935609462449662e+01 2.567002802629065883e+01
2.507124167327192765e+01 2.521141328545223104e+01 2.544494382319555115e+01 2.528709325418522624e+01 2.568067439758556603e+01
2.508796562434753952e+01 2.521492490930392805e+01 2.544555317313399101e+01 2.529429519814896921e+01 2.569081493390416782e+01
2.510444072405358185e+01 2.521795819984498266e+01 2.544547428506933073e+01 2.530096913325962760e+01 2.570046013428689236e+01
2.512067083609193574e+01 2.522052320029129646e+01 2.544471887776841257e+01 2.530712209825285797e+01 2.570962031890357125e+01
2.513665971860001846e+01 2.522262974451761863e+01 2.544329851692059208e+01 2.531276096417212074e+01 2.571830558011156143e+01
2.515241100971115884e+01 2.522428745638468683e+01 2.544122461537533297e+01 2.531789244815385587e+01 2.572652582579798519e+01
2.516792822371025551e+01 2.522550575491015579e+01 2.543850843893841329e+01 2.532252311215415119e+01 2.573429077512516727e+01
2.518321477901010041e+01 2.522629385916417633e+01 2.543516109848937035e+01 2.532665936249878413e+01 2.574160996931702172e+01
2.519827398715007760e+01 2.522666079138445383e+01 2.543119355560770956e+01 2.533030746453662729e+01 2.574849274930068077e+01
2.521310904779273088e+01 2.522661538007564275e+01 2.542661662186653970e+01 2.533347354127173290e+01 2.575494827902278772e+01
2.522772307630379629e+01 2.522616626397113038e+01 2.542144097012392834e+01 2.533616357237344729e+01 2.576098554351552039e+01
2.524211909187564373e+01 2.522532189474754460e+01 2.541567711855574885e+01 2.533838340737314709e+01 2.576661335267097286e+01
2.525630001557660975e+01 2.522409054307636822e+01 2.540933543626355018e+01 2.534013876615040317e+01 2.577184034093613718e+01
2.527026869198461156e+01 2.522248030030588239e+01 2.540242614754842876e+01 2.534143523734404368e+01 2.577667497290340037e+01
2.528402788002927792e+01 2.522049908014699326e+01 2.539495934016679612e+01 2.534227828928403170e+01 2.578112554210313334e+01
2.529758025010158207e+01 2.521815462694750209e+01 2.538694495904512038e+01 2.534267327266715952e+01 2.578520017051302915e+01
2.531092840544948785e+01 2.521545451612472633e+01 2.537839279565609374e+01 2.534262541841192018e+01 2.578890682645107901e+01
2.532407487228426746e+01 2.521240615547277386e+01 2.536931250382323100e+01 2.534213984651826834e+01 2.579225331428475698e+01
2.533702209895471213e+01 2.520901679315902300e+01 2.535971359986173468e+01 2.534122157060841829e+01 2.579524728260026478e+01
2.534977247309157633e+01 2.520529351931206818e+01 2.534960546820035532e+01 2.533987549520825411e+01 2.579789622802892168e+01
2.536232831195074411e+01 2.520124326702276818e+01 2.533899734170981333e+01 2.533810642285265047e+01 2.580020749129478830e+01
2.537469185746492073e+01 2.519687281749925134e+01 2.532789832049583367e+01 2.533591906025848317e+01 2.580218826612249927e+01
2.538686530716640632e+01 2.519218880536661942e+01 2.531631736853785952e+01 2.533331801498989932e+01 2.580384559852483406e+01
2.539885079718924032e+01 2.518719771819170106e+01 2.530426332093906439e+01 2.533030780096665424e+01 2.580518638922765362e+01
2.541065041053875007e+01 2.518190589884053310e+01 2.529174487058598331e+01 2.532689284615658210e+01 2.580621740185783608e+01
2.542226614582081723e+01 2.517631955467359717e+01 2.527877057999789301e+01 2.532307748869320463e+01 2.580694526059832583e+01
2.543369997448506581e+01 2.517044475559393035e+01 2.526534887955951802e+01 2.531886598088345508e+01 2.580737645154264115e+01
2.544495382725541788e+01 2.516428743377828781e+01 2.525148807265050976e+01 2.531426249816120233e+01 2.580751732568884904e+01
2.545602958424857576e+01 2.515785339611123916e+01 2.523719632921662281e+01 2.530927113487592095e+01 2.580737410817500077e+01
