1.618932849869520396e+01 1.610172677467766533e+01 1.611877568151126283e+01 1.612054286041417228e+01 1.611776886145629817e+01
1.652703136328429778e+01 1.634052333250362565e+01 1.636652820724981083e+01 1.637997721164862241e+01 1.638053111933915673e+01
1.691272241131055765e+01 1.661595384104783690e+01 1.664275314855638044e+01 1.667761671999578965e+01 1.668743806587151113e+01
1.734598016204299498e+01 1.692757717845727683e+01 1.694697195071665163e+01 1.701277154865374186e+01 1.703749602196559465e+01
1.782629151621165420e+01 1.727492165037048366e+01 1.727872349838855826e+01 1.738470616787564182e+01 1.742945926006760260e+01
1.835294336330752074e+01 1.765744799925354513e+01 1.763755202888600948e+01 1.779258461215054155e+01 1.786168444831194435e+01
1.892482299295894421e+01 1.807449484135056750e+01 1.802298852226645209e+01 1.823539559867790771e+01 1.833193914093100574e+01
1.954006723903596310e+01 1.852519831483254009e+01 1.843452106246451194e+01 1.871184725285979056e+01 1.883716141113300324e+01
2.019547769020076444e+01 1.900837455396555598e+01 1.887154721107512856e+01 1.922021774072177536e+01 1.937317804276914757e+01
2.088561101590185842e+01 1.952234959020390193e+01 1.933329790662408598e+01 1.975814449899371539e+01 1.993440728937027728e+01
2.160150180948860665e+01 2.006471689390229685e+01 1.981871763992115376e+01 2.032233286393953264e+01 2.051360005928333763e+01
2.232916255601557154e+01 2.063199989442622950e+01 2.032627994864786913e+01 2.090816923002766003e+01 2.110170663372653621e+01
2.304842403843345622e+01 2.121920070261548474e+01 2.085371216564611530e+01 2.150924336770194145e+01 2.168798172517925238e+01
2.373326304515436291e+01 2.181923879716081771e+01 2.139760329066648836e+01 2.211683344861605249e+01 2.226043535103427473e+01
2.435496161844421437e+01 2.242234635517806396e+01 2.195288387632367844e+01 2.271950011285527182e+01 2.280667490112961460e+01
2.488826777659670242e+01 2.301561663427955651e+01 2.251221515840911991e+01 2.330306654428951418e+01 2.331505923357082466e+01
2.531814677005747072e+01 2.358309522360968202e+01 2.306542957670473015e+01 2.385136187751361447e+01 2.377593804053705284e+01
2.564316917831335374e+01 2.410694647414774039e+01 2.359933155350787004e+01 2.434801602292264988e+01 2.418266078348827719e+01
2.587362165308453754e+01 2.457003083591720127e+01 2.409832542495452756e+01 2.477915277802560112e+01 2.453208173197360864e+01
2.602624314684237916e+01 2.495943794939693561e+01 2.454628072448697651e+01 2.513614116280095701e+01 2.482445720657925037e+01
2.611898176440084640e+01 2.526949288729899479e+01 2.492952373578891212e+01 2.541718016428565008e+01 2.506283707867375909e+01
2.616773418051023725e+01 2.550258998157358548e+01 2.523995277460295483e+01 2.562695315884896274e+01 2.525218569259998347e+01
2.618512428929668090e+01 2.566746941051036401e+01 2.547675704921458362e+01 2.577465517597449463e+01 2.539848065159071311e+01
2.618054137102192058e+01 2.577612077043438887e+01 2.564584091476796956e+01 2.587145743671393916e+01 2.550796242929125057e+01
2.616070152304224550e+01 2.584090841044997333e+01 2.575744122511681411e+01 2.592840556697937515e+01 2.558660728188552369e+01
2.613030288879183161e+01 2.587278318907253905e+01 2.582329727990059354e+01 2.595517652361675687e+01 2.563981794557190241e+01
2.609259431665236662e+01 2.588058495075733845e+01 2.585449797895756419e+01 2.595961456895325625e+01 2.567228626920186585e+01
2.604981209911116835e+01 2.587104690769589865e+01 2.586036411062096008e+01 2.594776315195100835e+01 2.568797224331689577e+01
2.600349527368127767e+01 2.584911734887852930e+01 2.584816161785821365e+01 2.592412775781144063e+01 2.569015115619005130e+01
2.595470582566536422e+01 2.581835707662781942e+01 2.582328158435977628e+01 2.589199915522701900e+01 2.568149367143822914e+01
2.590417980902511275e+01 2.578129987268021850e+01 2.578959745268835491e+01 2.585375246444012021e+01 2.566415620826402133e+01
2.585243020273949099e+01 2.573974029892371718e+01 2.574983586995453422e+01 2.581109181393929219e+01 2.563986871439141169e+01
2.579981673245024254e+01 2.569494891103679990e+01 2.570589233905176840e+01 2.576523773530427519e+01 2.561001348559631197e+01
2.574659330901753762e+01 2.564782750097617736e+01 2.565907524893815861e+01 2.571706535475034272e+01 2.557569270165400965e+01
2.569294035965610234e+01 2.559901889358456728e+01 2.561028466178013829e+01 2.566720406559760548e+01 2.553778458013999497e+01
2.563898696230377894e+01 2.554898382887923347e+01 2.556013920833612119e+01 2.561610852481043921e+01 2.549698914605298228e+01
2.558482608079260956e+01 2.549805458534591551e+01 2.550906445903531861e+01 2.556410890657833335e+01 2.545386504390082649e+01
2.553052511324094809e+01 2.544647237801487094e+01 2.545735378538367399e+01 2.551144639609118059e+01 2.540885888490028677e+01
2.547613324107823018e+01 2.539441350437565603e+01 2.540521002060828692e+01 2.545829827351587582e+01 2.536232851061192051e+01
2.542168658092193212e+01 2.534200769712701273e+01 2.535277389756975452e+01 2.540479568542864897e+01 2.531456137144818896e+01
2.536721181989887697e+01 2.528935107258810788e+01 2.530014344953606908e+01 2.535103628283652455e+01 2.526578902066424348e+01
2.531272879676075505e+01 2.523651531837480988e+01 2.524738725811663898e+01 2.529709325035788581e+01 2.521619853911075992e+01
2.525825234607034631e+01 2.518355425250679502e+01 2.519455351769497398e+01 2.524302179098760490e+01 2.516594154438135789e+01
2.520379362397737566e+01 2.513050853552559971e+01 2.514167625405045214e+01 2.518886380941744818e+01 2.511514130327707406e+01
2.514936106699726892e+01 2.507740907737260017e+01 2.508877960486545078e+01 2.513465131410727693e+01 2.506389835540078792e+01
2.509496108973209516e+01 2.502427951632121150e+01 2.503588077665768452e+01 2.508040890333523976e+01 2.501229496916779382e+01
2.504059859502913454e+01 2.497113803422742251e+01 2.498299209545682942e+01 2.502615559272957668e+01 2.496039868045170707e+01
2.498627734960866675e+01 2.491799869373468468e+01 2.493012243484045953e+01 2.497190616690910403e+01 2.490826510989946030e+01
2.493200026184132057e+01 2.486487242973383971e+01 2.487727821464797628e+01 2.491767218483214918e+01 2.485594021195574754e+01
2.487776958836603924e+01 2.481176778861376775e+01 2.482446410261723813e+01 2.486346273215568203e+01 2.480346207523768953e+01
2.482358708854036422e+01 2.475869148273138975e+01 2.477168350924092977e+01 2.480928498746125399e+01 2.475086236789045913e+01
2.476945414064510231e+01 2.470564881324262885e+01 2.471893893910625906e+01 2.475514466122216461e+01 2.469816791577110138e+01
2.471537182926041609e+01 2.465264397982836542e+01 2.466623223996553804e+01 2.470104630569985815e+01 2.464540103434619311e+01
2.466134101157295433e+01 2.459968032054093712e+01 2.461356478139550319e+01 2.464699355921871060e+01 2.459258003509393831e+01
2.460736236832616797e+01 2.454676050311757862e+01 2.456093758377187442e+01 2.459298935132916952e+01 2.453972035709313104e+01
2.455343644254053004e+01 2.449388666735502795e+01 2.450835141092943203e+01 2.453903605054066972e+01 2.448683505264463278e+01
2.449956366937082564e+01 2.444106053534948941e+01 2.445580683735105154e+01 2.448513557905928550e+01 2.443393518546973198e+01
2.444574439906536156e+01 2.438828349724407474e+01 2.440330429711342575e+01 2.443128950252364362e+01 2.438103015849241118e+01
2.439197891484895919e+01 2.433555667827994640e+01 2.435084411974369090e+01 2.437749910039588741e+01 2.432812798399380938e+01
2.433826744679995713e+01 2.428288099141274614e+01 2.429842655656796779e+01 2.432376542147521903e+01 2.427523550689679155e+01
2.428461018272173177e+01 2.423025717879245633e+01 2.424605180017233508e+01 2.427008932785946627e+01 2.422235858974831402e+01
2.423100727666589904e+01 2.417768584460276315e+01 2.419371999883390245e+01 2.421647152991155849e+01 2.416950226634734378e+01
2.417745885564741215e+01 2.412516748116373932e+01 2.414143126727151056e+01 2.416291261418878378e+01 2.411667086963920426e+01
2.412396502495149164e+01 2.407270248976182359e+01 2.408918569468781712e+01 2.410941306584202692e+01 2.406386813844521555e+01
2.407052587234485230e+01 2.402029119733647278e+01 2.403698335081057280e+01 2.405597328665092149e+01 2.401109730674206943e+01
2.401714147142846301e+01 2.396793386989765295e+01 2.398482429044971553e+01 2.400259360961519661e+01 2.395836117852245195e+01
2.396381188431524478e+01 2.391563072335393514e+01 2.393270855694888155e+01 2.394927431076969171e+01 2.390566219071238052e+01
2.391053716377427207e+01 2.386338193228187166e+01 2.388063618481012540e+01 2.389601561882966507e+01 2.385300246617322273e+01
2.385731735496302264e+01 2.381118763705260477e+01 2.382860720169765045e+01 2.384281772306344038e+01 2.380038385845319837e+01
2.380415249681889023e+01 2.375904794964292321e+01 2.377662162997350848e+01 2.378968077975352458e+01 2.374780798965766238e+01
2.375104262317733017e+01 2.370696295838684620e+01 2.372467948787904746e+01 2.373660491751230950e+01 2.369527628256799190e+01
2.369798776369345106e+01 2.365493273188324963e+01 2.367278079044713479e+01 2.368359024167262206e+01 2.364278998794177866e+01
2.364498794458616615e+01 2.360295732220541254e+01 2.362092555020895190e+01 2.363063683792468694e+01 2.359035020776748581e+01
2.359204318924379606e+01 2.355103676754682240e+01 2.356911377774603977e+01 2.357774477533875057e+01 2.353795791511465652e+01
2.353915351872302963e+01 2.349917109442495189e+01 2.351734548211701892e+01 2.352491410888451639e+01 2.348561397111058824e+01
2.348631895215715204e+01 2.344736031950229460e+01 2.346562067119511497e+01 2.347214488153790768e+01 2.343331913950570566e+01
2.343353950709225231e+01 2.339560445110684128e+01 2.341393935193287135e+01 2.341943712604768635e+01 2.338107409916188217e+01
2.338081519976512368e+01 2.334390349050098123e+01 2.336230153057040937e+01 2.336679086642101666e+01 2.332887945481385472e+01
2.332814604533277958e+01 2.329225743294413675e+01 2.331070721280075375e+01 2.331420611917620178e+01 2.327673574634507858e+01
2.327553205806324144e+01 2.324066626858521190e+01 2.325915640390090289e+01 2.326168289440210302e+01 2.322464345680100806e+01
2.322297325149416380e+01 2.318912998321365393e+01 2.320764910883633902e+01 2.320922119665616634e+01 2.317260301932402200e+01
2.317046963856514807e+01 2.313764855889336047e+01 2.315618533234458098e+01 2.315682102572731083e+01 2.312061482316768846e+01
2.311802123172821766e+01 2.308622197449884794e+01 2.310476507900223098e+01 2.310448237728830279e+01 2.306867921892049722e+01
2.306562804304057224e+01 2.303485020617001666e+01 2.305338835327890123e+01 2.305220524345055466e+01 2.301679652305239188e+01
2.301329008424245970e+01 2.298353322769719398e+01 2.300205515958078806e+01 2.299998961322228297e+01 2.296496702071913631e+01
2.296100736682254606e+01 2.293227101085188835e+01 2.295076550228595025e+01 2.294783547293836534e+01 2.291319097066607569e+01
2.290877990207312109e+01 2.288106352566947166e+01 2.289951938577307544e+01 2.289574280662595740e+01 2.286146860921045487e+01
2.285660770113744178e+01 2.282991074068829818e+01 2.284831681444489249e+01 2.284371159628749837e+01 2.280980015157321006e+01
2.280449077504903599e+01 2.277881262315436572e+01 2.279715779274738097e+01 2.279174182216483402e+01 2.275818579427049571e+01
2.275242913476490259e+01 2.272776913920020547e+01 2.274604232518546709e+01 2.273983346296326857e+01 2.270662571712312428e+01
2.270042279119498829e+01 2.267678025399830943e+01 2.269497041633630730e+01 2.268798649605237117e+01 2.265512008507106501e+01
2.264847175522623601e+01 2.262584593188922355e+01 2.264394207085984334e+01 2.263620089763326604e+01 2.260366904978194569e+01
2.259657603774380163e+01 2.257496613649829698e+01 2.259295729350794701e+01 2.258447664289000656e+01 2.255227275104912721e+01
2.254473564964879984e+01 2.252414083083477792e+01 2.254201608913189148e+01 2.253281370612016588e+01 2.250093131802919899e+01
2.249295060187361273e+01 2.247336997737558306e+01 2.249111846268874970e+01 2.248121206084666213e+01 2.244964487035152345e+01
2.244122090539535819e+01 2.242265353813937878e+01 2.244026441924676973e+01 2.242967167991852051e+01 2.239841351909285549e+01
2.238954657124740422e+01 2.237199147475400807e+01 2.238945396398987597e+01 2.237819253559925770e+01 2.234723736764342661e+01
2.233792761052907139e+01 2.232138374851127693e+01 2.233868710222163401e+01 2.232677459964327227e+01 2.229611651248042392e+01
2.228636403441420200e+01 2.227083032041534238e+01 2.228796383936860082e+01 2.227541784336386144e+01 2.224505104385334775e+01
2.223485585415873089e+01 2.222033115122741620e+01 2.223728418098328419e+01 2.222412223769339690e+01 2.219404104639716735e+01
2.218340308110720116e+01 2.216988620150412714e+01 2.218664813274667580e+01 2.217288775323617145e+01 2.214308659967907644e+01
2.213200572669834187e+01 2.211949543163019172e+01 2.213605570047052140e+01 2.212171436031539073e+01 2.209218777868704819e+01
2.208066380247003480e+01 2.206915880184775602e+01 2.208550689009933521e+01 2.207060202901492474e+01 2.204134465426804823e+01
2.202937732006370908e+01 2.201887627228255084e+01 2.203500170771218691e+01 2.201955072921625955e+01 2.199055729351958988e+01
2.197814629122812846e+01 2.196864780296682085e+01 2.198454015952434659e+01 2.196856043063148789e+01 2.193982576014207453e+01
2.192697072782274503e+01 2.191847335385947559e+01 2.193412225188875908e+01 2.191763110283270422e+01 2.188915011475496897e+01
2.187585064182071903e+01 2.186835288486400586e+01 2.188374799129741177e+01 2.186676271527823445e+01 2.183853041518095495e+01
2.182478604531151234e+01 2.181828635584448506e+01 2.183341738438259227e+01 2.181595523733610520e+01 2.178796671670244933e+01
2.177377695050325457e+01 2.176827372663975169e+01 2.178313043791808923e+01 2.176520863830507224e+01 2.173745907229215391e+01
2.172282336972481787e+01 2.171831495707595749e+01 2.173288715882029720e+01 2.171452288743346060e+01 2.168700753282165650e+01
2.167192531542771405e+01 2.166841000697783670e+01 2.168268755414925764e+01 2.166389795393610385e+01 2.163661214724978166e+01
2.162108280018772177e+01 2.161855883617880636e+01 2.163253163110968558e+01 2.161333380700960305e+01 2.158627296279274432e+01
2.157029583670643902e+01 2.156876140452990853e+01 2.158241939705192891e+01 2.156283041584605087e+01 2.153599002507861826e+01
2.151956443781260475e+01 2.151901767190790693e+01 2.153235085947289917e+01 2.151238774964541633e+01 2.148576337828697547e+01
2.146888861646334590e+01 2.146932759822252024e+01 2.148232602601699170e+01 2.146200577762675721e+01 2.143559306527578912e+01
2.141826838574529290e+01 2.141969114342293068e+01 2.143234490447696317e+01 2.141168446903834521e+01 2.138547912769677239e+01
2.136770375887559226e+01 2.137010826750365666e+01 2.138240750279478064e+01 2.136142379316686757e+01 2.133542160609995264e+01
2.131719474920284441e+01 2.132057893050984987e+01 2.133251382906249205e+01 2.131122371934575810e+01 2.128542054002917894e+01
2.126674137020794930e+01 2.127110309254209142e+01 2.128266389152305393e+01 2.126108421696277873e+01 2.123547596810889004e+01
2.121634363550489866e+01 2.122168071376070131e+01 2.123285769857116279e+01 2.121100525546692595e+01 2.118558792812329372e+01
2.116600155884150780e+01 2.117231175438970681e+01 2.118309525875408283e+01 2.116098680437472623e+01 2.113575645708872841e+01
2.111571515410007649e+01 2.112299617472039159e+01 2.113337658077243475e+01 2.111102883327598079e+01 2.108598159131956962e+01
2.106548443529802128e+01 2.107373393511457138e+01 2.108370167348103053e+01 2.106113131183902354e+01 2.103626336648866513e+01
2.101530941658847240e+01 2.102452499600754976e+01 2.103407054588966574e+01 2.101129420981553153e+01 2.098660181768253352e+01
2.096519011226081020e+01 2.097536931791086090e+01 2.098448320716392246e+01 2.096151749704493739e+01 2.093699697945193705e+01
2.091512653674118383e+01 2.092626686141472447e+01 2.093493966662596861e+01 2.091180114345851138e+01 2.088744888585829074e+01
2.086511870459300866e+01 2.087721758719034781e+01 2.088543993375537866e+01 2.086214511908308111e+01 2.083795757051613862e+01
2.081516663051741389e+01 2.082822145599203623e+01 2.083598401818991164e+01 2.081254939404445281e+01 2.078852306663225136e+01
2.076527032935368666e+01 2.077927842865912211e+01 2.078657192972632473e+01 2.076301393857064070e+01 2.073914540704148024e+01
2.071542981607969125e+01 2.073038846611774488e+01 2.073720367832117617e+01 2.071353872299475896e+01 2.068982462423974411e+01
2.066564510581226344e+01 2.068155152938253138e+01 2.068787927409163885e+01 2.066412371775777856e+01 2.064056075041442995e+01
2.061591621380759776e+01 2.063276757955810936e+01 2.063859872731628897e+01 2.061476889341105334e+01 2.059135381747229232e+01
2.056624315546160275e+01 2.058403657784056051e+01 2.058936204843594098e+01 2.056547422061863983e+01 2.054220385706526741e+01
2.051662594631025982e+01 2.053535848551874210e+01 2.054016924805444688e+01 2.051623967015952488e+01 2.049311090061422291e+01
2.046706460202997491e+01 2.048673326397554462e+01 2.049102033693950986e+01 2.046706521292965775e+01 2.044407497933086759e+01
2.041755913843788406e+01 2.043816087468904286e+01 2.044191532602351913e+01 2.041795081994385441e+01 2.039509612423804441e+01
2.036810957149218382e+01 2.038964127923362568e+01 2.039285422640435641e+01 2.036889646233758810e+01 2.034617436618838582e+01
2.031871591729244386e+01 2.034117443928100144e+01 2.034383704934625570e+01 2.031990211136866975e+01 2.029730973588168652e+01
2.026937819207989122e+01 2.029276031660117496e+01 2.029486380628058839e+01 2.027096773841882893e+01 2.024850226388085872e+01
2.022009641223773002e+01 2.024439887306340680e+01 2.024593450880674084e+01 2.022209331499522023e+01 2.019975198062677535e+01
2.017087059429139018e+01 2.019609007063705519e+01 2.019704916869294209e+01 2.017327881273179102e+01 2.015105891645200842e+01
2.012170075490883647e+01 2.014783387139242166e+01 2.014820779787708815e+01 2.012452420339061021e+01 2.010242310159355128e+01
2.007258691090082436e+01 2.009963023750155386e+01 2.009941040846763372e+01 2.007582945886314718e+01 2.005384456620457456e+01
2.002352907922117708e+01 2.005147913123900238e+01 2.005065701274439860e+01 2.002719455117147263e+01 2.000532334036543247e+01
1.997452727696702013e+01 2.000338051498254899e+01 2.000194762315947017e+01 1.997861945246935633e+01 1.995685945409389817e+01
1.992558152137907257e+01 1.995533435121392074e+01 1.995328225233804176e+01 1.993010413504338274e+01 1.990845293735454291e+01
1.987669182984187799e+01 1.990734060251944726e+01 1.990466091307928309e+01 1.988164857131397412e+01 1.986010382006742248e+01
1.982785821988404962e+01 1.985939923159072862e+01 1.985608361835721780e+01 1.983325273383636400e+01 1.981181213211629810e+01
1.977908070917850836e+01 1.981151020122526063e+01 1.980755038132160806e+01 1.978491659530157420e+01 1.976357790335623221e+01
1.973035931554274569e+01 1.976367347432704946e+01 1.975906121529883563e+01 1.973664012853728522e+01 1.971540116362067963e+01
1.968169405693902974e+01 1.971588901390721560e+01 1.971061613379277588e+01 1.968842330650873507e+01 1.966728194272802455e+01
1.963308495147464328e+01 1.966815678308455873e+01 1.966221515048571788e+01 1.964026610231956482e+01 1.961922027048766637e+01
1.958453201740212180e+01 1.962047674508614392e+01 1.961385827923924197e+01 1.959216848921260379e+01 1.957121617670576086e+01
1.953603527311945598e+01 1.957284886324783457e+01 1.956554553409513986e+01 1.954413044057068305e+01 1.952326969119051370e+01
1.948759473717033330e+01 1.952527310101485725e+01 1.951727692927630997e+01 1.949615192991738510e+01 1.947538084375712586e+01
1.943921042824434053e+01 1.947774942194232750e+01 1.946905247918768822e+01 1.944823293091777217e+01 1.942754966423240148e+01
1.939088236517718400e+01 1.943027778969576147e+01 1.942087219841716106e+01 1.940037341737911802e+01 1.937977618245905020e+01
1.934261056695089565e+01 1.938285816805161232e+01 1.937273610173648564e+01 1.935257336325158306e+01 1.933206042829968752e+01
1.929439505269404620e+01 1.933549052089777121e+01 1.932464420410224548e+01 1.930483274262892124e+01 1.928440243164056156e+01
1.924623584168194412e+01 1.928817481223407171e+01 1.927659652065675644e+01 1.925715152974911248e+01 1.923680222239507387e+01
1.919813295333683811e+01 1.924091100617279082e+01 1.922859306672902946e+01 1.920952969899501284e+01 1.918925983050700168e+01
1.915008640722812316e+01 1.919369906693913919e+01 1.918063385783572983e+01 1.916196722489501170e+01 1.914177528595352840e+01
1.910209622307252886e+01 1.914653895887175494e+01 1.913271890968209732e+01 1.911446408212362158e+01 1.909434861874807865e+01
1.905416242073430766e+01 1.909943064642318689e+01 1.908484823816294451e+01 1.906702024550208563e+01 1.904697985894295797e+01
1.900628502022544097e+01 1.905237409416037764e+01 1.903702185936359825e+01 1.901963568999899579e+01 1.899966903663180418e+01
1.895846404170582034e+01 1.900536926676515037e+01 1.898923978956088376e+01 1.897231039073085412e+01 1.895241618195188238e+01
1.891069950548341794e+01 1.895841612903468132e+01 1.894150204522409808e+01 1.892504432296264838e+01 1.890522132508622022e+01
1.886299143201449624e+01 1.891151464588197939e+01 1.889380864301599772e+01 1.887783746210843105e+01 1.885808449626559380e+01
1.881533984190376074e+01 1.886466478233637289e+01 1.884615959979378275e+01 1.883068978373186297e+01 1.881100572577034313e+01
1.876774475590455182e+01 1.881786650354397494e+01 1.879855493261009869e+01 1.878360126354677107e+01 1.876398504393217692e+01
1.872020619491901883e+01 1.877111977476814886e+01 1.875099465871403126e+01 1.873657187741767416e+01 1.871702248113567890e+01
1.867272417999827994e+01 1.872442456139000910e+01 1.870347879555212245e+01 1.868960160136035498e+01 1.867011806781996697e+01
1.862529873234260336e+01 1.867778082890888314e+01 1.865600736076939015e+01 1.864269041154234330e+01 1.862327183447998635e+01
1.857792987330155654e+01 1.863118854294278393e+01 1.860858037221032646e+01 1.859583828428346663e+01 1.857648381166765361e+01
1.853061762437419802e+01 1.858464766922890377e+01 1.856119784791993510e+01 1.854904519605636537e+01 1.852975402999323862e+01
1.848336200720920175e+01 1.853815817362407259e+01 1.851385980614478299e+01 1.850231112348701146e+01 1.848308252012635222e+01
1.843616304360503477e+01 1.849172002210525179e+01 1.846656626533400569e+01 1.845563604335519869e+01 1.843646931279698009e+01
1.838902075551010640e+01 1.844533318077001027e+01 1.841931724414038030e+01 1.840901993259506497e+01 1.838991443879644194e+01
1.834193516502292454e+01 1.839899761583700766e+01 1.837211276142136285e+01 1.836246276829558610e+01 1.834341792897834722e+01
1.829490629439223071e+01 1.835271329364648452e+01 1.832495283624014704e+01 1.831596452770107675e+01 1.829697981425925235e+01
1.824793416601715279e+01 1.830648018066074201e+01 1.827783748786673357e+01 1.826952518821168070e+01 1.825060012561942102e+01
1.820101880244735781e+01 1.826029824346463570e+01 1.823076673577899598e+01 1.822314472738387181e+01 1.820427889410359867e+01
1.815416022638316917e+01 1.821416744876606586e+01 1.818374059966376066e+01 1.817682312293093716e+01 1.815801615082145659e+01
1.810735846067571586e+01 1.816808776339646769e+01 1.813675909941789044e+01 1.813056035272344957e+01 1.811181192694822073e+01
1.806061352832705680e+01 1.812205915431131231e+01 1.808982225514936815e+01 1.808435639478978629e+01 1.806566625372525436e+01
1.801392545249033006e+01 1.807608158859061831e+01 1.804293008717840507e+01 1.803821122731657312e+01 1.801957916246033875e+01
1.796729425646985590e+01 1.803015503343942783e+01 1.799608261603853521e+01 1.799212482864919949e+01 1.797355068452816695e+01
1.792071996372126463e+01 1.798427945618833945e+01 1.794927986247772722e+01 1.794609717729226261e+01 1.792758085137069202e+01
1.787420259785163523e+01 1.793845482429399851e+01 1.790252184745950359e+01 1.790012825191008261e+01 1.788166969449743604e+01
1.782774218261957699e+01 1.789268110533961575e+01 1.785580859216406679e+01 1.785421803132713947e+01 1.783581724548577796e+01
1.778133874193537878e+01 1.784695826703548960e+01 1.780914011798941132e+01 1.780836649452859533e+01 1.779002353598114539e+01
1.773499229986109427e+01 1.780128627721952128e+01 1.776251644655248896e+01 1.776257362066071721e+01 1.774428859769722422e+01
1.768870288061066276e+01 1.775566510385773711e+01 1.771593759969032433e+01 1.771683938903138866e+01 1.769861246241612207e+01
1.764247050854999443e+01 1.771009471504480715e+01 1.766940359946118377e+01 1.767116377911056802e+01 1.765299516198848195e+01
1.759629520819709114e+01 1.766457507900458879e+01 1.762291446814572637e+01 1.762554677053075380e+01 1.760743672833357820e+01
1.755017700422212457e+01 1.761910616409066321e+01 1.757647022824816929e+01 1.757998834308747860e+01 1.756193719343938398e+01
1.750411592144753925e+01 1.757368793878686120e+01 1.753007090249746369e+01 1.753448847673975663e+01 1.751649658936258191e+01
1.745811198484812365e+01 1.752832037170781732e+01 1.748371651384845293e+01 1.748904715161056700e+01 1.747111494822858191e+01
1.741216521955112384e+01 1.748300343159949577e+01 1.743740708548309115e+01 1.744366434798732612e+01 1.742579230223147846e+01
1.736627565083629321e+01 1.743773708733978367e+01 1.739114264081160144e+01 1.739834004632234610e+01 1.738052868363401515e+01
1.732044330413598843e+01 1.739252130793900619e+01 1.734492320347370509e+01 1.735307422723332849e+01 1.733532412476750295e+01
1.727466820503522626e+01 1.734735606254050566e+01 1.729874879733979398e+01 1.730786687150380843e+01 1.729017865803170650e+01
1.722895037927177952e+01 1.730224132042119933e+01 1.725261944651218471e+01 1.726271796008364845e+01 1.724509231589471980e+01
1.718328985273621257e+01 1.725717705099215493e+01 1.720653517532631227e+01 1.721762747408949323e+01 1.720006513089283118e+01
1.713768665147195236e+01 1.721216322379916264e+01 1.716049600835195932e+01 1.717259539480525632e+01 1.715509713563034566e+01
1.709214080167535244e+01 1.716719980852330352e+01 1.711450197039449961e+01 1.712762170368257841e+01 1.711018836277938604e+01
1.704665232969573907e+01 1.712228677498155349e+01 1.706855308649613789e+01 1.708270638234130345e+01 1.706533884507968679e+01
1.700122126203545747e+01 1.707742409312735532e+01 1.702264938193716404e+01 1.703784941256996532e+01 1.702054861533837382e+01
1.695584762534991796e+01 1.703261173305121901e+01 1.697679088223720356e+01 1.699305077632624617e+01 1.697581770642968024e+01
1.691053144644763506e+01 1.698784966498131155e+01 1.693097761315648597e+01 1.694831045573745243e+01 1.693114615129472256e+01
1.686527275229026657e+01 1.694313785928407512e+01 1.688520960069711663e+01 1.690362843310099450e+01 1.688653398294117380e+01
1.682007156999264197e+01 1.689847628646482036e+01 1.683948687110434861e+01 1.685900469088485565e+01 1.684198123444297579e+01
1.677492792682277667e+01 1.685386491716835522e+01 1.679380945086789367e+01 1.681443921172808587e+01 1.679748793894002290e+01
1.672984185020192172e+01 1.680930372217958535e+01 1.674817736672318347e+01 1.676993197844125305e+01 1.675305412963781393e+01
1.668481336770454249e+01 1.676479267242416071e+01 1.670259064565270890e+01 1.672548297400694040e+01 1.670867983980709681e+01
1.663984250705836843e+01 1.672033173896908664e+01 1.665704931488729201e+01 1.668109218158021889e+01 1.666436510278349914e+01
1.659492929614438239e+01 1.667592089302337044e+01 1.661155340190743246e+01 1.663675958448912340e+01 1.662010995196714802e+01
1.655007376299680999e+01 1.663156010593865730e+01 1.656610293444462911e+01 1.659248516623514291e+01 1.657591442082227573e+01
1.650527593580314800e+01 1.658724934920988403e+01 1.652069794048269102e+01 1.654826891049368953e+01 1.653177854287677917e+01
1.646053584290413596e+01 1.654298859447591497e+01 1.647533844825910876e+01 1.650411080111459228e+01 1.648770235172181131e+01
1.641585351279374549e+01 1.649877781352022055e+01 1.643002448626637602e+01 1.646001082212257316e+01 1.644368588101133355e+01
1.637122897411917322e+01 1.645461697827152037e+01 1.638475608325337163e+01 1.641596895771773390e+01 1.639972916446165385e+01
1.632666225568081231e+01 1.641050606080448304e+01 1.633953326822670604e+01 1.637198519227604265e+01 1.635583223585096135e+01
1.628215338643221344e+01 1.636644503334036571e+01 1.629435607045209267e+01 1.632805951034981717e+01 1.631199512901883608e+01
1.623770239548007410e+01 1.632243386824772102e+01 1.624922451945574053e+01 1.628419189666821865e+01 1.626821787786574447e+01
1.619330931208418534e+01 1.627847253804308636e+01 1.620413864502573631e+01 1.624038233613773130e+01 1.622450051635256330e+01
1.614897416565738908e+01 1.623456101539165530e+01 1.615909847721343340e+01 1.619663081384265979e+01 1.618084307850000769e+01
1.610469698576553554e+01 1.619069927310799883e+01 1.611410404633487303e+01 1.615293731504561237e+01 1.613724559838812667e+01
1.606047780212742282e+01 1.614688728415676522e+01 1.606915538297218404e+01 1.610930182518800535e+01 1.609370811015574887e+01
1.601631664461473648e+01 1.610312502165339055e+01 1.602425251797499328e+01 1.606572432989053922e+01 1.605023064799992483e+01
1.597221354325199094e+01 1.605941245886483415e+01 1.597939548246187513e+01 1.602220481495371018e+01 1.600681324617534074e+01
1.592816852821644424e+01 1.601574956921027493e+01 1.593458430782177970e+01 1.597874326635828979e+01 1.596345593899375714e+01
1.588418162983803583e+01 1.597213632626187163e+01 1.588981902571547700e+01 1.593533967026583653e+01 1.592015876082339609e+01
1.584025287859929065e+01 1.592857270374548229e+01 1.584509966807700820e+01 1.589199401301917547e+01 1.587692174608833717e+01
1.579638230513523567e+01 1.588505867554143158e+01 1.580042626711514764e+01 1.584870628114291513e+01 1.583374492926790467e+01
1.575256994023330570e+01 1.584159421568524451e+01 1.575579885531487356e+01 1.580547646134393425e+01 1.579062834489603162e+01
1.570881581483323686e+01 1.579817929836841195e+01 1.571121746543884612e+01 1.576230454051188978e+01 1.574757202756062036e+01
