8.793893864288136797e+00 8.773694552515211242e+00 8.754984096973382535e+00 8.827193101767541350e+00 8.801171207977493083e+00
8.968060686875128695e+00 8.929053897423445463e+00 8.894640727162485661e+00 9.031420593679607478e+00 8.982191816514998095e+00
9.135131964616153510e+00 9.078662505422290252e+00 9.031406265570895542e+00 9.225508475853803958e+00 9.155740558584760436e+00
9.295426555931507906e+00 9.222794223047714013e+00 9.165410001260042350e+00 9.409961428502102265e+00 9.322180788626667436e+00
9.449252575251708919e+00 9.361714006102939578e+00 9.296773985702953880e+00 9.585264770065869300e+00 9.481861288527865028e+00
9.596906550381289591e+00 9.495677027583157681e+00 9.425613603267771978e+00 9.751883450808890075e+00 9.635116952367631882e+00
9.738673914834924616e+00 9.624929769372828403e+00 9.552037892675491193e+00 9.910263980371942338e+00 9.782269299682187835e+00
9.874829899923950549e+00 9.749710122920618005e+00 9.676149659575358442e+00 1.006083527981234838e+01 9.923626990501212219e+00
1.000563987261909560e+01 9.870247572858714236e+00 9.798045658026429905e+00 1.020400912355945877e+01 1.005948615169621263e+01
1.013135954584155485e+01 9.986763430694084676e+00 9.917816810659720872e+00 1.034018073116660652e+01 1.019013117007172653e+01
1.025223526673481445e+01 1.009947109236715157e+01 1.003554841658659846e+01 1.046972949500386640e+01 1.031583504180816924e+01
1.036850439184690664e+01 1.020857627733077777e+01 1.015132034139866590e+01 1.059301964063122092e+01 1.043685971553184721e+01
1.048039563378982741e+01 1.031427724369737220e+01 1.026520720733392977e+01 1.071040081531878485e+01 1.055345642739408873e+01
1.058812931632132859e+01 1.041676499057248328e+01 1.037727861847672450e+01 1.082220864320491316e+01 1.066586628782946100e+01
1.069191773660542033e+01 1.051622345523029978e+01 1.048759924357672091e+01 1.092876526964246509e+01 1.077432062051260253e+01
1.079196541798487452e+01 1.061282970555008198e+01 1.059622905094531120e+01 1.103037989288622001e+01 1.087904132880397157e+01
1.088846936870313442e+01 1.070675412753949729e+01 1.070322352715753667e+01 1.112734943214617722e+01 1.098024107140270722e+01
1.098161934772296711e+01 1.079816060150421464e+01 1.080863370716908456e+01 1.121995856144861037e+01 1.107812371297032605e+01
1.107159813247722902e+01 1.088720666443238905e+01 1.091250660034772402e+01 1.130848050520273951e+01 1.117288469226208747e+01
1.115858182335839643e+01 1.097404368075750192e+01 1.101488517693328895e+01 1.139317748520147333e+01 1.126471133668288616e+01
1.124273981317642068e+01 1.105881701986495180e+01 1.111580861537276554e+01 1.147430134841613736e+01 1.135378307620699800e+01
1.132423529881182134e+01 1.114166614407213274e+01 1.121531239364384902e+01 1.155209373061996203e+01 1.144027168333761502e+01
1.140322531960353203e+01 1.122272484492394895e+01 1.131342847881388636e+01 1.162678638217617433e+01 1.152434158125583963e+01
1.147986127029796499e+01 1.130212116869972050e+01 1.141018547564027408e+01 1.169860160947042971e+01 1.160615004160295172e+01
1.155428882404966551e+01 1.137997781292187405e+01 1.150560879964644734e+01 1.176775268137372521e+01 1.168584751356895168e+01
1.162664820726269532e+01 1.145641209261910731e+01 1.159972082845559704e+01 1.183444419911351453e+01 1.176357775348755474e+01
1.169707432072762110e+01 1.153153611810659029e+01 1.169254105908615848e+01 1.189887239355619641e+01 1.183947812893681650e+01
1.176569695789919479e+01 1.160545687969118056e+01 1.178408625347771732e+01 1.196122556207599530e+01 1.191367974807510599e+01
1.183264099268739677e+01 1.167827634949694193e+01 1.187437057692189590e+01 1.202168413005867009e+01 1.198630772027013158e+01
1.189802654851562558e+01 1.175009155509718717e+01 1.196340575023890729e+01 1.208042133892184289e+01 1.205748124782028619e+01
1.196196917760136280e+01 1.182099466282283018e+01 1.205120117893456033e+01 1.213760304090330067e+01 1.212731388212381312e+01
1.202457998583531484e+01 1.189107307563277338e+01 1.213776410034112097e+01 1.219338843696017527e+01 1.219591360185954620e+01
1.208596578149022704e+01 1.196040950549831372e+01 1.222309971954829599e+01 1.224792992176749351e+01 1.226338301287688104e+01
1.214622921559714541e+01 1.202908203640674323e+01 1.230721134293777119e+01 1.230137363909146941e+01 1.232981947719236437e+01
1.220546890877466240e+01 1.209716420201086784e+01 1.239010049803290237e+01 1.235385952369000151e+01 1.239531521765506028e+01
1.226377958811442603e+01 1.216472501080815327e+01 1.247176709753431645e+01 1.240552164543522373e+01 1.245995748711801632e+01
1.232125220607244742e+01 1.223182899628404741e+01 1.255220951230398008e+01 1.245648837510543139e+01 1.252382861275608228e+01
1.237797406118048116e+01 1.229853626274186951e+01 1.263142474355979594e+01 1.250688259827246895e+01 1.258700614260984452e+01
1.243402889982569626e+01 1.236490248500973443e+01 1.270940854705036926e+01 1.255682192887715942e+01 1.264956290180804821e+01
1.248949701759823583e+01 1.243097894929817038e+01 1.278615545841961776e+01 1.260641882659608726e+01 1.271156705164763068e+01
1.254445535402108547e+01 1.249681255439169014e+01 1.286165907928444341e+01 1.265578086384215162e+01 1.277308220603309330e+01
1.259897758458984285e+01 1.256244579817444951e+01 1.293591201473380359e+01 1.270501075577006667e+01 1.283416740173464987e+01
1.265313419668916239e+01 1.262791678903248282e+01 1.300890606704342645e+01 1.275420664864671316e+01 1.289487720773635360e+01
1.270699256486281570e+01 1.269325919895182686e+01 1.308063231592034725e+01 1.280346211862944727e+01 1.295526169449268394e+01
1.276061701526247383e+01 1.275850222565519765e+01 1.315108122860739037e+01 1.285286643562014852e+01 1.301536645760328526e+01
1.281406888415583190e+01 1.282367057307811642e+01 1.322024277324000785e+01 1.290250455650818218e+01 1.307523263848768380e+01
1.286740655623884955e+01 1.288878434871829448e+01 1.328810649736339755e+01 1.295245727643346534e+01 1.313489683116253737e+01
1.292068550065839361e+01 1.295385900561717030e+01 1.335466163781448579e+01 1.300280130202238205e+01 1.319439113299742772e+01
1.297395829441896353e+01 1.301890526439459350e+01 1.341989717691968309e+01 1.305360932274410857e+01 1.325374299355680208e+01
1.302727462808944559e+01 1.308392896284860463e+01 1.348380196049269308e+01 1.310495005441386596e+01 1.331297519950785713e+01
1.308068128920052509e+01 1.314893096756135549e+01 1.354636473872597513e+01 1.315688826436925396e+01 1.337210576044203769e+01
1.313422212932857924e+01 1.321390700890841607e+01 1.360757426942309678e+01 1.320948477891245254e+01 1.343114773771069537e+01
1.318793801595494308e+01 1.327884749226052463e+01 1.366741937653625705e+01 1.326279643414319231e+01 1.349010921210476255e+01
1.324186673720290308e+01 1.334373737535007010e+01 1.372588901480638590e+01 1.331687601795022324e+01 1.354899297362671895e+01
1.329604287535641838e+01 1.340855586932173082e+01 1.378297235031052459e+01 1.337177219255443283e+01 1.360779645479192190e+01
1.335049765406351163e+01 1.347327624684618463e+01 1.383865879208740779e+01 1.342752928161079495e+01 1.366651143281955427e+01
1.340525867495742318e+01 1.353786558530354434e+01 1.389293807209575426e+01 1.348418706581133364e+01 1.372512378479298079e+01
1.346034963020605879e+01 1.360228449785610572e+01 1.394580027434690805e+01 1.354178048142947333e+01 1.378361332227186153e+01
1.351578992029275739e+01 1.366648683333195891e+01 1.399723588778635275e+01 1.360033920647079597e+01 1.384195336370628837e+01
1.357159414254520335e+01 1.373041937109367616e+01 1.404723585530714480e+01 1.365988710612161583e+01 1.390011048769102686e+01
1.362777142573520983e+01 1.379402150527400472e+01 1.409579159217877908e+01 1.372044150468266821e+01 1.395804420676394386e+01
1.368432458273718488e+01 1.385722495546494137e+01 1.414289504406046127e+01 1.378201223109000573e+01 1.401570667696432082e+01
1.374124903383487961e+01 1.391995349798495774e+01 1.418853869431264236e+01 1.384460036241784664e+01 1.407304238989707024e+01
1.379853135193671143e+01 1.398212275580207198e+01 1.423271560499141053e+01 1.390819661942971130e+01 1.412998789280013945e+01
1.385614752823533991e+01 1.404364009708672612e+01 1.427541943560287407e+01 1.397277907326363433e+01 1.418647157458836894e+01
1.391406076951769677e+01 1.410440466299203877e+01 1.431664445318143208e+01 1.403831032759693187e+01 1.424241355196910419e+01
1.397221875312444794e+01 1.416430760392265853e+01 1.435638556807656485e+01 1.410473379560188434e+01 1.429772567290430807e+01
1.403055042345912540e+01 1.422323258873320384e+01 1.439463832421980705e+01 1.417196886420140167e+01 1.435231168095883625e+01
1.408896238528134681e+01 1.428105667298174808e+01 1.443139892700864735e+01 1.423990466411871658e+01 1.440606759084354316e+01
1.414733516916247957e+01 1.433765158044700350e+01 1.446666423892809483e+01 1.430839276359554546e+01 1.445888231652478062e+01
1.420551988404015553e+01 1.439288545753940340e+01 1.450043178720919812e+01 1.437723875762307735e+01 1.451063859351212493e+01
1.426333612237888460e+01 1.444662506332912244e+01 1.453269977535548385e+01 1.444619394805726387e+01 1.456121420411526834e+01
1.432057192793643274e+01 1.449873837879313321e+01 1.456346706847252648e+01 1.451494908737708478e+01 1.461048351408174639e+01
1.437698678578541056e+01 1.454909749189637935e+01 1.459273320722629563e+01 1.458313321047656075e+01 1.465831929386260057e+01
1.443231811234706896e+01 1.459758148963414826e+01 1.462049839235610982e+01 1.465032099190312209e+01 1.470459476560403722e+01
1.448629092918900874e+01 1.464407910545977920e+01 1.464676348625186186e+01 1.471605020190656710e+01 1.474918578667485392e+01
1.453862967622376168e+01 1.468849102489556913e+01 1.467153000667606300e+01 1.477984836993154438e+01 1.479197305591858580e+01
1.458907040819579848e+01 1.473073150521729424e+01 1.469480011373420147e+01 1.484126346622857362e+01 1.483284423469992497e+01
1.463737165205605351e+01 1.477072933582487657e+01 1.471657660982276639e+01 1.489989181925595396e+01 1.487169584759024943e+01
1.468332255696844690e+01 1.480842811685663740e+01 1.473686292162156164e+01 1.495539756192728476e+01 1.490843487108191567e+01
1.472674771620116196e+01 1.484378592292100940e+01 1.475566309618487892e+01 1.500752143052265808e+01 1.494297993826436688e+01
1.476750880160273205e+01 1.487677452325018734e+01 1.477298178711943066e+01 1.505607998901656863e+01 1.497526212508185850e+01
1.480550353690373022e+01 1.490737828372277640e+01 1.478882424310329924e+01 1.510095834788693026e+01 1.500522531525050063e+01
1.484066285215540759e+01 1.493559289012061342e+01 1.480319629913647361e+01 1.514209970113582848e+01 1.503282619285668709e+01
1.487294704522497391e+01 1.496142398461025280e+01 1.481610436118846330e+01 1.517949401086693406e+01 1.505803388955514954e+01
1.490234152461373895e+01 1.498488582550463555e+01 1.482755539757907215e+01 1.521316753776390840e+01 1.508082936631786630e+01
1.492885256418988682e+01 1.500600001263089744e+01 1.483755692556775863e+01 1.524317381680618411e+01 1.510120460193056680e+01
1.495250340427350899e+01 1.502479431016283229e+01 1.484611700125983624e+01 1.526958621014387063e+01 1.511916164946751806e+01
1.497333080309635633e+01 1.504130157705075099e+01 1.485324420845239857e+01 1.529249216575749948e+01 1.513471162096694123e+01
1.499138203236310751e+01 1.505555882133603873e+01 1.485894764898565157e+01 1.531198870191266259e+01 1.514787364914239909e+01
1.500671239954571412e+01 1.506760639022031611e+01 1.486323693351839559e+01 1.532817895750605430e+01 1.515867386450925025e+01
1.501938319391791765e+01 1.507748725962998648e+01 1.486612217326011631e+01 1.534116961031145365e+01 1.516714441349330578e+01
1.502946003346077575e+01 1.508524641881994022e+01 1.486761397267155083e+01 1.535106897889435373e+01 1.517332253904509543e+01
1.503701150108272522e+01 1.509093034201046102e+01 1.486772342358473686e+01 1.535798561191313993e+01 1.517724973256532728e+01
1.504210804798327139e+01 1.509458655125052751e+01 1.486646210115713451e+01 1.536202723978831841e+01 1.517897097335574585e+01
1.504482113287775036e+01 1.509626324840372114e+01 1.486384206127950058e+01 1.536330002532919003e+01 1.517853403280074609e+01
1.504522256417981829e+01 1.509600900120867806e+01 1.485987584017723862e+01 1.536190803141428241e+01 1.517598886278540071e+01
1.504338396471208483e+01 1.509387248067618970e+01 1.485457645555243467e+01 1.535795284168547425e+01 1.517138706112535829e+01
1.503937634767173748e+01 1.508990224400549529e+01 1.484795741105106792e+01 1.535153331068480931e+01 1.516478140164777599e+01
1.503326980082233888e+01 1.508414655493026757e+01 1.484003270307588096e+01 1.534274539724315645e+01 1.515622543032181468e+01
1.502513324427466479e+01 1.507665323653518286e+01 1.483081683025222475e+01 1.533168205191766020e+01 1.514577311466866583e+01
1.501503424515425422e+01 1.506746954958167173e+01 1.482032480636507898e+01 1.531843318921023567e+01 1.513347854498343636e+01
1.500303888152048692e+01 1.505664209436964285e+01 1.480857217383056224e+01 1.530308568583651585e+01 1.511939568096176245e+01
1.498921164606733925e+01 1.504421673198608289e+01 1.479557502709843320e+01 1.528572339199566343e+01 1.510357813769572211e+01
1.497361538375960777e+01 1.503023852187550524e+01 1.478135003192201502e+01 1.526642715840861264e+01 1.508607900640388699e+01
1.495631124131975831e+01 1.501475167644465536e+01 1.476591444831539768e+01 1.524527490394736162e+01 1.506695070483642240e+01
1.493735863916512763e+01 1.499779951652034704e+01 1.474928615589877623e+01 1.522234167943913263e+01 1.504624485446151283e+01
1.491681527752233194e+01 1.497942444082502789e+01 1.473148367897180755e+01 1.519769974127628132e+01 1.502401218088861512e+01
1.489473714091493051e+01 1.495966791824388231e+01 1.471252620658039056e+01 1.517141862929259588e+01 1.500030243334958335e+01
1.487117851161211313e+01 1.493857047089545986e+01 1.469243360728346737e+01 1.514356525031888445e+01 1.497516432125647690e+01
1.484619197826440740e+01 1.491617166733911581e+01 1.467122643333453169e+01 1.511420395577931686e+01 1.494864546830827479e+01
1.481982847191003749e+01 1.489251012636837146e+01 1.464892590925942706e+01 1.508339662390373626e+01 1.492079237148012716e+01
1.479213729451563530e+01 1.486762350524524479e+01 1.462555390156646951e+01 1.505120275302722277e+01 1.489165037164111283e+01
1.476316615569609958e+01 1.484154851658342089e+01 1.460113286611323780e+01 1.501767953656749199e+01 1.486126364598742811e+01
1.473296120953752109e+01 1.481432093020504048e+01 1.457568577165697121e+01 1.498288195459094752e+01 1.482967518653228289e+01
1.470156709219557634e+01 1.478597558909837772e+01 1.454923600264266348e+01 1.494686284740047455e+01 1.479692681645032692e+01
1.466902696203944068e+01 1.475654641991380522e+01 1.452180724551368307e+01 1.490967299760341191e+01 1.476305918540461981e+01
1.463538254078507528e+01 1.472606644696227285e+01 1.449342336611457149e+01 1.487136119184822469e+01 1.472811176836756353e+01
1.460067415045416084e+01 1.469456780705545107e+01 1.446410828713018404e+01 1.483197431162099456e+01 1.469212288060070293e+01
1.456494075486030759e+01 1.466208176604991387e+01 1.443388587060167083e+01 1.479155740044207512e+01 1.465512969565571844e+01
1.452822000135338243e+01 1.462863873575379792e+01 1.440277981378475936e+01 1.475015372944084824e+01 1.461716826095589994e+01
1.449054826469377311e+01 1.459426829118837432e+01 1.437081356051718828e+01 1.470780487293900052e+01 1.457827351721896925e+01
1.445196068113326682e+01 1.455899918840360741e+01 1.433801022874809838e+01 1.466455076587901551e+01 1.453847931898298285e+01
1.441249119311873805e+01 1.452285938331746351e+01 1.430439255416556321e+01 1.462042976921354764e+01 1.449781845796529645e+01
1.437217258063738612e+01 1.448587605018779811e+01 1.426998284837827136e+01 1.457547873264503480e+01 1.445632268554598454e+01
1.433103650644234506e+01 1.444807559883192383e+01 1.423480296986660321e+01 1.452973304377456998e+01 1.441402273697948466e+01
1.428911353765435166e+01 1.440948369467089307e+01 1.419887430445021437e+01 1.448322671429206920e+01 1.437094835557139660e+01
1.424643319663380758e+01 1.437012527380560201e+01 1.416221775036427033e+01 1.443599237286980141e+01 1.432712831873576853e+01
1.420302398850184566e+01 1.433002456279125525e+01 1.412485371138972390e+01 1.438806141324345411e+01 1.428259046280970068e+01
1.415891343695327897e+01 1.428920509729448618e+01 1.408680210922009124e+01 1.433946395629742554e+01 1.423736170857876182e+01
1.411412811510827403e+01 1.424768974484401163e+01 1.404808237559322315e+01 1.429022892393277466e+01 1.419146808670198467e+01
1.406869367919611236e+01 1.420550071600169595e+01 1.400871345620865505e+01 1.424038413751026333e+01 1.414493476298208385e+01
1.402263489913387673e+01 1.416265958337822539e+01 1.396871382032973585e+01 1.418995624932616906e+01 1.409778606313425975e+01
1.397597568534477830e+01 1.411918730179273318e+01 1.392810147069125293e+01 1.413897092120314802e+01 1.405004549828469784e+01
1.392873912435643469e+01 1.407510421490095354e+01 1.388689395101322788e+01 1.408745274987057705e+01 1.400173578594540480e+01
1.388094749809211592e+01 1.403043008358821453e+01 1.384510835537324525e+01 1.403542537591827966e+01 1.395287887983357322e+01
1.383262231875804460e+01 1.398518409458734268e+01 1.380276133871730160e+01 1.398291150723431819e+01 1.390349598765722483e+01
1.378378434195044377e+01 1.393938488003095522e+01 1.375986912693812947e+01 1.392993293517491615e+01 1.385360760111463563e+01
1.373445361908144058e+01 1.389305052905821114e+01 1.371644752717993043e+01 1.387651061642942452e+01 1.380323350880522071e+01
1.368464949929403929e+01 1.384619860824657600e+01 1.367251193774407980e+01 1.382266463472264562e+01 1.375239283022358627e+01
1.363439063592969447e+01 1.379884616969174971e+01 1.362807735806629239e+01 1.376841431823200068e+01 1.370110402405455297e+01
1.358369508453697705e+01 1.375100977292805915e+01 1.358315839862748042e+01 1.371377820733643738e+01 1.364938492266059811e+01
1.353258024766483736e+01 1.370270549057509868e+01 1.353776929075302071e+01 1.365877410347401266e+01 1.359725273763317155e+01
1.348106288577340095e+01 1.365394893035082546e+01 1.349192389618581345e+01 1.360341912140403586e+01 1.354472409417405565e+01
1.342915924825210006e+01 1.360475523586900870e+01 1.344563571634754595e+01 1.354772966448881455e+01 1.349181503986434194e+01
1.337688497964188805e+01 1.355513911741036104e+01 1.339891790144129935e+01 1.349172151724846103e+01 1.343854107196995074e+01
1.332425515122060311e+01 1.350511485793095190e+01 1.335178325940951538e+01 1.343540981125776312e+01 1.338491714766576557e+01
1.327128436675407386e+01 1.345469629890568619e+01 1.330424426460944431e+01 1.337880909009518682e+01 1.333095770941723934e+01
1.321798668710929725e+01 1.340389690584594007e+01 1.325631306643324159e+01 1.332193331995824437e+01 1.327667669600035616e+01
1.316437566978035534e+01 1.335272974965328885e+01 1.320800149763872611e+01 1.326479589809791904e+01 1.322208756367923677e+01
1.311046443365321679e+01 1.330120748103329475e+01 1.315932108229091746e+01 1.320740971089385063e+01 1.316720329974909731e+01
1.305626561553953380e+01 1.324934241838645654e+01 1.311028304395565414e+01 1.314978710604565393e+01 1.311203643942665131e+01
1.300179140726423377e+01 1.319714651636783742e+01 1.306089831311373040e+01 1.309193996429581652e+01 1.305659908136510872e+01
1.294705359856901694e+01 1.314463134741287931e+01 1.301117753465530313e+01 1.303387968073328906e+01 1.300090290120833103e+01
1.289206354868460380e+01 1.309180816962640037e+01 1.296113107541090592e+01 1.297561719564577842e+01 1.294495916807153790e+01
1.283683222304908078e+01 1.303868791218549639e+01 1.291076903132504228e+01 1.291716302537548167e+01 1.288877875538812567e+01
1.278137022423620728e+01 1.298528116168284363e+01 1.286010123427896445e+01 1.285852724900432520e+01 1.283237215822407329e+01
1.272568775874162661e+01 1.293159820574327235e+01 1.280913725892354904e+01 1.279971956410262024e+01 1.277574950153613642e+01
1.266979468385057928e+01 1.287764903430844043e+01 1.275788642965407860e+01 1.274074926524017037e+01 1.271892055820910095e+01
1.261370053242064593e+01 1.282344333068482811e+01 1.270635782647686263e+01 1.268162528587196647e+01 1.266189475517577634e+01
1.255741447264460753e+01 1.276899049893556182e+01 1.265456029154980655e+01 1.262235620314197249e+01 1.260468119169089185e+01
1.250094536342451335e+01 1.271429967321237875e+01 1.260250243546247439e+01 1.256295024359939738e+01 1.254728864390877874e+01
1.244430176699315815e+01 1.265937970551294178e+01 1.255019264320264405e+01 1.250341531929712247e+01 1.248972558144700251e+01
1.238749192236628716e+01 1.260423919006654891e+01 1.249763907986231182e+01 1.244375901021448705e+01 1.243200016950749998e+01
1.233052379190648651e+01 1.254888647826561154e+01 1.244484969639215599e+01 1.238398860871414264e+01 1.237412029638815270e+01
1.227340506585356117e+01 1.249332966294867120e+01 1.239183223513109056e+01 1.232411110782336827e+01 1.231609357137837790e+01
1.221614314997630579e+01 1.243757659753494416e+01 1.233859423942099909e+01 1.226413322083755908e+01 1.225792731550714265e+01
1.215874520364157085e+01 1.238163491581176423e+01 1.228514304963839798e+01 1.220406139948227597e+01 1.219962862374687695e+01
1.210121814086967973e+01 1.232551201574379895e+01 1.223148580488161130e+01 1.214390182657229467e+01 1.214120433806880683e+01
1.204356860845096833e+01 1.226921507311878656e+01 1.217762946939877544e+01 1.208366044986254195e+01 1.208266101391524927e+01
1.198580304338815594e+01 1.221275106427734514e+01 1.212358082049490626e+01 1.202334296867520891e+01 1.202400502887247491e+01
1.192792765833080360e+01 1.215612675120557640e+01 1.206934643743466928e+01 1.196295486046090417e+01 1.196524252668500132e+01
1.186994842404913442e+01 1.209934869078772124e+01 1.201493273656228311e+01 1.190250138284786097e+01 1.190637939352158625e+01
1.181187112606806622e+01 1.204242325796493418e+01 1.196034599990057856e+01 1.184198757772419341e+01 1.184742134672313263e+01
1.175370134415402568e+01 1.198535663278721586e+01 1.190559232935215661e+01 1.178141829327230639e+01 1.178837389625219956e+01
1.169544444233493152e+01 1.192815480603542611e+01 1.185067765869698420e+01 1.172079817316324402e+01 1.172924233570785013e+01
1.163710561764984774e+01 1.187082360318425067e+01 1.179560776284029266e+01 1.166013168399710587e+01 1.167003178325767543e+01
1.157868988072193339e+01 1.181336867209285657e+01 1.174038825434011635e+01 1.159942310790506248e+01 1.161074718112526583e+01
1.152020205166962441e+01 1.175579548563923815e+01 1.168502452764263033e+01 1.153867655500602751e+01 1.155139328669766208e+01
1.146164679803460551e+01 1.169810936698657855e+01 1.162952204677337598e+01 1.147789597413184026e+01 1.149197469054338860e+01
1.140302862010636709e+01 1.164031547722248838e+01 1.157388586594327862e+01 1.141708514870390978e+01 1.143249582905681727e+01
1.134435184743542635e+01 1.158241881569676934e+01 1.151812122641151781e+01 1.135624771736854122e+01 1.137296097140714046e+01
1.128562067277290915e+01 1.152442424596939929e+01 1.146223293472228733e+01 1.129538716567246048e+01 1.131337422883153998e+01
1.122683913797955135e+01 1.146633648374531234e+01 1.140622586463584476e+01 1.123450684284029499e+01 1.125373958347487502e+01
1.116801113143107393e+01 1.140816009575042678e+01 1.135010464521221607e+01 1.117360996250611649e+01 1.119406086748216289e+01
1.110914041921763662e+01 1.134989952497465104e+01 1.129387380015221254e+01 1.111269960562511017e+01 1.113434176570418543e+01
1.105023063093141111e+01 1.129155907967134453e+01 1.123753775128727739e+01 1.105177873344380757e+01 1.107458584940083135e+01
1.099128525853637761e+01 1.123314293122747820e+01 1.118110077776913336e+01 1.099085017580414636e+01 1.101479655675712621e+01
1.093230768412009368e+01 1.117465513803553634e+01 1.112456706733614809e+01 1.092991666061083578e+01 1.095497718906466744e+01
1.087330116635764021e+01 1.111609963576870008e+01 1.106794069682386450e+01 1.086898080643769582e+01 1.089513094768491541e+01
1.081426884126374866e+01 1.105748023435784866e+01 1.101122563147471567e+01 1.080804511752985064e+01 1.083526091548420922e+01
1.075521374531515306e+01 1.099880064067212793e+01 1.095442574367555366e+01 1.074711198941286305e+01 1.077537005175184248e+01
1.069613880371080050e+01 1.094006444976549197e+01 1.089754479326327008e+01 1.068618374636433010e+01 1.071546122505052345e+01
1.063704683254512062e+01 1.088127514106916571e+01 1.084058644896670742e+01 1.062526261742636180e+01 1.065553719872974270e+01
1.057794055764864183e+01 1.082243610014408119e+01 1.078355427389014132e+01 1.056435069601290166e+01 1.059560062599723729e+01
1.051882260457465712e+01 1.076355061040912453e+01 1.072645174431065307e+01 1.050345003225321250e+01 1.053565407620857108e+01
1.045969550175266960e+01 1.070462184979830944e+01 1.066928223338388371e+01 1.044256259398186870e+01 1.047570002624169128e+01
1.040056169600223157e+01 1.064565290952739574e+01 1.061204903745016281e+01 1.038169026049503785e+01 1.041574085392625193e+01
1.034142354364251659e+01 1.058664678811923388e+01 1.055475534957740003e+01 1.032083480424819655e+01 1.035577885746086935e+01
1.028228331447759558e+01 1.052760638835665929e+01 1.049740429628437077e+01 1.025999796689688637e+01 1.029581625565788272e+01
1.022314320466561988e+01 1.046853453199620887e+01 1.043999890176203316e+01 1.019918140737076584e+01 1.023585518089182145e+01
1.016400532857765171e+01 1.040943395724021237e+01 1.038254212723669490e+01 1.013838670394091146e+01 1.017589768906016445e+01
1.010487172360947383e+01 1.035030731527080761e+01 1.032503683724143784e+01 1.007761537273519181e+01 1.011594576719256544e+01
1.004574436060317844e+01 1.029115718170574922e+01 1.026748583993896879e+01 1.001686887810472903e+01 1.005600132597966478e+01
9.986625136508566314e+00 1.023198605677585959e+01 1.020989184966881425e+01 9.956148620937945282e+00 9.996066204388629473e+00
9.927515879917889308e+00 1.017279636159103973e+01 1.015225752565396711e+01 9.895455927996415824e+00 9.936142181660216011e+00
9.868418359133546147e+00 1.011359044695992182e+01 1.009458544132305136e+01 9.834792090659611574e+00 9.876230969139104587e+00
9.809334275765639433e+00 1.005437059560862600e+01 1.003687811317311684e+01 9.774158342699623248e+00 9.816334210932286197e+00
9.750265270813708085e+00 9.995139018293647482e+00 9.979137981801171620e+00 9.713555863550272562e+00 9.756453499506239524e+00
9.691212930597856712e+00 9.935897860492426403e+00 9.921367428420797552e+00 9.652985779034050751e+00 9.696590366841112640e+00
9.632178781263029066e+00 9.876649206148799820e+00 9.863568767158671591e+00 9.592449180474346804e+00 9.636746282583507295e+00
9.573164295281788583e+00 9.817395073731846722e+00 9.805744251330404282e+00 9.531947112416361279e+00 9.576922670981614871e+00
9.514170895536594230e+00 9.758137421185624660e+00 9.747896074856649662e+00 9.471480559326208137e+00 9.517120902477797628e+00
9.455199950584908919e+00 9.698878150793616371e+00 9.690026370187956317e+00 9.411050477633095213e+00 9.457342290695381237e+00
9.396252781530369802e+00 9.639619105277548172e+00 9.632137216934538060e+00 9.350657786151668205e+00 9.397588108590378297e+00
9.337330664498249888e+00 9.580362071326264939e+00 9.574230633329682050e+00 9.290303362051750113e+00 9.337859581101049855e+00
9.278434826545524317e+00 9.521108785231804816e+00 9.516308590161083103e+00 9.229988034293318933e+00 9.278157882685391655e+00
9.219566452851461591e+00 9.461860929108802054e+00 9.458372997692285011e+00 9.169712611812510517e+00 9.218484149771279945e+00
9.160726687770642584e+00 9.402620133278976056e+00 9.400425723201699668e+00 9.109477865543800235e+00 9.158839476734181417e+00
9.101916631345336128e+00 9.343387982392409086e+00 9.342468574809513981e+00 9.049284528063761712e+00 9.099224913571864803e+00
9.043137346728574499e+00 9.284166011820936149e+00 9.284503321394197428e+00 8.989133300572227370e+00 9.039641473661429671e+00
8.984389859986670501e+00 9.224955709131620551e+00 9.226531674417142170e+00 8.929024860444846112e+00 8.980090134384891343e+00
8.925675153831937436e+00 9.165758520475014492e+00 9.168555309245530083e+00 8.868959854399491860e+00 8.920571833765659875e+00
8.866994182212998510e+00 9.106575846118262874e+00 9.110575845881838219e+00 8.808938892951701405e+00 8.861087474961383492e+00
8.808347865474841498e+00 9.047409040770469701e+00 9.052594871208190952e+00 8.748962569798042210e+00 8.801637930164300627e+00
8.749737092425190710e+00 8.988259425052339324e+00 8.994613918832946808e+00 8.689031450787616961e+00 8.742224036693535538e+00
8.691162713715804955e+00 8.929128279150511105e+00 8.936634490175711321e+00 8.629146075394318771e+00 8.682846599029653945e+00
8.632625546312507225e+00 8.870016846500961449e+00 8.878658036903630091e+00 8.569306955625670241e+00 8.623506394777454176e+00
8.574126393236749522e+00 8.810926320032569592e+00 8.820685979942718191e+00 8.509514588243765942e+00 8.564204170649873049e+00
8.515666025601184685e+00 8.751857867659161627e+00 8.762719695196233616e+00 8.449769446620511104e+00 8.504940642825594921e+00
8.457245188569803673e+00 8.692812627281302440e+00 8.704760525778075575e+00 8.390071977713786211e+00 8.445716503917122253e+00
8.398864567016447680e+00 8.633791701616987169e+00 8.646809775545463594e+00 8.330422612340223409e+00 8.386532419123351900e+00
8.340524864875856537e+00 8.574796159296949938e+00 8.588868714457522202e+00 8.270821763919634861e+00 8.327389025311868309e+00
8.282226747970684144e+00 8.515827007866667131e+00 8.530938577795112110e+00 8.211269826165022323e+00 8.268286938703621303e+00
8.223970860254935289e+00 8.456885265567091636e+00 8.473020563321650656e+00 8.151767168832746435e+00 8.209226751138402278e+00
8.165757808554259256e+00 8.397971907234698108e+00 8.415115841003974140e+00 8.092314152689214168e+00 8.150209029278808970e+00
8.107588182127511089e+00 8.339087880130792385e+00 8.357225547320213721e+00 8.032911120072775191e+00 8.091234320876745656e+00
