2.023032254602973978e+00
2.045198511973822075e+00
2.066542613908957549e+00
2.087106041034974435e+00
2.106928050096456229e+00
2.126045802544300756e+00
2.144494485055740363e+00
2.162307422558626957e+00
2.179516184281876434e+00
2.196150683309221918e+00
2.212239270073794728e+00
2.227808820195911643e+00
2.242884817034995315e+00
2.257491429298513097e+00
2.271651584025355941e+00
2.285387035238671150e+00
2.298718428541311809e+00
2.311665361909528649e+00
2.324246442922158540e+00
2.336479342647050483e+00
2.348380846391710630e+00
2.359966901511652448e+00
2.371252662457317140e+00
2.382252533228818692e+00
2.392980207396904202e+00
2.403448705838436616e+00
2.413670412325282122e+00
2.423657107096686580e+00
2.433419998537034612e+00
2.442969753073165773e+00
2.452316523398274661e+00
2.461469975122676512e+00
2.470439311945423544e+00
2.479233299434875804e+00
2.487860287500827994e+00
2.496328231635579264e+00
2.504644712996555000e+00
2.512816957398533724e+00
2.520851853279278743e+00
2.528755968698447543e+00
2.536535567425897586e+00
2.544196624172045951e+00
2.551744839009694399e+00
2.559185651033664133e+00
2.566524251301758319e+00
2.573765595097880166e+00
2.580914413555650988e+00
2.587975224678531028e+00
2.594952343790256410e+00
2.601849893447369055e+00
2.608671812843683657e+00
2.615421866734756851e+00
2.622103653908731236e+00
2.628720615228374413e+00
2.635276041267632596e+00
2.641773079564666116e+00
2.648214741512025405e+00
2.654603908903423459e+00
2.660943340155420778e+00
2.667235676221283658e+00
2.673483446213269499e+00
2.679689072748665968e+00
2.685854877034034693e+00
2.691983083701273927e+00
2.698075825408337902e+00
2.704135147216851998e+00
2.710163010757851598e+00
2.716161298196640761e+00
2.722131816006911453e+00
2.728076298563756996e+00
2.733996411564695528e+00
2.739893755287305499e+00
2.745769867691620458e+00
2.751626227374977418e+00
2.757464256386583656e+00
2.763285322908701769e+00
2.769090743810965094e+00
2.774881787083979034e+00
2.780659674158061812e+00
2.786425582112633137e+00
2.792180645781495052e+00
2.797925959758960079e+00
2.803662580311512720e+00
2.809391527199464278e+00
2.815113785412809655e+00
2.820830306825272693e+00
2.826542011770337481e+00
2.832249790542843648e+00
2.837954504829550917e+00
2.843656989071891239e+00
2.849358051763965172e+00
2.855058476688681068e+00
2.860759024094778891e+00
2.866460431817338339e+00
2.872163416344249764e+00
2.877868673830966006e+00
2.883576881065772479e+00
2.889288696387655175e+00
2.895004760558768098e+00
2.900725697593382169e+00
2.906452115545096859e+00
2.912184607254004298e+00
2.917923751055416570e+00
2.923670111451650566e+00
2.929424239748323444e+00
2.935186674656499850e+00
2.940957942861985419e+00
2.946738559562959825e+00
2.952529028977115111e+00
2.958329844819364229e+00
2.964141490751145636e+00
2.969964440802289829e+00
2.975799159766354229e+00
2.981646103570277262e+00
2.987505719619172329e+00
2.993378447117000629e+00
2.999264717363860910e+00
3.005164954030553393e+00
3.011079573411053811e+00
3.017008984653494430e+00
3.022953589970200916e+00
3.028913784827410804e+00
3.034889958114892039e+00
3.040882492296283601e+00
3.046891763540345632e+00
3.052918141833614651e+00
3.058961991074842679e+00
3.065023669151589747e+00
3.071103527999281990e+00
3.077201913643097697e+00
3.083319166222967311e+00
3.089455620001975156e+00
3.095611603358450648e+00
3.101787438762014570e+00
3.107983442733829538e+00
3.114199925791302448e+00
3.120437192377490287e+00
3.126695540775431326e+00
3.132975263007643285e+00
3.139276644721021192e+00
3.145599965057364944e+00
3.151945496509766187e+00
3.158313504765105417e+00
3.164704248532898667e+00
3.171117979360742911e+00
3.177554941436628866e+00
3.184015371378403181e+00
3.190499498010643808e+00
3.197007542129278956e+00
3.203539716254260039e+00
3.210096224370623030e+00
3.216677261658296594e+00
3.223283014211062447e+00
3.229913658745043215e+00
3.236569362297165853e+00
3.243250281914066502e+00
3.249956564331913267e+00
3.256688345647670957e+00
3.263445750982363780e+00
3.270228894136905318e+00
3.277037877241133046e+00
3.283872790396684671e+00
3.290733711314409948e+00
3.297620704947047177e+00
3.304533823117926872e+00
3.311473104146495317e+00
3.318438572471503534e+00
3.325430238272739647e+00
3.332448097092211015e+00
3.339492129455729152e+00
3.346562300495889986e+00
3.353658559577456622e+00
3.360780839926221564e+00
3.367929058262415953e+00
3.375103114439793384e+00
3.382302891091539365e+00
3.389528253284169956e+00
3.396779048180613270e+00
3.404055104713706204e+00
3.411356233271315208e+00
3.418682225394341856e+00
3.426032853488861107e+00
3.433407870553650376e+00
3.440807009924363058e+00
3.448229985035611289e+00
3.455676489202190282e+00
3.463146195420674367e+00
3.470638756192594876e+00
3.478153803370386932e+00
3.485690948027241554e+00
3.493249780351975531e+00
3.500829869570013742e+00
3.508430763891468018e+00
3.516051990487277124e+00
3.523693055494354631e+00
3.531353444050521873e+00
3.539032620360004877e+00
3.546730027790212514e+00
3.554445089000350499e+00
3.562177206102388194e+00
3.569925760854838703e+00
3.577690114889622741e+00
3.585469609972248950e+00
3.593263568295456345e+00
3.601071292806295787e+00
3.608892067566545681e+00
3.616725158146284258e+00
3.624569812050263184e+00
3.632425259176650378e+00
3.640290712307600707e+00
3.648165367630995082e+00
3.656048405292552594e+00
3.663938989977451044e+00
3.671836271520478867e+00
3.679739385543596697e+00
3.687647454119728163e+00
3.695559586461528490e+00
3.703474879633698258e+00
3.711392419287424360e+00
3.719311280415408927e+00
3.727230528125858200e+00
3.735149218433769569e+00
3.743066399067795480e+00
3.750981110290894094e+00
3.758892385732935271e+00
3.766799253233435341e+00
3.774700735692511078e+00
3.782595851928168607e+00
3.790483617538014105e+00
3.798363045763486934e+00
3.806233148354694951e+00
3.814092936433988612e+00
3.821941421356388258e+00
3.829777615565049587e+00
3.837600533439957662e+00
3.845409192138106391e+00
3.853202612423461293e+00
3.860979819485064635e+00
3.868739843741689999e+00
3.876481721631551913e+00
3.884204496385623262e+00
3.891907218783182909e+00
3.899588947888327439e+00
3.907248751766250638e+00
3.914885708178146739e+00
3.922498905253743562e+00
3.930087442140518306e+00
3.937650429628730020e+00
3.945186990751542222e+00
3.952696261359558871e+00
3.960177390669187503e+00
3.967629541784357006e+00
3.975051892191208136e+00
3.982443634225409035e+00
3.989803975511905243e+00
3.997132139376951887e+00
4.004427365232360536e+00
4.011688908931969166e+00
4.018916043100451141e+00
4.026108057434589327e+00
4.033264258977253824e+00
4.040383972364375964e+00
4.047466540045279615e+00
4.054511322476716195e+00
4.061517698291144285e+00
4.068485064439697929e+00
4.075412836310388975e+00
4.082300447822175826e+00
4.089147351495486582e+00
4.095953018499854714e+00
4.102716938679366265e+00
4.109438620556623789e+00
4.116117591315942903e+00
4.122753396766559497e+00
4.129345601286583900e+00
4.135893787748486261e+00
4.142397557426911625e+00
4.148856529889590306e+00
4.155270342872142031e+00
4.161638652137584771e+00
4.167961131321312074e+00
4.174237471762340945e+00
4.180467382321597647e+00
4.186650589188036342e+00
4.192786835673311785e+00
4.198875881995800086e+00
4.204917505054655003e+00
4.210911498194670699e+00
4.216857670962611770e+00
4.222755848855725525e+00
4.228605873063099985e+00
4.234407600200512434e+00
4.240160902039412427e+00
4.245865665230640573e+00
4.251521791023483487e+00
4.257129194980630693e+00
4.262687806689593017e+00
4.268197569471097630e+00
4.273658440084983745e+00
4.279070388434073280e+00
4.284433397266492527e+00
4.289747461876883605e+00
4.295012589806932013e+00
4.300228800545622398e+00
4.305396125229578708e+00
4.310514606343888389e+00
4.315584297423728621e+00
4.320605262757135634e+00
4.325577577089203984e+00
4.330501325328032003e+00
4.335376602252643430e+00
4.340203512223173909e+00
4.344982168893542607e+00
4.349712694926830991e+00
4.354395221713565967e+00
4.359029889093092081e+00
4.363616845078233553e+00
4.368156245583375785e+00
4.372648254156120906e+00
4.377093041712654120e+00
4.381490786276929228e+00
4.385841672723818085e+00
4.390145892526255977e+00
4.394403643506539225e+00
4.398615129591789241e+00
4.402780560573692270e+00
4.406900151872560123e+00
4.410974124305733213e+00
4.415002703860404942e+00
4.418986121470855899e+00
4.422924612800160027e+00
4.426818418026362778e+00
4.430667781633112590e+00
4.434472952204804308e+00
4.438234182226168834e+00
4.441951727886364054e+00
4.445625848887496012e+00
4.449256808257581852e+00
4.452844872167923462e+00
4.456390309754857171e+00
4.459893392945875057e+00
4.463354396290039716e+00
4.466773596792684486e+00
4.470151273754339627e+00
4.473487708613863134e+00
4.476783184795704251e+00
4.480037987561256152e+00
4.483252403864254276e+00
4.486426722210145712e+00
4.489561232519419853e+00
4.492656225994776875e+00
4.495711994992135807e+00
4.498728832895382723e+00
4.501707033994810203e+00
4.504646893369212535e+00
4.507548706771517644e+00
4.510412770517948644e+00
4.513239381380616422e+00
4.516028836483487297e+00
4.518781433201690234e+00
4.521497469064033048e+00
4.524177241658749793e+00
4.526821048542318593e+00
4.529429187151384539e+00
4.532001954717647330e+00
4.534539648185679894e+00
4.537042564133625611e+00
4.539510998696670185e+00
4.541945247493290871e+00
4.544345605554149792e+00
4.546712367253620712e+00
4.549045826243860446e+00
4.551346275391380480e+00
4.553614006716053986e+00
4.555849311332490714e+00
4.558052479393737144e+00
4.560223800037226383e+00
4.562363561332940520e+00
4.564472050233718825e+00
4.566549552527648714e+00
4.568596352792506643e+00
4.570612734352168083e+00
4.572598979234965277e+00
4.574555368133917277e+00
4.576482180368789621e+00
4.578379693849929488e+00
4.580248185043840792e+00
4.582087928940432597e+00
4.583899199021913340e+00
4.585682267233263332e+00
4.587437403954255366e+00
4.589164877972979006e+00
4.590864956460817936e+00
4.592537904948835958e+00
4.594183987305546779e+00
4.595803465716000069e+00
4.597396600662169597e+00
4.598963650904588363e+00
4.600504873465202316e+00
4.602020523611392022e+00
4.603510854841135647e+00
4.604976118869291923e+00
4.606416565614927627e+00
4.607832443189699312e+00
4.609223997887227142e+00
4.610591474173439508e+00
4.611935114677866210e+00
4.613255160185818049e+00
4.614551849631464364e+00
4.615825420091744569e+00
4.617076106781101252e+00
4.618304143047009980e+00
4.619509760366264040e+00
4.620693188342001712e+00
4.621854654701444076e+00
4.622994385294314057e+00
4.624112604091926038e+00
4.625209533186906086e+00
4.626285392793523243e+00
4.627340401248625668e+00
4.628374775013130105e+00
4.629388728674072695e+00
4.630382474947177585e+00
4.631356224679938016e+00
4.632310186855185030e+00
4.633244568595119794e+00
4.634159575165800682e+00
4.635055409982054897e+00
4.635932274612812876e+00
4.636790368786828154e+00
4.637629890398788923e+00
4.638451035515785748e+00
4.639253998384128330e+00
4.640038971436496240e+00
4.640806145299404939e+00
4.641555708800987112e+00
4.642287848979046672e+00
4.643002751089400526e+00
4.643700598614479702e+00
4.644381573272180042e+00
4.645045855024958037e+00
4.645693622089143382e+00
4.646325050944471791e+00
4.646940316343819433e+00
4.647539591323129216e+00
4.648123047211526249e+00
4.648690853641589626e+00
4.649243178559804512e+00
4.649780188237155443e+00
4.650302047279859963e+00
4.650808918640250589e+00
4.651300963627764240e+00
4.651778341920064008e+00
4.652241211574257740e+00
4.652689729038232080e+00
4.653124049162064679e+00
4.653544325209530541e+00
4.653950708869682984e+00
4.654343350268521640e+00
4.654722397980700421e+00
4.655087999041317204e+00
4.655440298957745249e+00
4.655779441721511702e+00
4.656105569820231160e+00
4.656418824249549004e+00
4.656719344525143356e+00
4.657007268694731472e+00
4.657282733350103676e+00
4.657545873639180378e+00
4.657796823278069098e+00
4.658035714563129481e+00
4.658262678383047195e+00
4.658477844230899834e+00
4.658681340216218381e+00
4.658873293077040678e+00
4.659053828191950686e+00
4.659223069592102640e+00
4.659381139973218566e+00
4.659528160707569810e+00
4.659664251855930139e+00
4.659789532179496874e+00
4.659904119151781821e+00
4.660008128970466679e+00
4.660101676569221141e+00
4.660184875629478363e+00
4.660257838592175794e+00
4.660320676669438278e+00
4.660373499856226509e+00
4.660416416941926876e+00
4.660449535521896003e+00
4.660472962008951114e+00
4.660486801644804444e+00
4.660491158511439913e+00
4.660486135542437403e+00
4.660471834534232194e+00
4.660448356157309568e+00
4.660415799967346118e+00
4.660374264416280887e+00
4.660323846863325237e+00
4.660264643585906086e+00
4.660196749790536330e+00
4.660120259623615091e+00
4.660035266182171121e+00
4.659941861524530715e+00
4.659840136680904799e+00
4.659730181663914728e+00
4.659612085479041710e+00
4.659485936135005169e+00
4.659351820654060283e+00
4.659209825082231582e+00
4.659060034499456826e+00
4.658902533029670501e+00
4.658737403850800263e+00
4.658564729204692334e+00
4.658384590406955184e+00
4.658197067856733931e+00
4.658002241046398595e+00
4.657800188571157740e+00
4.657590988138594845e+00
4.657374716578125629e+00
4.657151449850379876e+00
4.656921263056498894e+00
4.656684230447359241e+00
4.656440425432713859e+00
4.656189920590261266e+00
4.655932787674630369e+00
4.655669097626287112e+00
4.655398920580363864e+00
4.655122325875407086e+00
4.654839382062059272e+00
4.654550156911639647e+00
4.654254717424672450e+00
4.653953129839316638e+00
4.653645459639729864e+00
4.653331771564348074e+00
4.653012129614098491e+00
4.652686597060518459e+00
4.652355236453812992e+00
4.652018109630827958e+00
4.651675277722949531e+00
4.651326801163925495e+00
4.650972739697618152e+00
4.650613152385669302e+00
4.650248097615100384e+00
4.649877633105837127e+00
4.649501815918153369e+00
4.649120702460051824e+00
4.648734348494558688e+00
4.648342809146956967e+00
4.647946138911938974e+00
4.647544391660691332e+00
4.647137620647907141e+00
4.646725878518723540e+00
4.646309217315593543e+00
4.645887688485085931e+00
4.645461342884608769e+00
4.645030230789078729e+00
4.644594401897500724e+00
4.644153905339496902e+00
4.643708789681757487e+00
4.643259102934428562e+00
4.642804892557432339e+00
4.642346205466713727e+00
4.641883088040432703e+00
4.641415586125082982e+00
4.640943745041544055e+00
4.640467609591081732e+00
4.639987224061262516e+00
4.639502632231825352e+00
4.639013877380478768e+00
4.638521002288634953e+00
4.638024049247094993e+00
4.637523060061651492e+00
4.637018076058644134e+00
4.636509138090457505e+00
4.635996286540945199e+00
4.635479561330809517e+00
4.634959001922909216e+00
4.634434647327518420e+00
4.633906536107520679e+00
4.633374706383550645e+00
4.632839195839077995e+00
4.632300041725428308e+00
4.631757280866761306e+00
4.631210949664978038e+00
4.630661084104586322e+00
4.630107719757505791e+00
4.629550891787815203e+00
4.628990634956456240e+00
4.628426983625877789e+00
4.627859971764628710e+00
4.627289632951899101e+00
4.626716000382008254e+00
4.626139106868849105e+00
4.625558984850273170e+00
4.624975666392430185e+00
4.624389183194059783e+00
4.623799566590728105e+00
4.623206847559026222e+00
4.622611056720707268e+00
4.622012224346790710e+00
4.621410380361609782e+00
4.620805554346810951e+00
4.620197775545317853e+00
4.619587072865241950e+00
4.618973474883745212e+00
4.618357009850869943e+00
4.617737705693308214e+00
4.617115590018145532e+00
4.616490690116543227e+00
4.615863032967390645e+00
4.615232645240912923e+00
4.614599553302243251e+00
4.613963783214954262e+00
4.613325360744505055e+00
4.612684311361698875e+00
4.612040660246083945e+00
4.611394432289323220e+00
4.610745652098519720e+00
4.610094343999486810e+00
4.609440532039998928e+00
4.608784239992997023e+00
4.608125491359765569e+00
4.607464309373058065e+00
4.606800717000192336e+00
4.606134736946111197e+00
4.605466391656404923e+00
4.604795703320308853e+00
4.604122693873641481e+00
4.603447385001726566e+00
4.602769798142278823e+00
4.602089954488249646e+00
4.601407874990655067e+00
4.600723580361341547e+00
4.600037091075741991e+00
4.599348427375593573e+00
4.598657609271622704e+00
4.597964656546200679e+00
4.597269588755958480e+00
4.596572425234381143e+00
4.595873185094362157e+00
4.595171887230746322e+00
4.594468550322815759e+00
4.593763192836765263e+00
4.593055833028137691e+00
4.592346488944238914e+00
4.591635178426526132e+00
4.590921919112949112e+00
4.590206728440285211e+00
4.589489623646436200e+00
4.588770621772692238e+00
4.588049739665990501e+00
4.587326993981119649e+00
4.586602401182911848e+00
4.585875977548409921e+00
4.585147739169004311e+00
4.584417701952554935e+00
4.583685881625462422e+00
4.582952293734742888e+00
4.582216953650058322e+00
4.581479876565738962e+00
4.580741077502771041e+00
4.580000571310755220e+00
4.579258372669851695e+00
4.578514496092701336e+00
4.577768955926328154e+00
4.577021766353996490e+00
4.576272941397077965e+00
4.575522494916865135e+00
4.574770440616388711e+00
4.574016792042202795e+00
4.573261562586140805e+00
4.572504765487064304e+00
4.571746413832577183e+00
4.570986520560732735e+00
4.570225098461718538e+00
4.569462160179502241e+00
4.568697718213483583e+00
4.567931784920106431e+00
4.567164372514469051e+00
4.566395493071898848e+00
4.565625158529517336e+00
4.564853380687782014e+00
4.564080171212011372e+00
4.563305541633897455e+00
4.562529503352990901e+00
4.561752067638169983e+00
4.560973245629093675e+00
4.560193048337638722e+00
4.559411486649322498e+00
4.558628571324696566e+00
4.557844313000737557e+00
4.557058722192205202e+00
4.556271809293004793e+00
4.555483584577520340e+00
4.554694058201927298e+00
4.553903240205497305e+00
4.553111140511889587e+00
4.552317768930417508e+00
4.551523135157311550e+00
4.550727248776954781e+00
4.549930119263111195e+00
4.549131755980135416e+00
4.548332168184172630e+00
4.547531365024341632e+00
4.546729355543899231e+00
4.545926148681395773e+00
4.545121753271815557e+00
4.544316178047706600e+00
4.543509431640288199e+00
4.542701522580553153e+00
4.541892459300353124e+00
4.541082250133471554e+00
4.540270903316685924e+00
4.539458426990813145e+00
4.538644829201744280e+00
4.537830117901465954e+00
4.537014300949070211e+00
4.536197386111758156e+00
4.535379381065816062e+00
4.534560293397595032e+00
4.533740130604471119e+00
4.532918900095794790e+00
4.532096609193836834e+00
4.531273265134704964e+00
4.530448875069265746e+00
4.529623446064050540e+00
4.528796985102148120e+00
4.527969499084090188e+00
4.527140994828723564e+00
4.526311479074067279e+00
4.525480958478173221e+00
4.524649439619961022e+00
4.523816929000054721e+00
4.522983433041599000e+00
4.522148958091074533e+00
4.521313510419094683e+00
4.520477096221204860e+00
4.519639721618659678e+00
4.518801392659194782e+00
4.517962115317795124e+00
4.517121895497442807e+00
4.516280739029873814e+00
4.515438651676299209e+00
4.514595639128143212e+00
4.513751707007756409e+00
4.512906860869127179e+00
4.512061106198585136e+00
4.511214448415492129e+00
4.510366892872921696e+00
4.509518444858341191e+00
4.508669109594279689e+00
4.507818892238986130e+00
4.506967797887075911e+00
4.506115831570185470e+00
4.505262998257597573e+00
4.504409302856876351e+00
4.503554750214488145e+00
4.502699345116408125e+00
4.501843092288734027e+00
4.500985996398276789e+00
4.500128062053160072e+00
4.499269293803398462e+00
4.498409696141473013e+00
4.497549273502906786e+00
4.496688030266821734e+00
4.495825970756500922e+00
4.494963099239932980e+00
4.494099419930353001e+00
4.493234936986786110e+00
4.492369654514569710e+00
4.491503576565881062e+00
4.490636707140250650e+00
4.489769050185074661e+00
4.488900609596115920e+00
4.488031389218008371e+00
4.487161392844741137e+00
4.486290624220150569e+00
4.485419087038396313e+00
4.484546784944435593e+00
4.483673721534494838e+00
4.482799900356529754e+00
4.481925324910680075e+00
4.481049998649725197e+00
4.480173924979526490e+00
4.479297107259472277e+00
4.478419548802904160e+00
4.477541252877554889e+00
4.476662222705967586e+00
4.475782461465919404e+00
4.474901972290830088e+00
4.474020758270174092e+00
4.473138822449882923e+00
4.472256167832744822e+00
4.471372797378798225e+00
4.470488714005721675e+00
4.469603920589215740e+00
4.468718419963383148e+00
4.467832214921105383e+00
4.466945308214411270e+00
4.466057702554841136e+00
4.465169400613811845e+00
4.464280405022966747e+00
4.463390718374535382e+00
4.462500343221675436e+00
4.461609282078817351e+00
4.460717537422005385e+00
4.459825111689229793e+00
4.458932007280758114e+00
4.458038226559462913e+00
4.457143771851142411e+00
4.456248645444839340e+00
4.455352849593156250e+00
4.454456386512565480e+00
4.453559258383712915e+00
4.452661467351725300e+00
4.451763015526505107e+00
4.450863904983028085e+00
4.449964137761631910e+00
4.449063715868305735e+00
4.448162641274972628e+00
4.447260915919772017e+00
4.446358541707333245e+00
4.445455520509052683e+00
4.444551854163359295e+00
4.443647544475983757e+00
4.442742593220217806e+00
4.441837002137179802e+00
4.440930772936064308e+00
4.440023907294397887e+00
4.439116406858288677e+00
4.438208273242672419e+00
4.437299508031552264e+00
4.436390112778246575e+00
4.435480089005617188e+00
4.434569438206306558e+00
4.433658161842969569e+00
4.432746261348500916e+00
4.431833738126254474e+00
4.430920593550272457e+00
4.430006828965501242e+00
4.429092445688002755e+00
4.428177445005174739e+00
4.427261828175955927e+00
4.426345596431032092e+00
4.425428750973046554e+00
4.424511292976797350e+00
4.423593223589436185e+00
4.422674543930665614e+00
4.421755255092933545e+00
4.420835358141621541e+00
4.419914854115236658e+00
4.418993744025594417e+00
4.418072028858006206e+00
4.417149709571452476e+00
4.416226787098768369e+00
4.415303262346816027e+00
4.414379136196658671e+00
4.413454409503727582e+00
4.412529083097999738e+00
4.411603157784153240e+00
4.410676634341739621e+00
4.409749513525340170e+00
4.408821796064724907e+00
4.407893482665013352e+00
4.406964574006824620e+00
4.406035070746432858e+00
4.405104973515915567e+00
4.404174282923301931e+00
4.403242999552716697e+00
4.402311123964530282e+00
4.401378656695491109e+00
4.400445598258871271e+00
4.399511949144601530e+00
4.398577709819405435e+00
4.397642880726934322e+00
4.396707462287900547e+00
4.395771454900198272e+00
4.394834858939041133e+00
4.393897674757076821e+00
4.392959902684519413e+00
4.392021543029266617e+00
4.391082596077017008e+00
4.390143062091389936e+00
4.389202941314040984e+00
4.388262233964774772e+00
4.387320940241656864e+00
4.386379060321126566e+00
4.385436594358097295e+00
4.384493542486071149e+00
4.383549904817239273e+00
4.382605681442585777e+00
4.381660872431988096e+00
4.380715477834317362e+00
4.379769497677535206e+00
4.378822931968787913e+00
4.377875780694504115e+00
4.376928043820485392e+00
4.375979721291995972e+00
4.375030813033852439e+00
4.374081318950513442e+00
4.373131238926163178e+00
4.372180572824796663e+00
4.371229320490299664e+00
4.370277481746534853e+00
4.369325056397419083e+00
4.368372044226997986e+00
4.367418444999527694e+00
4.366464258459545889e+00
4.365509484331949075e+00
4.364554122322058305e+00
4.363598172115696450e+00
4.362641633379251260e+00
4.361684505759746422e+00
4.360726788884906391e+00
4.359768482363219455e+00
4.358809585784002572e+00
4.357850098717464427e+00
4.356890020714760503e+00
4.355929351308056141e+00
4.354968090010582493e+00
4.354006236316693368e+00
4.353043789701916744e+00
4.352080749623012501e+00
4.351117115518020384e+00
4.350152886806312402e+00
4.349188062888640793e+00
4.348222643147188649e+00
4.347256626945612545e+00
4.346290013629088733e+00
4.345322802524359318e+00
4.344354992939772231e+00
4.343386584165322084e+00
4.342417575472692803e+00
4.341447966115294044e+00
4.340477755328299381e+00
4.339506942328681838e+00
4.338535526315250301e+00
4.337563506468678831e+00
4.336590881951546628e+00
4.335617651908361125e+00
4.334643815465593519e+00
4.333669371731702746e+00
4.332694319797168347e+00
4.331718658734510896e+00
4.330742387598321308e+00
4.329765505425284822e+00
4.328788011234199651e+00
4.327809904026001853e+00
4.326831182783783092e+00
4.325851846472813733e+00
4.324871894040555276e+00
4.323891324416683446e+00
4.322910136513097079e+00
4.321928329223936771e+00
4.320945901425597313e+00
4.319962851976741014e+00
4.318979179718303918e+00
4.317994883473514456e+00
4.317009962047889893e+00
4.316024414229256756e+00
4.315038238787746394e+00
4.314051434475810964e+00
4.313064000028216327e+00
4.312075934162053592e+00
4.311087235576736454e+00
4.310097902954005633e+00
4.309107934957926211e+00
4.308117330234886744e+00
4.307126087413597482e+00
4.306134205105085044e+00
4.305141681902692419e+00
4.304148516382064749e+00
4.303154707101153775e+00
4.302160252600200074e+00
4.301165151401729503e+00
4.300169402010541653e+00
4.299173002913698305e+00
4.298175952580512771e+00
4.297178249462535682e+00
4.296179891993539890e+00
4.295180878589506257e+00
4.294181207648607668e+00
4.293180877551188601e+00
4.292179886659750032e+00
4.291178233318929003e+00
4.290175915855476418e+00
4.289172932578235731e+00
4.288169281778122510e+00
4.287164961728096912e+00
4.286159970683139697e+00
4.285154306880230024e+00
4.284147968538312590e+00
4.283140953858273647e+00
4.282133261022908144e+00
4.281124888196896627e+00
4.280115833526763502e+00
4.279106095140854826e+00
4.278095671149297452e+00
4.277084559643969719e+00
4.276072758698463261e+00
4.275060266368046591e+00
4.274047080689626910e+00
4.273033199681715466e+00
4.272018621344381373e+00
4.271003343659216966e+00
4.269987364589290735e+00
4.268970682079110013e+00
4.267953294054571245e+00
4.266935198422919129e+00
4.265916393072697765e+00
4.264896875873707138e+00
4.263876644676948935e+00
4.262855697314584802e+00
4.261834031599877726e+00
4.260811645327150288e+00
4.259788536271721604e+00
4.258764702189860252e+00
4.257740140818730090e+00
4.256714849876330753e+00
4.255688827061444357e+00
4.254662070053573331e+00
4.253634576512887122e+00
4.252606344080156475e+00
4.251577370376695697e+00
4.250547653004300486e+00
4.249517189545181317e+00
4.248485977561901272e+00
4.247454014597312977e+00
4.246421298174487546e+00
4.245387825796646197e+00
4.244353594947098074e+00
4.243318603089162089e+00
4.242282847666101198e+00
4.241246326101046904e+00
4.240209035796928205e+00
4.239170974136394321e+00
4.238132138481744526e+00
4.237092526174842888e+00
4.236052134537048097e+00
4.235010960869129093e+00
4.233969002451187791e+00
4.232926256542576482e+00
4.231882720381814345e+00
4.230838391186506620e+00
4.229793266153254905e+00
4.228747342457575442e+00
4.227700617253810300e+00
4.226653087675037668e+00
4.225604750832982148e+00
4.224555603817928606e+00
4.223505643698621803e+00
4.222454867522180244e+00
4.221403272313997590e+00
4.220350855077647623e+00
4.219297612794790098e+00
4.218243542425066828e+00
4.217188640906006647e+00
4.216132905152925048e+00
4.215076332058819375e+00
4.214018918494265797e+00
4.212960661307318055e+00
4.211901557323395551e+00
4.210841603345184758e+00
4.209780796152521987e+00
4.208719132502291238e+00
4.207656609128307856e+00
4.206593222741207505e+00
4.205528970028335145e+00
4.204463847653626019e+00
4.203397852257493739e+00
4.202330980456708609e+00
4.201263228844282160e+00
4.200194593989343694e+00
4.199125072437019490e+00
4.198054660708312902e+00
4.196983355299973795e+00
4.195911152684378642e+00
4.194838049309399963e+00
4.193764041598277537e+00
4.192689125949490503e+00
4.191613298736623250e+00
4.190536556308234850e+00
4.189458894987723170e+00
4.188380311073188977e+00
4.187300800837299164e+00
4.186220360527148188e+00
4.185138986364115965e+00
4.184056674543728427e+00
4.182973421235513634e+00
4.181889222582856114e+00
4.180804074702849427e+00
4.179717973686152277e+00
4.178630915596835749e+00
4.177542896472230538e+00
4.176453912322781292e+00
4.175363959131884961e+00
4.174273032855739807e+00
4.173181129423184643e+00
4.172088244735542517e+00
4.170994374666459947e+00
4.169899515061742612e+00
4.168803661739194588e+00
4.167706810488448710e+00
4.166608957070804031e+00
4.165510097219053520e+00
4.164410226637312640e+00
4.163309341000850594e+00
4.162207435955914470e+00
4.161104507119550711e+00
4.160000550079433701e+00
4.158895560393680135e+00
4.157789533590672271e+00
4.156682465168872298e+00
4.155574350596637601e+00
4.154465185312036901e+00
4.153354964722660192e+00
4.152243684205425112e+00
4.151131339106393980e+00
4.150017924740568631e+00
4.148903436391702115e+00
4.147787869312098863e+00
4.146671218722412178e+00
4.145553479811447950e+00
4.144434647735955046e+00
4.143314717620427245e+00
4.142193684556884747e+00
4.141071543604675220e+00
4.139948289790257085e+00
4.138823918106986355e+00
4.137698423514899027e+00
4.136571800940497923e+00
4.135444045276528868e+00
4.134315151381759534e+00
4.133185114080756506e+00
4.132053928163657908e+00
4.130921588385946031e+00
4.129788089468212853e+00
4.128653426095934442e+00
4.127517592919228484e+00
4.126380584552621578e+00
4.125242395574807652e+00
4.124103020528406383e+00
4.122962453919721604e+00
4.121820690218490846e+00
4.120677723857640196e+00
4.119533549233030278e+00
4.118388160703205791e+00
4.117241552589137044e+00
4.116093719173962384e+00
4.114944654702728855e+00
4.113794353382126623e+00
4.112642809380226971e+00
4.111490016826209626e+00
4.110335969810095413e+00
4.109180662382473592e+00
4.108024088554223852e+00
4.106866242296237424e+00
4.105707117539140860e+00
4.104546708173006486e+00
4.103385008047071736e+00
4.102222010969446053e+00
4.101057710706820458e+00
4.099892100984175336e+00
4.098725175484482008e+00
4.097556927848400754e+00
4.096387351673983268e+00
4.095216440516361800e+00
4.094044187887447173e+00
4.092870587255610815e+00
4.091695632045376563e+00
4.090519315637099140e+00
4.089341631366647078e+00
4.088162572525081195e+00
4.086982132358325082e+00
4.085800304066839139e+00
4.084617080805288403e+00
4.083432455682207696e+00
4.082246421759661459e+00
4.081058972052904465e+00
4.079870099530039873e+00
4.078679797111663952e+00
4.077488057670528576e+00
4.076294874031172633e+00
4.075100238969576516e+00
4.073904145212793537e+00
4.072706585438591098e+00
4.071507552275082098e+00
4.070307038300352787e+00
4.069105036042093282e+00
4.067901537977214765e+00
4.066696536531471118e+00
4.065490024079078779e+00
4.064281992942320620e+00
4.063072435391159587e+00
4.061861343642843458e+00
4.060648709861504280e+00
4.059434526157759571e+00
4.058218784588303762e+00
4.057001477155497859e+00
4.055782595806955548e+00
4.054562132435130195e+00
4.053340078876890296e+00
4.052116426913094038e+00
4.050891168268162090e+00
4.049664294609645054e+00
4.048435797547786485e+00
4.047205668635081466e+00
4.045973899365829851e+00
4.044740481175695734e+00
4.043505405441242928e+00
4.042268663479488211e+00
4.041030246547433258e+00
4.039790145841604563e+00
4.038548352497577376e+00
4.037304857589507634e+00
4.036059652129655007e+00
4.034812727067893512e+00
4.033564073291230123e+00
4.032313681623308277e+00
4.031061542823921151e+00
4.029807647588501851e+00
4.028551986547624253e+00
4.027294550266490525e+00
4.026035329244419536e+00
4.024774313914328161e+00
4.023511494642203701e+00
4.022246861726584299e+00
4.020980405398016266e+00
4.019712115818523834e+00
4.018441983081062929e+00
4.017169997208976717e+00
4.015896148155437828e+00
4.014620425802898573e+00
4.013342819962522512e+00
4.012063320373621345e+00
4.010781916703079375e+00
4.009498598544777970e+00
4.008213355419010249e+00
4.006926176771899328e+00
4.005637051974797025e+00
4.004345970323690551e+00
4.003052921038597667e+00
4.001757893262956500e+00
4.000460876063013593e+00
3.999161858427199956e+00
3.997860829265508009e+00
3.996557777408859202e+00
3.995252691608468520e+00
3.993945560535201889e+00
3.992636372778928244e+00
3.991325116847863175e+00
3.990011781167912552e+00
3.988696354082005513e+00
3.987378823849425213e+00
3.986059178645129375e+00
3.984737406559067274e+00
3.983413495595491405e+00
3.982087433672264698e+00
3.980759208620155309e+00
3.979428808182131849e+00
3.978096220012649731e+00
3.976761431676930414e+00
3.975424430650237984e+00
3.974085204317144182e+00
3.972743739970791665e+00
3.971400024812148377e+00
3.970054045949256594e+00
3.968705790396477084e+00
3.967355245073720837e+00
3.966002396805683006e+00
3.964647232321060422e+00
3.963289738251771777e+00
3.961929901132168474e+00
3.960567707398230386e+00
3.959203143386768708e+00
3.957836195334611062e+00
3.956466849377785699e+00
3.955095091550698161e+00
3.953720907785295502e+00
3.952344283910232736e+00
3.950965205650023737e+00
3.949583658624192140e+00
3.948199628346409806e+00
3.946813100223630411e+00
3.945424059555216356e+00
3.944032491532057705e+00
3.942638381235684442e+00
3.941241713637372523e+00
3.939842473597237937e+00
3.938440645863329870e+00
3.937036215070710998e+00
3.935629165740538227e+00
3.934219482279124325e+00
3.932807148977002676e+00
3.931392150007979147e+00
3.929974469428177297e+00
3.928554091175078700e+00
3.927130999066553496e+00
3.925705176799879847e+00
3.924276607950763829e+00
3.922845275972346002e+00
3.921411164194203547e+00
3.919974255821339071e+00
3.918534533933168973e+00
3.917091981482498930e+00
3.915646581294498496e+00
3.914198316065656158e+00
3.912747168362740169e+00
3.911293120621740727e+00
3.909836155146810821e+00
3.908376254109199532e+00
3.906913399546173338e+00
3.905447573359931646e+00
3.903978757316516113e+00
3.902506933044711079e+00
3.901032082034937787e+00
3.899554185638136605e+00
3.898073225064647040e+00
3.896589181383074862e+00
3.895102035519157901e+00
3.893611768254617633e+00
3.892118360226006768e+00
3.890621791923549289e+00
3.889122043689972053e+00
3.887619095719328843e+00
3.886112928055817761e+00
3.884603520592590176e+00
3.883090853070551685e+00
3.881574905077157744e+00
3.880055656045203527e+00
3.878533085251600454e+00
3.877007171816149178e+00
3.875477894700308568e+00
3.873945232705950481e+00
3.872409164474117205e+00
3.870869668483759796e+00
3.869326723050480421e+00
3.867780306325262707e+00
3.866230396293196314e+00
3.864676970772197517e+00
3.863120007411716017e+00
3.861559483691444861e+00
3.859995376920018373e+00
3.858427664233705201e+00
3.856856322595096920e+00
3.855281328791787310e+00
3.853702659435049416e+00
3.852120290958505944e+00
3.850534199616794329e+00
3.848944361484226473e+00
3.847350752453444045e+00
3.845753348234065783e+00
3.844152124351336131e+00
3.842547056144764550e+00
3.840938118766762166e+00
3.839325287181273971e+00
3.837708536162409256e+00
3.836087840293063156e+00
3.834463173963543525e+00
3.832834511370185826e+00
3.831201826513969788e+00
3.829565093199133852e+00
3.827924285031786500e+00
3.826279375418514928e+00
3.824630337564992377e+00
3.822977144474585476e+00
3.821319768946958018e+00
3.819658183576676969e+00
3.817992360751817582e+00
3.816322272652566738e+00
3.814647891249827172e+00
3.812969188303826140e+00
3.811286135362721872e+00
3.809598703761210015e+00
3.807906864619139409e+00
3.806210588840123421e+00
3.804509847110157050e+00
3.802804609896239363e+00
3.801094847444996372e+00
3.799380529781313243e+00
3.797661626706967830e+00
3.795938107799273542e+00
3.794209942409723091e+00
3.792477099662647344e+00
3.790739548453875063e+00
3.788997257449404632e+00
3.787250195084082893e+00
3.785498329560294195e+00
3.783741628846661431e+00
3.781980060676758626e+00
3.780213592547832846e+00
3.778442191719537657e+00
3.776665825212687011e+00
3.774884459808017567e+00
3.773098062044968781e+00
3.771306598220480755e+00
3.769510034387802744e+00
3.767708336355327425e+00
3.765901469685444702e+00
3.764089399693407945e+00
3.762272091446231759e+00
3.760449509761596865e+00
3.758621619206798048e+00
3.756788384097704991e+00
3.754949768497752416e+00
3.753105736216951982e+00
3.751256250810936610e+00
3.749401275580040771e+00
3.747540773568404315e+00
3.745674707563110495e+00
3.743803040093352852e+00
3.741925733429647405e+00
3.740042749583079473e+00
3.738154050304584697e+00
3.736259597084274020e+00
3.734359351150790207e+00
3.732453273470725641e+00
3.730541324748076537e+00
3.728623465423742012e+00
3.726699655675076883e+00
3.724769855415478226e+00
3.722834024294058519e+00
3.720892121695347665e+00
3.718944106739059841e+00
3.716989938279918526e+00
3.715029574907527721e+00
3.713062974946345740e+00
3.711090096455692766e+00
3.709110897229832116e+00
3.707125334798124783e+00
3.705133366425250152e+00
3.703134949111528407e+00
3.701130039593293120e+00
3.699118594343361099e+00
3.697100569571560857e+00
3.695075921225382753e+00
3.693044604990708191e+00
3.691006576292620966e+00
3.688961790296327425e+00
3.686910201908139673e+00
3.684851765776623544e+00
3.682786436293812748e+00
3.680714167596532693e+00
3.678634913567856213e+00
3.676548627838615690e+00
3.674455263789141668e+00
3.672354774551038314e+00
3.670247113009117879e+00
3.668132231803460375e+00
3.666010083331583402e+00
3.663880619750828238e+00
3.661743792980817869e+00
3.659599554706089997e+00
3.657447856378861051e+00
3.655288649221969610e+00
3.653121884232005012e+00
3.650947512182555421e+00
3.648765483627660622e+00
3.646575748905383385e+00
3.644378258141651283e+00
3.642172961254239283e+00
3.639959807956937521e+00
3.637738747763940683e+00
3.635509729994358175e+00
3.633272703777080448e+00
3.631027618055756800e+00
3.628774421594005428e+00
3.626513062980883717e+00
3.624243490636481102e+00
3.621965652817909387e+00
3.619679497625482245e+00
3.617384973009169613e+00
3.615082026775182644e+00
3.612770606592890843e+00
3.610450660002070489e+00
3.608122134420413740e+00
3.605784977151284210e+00
3.603439135391774073e+00
3.601084556241065826e+00
3.598721186709109343e+00
3.596348973725616904e+00
3.593967864149363312e+00
3.591577804777825733e+00
3.589178742357163721e+00
3.586770623592538954e+00
3.584353395158797806e+00
3.581927003711506963e+00
3.579491395898365624e+00
3.577046518370994299e+00
3.574592317797113505e+00
3.572128740873112385e+00
3.569655734337034314e+00
3.567173244981959979e+00
3.564681219669820766e+00
3.562179605345650923e+00
3.559668349052265590e+00
3.557147397945398026e+00
3.554616699309292915e+00
3.552076200572765075e+00
3.549525849325737337e+00
3.546965593336262934e+00
3.544395380568045706e+00
3.541815159198461682e+00
3.539224877637097144e+00
3.536624484544809377e+00
3.534013928853322106e+00
3.531393159785359614e+00
3.528762126875327088e+00
3.526120779990566945e+00
3.523469069353173833e+00
3.520806945562389156e+00
3.518134359617588025e+00
3.515451262941858612e+00
3.512757607406191251e+00
3.510053345354279486e+00
3.507338429627947285e+00
3.504612813593206422e+00
3.501876451166955118e+00
3.499129296844321502e+00
3.496371305726670542e+00
3.493602433550277109e+00
3.490822636715642968e+00
3.488031872317534088e+00
3.485230098175676972e+00
3.482417272866153990e+00
3.479593355753497264e+00
3.476758307023487315e+00
3.473912087716660935e+00
3.471054659762533579e+00
3.468185986014542532e+00
3.465306030285714822e+00
3.462414757385061659e+00
3.459512133154702074e+00
3.456598124507723302e+00
3.453672699466779683e+00
3.450735827203410544e+00
3.447787478078117918e+00
3.444827623681173900e+00
3.441856236874158981e+00
3.438873291832247325e+00
3.435878764087214154e+00
3.432872630571180306e+00
3.429854869661082883e+00
3.426825461223864888e+00
3.423784386662382939e+00
3.420731628962024207e+00
3.417667172738025005e+00
3.414591004283481723e+00
3.411503111618047424e+00
3.408403484537295469e+00
3.405292114662740843e+00
3.402168995492520498e+00
3.399034122452696316e+00
3.395887492949175357e+00
3.392729106420229623e+00
3.389558964389593587e+00
3.386377070520128374e+00
3.383183430668017522e+00
3.379978052937484989e+00
3.376760947735997664e+00
3.373532127829942606e+00
3.370291608400702188e+00
3.367039407101262150e+00
3.363775544113055016e+00
3.360500042203174775e+00
3.357212926781964590e+00
3.353914225960859863e+00
3.350603970610440019e+00
3.347282194418707668e+00
3.343948933949519198e+00
3.340604228701127276e+00
3.337248121164798853e+00
3.333880656883454474e+00
3.330501884510288502e+00
3.327111855867312062e+00
3.323710626003772539e+00
3.320298253254395870e+00
3.316874799297390819e+00
3.313440329212167690e+00
3.309994911536703555e+00
3.306538618324495360e+00
3.303071525201047631e+00
3.299593711419811282e+00
3.296105259917542440e+00
3.292606257368954292e+00
3.289096794240683685e+00
3.285576964844393988e+00
3.282046867389042610e+00
3.278506604032176863e+00
3.274956280930195529e+00
3.271396008287542401e+00
3.267825900404668804e+00
3.264246075724810403e+00
3.260656656879350912e+00
3.257057770731857538e+00
3.253449548420547899e+00
3.249832125399242155e+00
3.246205641476632486e+00
3.242570240853817065e+00
3.238926072160053682e+00
3.235273288486550491e+00
3.231612047418372935e+00
3.227942511064176845e+00
3.224264846083932046e+00
3.220579223714299388e+00
3.216885819791811763e+00
3.213184814773619280e+00
3.209476393755787971e+00
3.205760746489114688e+00
3.202038067392245058e+00
3.198308555562242805e+00
3.194572414782252512e+00
3.190829853526519155e+00
3.187081084962357647e+00
3.183326326949296625e+00
3.179565802035144717e+00
3.175799737448988136e+00
3.172028365091120072e+00
3.168251921519672276e+00
3.164470647934176650e+00
3.160684790155655399e+00
3.156894598603596336e+00
3.153100328269377250e+00
3.149302238686431554e+00
3.145500593896924268e+00
3.141695662414955681e+00
3.137887717186379710e+00
3.134077035544978074e+00
3.130263899165312669e+00
3.126448594011852489e+00
3.122631410284799180e+00
3.118812642362187582e+00
3.114992588738630275e+00
3.111171551960483228e+00
3.107349838557518673e+00
3.103527758971222905e+00
3.099705627479517389e+00
3.095883762118258886e+00
3.092062484599169991e+00
3.088242120224669929e+00
3.084422997799239230e+00
3.080605449537704210e+00
3.076789810970308459e+00
3.072976420844679701e+00
3.069165621024852353e+00
3.065357756387222299e+00
3.061553174713793180e+00
3.057752226582467703e+00
3.053955265254831630e+00
3.050162646561183077e+00
3.046374728783176611e+00
3.042591872534028408e+00
3.038814440636427694e+00
3.035042797998330322e+00
3.031277311486609172e+00
3.027518349798871800e+00
3.023766283333344074e+00
3.020021484057181294e+00
3.016284325373115305e+00
3.012555181984733821e+00
3.008834429760435025e+00
3.005122445596210667e+00
3.001419607277428625e+00
2.997726293339687764e+00
2.994042882928963145e+00
2.990369755661101525e+00
2.986707291480887871e+00
2.983055870520748165e+00
2.979415872959295886e+00
2.975787678879813214e+00
2.972171668128851252e+00
2.968568220175041628e+00
2.964977713968316664e+00
2.961400527799610050e+00
2.957837039161248516e+00
2.954287624608089136e+00
2.950752659619615414e+00
2.947232518463057893e+00
2.943727574057698249e+00
2.940238197840498557e+00
2.936764759633110344e+00
2.933307627510502780e+00
2.929867167671155403e+00
2.926443744309142669e+00
2.923037719487981523e+00
2.919649453016567087e+00
2.916279302327145828e+00
2.912927622355471868e+00
2.909594765423296536e+00
2.906281081123131660e+00
2.902986916205594792e+00
2.899712614469129424e+00
2.896458516652497206e+00
2.893224960329793927e+00
2.890012279808325868e+00
2.886820806029227082e+00
2.883650866470930385e+00
2.880502785055616410e+00
2.877376882058501728e+00
2.874273474020283548e+00
2.871192873662432365e+00
2.868135389805755775e+00
2.865101327291864841e+00
2.862090986907913415e+00
2.859104665314393223e+00
2.856142654976080664e+00
2.853205244096221893e+00
2.850292716553755046e+00
2.847405351843874222e+00
2.844543425021564431e+00
2.841707206648502293e+00
2.838896962742921470e+00
2.836112954732756375e+00
2.833355439411839427e+00
2.830624668899182517e+00
2.827920890601420378e+00
2.825244347178164972e+00
2.822595276510549311e+00
2.819973911672567279e+00
2.817380480905554929e+00
2.814815207595409596e+00
2.812278310252807501e+00
2.809770002496189356e+00
2.807290493037512213e+00
2.804839985670817715e+00
2.802418679263358747e+00
2.800026767749514978e+00
2.797664440127128671e+00
2.795331880456528140e+00
2.793029267861889320e+00
2.790756776535110006e+00
2.788514575742007562e+00
2.786302829830801908e+00
2.784121698242906451e+00
2.781971335525804001e+00
2.779851891348175563e+00
2.777763510516953360e+00
2.775706332996511261e+00
2.773680493929690183e+00
2.771686123660779266e+00
2.769723347760288945e+00
2.767792287051465294e+00
2.765893057638566965e+00
2.764025770936691995e+00
2.762190533703287709e+00
2.760387448071073724e+00
2.758616611582527689e+00
2.756878117225692648e+00
2.755172053471378835e+00
2.753498504311639117e+00
2.751857549299459915e+00
2.750249263589668036e+00
2.748673717980903319e+00
2.747130978958721492e+00
2.745621108739648264e+00
2.744144165316257489e+00
2.742700202503110418e+00
2.741289269983588017e+00
2.739911413357528414e+00
2.738566674189621075e+00
2.737255090058540397e+00
2.735976694606724546e+00
2.734731517590817340e+00
2.733519584932659896e+00
2.732340918770861826e+00
2.731195537512845384e+00
2.730083455887371890e+00
2.729004684997489161e+00
2.727959232373855514e+00
2.726947102028435488e+00
2.725968294508484213e+00
2.725022806950843979e+00
2.724110633136461956e+00
2.723231763545144624e+00
2.722386185410488046e+00
2.721573882774970699e+00
2.720794836545173290e+00
2.720049024547097183e+00
2.719336421581560970e+00
2.718656999479645897e+00
2.718010727158164386e+00
2.717397570675133878e+00
2.716817493285225815e+00
2.716270455495176872e+00
2.715756415119136236e+00
2.715275327333928512e+00
2.714827144734221154e+00
2.714411817387568870e+00
2.714029292889327039e+00
2.713679516417407900e+00
2.713362430786876001e+00
2.713077976504358890e+00
2.712826091822265528e+00
2.712606712792792862e+00
2.712419773321713024e+00
2.712265205221932263e+00
2.712142938266800307e+00
2.712052900243173692e+00
2.711995017004206421e+00
2.711969212521879502e+00
2.711975408939236942e+00
2.712013526622346404e+00
2.712083484211950779e+00
2.712185198674825326e+00
2.712318585354820399e+00
2.712483558023586649e+00
2.712680028930988474e+00
2.712907908855175076e+00
2.713167107152338886e+00
2.713457531806117373e+00
2.713779089476677342e+00
2.714131685549437734e+00
2.714515224183457143e+00
2.714929608359470947e+00
2.715374739927566061e+00
2.715850519654523509e+00
2.716356847270776420e+00
2.716893621517040280e+00
2.717460740190557278e+00
2.718058100190999582e+00
2.718685597566001366e+00
2.719343127556328454e+00
2.720030584640693583e+00
2.720747862580192855e+00
2.721494854462400692e+00
2.722271452745076203e+00
2.723077549299529387e+00
2.723913035453605858e+00
2.724777802034319407e+00
2.725671739410119088e+00
2.726594737532792578e+00
2.727546685979016061e+00
2.728527473991527064e+00
2.729536990519962902e+00
2.730575124261314546e+00
2.731641763700046077e+00
2.732736797147838459e+00
2.733860112782992680e+00
2.735011598689474965e+00
2.736191142895600947e+00
2.737398633412385873e+00
2.738633958271524893e+00
2.739897005563046495e+00
2.741187663472592462e+00
2.742505820318383414e+00
2.743851364587811315e+00
2.745224184973705572e+00
2.746624170410255861e+00
2.748051210108587661e+00
2.749505193592009178e+00
2.750986010730910980e+00
2.752493551777340119e+00
2.754027707399224312e+00
2.755588368714287473e+00
2.757175427323604655e+00
2.758788775344846567e+00
2.760428305445187025e+00
2.762093910873880453e+00
2.763785485494520078e+00
2.765502923816955061e+00
2.767246121028903438e+00
2.769014973027214666e+00
2.770809376448834627e+00
2.772629228701429582e+00
2.774474427993693038e+00
2.776344873365338639e+00
2.778240464716758229e+00
2.780161102838373921e+00
2.782106689439655778e+00
2.784077127177836175e+00
2.786072319686283549e+00
2.788092171602580827e+00
2.790136588596262346e+00
2.792205477396242141e+00
2.794298745817924257e+00
2.796416302789977770e+00
2.798558058380814284e+00
2.800723923824715467e+00
2.802913811547664391e+00
2.805127635192830038e+00
2.807365309645745821e+00
2.809626751059148830e+00
2.811911876877494443e+00
2.814220605861145419e+00
2.816552858110221269e+00
2.818908555088128320e+00
2.821287619644729627e+00
2.823689976039207128e+00
2.826115549962552986e+00
2.828564268559741635e+00
2.831036060451534109e+00
2.833530855755945765e+00
2.836048586109355174e+00
2.838589184687245748e+00
2.841152586224604537e+00
2.843738727035928004e+00
2.846347545034883630e+00
2.848978979753565621e+00
2.851632972361392238e+00
2.854309465683598557e+00
2.857008404219340214e+00
2.859729734159397907e+00
2.862473403403464012e+00
2.865239361577032629e+00
2.868027560047835767e+00
2.870837951941886956e+00
2.873670492159043910e+00
2.876525137388156406e+00
2.879401846121733222e+00
2.882300578670147218e+00
2.885221297175371458e+00
2.888163965624198859e+00
2.891128549860997765e+00
2.894115017599910633e+00
2.897123338436571771e+00
2.900153483859239767e+00
2.903205427259417437e+00
2.906279143941873588e+00
2.909374611134094124e+00
2.912491807995142068e+00
2.915630715623878544e+00
2.918791317066584678e+00
2.921973597323891170e+00
2.925177543357087906e+00
2.928403144093694621e+00
2.931650390432365416e+00
2.934919275247034331e+00
2.938209793390321956e+00
2.941521941696173315e+00
2.944855718981674642e+00
2.948211126048084996e+00
2.951588165680971709e+00
2.954986842649528267e+00
2.958407163704932952e+00
2.961849137577826863e+00
2.965312774974800281e+00
2.968798088573902483e+00
2.972305093019138589e+00
2.975833804913888159e+00
2.979384242813279737e+00
2.982956427215384121e+00
2.986550380551326711e+00
2.990166127174128441e+00
2.993803693346379635e+00
2.997463107226604695e+00
3.001144398854328710e+00
3.004847600133805585e+00
3.008572744816313982e+00
3.012319868481077911e+00
3.016089008514620584e+00
3.019880204088689180e+00
3.023693496136502290e+00
3.027528927327459041e+00
3.031386542040117149e+00
3.035266386333467015e+00
3.039168507916449880e+00
3.043092956115588166e+00
3.047039781840823469e+00
3.051009037549297975e+00
3.055000777207279583e+00
3.059015056249894560e+00
3.063051931538870232e+00
3.067111461318030585e+00
3.071193705166589627e+00
3.075298723950179891e+00
3.079426579769461547e+00
3.083577335906425354e+00
3.087751056768080371e+00
3.091947807827766681e+00
3.096167655563697441e+00
3.100410667394977171e+00
3.104676911614797419e+00
3.108966457320866184e+00
3.113279374343014716e+00
3.117615733167784953e+00
3.121975604860175224e+00
3.126359060982155658e+00
3.130766173508270800e+00
3.135197014737868049e+00
3.139651657204259649e+00
3.144130173580480747e+00
3.148632636581726540e+00
3.153159118864425015e+00
3.157709692921730316e+00
3.162284430975671690e+00
3.166883404865522333e+00
3.171506685932785174e+00
3.176154344902298643e+00
3.180826451759818596e+00
3.185523075625757539e+00
3.190244284625170845e+00
3.194990145754006416e+00
3.199760724741392615e+00
3.204556085908269125e+00
3.209376292021922872e+00
3.214221404146912153e+00
3.219091481491869189e+00
3.223986581252624273e+00
3.228906758451359327e+00
3.233852065771939177e+00
3.238822553391491166e+00
3.243818268808059013e+00
3.248839256664714625e+00
3.253885558569739267e+00
3.258957212913429213e+00
3.264054254681103551e+00
3.269176715262811062e+00
3.274324622259552786e+00
3.279497999286228538e+00
3.284696865771478791e+00
3.289921236754355327e+00
3.295171122678249187e+00
3.300446529181875643e+00
3.305747456887864644e+00
3.311073901188762214e+00
3.316425852030933097e+00
3.321803293696391712e+00
3.327206204582839444e+00
3.332634556982178253e+00
3.338088316857650728e+00
3.343567443620011126e+00
3.349071889902845101e+00
3.354601601337491079e+00
3.360156516327745368e+00
3.365736565824743121e+00
3.371341673102346448e+00
3.376971753533370979e+00
3.382626714367023890e+00
3.388306454507979737e+00
3.394010864297379193e+00
3.399739825296338669e+00
3.405493210072142674e+00
3.411270881987847670e+00
3.417072694995453297e+00
3.422898493433306655e+00
3.428748111828126000e+00
3.434621374702026664e+00
3.440518096385298819e+00
3.446438080834976159e+00
3.452381121460303959e+00
3.458347000954847150e+00
3.464335491136548040e+00
3.470346352795405487e+00
3.476379335550175753e+00
3.482434177713949808e+00
3.488510606168785610e+00
3.494608336251076697e+00
3.500727071647011357e+00
3.506866504299130494e+00
3.513026314324330990e+00
3.519206169943726259e+00
3.525405727424864910e+00
3.531624631036677453e+00
3.537862513017579591e+00
3.544118993557103803e+00
3.550393680791417150e+00
3.556686170813067704e+00
3.562996047695258461e+00
3.569322883530945401e+00
3.575666238486998605e+00
3.582025660873662254e+00
3.588400687229492902e+00
3.594790842421943022e+00
3.601195639763704381e+00
3.607614581144905852e+00
3.614047157181194958e+00
3.620492847377742240e+00
3.626951120309116927e+00
3.633421433814973067e+00
3.639903235211442212e+00
3.646395961518065221e+00
3.652899039700101991e+00
3.659411886925960644e+00
3.665933910839492160e+00
3.672464509846824487e+00
3.679003073417405734e+00
3.685548982398837214e+00
3.692101609345096236e+00
3.698660318857659668e+00
3.705224467939045585e+00
3.711793406358222303e+00
3.718366477027326145e+00
3.724943016389081762e+00
3.731522354814302833e+00
3.738103817008810559e+00
3.744686722429086512e+00
3.751270385705970600e+00
3.757854117075663858e+00
3.764437222817293982e+00
3.771019005696298887e+00
3.777598765412839121e+00
3.784175799054471323e+00
3.790749401552280684e+00
3.797318866139691718e+00
3.803883484813140647e+00
3.810442548793831374e+00
3.816995348989763670e+00
3.823541176457252888e+00
3.830079322861155600e+00
3.836609080933030214e+00
3.843129744926469193e+00
3.849640611068864349e+00
3.856140978008871123e+00
3.862630147258864000e+00
3.869107423631699127e+00
3.875572115671112261e+00
3.882023536075121406e+00
3.888461002111803122e+00
3.894883836026873603e+00
3.901291365442499437e+00
3.907682923746825132e+00
3.914057850473702693e+00
3.920415491672176511e+00
3.926755200265266588e+00
3.933076336397669515e+00
3.939378267772001951e+00
3.945660369973245540e+00
3.951922026781102826e+00
3.958162630469992394e+00
3.964381582096449197e+00
3.970578291773730673e+00
3.976752178933458559e+00
3.982902672574167191e+00
3.989029211496641913e+00
3.995131244525992553e+00
4.001208230720392223e+00
4.007259639566509435e+00
4.013284951161590897e+00
4.019283656382294012e+00
4.025255257040295298e+00
4.031199266024793282e+00
4.037115207432004027e+00
4.043002616681805605e+00
4.048861040621679841e+00
4.054690037618135179e+00
4.060489177635814961e+00
4.066258042304507825e+00
4.071996224974288481e+00
4.077703330759043787e+00
4.083378976568646124e+00
4.089022791130046741e+00
4.094634414997581295e+00
4.100213500552774448e+00
4.105759711993963279e+00
4.111272725316039711e+00
4.116752228280644132e+00
4.122197920377129066e+00
4.127609512774611744e+00
4.132986728265485965e+00
4.138329301200686317e+00
4.143636977417064493e+00
4.148909514157227640e+00
4.154146679982144263e+00
4.159348254676892509e+00
4.164514029149859908e+00
4.169643805325738306e+00
4.174737396032644376e+00
4.179794624883699683e+00
4.184815326153375814e+00
4.189799344648937662e+00
4.194746535577300151e+00
4.199656764407587062e+00
4.204529906729717048e+00
4.209365848109298369e+00
4.214164483939114803e+00
4.218925719287508258e+00
4.223649468743905011e+00
4.228335656261771547e+00
4.232984214999250483e+00
4.237595087157730589e+00
4.242168223818596040e+00
4.246703584778393825e+00
4.251201138382633360e+00
4.255660861358462554e+00
4.260082738646402412e+00
4.264466763231376412e+00
4.268812935973201661e+00
4.273121265436749638e+00
4.277391767721947069e+00
4.281624466293789233e+00
4.285819391812538903e+00
4.289976581964253910e+00
4.294096081291804978e+00
4.298177941026528615e+00
4.302222218920619845e+00
4.306228979080443331e+00
4.310198291800835690e+00
4.314130233400540249e+00
4.318024886058873690e+00
4.321882337653728534e+00
4.325702681600995803e+00
4.329486016695510919e+00
4.333232446953597439e+00
4.336942081457283216e+00
4.340615034200269839e+00
4.344251423935707734e+00
4.347851374025855975e+00
4.351415012293657902e+00
4.354942470876308036e+00
4.358433886080844033e+00
4.361889398241798332e+00
4.365309151580972546e+00
4.368693294069339039e+00
4.372041977291110548e+00
4.375355356310017818e+00
4.378633589537785475e+00
4.381876838604857660e+00
4.385085268233372524e+00
4.388259046112394479e+00
4.391398342775420183e+00
4.394503331480164476e+00
4.397574188090632497e+00
4.400611090961469074e+00
4.403614220824589864e+00
4.406583760678097761e+00
4.409519895677469492e+00
4.412422813029004409e+00
4.415292701885527471e+00
4.418129753244349089e+00
4.420934159847435652e+00
4.423706116083815587e+00
4.426445817894173906e+00
4.429153462677636099e+00
4.431829249200704091e+00
4.434473377508355796e+00
4.437086048837244334e+00
4.439667465531017321e+00
4.442217830957696734e+00
4.444737349429129125e+00
4.447226226122447557e+00
4.449684667003547922e+00
4.452112878752542358e+00
4.454511068691153319e+00
4.456879444712040339e+00
4.459218215210022151e+00
4.461527589015163997e+00
4.463807775327697236e+00
4.466058983654763281e+00
4.468281423748933001e+00
4.470475305548472278e+00
4.472640839119343070e+00
4.474778234598889348e+00
4.476887702141188363e+00
4.478969451864043272e+00
4.481023693797570040e+00
4.483050637834374186e+00
4.485050493681260519e+00
4.487023470812467885e+00
4.488969778424389823e+00
4.490889625391751849e+00
4.492783220225218699e+00
4.494650771030407554e+00
4.496492485468264633e+00
4.498308570716791799e+00
4.500099233434084134e+00
4.501864679722659801e+00
4.503605115095047573e+00
4.505320744440604486e+00
4.507011771993542304e+00
4.508678401302127270e+00
4.510320835199046030e+00
4.511939275772870239e+00
4.513533924340651815e+00
4.515104981421572461e+00
4.516652646711650121e+00
4.518177119059462399e+00
4.519678596442884277e+00
4.521157275946789511e+00
4.522613353741702369e+00
4.524047025063389071e+00
4.525458484193347175e+00
4.526847924440179582e+00
4.528215538121826533e+00
4.529561516548641364e+00
4.530886050007283394e+00
4.532189327745398622e+00
4.533471537957083797e+00
4.534732867769108111e+00
4.535973503227856973e+00
4.537193629287002317e+00
4.538393429795866574e+00
4.539573087488457226e+00
4.540732783973169262e+00
4.541872699723117357e+00
4.542993014067102209e+00
4.544093905181169291e+00
4.545175550080764459e+00
4.546238124613452669e+00
4.547281803452198901e+00
4.548306760089182887e+00
4.549313166830133426e+00
4.550301194789177828e+00
4.551271013884175431e+00
4.552222792832530729e+00
4.553156699147471009e+00
4.554072899134774310e+00
4.554971557889920142e+00
4.555852839295675416e+00
4.556716906020089830e+00
4.557563919514864281e+00
4.558394040014127846e+00
4.559207426533574470e+00
4.560004236869951377e+00
4.560784627600901864e+00
4.561548754085142932e+00
4.562296770462957340e+00
4.563028829657017837e+00
4.563745083373491163e+00
4.564445682103452029e+00
4.565130775124552009e+00
4.565800510502986853e+00
4.566455035095724924e+00
4.567094494552982553e+00
4.567719033320929434e+00
4.568328794644636481e+00
4.568923920571259956e+00
4.569504551953436078e+00
4.570070828452874601e+00
4.570622888544165541e+00
4.571160869518775094e+00
4.571684907489228955e+00
4.572195137393464393e+00
4.572691692999362623e+00
4.573174706909444609e+00
4.573644310565712523e+00
4.574100634254655517e+00
4.574543807112387839e+00
4.574973957129926383e+00
4.575391211158606808e+00
4.575795694915609779e+00
4.576187532989624884e+00
4.576566848846609581e+00
4.576933764835666274e+00
4.577288402195022421e+00
4.577630881058099455e+00
4.577961320459687400e+00
4.578279838342194097e+00
4.578586551561984130e+00
4.578881575895792366e+00
4.579165026047212983e+00
4.579437015653257781e+00
4.579697657290974888e+00
4.579947062484140297e+00
4.580185341709985813e+00
4.580412604406000732e+00
4.580628958976769916e+00
4.580834512800865177e+00
4.581029372237768627e+00
4.581213642634846650e+00
4.581387428334348755e+00
4.581550832680448160e+00
4.581703958026300150e+00
4.581846905741137732e+00
4.581979776217381506e+00
4.582102668877778839e+00
4.582215682182547489e+00
4.582318913636549418e+00
4.582412459796464610e+00
4.582496416277984430e+00
4.582570877763003203e+00
4.582635938006823118e+00
4.582691689845355576e+00
4.582738225202329652e+00
4.582775635096494327e+00
4.582804009648822507e+00
4.582823438089700829e+00
4.582834008766125677e+00
4.582835809148878781e+00
4.582828925839700140e+00
4.582813444578443196e+00
4.582789450250216667e+00
4.582757026892518404e+00
4.582716257702343476e+00
4.582667225043279835e+00
4.582610010452578209e+00
4.582544694648211347e+00
4.582471357535899514e+00
4.582390078216119988e+00
4.582300934991090813e+00
4.582204005371726119e+00
4.582099366084568359e+00
4.581987093078690343e+00
4.581867261532570623e+00
4.581739945860934249e+00
4.581605219721571309e+00
4.581463156022112848e+00
4.581313826926790789e+00
4.581157303863142793e+00
4.580993657528707352e+00
4.580822957897662029e+00
4.580645274227444830e+00
4.580460675065325837e+00
4.580269228254954861e+00
4.580071000942861126e+00
4.579866059584920102e+00
4.579654469952786577e+00
4.579436297140278889e+00
4.579211605569733834e+00
4.578980458998320735e+00
4.578742920524306648e+00
4.578499052593294039e+00
