2.004395801050423920e+00 2.007213746898175000e+00 2.027132858369212087e+00 2.017195460063556212e+00 2.002066273472532743e+00
2.008798833541768580e+00 2.014381855633623708e+00 2.053955961447110123e+00 2.034144345805601883e+00 2.004155576701306174e+00
2.013212253819846254e+00 2.021509045506065583e+00 2.080485092060266883e+00 2.050857291616972944e+00 2.006269349516202727e+00
2.017639206359129300e+00 2.028599966089252860e+00 2.106735931613625823e+00 2.067344660531434730e+00 2.008409067010150650e+00
2.022082836977843634e+00 2.035659227675105321e+00 2.132724103125151149e+00 2.083616576504501161e+00 2.010576246491698083e+00
2.026546303149176609e+00 2.042691409402608738e+00 2.158465202236175440e+00 2.099682940918086604e+00 2.012772451669919249e+00
2.031032780310857433e+00 2.049701069981016310e+00 2.183974835211559551e+00 2.115553451051151779e+00 2.014999295904456034e+00
2.035545470451224581e+00 2.056692757952548689e+00 2.209268654102303664e+00 2.131237615332338908e+00 2.017258446628825919e+00
2.040087612926667848e+00 2.063671022659625098e+00 2.234362392195473834e+00 2.146744769840551292e+00 2.019551630006044096e+00
2.044662494358634230e+00 2.070640425135781282e+00 2.259271903157364925e+00 2.162084091833205157e+00 2.021880635622502087e+00
2.049273458367466993e+00 2.077605549586631906e+00 2.284013202558002664e+00 2.177264614499453632e+00 2.024247321167367719e+00
2.053923915915536469e+00 2.084571014972710135e+00 2.308602508625350769e+00 2.192295244161240664e+00 2.026653618051583283e+00
2.058617356456244440e+00 2.091541477773980695e+00 2.333056284125079927e+00 2.207184776216827515e+00 2.029101537786036857e+00
2.063357360661265183e+00 2.098521657767680626e+00 2.357391278371030019e+00 2.221941909225398692e+00 2.031593178359771379e+00
2.068147617200804422e+00 2.105516343663127454e+00 2.381624573581182513e+00 2.236575259348128952e+00 2.034130730717445878e+00
2.072991915687754982e+00 2.112530409971422163e+00 2.405773635904431274e+00 2.251093375769241955e+00 2.036716486305960583e+00
2.077894186438345780e+00 2.119568836145890423e+00 2.429856376714552013e+00 2.265504757227562393e+00 2.039352845000504733e+00
2.082858507637055823e+00 2.126636716147153106e+00 2.453891201985005655e+00 2.279817867815526533e+00 2.042042324628738026e+00
2.087889123792816992e+00 2.133739276998540380e+00 2.477897068087561827e+00 2.294041153376339182e+00 2.044787567788404647e+00
2.092990462352596559e+00 2.140881894689561360e+00 2.501893544746176978e+00 2.308183059087585143e+00 2.047591356787144878e+00
2.098167149383434626e+00 2.148070117148277891e+00 2.525900882530701441e+00 2.322252041924172783e+00 2.050456619760988364e+00
2.103424034495176898e+00 2.155309682155725159e+00 2.549940084918729255e+00 2.336256597840929761e+00 2.053386447955485306e+00
2.108766216542292682e+00 2.162606544824705601e+00 2.574032983879630532e+00 2.350205275299364960e+00 2.056384108044719827e+00
2.114199070055246654e+00 2.169966901749392107e+00 2.598202320203991889e+00 2.364106698177956378e+00 2.059453054263318705e+00
2.119728274529807610e+00 2.177397217209534386e+00 2.622471827885416218e+00 2.377969586287471238e+00 2.062596950115392680e+00
2.125359845693913563e+00 2.184904254916673061e+00 2.646866324244393276e+00 2.391802777729793217e+00 2.065819681579735168e+00
2.131100171433225388e+00 2.192495112614307295e+00 2.671411805057096966e+00 2.405615252422091288e+00 2.069125379907954532e+00
2.136956052263932371e+00 2.200177257011258103e+00 2.696135544147093110e+00 2.419416161195833581e+00 2.072518446498811784e+00
2.142934746254133049e+00 2.207958566039621928e+00 2.721066199940104902e+00 2.433214850407695362e+00 2.076003569873333898e+00
2.149044019352478685e+00 2.215847377720412847e+00 2.746233911590757693e+00 2.447020895268302354e+00 2.079585764276139059e+00
2.155292201205786462e+00 2.223852539077812551e+00 2.771670420280241132e+00 2.460844133930108590e+00 2.083270392125720072e+00
2.161688248277050750e+00 2.231983461738355601e+00 2.797409156002582442e+00 2.474694699034375223e+00 2.087063201244482080e+00
2.168241816274076417e+00 2.240250192452030831e+00 2.823485363721017993e+00 2.488583061304891153e+00 2.090970369940984508e+00
2.174963341069148903e+00 2.248663485008240315e+00 2.849936179447885465e+00 2.502520073748476293e+00 2.094998536165721070e+00
2.181864131054165767e+00 2.257234872866966224e+00 2.876800742968331992e+00 2.516517011909291668e+00 2.099154864728189906e+00
2.188956473343997455e+00 2.265976776640297619e+00 2.904120214656627841e+00 2.530585634786906013e+00 2.103447090750346860e+00
2.196253751234960916e+00 2.274902608317659780e+00 2.931937899496006583e+00 2.544738242529212435e+00 2.107883580291307180e+00
2.203770584993438586e+00 2.284026875926917555e+00 2.960299132789700582e+00 2.558987730077297851e+00 2.112473421197075929e+00
2.211522990553833168e+00 2.293365340332153668e+00 2.989251366063259141e+00 2.573347673381767731e+00 2.117226473812169552e+00
2.219528562710206376e+00 2.302935173462290042e+00 3.018843954233446869e+00 2.587832405651407264e+00 2.122153494055940559e+00
2.227806688122203393e+00 2.312755117528948023e+00 3.049128109666555009e+00 2.602457093507206221e+00 2.127266231094837146e+00
2.236378795003259423e+00 2.322845718010353000e+00 3.080156417991776419e+00 2.617237858758435731e+00 2.132577526288190306e+00
2.245268632258648811e+00 2.333229569350968369e+00 3.111982528722644137e+00 2.632191879087584674e+00 2.138101506515674100e+00
2.254502614389581883e+00 2.343931565838854869e+00 3.144660656326817794e+00 2.647337506993985734e+00 2.143853684542130100e+00
2.264110215449979702e+00 2.354979246558027928e+00 3.178244895582000851e+00 2.662694438204973313e+00 2.149851193776260772e+00
2.274124434665375727e+00 2.366403193007835526e+00 3.212788362581435742e+00 2.678283850398240240e+00 2.156113026516228715e+00
2.284582350333103751e+00 2.378237435413835588e+00 3.248342225395972616e+00 2.694128589895945058e+00 2.162660191347178351e+00
2.295525759947815381e+00 2.390519966632160376e+00 3.284954467188617500e+00 2.710253407022134020e+00 2.169516168001416556e+00
2.307001953538594829e+00 2.403293399271708708e+00 3.322668632053428439e+00 2.726685153251491300e+00 2.176707073795013159e+00
2.319064640885754702e+00 2.416605640542359268e+00 3.361522461772794124e+00 2.743453074504315303e+00 2.184262278939205881e+00
2.331775037238744908e+00 2.430510603112213008e+00 3.401546516106671358e+00 2.760589146146075645e+00 2.192214821050864515e+00
2.345203160671067266e+00 2.445069380544939719e+00 3.442762873294249903e+00 2.778128357670002657e+00 2.200601994481794499e+00
2.359429390038134233e+00 2.460351296819427880e+00 3.485183962900081145e+00 2.796109173851553997e+00 2.209466061578551965e+00
2.374546220466424273e+00 2.476435176199710764e+00 3.528811723320667504e+00 2.814574013683128317e+00 2.218855072471310752e+00
2.390660392203010964e+00 2.493410809787275806e+00 3.573637092321545694e+00 2.833569666633347417e+00 2.228823908761518702e+00
2.407895474092411003e+00 2.511380645034448911e+00 3.619639974749264688e+00 2.853148003202107930e+00 2.239435510872695101e+00
2.426394630504982164e+00 2.530461646729427194e+00 3.666789827588796236e+00 2.873366576499743363e+00 2.250762330031895520e+00
2.446323571763743487e+00 2.550787245320692787e+00 3.715046416603088542e+00 2.894289461156253296e+00 2.262888078020119931e+00
2.467873650877418168e+00 2.572509243637775000e+00 3.764361068305761115e+00 2.915988090538744526e+00 2.275909725215633284e+00
2.491264689868617932e+00 2.595799451290764726e+00 3.814678310807593231e+00 2.938542154424558905e+00 2.289940187028058460e+00
2.516746830138823832e+00 2.620850638985327663e+00 3.865937675739227419e+00 2.962040628524716723e+00 2.305111116603750343e+00
2.544600182039389757e+00 2.647876485740043417e+00 3.918075500557584689e+00 2.986582874975355573e+00 2.321576143768155021e+00
2.575130273123412916e+00 2.677108425766202782e+00 3.971026662272821639e+00 3.012279748466606843e+00 2.339514511329924495e+00
2.608657903170521042e+00 2.708789917896391675e+00 4.024726153933614547e+00 3.039254636465008819e+00 2.359134801996538577e+00
2.645499689578036939e+00 2.743165648132105616e+00 4.079110431344519228e+00 3.067644318358377031e+00 2.380678176388906664e+00
2.685938507166438338e+00 2.780464853953688475e+00 4.134118477994793039e+00 3.097599528810306424e+00 2.404420170147278490e+00
2.730184337263998007e+00 2.820878565265181326e+00 4.189692585614324116e+00 3.129284715708963382e+00 2.430669749871008811e+00
2.778332442835297122e+00 2.864533450058865505e+00 4.245778873389782326e+00 3.162876966975924908e+00 2.459761961976828282e+00
2.830329865239610498e+00 2.911466370158994010e+00 4.302327573902648084e+00 3.198563477387888376e+00 2.492042837988686976e+00
2.885965684475381376e+00 2.961606995901258532e+00 4.359293124930571750e+00 3.236536929982857469e+00 2.527841849903073257e+00
2.944890161340906420e+00 3.014776288961592776e+00 4.416634103725141536e+00 3.276988270617867460e+00 2.567431247144788653e+00
3.006660670754327747e+00 3.070701265299356386e+00 4.474313040206672198e+00 3.320096721830298581e+00 2.610976409076952720e+00
3.070798570953318318e+00 3.129044948975690410e+00 4.532296154236280294e+00 3.366016742651387617e+00 2.658489067430252373e+00
3.136840122965099731e+00 3.189442443204851152e+00 4.590553040464473433e+00 3.414862986021237390e+00 2.709801479535399515e+00
3.204371074829039490e+00 3.251534026231040819e+00 4.649056326252296145e+00 3.466694898264588875e+00 2.764576749520608168e+00
3.273042899077337253e+00 3.314989446452230482e+00 4.707781322383258527e+00 3.521503877302821994e+00 2.822354517751188840e+00
3.342574903786635243e+00 3.379521427347445428e+00 4.766705681797762217e+00 3.579206126097597807e+00 2.882617944065126281e+00
3.412747909724190176e+00 3.444890013293002262e+00 4.825809077557001281e+00 3.639643256478523270e+00 2.944857740217760700e+00
3.483394348943135377e+00 3.510900655528631731e+00 4.885072906563212136e+00 3.702591879376935680e+00 3.008617340112440974e+00
3.554387850038945196e+00 3.577398920200234311e+00 4.944480025426253533e+00 3.767780328176133953e+00 3.073514720846659110e+00
3.625633877043951347e+00 3.644263965150395190e+00 5.004014521457845532e+00 3.834909340345415973e+00 3.139245698275338281e+00
3.697061984851693239e+00 3.711402077534174726e+00 5.063661524105995682e+00 3.903672695731908338e+00 3.205576284215641447e+00
3.768619720593134659e+00 3.778740931464112496e+00 5.123407038069673014e+00 3.973774673514434141e+00 3.272330614454237896e+00
3.840267964075479767e+00 3.846224791835476164e+00 5.183237818034546862e+00 4.044942258468164020e+00 3.339378434911755456e+00
3.911977436306322886e+00 3.913810662764900972e+00 5.243141270561721967e+00 4.116932486164532889e+00 3.406624090405501182e+00
3.983726114237035265e+00 3.981465272672476186e+00 5.303105377916851104e+00 4.189535122341242257e+00 3.473997617505316438e+00
4.055497330249393961e+00 4.049162752726413572e+00 5.363118643484908965e+00 4.262572152396140623e+00 3.541447888632068608e+00
4.127278379905944483e+00 4.116882868080137037e+00 5.423170053184565909e+00 4.335895302370533777e+00 3.608937490734821285e+00
4.199059503695467654e+00 4.184609678698935298e+00 5.483249048458724850e+00 4.409382549539255791e+00 3.676438964355465355e+00
4.270833141643382902e+00 4.252330528750237093e+00 5.543345507845784503e+00 4.482934349056845846e+00 3.743932072810230327e+00
4.342593386330661609e+00 4.320035284772700379e+00 5.603449734718755515e+00 4.556469985930662325e+00 3.811401829253225237e+00
4.414335580249128199e+00 4.387715761013249782e+00 5.663552448291402364e+00 4.629924284560641645e+00 3.878837074791022133e+00
4.486056018166021175e+00 4.455365285146939414e+00 5.723644776657435429e+00 4.703244761700326571e+00 3.946229454344290399e+00
4.557751726051510133e+00 4.522978369915334085e+00 5.783718250617645218e+00 4.776389238278084370e+00 4.013572656122835980e+00
4.629420295935464225e+00 4.590550462791791908e+00 5.843764797357649421e+00 4.849323858248881791e+00 4.080861896285471246e+00
4.701059762525286345e+00 4.658077750516771864e+00 5.903776733601132420e+00 4.922021465855300981e+00 4.148093526019842159e+00
4.772668508057227754e+00 4.725557015425220442e+00 5.963746757963272138e+00 4.994460337136777284e+00 4.215264738045978454e+00
4.844245191139662232e+00 4.792985526039090338e+00 6.023667942349620219e+00 5.066623129533958547e+00 4.282373357173832495e+00
4.915788693878605287e+00 4.860360945682557166e+00 6.083533722475113592e+00 5.138496042913698325e+00 4.349417689863602554e+00
4.987298079471604417e+00 4.927681262280029451e+00 6.143337887891769711e+00 5.210068149505138635e+00 4.416396408050641043e+00
5.058772558891700299e+00 4.994944736169070865e+00 6.203074570945289246e+00 5.281330870165659164e+00 4.483308463218840245e+00
5.130211465484962652e+00 5.062149857787362706e+00 6.262738234878251653e+00 5.352277542037326974e+00 4.550153023719634149e+00
5.201614235446482049e+00 5.129295312697571774e+00 6.322323662598181571e+00 5.422903077270952110e+00 4.616929426468327158e+00
5.272980391804331646e+00 5.196379954307746019e+00 6.381825944203606049e+00 5.493203688588215172e+00 4.683637140633734042e+00
5.344309531499155774e+00 5.263402781901480587e+00 6.441240464796564424e+00 5.563176666412648075e+00 4.750275739957491972e+00
5.415601315319568343e+00 5.330362922406042259e+00 6.500562892281505967e+00 5.632820199537953876e+00 4.816844881875535833e+00
5.486855459589423667e+00 5.397259615271960520e+00 6.559789165218332663e+00 5.702133227742653965e+00 4.883344291268834958e+00
5.558071729241435222e+00 5.464092200037333313e+00 6.618915480771353721e+00 5.771115323282137055e+00 4.949773747790843004e+00
5.629249932194017703e+00 5.530860105865456511e+00 6.677938282891460631e+00 5.839766592544572532e+00 5.016133075559478627e+00
5.700389914620738629e+00 5.597562842568621910e+00 6.736854250810905498e+00 5.908087595119249080e+00 5.082422135807468599e+00
5.771491556932504707e+00 5.664199993120023535e+00 6.795660287848192205e+00 5.976079273985098972e+00 5.148640821249573563e+00
5.842554770438180611e+00 5.730771206935627582e+00 6.854353510532274818e+00 6.043742900472800272e+00 5.214789051219765881e+00
5.913579494347881216e+00 5.797276193992774829e+00 6.912931238089466746e+00 6.111080029359445831e+00 5.280866767515075111e+00
5.984565693169414224e+00 5.863714719863905245e+00 6.971390982324239260e+00 6.178092459788654622e+00 5.346873931132799740e+00
6.055513354564333817e+00 5.930086601357570153e+00 7.029730437893322303e+00 6.244782200617844836e+00 5.412810519804620135e+00
6.126422487461758770e+00 5.996391702636580057e+00 7.087947472964984286e+00 6.311151441045548260e+00 5.478676526007691727e+00
6.197293120326365035e+00 6.062629931599608391e+00 7.146040120265437778e+00 6.377202526222685464e+00 5.544471955286433662e+00
6.268125299584778709e+00 6.128801236622424042e+00 7.204006568516019726e+00 6.442937936780062103e+00 5.610196824729905885e+00
6.338919088208615271e+00 6.194905603522709470e+00 7.261845154255440526e+00 6.508360270964851146e+00 5.675851161817311308e+00
6.409674564465136726e+00 6.260943052981250645e+00 7.319554354130485052e+00 6.573472228777266224e+00 5.741435002859465619e+00
6.480391820797062330e+00 6.326913638119349592e+00 7.377132777269846287e+00 6.638276599348380103e+00 5.806948392933241720e+00
6.551070962791235353e+00 6.392817442278287743e+00 7.434579158373913366e+00 6.702776245509552311e+00 5.872391384353902843e+00
6.621712108245005446e+00 6.458654576950261905e+00 7.491892350762341835e+00 6.766974097146343681e+00 5.937764036606101747e+00
6.692315386316169956e+00 6.524425179959987275e+00 7.549071319750261466e+00 6.830873137095025527e+00 6.003066415614387807e+00
6.762880936657750475e+00 6.590129413427197491e+00 7.606115137230441192e+00 6.894476396063100587e+00 6.068298593032985799e+00
6.833408908780737256e+00 6.655767462688382707e+00 7.663022975509934831e+00 6.957786947578579628e+00 6.133460645925004506e+00
6.903899461045937436e+00 6.721339533536649036e+00 7.719794101641479500e+00 7.020807895474868943e+00 6.198552656282109830e+00
6.974352760624609182e+00 6.786845852572978899e+00 7.776427872597285962e+00 7.083542375090909005e+00 6.263574710538319046e+00
7.044768982070300112e+00 6.852286663926932420e+00 7.832923729983437333e+00 7.145993542939224064e+00 6.328526899401472505e+00
7.115148307748762946e+00 6.917662229990511058e+00 7.889281195249504108e+00 7.208164573244641105e+00 6.393409317486700161e+00
7.185490926493245389e+00 6.982972828673345234e+00 7.945499865467659184e+00 7.270058654389115915e+00 6.458222062970554234e+00
7.255797033753142777e+00 7.048218753443711293e+00 8.001579409067813842e+00 7.331678983134668925e+00 6.522965237459879440e+00
7.326066830719510925e+00 7.113400311588458536e+00 8.057519561693395005e+00 7.393028763379406065e+00 6.587638945650046374e+00
7.396300524115568820e+00 7.178517823522268415e+00 8.113320122426081582e+00 7.454111202176339823e+00 6.652243295119338207e+00
7.466498325736792729e+00 7.243571621950263939e+00 8.168980950315274825e+00 7.514929506459974817e+00 6.716778396144833074e+00
7.536660452022364787e+00 7.308562050670126986e+00 8.224501960888368046e+00 7.575486881917098181e+00 6.781244361474080051e+00
7.606787123894750202e+00 7.373489464366079105e+00 8.279883122721422239e+00 7.635786529245205401e+00 6.845641306172592699e+00
7.676878566177751217e+00 7.438354227206152025e+00 8.335124454682739881e+00 7.695831642883491419e+00 6.909969347470191536e+00
7.746935007601456036e+00 7.503156712818587870e+00 8.390226022897744329e+00 7.755625409055641128e+00 6.974228604570885892e+00
7.816956680250679135e+00 7.567897303072421700e+00 8.445187938133390304e+00 7.815171003367844982e+00 7.038419198546696620e+00
7.886943819517684418e+00 7.632576387898992287e+00 8.500010352957387383e+00 7.874471590372890795e+00 7.102541252218208534e+00
7.956896663697321515e+00 7.697194364415872236e+00 8.554693459169246950e+00 7.933530321327051382e+00 7.166594889921583444e+00
8.026815453847321535e+00 7.761751636534530263e+00 8.609237486202104606e+00 7.992350333401158302e+00 7.230580237536765154e+00
8.096700433538220665e+00 7.826248614444845764e+00 8.663642696634612506e+00 8.050934748630462323e+00 7.294497422252242735e+00
8.166551848620716925e+00 7.890685714001427264e+00 8.717909388453984221e+00 8.109286672648284622e+00 7.358346572439073974e+00
8.236369947121289670e+00 7.955063356526411944e+00 8.772037887188782079e+00 8.167409194312606147e+00 7.422127817818750195e+00
8.306154978936110211e+00 8.019381968071430222e+00 8.826028550694896779e+00 8.225305383183469488e+00 7.485841288900257240e+00
8.375907195807885230e+00 8.083641979355205009e+00 8.879881761152866204e+00 8.282978292754805238e+00 7.549487117471223030e+00
8.445626851036509564e+00 8.147843825092628833e+00 8.933597928471590066e+00 8.340430953860753505e+00 7.613065435986330343e+00
8.515314199440300769e+00 8.211987943888789943e+00 8.987177485201632621e+00 8.397666378810148657e+00 7.676576377829693598e+00
8.584969497136210492e+00 8.276074777729720111e+00 9.040620886787921862e+00 8.454687560860579154e+00 7.740020077159575962e+00
8.654593001460614943e+00 8.340104771783410698e+00 9.093928609476854774e+00 8.511497469106126701e+00 7.803396668747727638e+00
8.724184970830755503e+00 8.404078374077304403e+00 9.147101148909532853e+00 8.568099055800844965e+00 7.866706288069201136e+00
8.793745664613743074e+00 8.467996035180433978e+00 9.200139019643513549e+00 8.624495248264349101e+00 7.929949071070199196e+00
8.863275343068538703e+00 8.531858208065932203e+00 9.253042752415639782e+00 8.680688953532040841e+00 7.993125154280005695e+00
8.932774267176105454e+00 8.595665347704096959e+00 9.305812895126340578e+00 8.736683057409724285e+00 8.056234674611159718e+00
9.002242698624209893e+00 8.659417911024160475e+00 9.358450009328581842e+00 8.792480422281624186e+00 8.119277769398818734e+00
9.071680899663729036e+00 8.723116356531090076e+00 9.410954671795394688e+00 8.848083889580653505e+00 8.182254576364220711e+00
9.141089133086151008e+00 8.786761144253723899e+00 9.463327471067477958e+00 8.903496277327038300e+00 8.245165233471981381e+00
9.210467662005134670e+00 8.850352735496597845e+00 9.515569008729162448e+00 8.958720381634039498e+00 8.308009879049985003e+00
9.279816750020883021e+00 8.913891592688967691e+00 9.567679896820790120e+00 9.013758976358579034e+00 8.370788651574605055e+00
9.349136660933721643e+00 8.977378178998925762e+00 9.619660758157898783e+00 9.068614812086869037e+00 8.433501689776646160e+00
9.418427658626127297e+00 9.040812958797751264e+00 9.671512225066964064e+00 9.123290618110782901e+00 8.496149132526104708e+00
9.487690007508582823e+00 9.104196396654655743e+00 9.723234938586015730e+00 9.177789100189201577e+00 8.558731118817892281e+00
9.556923971717058208e+00 9.167528957593194860e+00 9.774829548281832814e+00 9.232112942224139474e+00 8.621247787770005999e+00
9.626129815552634028e+00 9.230811107679150140e+00 9.826296710769497622e+00 9.286264805964478342e+00 8.683699278532531096e+00
9.695307803536799440e+00 9.294043312440260607e+00 9.877637090182163959e+00 9.340247330419273908e+00 8.746085730350538157e+00
9.764458199881676848e+00 9.357226037882506731e+00 9.928851356358036284e+00 9.394063133262866572e+00 8.808407282438457386e+00
9.833581268869970415e+00 9.420359750387051534e+00 9.979940185607301117e+00 9.447714809534307534e+00 8.870664074038645097e+00
9.902677274702904597e+00 9.483444915772953010e+00 1.003090425889588566e+01 9.501204932824546034e+00 8.932856244360904086e+00
9.971746481323748412e+00 9.546482000090795950e+00 1.008174426256071499e+01 9.554536055145133489e+00 8.994983932555335571e+00
1.004078915260701521e+01 9.609471469141452005e+00 1.013246088684822510e+01 9.607710706692401459e+00 9.057047277735314594e+00
1.010980555214236887e+01 9.672413788268647394e+00 1.018305482617056690e+01 9.660731396600787946e+00 9.119046418895802475e+00
1.017879594326658577e+01 9.735309422729837792e+00 1.023352677838234115e+01 9.713600612554310842e+00 9.180981494966680145e+00
1.024776058914143562e+01 9.798158837119796516e+00 1.028387744437445406e+01 9.766320821424111287e+00 9.242852644731270217e+00
1.031669975252084726e+01 9.860962495586807819e+00 1.033410752797776233e+01 9.818894469291725713e+00 9.304660006856050103e+00
1.038561369588656547e+01 9.923720861895869660e+00 1.038421773517220359e+01 9.871323981454271035e+00 9.366403719863210853e+00
1.045450268142911909e+01 9.986434398971690385e+00 1.043420877433803540e+01 9.923611763055509627e+00 9.428083922102723946e+00
1.052336697088866124e+01 1.004910356920293246e+01 1.048408135529694540e+01 9.975760198794631606e+00 9.489700751773506582e+00
1.059220682570816585e+01 1.011172883435741277e+01 1.053383618972099001e+01 1.002777165352797084e+01 9.551254346868146783e+00
1.066102250692139641e+01 1.017431065526799649e+01 1.058347399016332702e+01 1.007964847234047845e+01 9.612744845207707556e+00
1.072981427511264130e+01 1.023684949217398810e+01 1.063299547046292304e+01 1.013139298066966809e+01 9.674172384393658675e+00
1.079858239052495605e+01 1.029934580442959557e+01 1.068240134493829885e+01 1.018300748475110318e+01 9.735537101819600636e+00
1.086732711289667819e+01 1.036180005046986707e+01 1.073169232856410815e+01 1.023449427158877434e+01 9.796839134663207105e+00
1.093604870153878039e+01 1.042421268801902201e+01 1.078086913656622059e+01 1.028585560937049692e+01 9.858078619859949043e+00
1.100474741534077161e+01 1.048658417373565754e+01 1.082993248422494936e+01 1.033709374761767918e+01 9.919255694123089384e+00
1.107342351267378611e+01 1.054891496338703583e+01 1.087888308682417993e+01 1.038821091738183178e+01 9.980370493905875051e+00
1.114207725146028594e+01 1.061120551185515559e+01 1.092772165923705607e+01 1.043920933155914277e+01 1.004142315542175368e+01
1.121070888914597319e+01 1.067345627292924526e+01 1.097644891606738149e+01 1.049009118501864535e+01 1.010241381462073029e+01
1.127931868265036996e+01 1.073566769945777821e+01 1.102506557116584318e+01 1.054085865490051610e+01 1.016334260718898896e+01
1.134790688843625084e+01 1.079784024328508885e+01 1.107357233799938712e+01 1.059151390081628641e+01 1.022420966855021618e+01
1.141647376243546930e+01 1.085997435514269505e+01 1.112196992874399193e+01 1.064205906506967736e+01 1.028501513384502353e+01
1.148501956006370506e+01 1.092207048480188369e+01 1.117025905448369549e+01 1.069249627289751814e+01 1.034575913794700064e+01
1.155354453625647260e+01 1.098412908091348505e+01 1.121844042591287760e+01 1.074282763268716323e+01 1.040644181543701308e+01
1.162204894539335776e+01 1.104615059103335462e+01 1.126651475179878048e+01 1.079305523619929197e+01 1.046706330061613954e+01
1.169053304134432381e+01 1.110813546171194943e+01 1.131448273925399839e+01 1.084318115879923816e+01 1.052762372749396746e+01
1.175899707746641454e+01 1.117008413831736391e+01 1.136234509454573249e+01 1.089320745967937754e+01 1.058812322978434572e+01
1.182744130656368142e+01 1.123199706514056295e+01 1.141010252292162797e+01 1.094313618206201433e+01 1.064856194091021635e+01
1.189586598092556535e+01 1.129387468539526473e+01 1.145775572668161679e+01 1.099296935345879156e+01 1.070893999398854035e+01
1.196427135230445771e+01 1.135571744111905268e+01 1.150530540682961522e+01 1.104270898584069016e+01 1.076925752184842899e+01
1.203265767190540103e+01 1.141752577326105289e+01 1.155275226382875076e+01 1.109235707589250453e+01 1.082951465700042881e+01
1.210102519041897473e+01 1.147930012164166946e+01 1.160009699482275636e+01 1.114191560522295887e+01 1.088971153164747996e+01
1.216937415797687727e+01 1.154104092491722255e+01 1.164734029542487370e+01 1.119138654053519488e+01 1.094984827769276947e+01
1.223770482417707051e+01 1.160274862065453938e+01 1.169448285983711422e+01 1.124077183391916002e+01 1.100992502674356466e+01
1.230601743809063819e+01 1.166442364524728070e+01 1.174152537987965772e+01 1.129007342291673233e+01 1.106994191006039685e+01
1.237431224823267506e+01 1.172606643395028314e+01 1.178846854516303999e+01 1.133929323088756291e+01 1.112989905859440221e+01
1.244258950258721264e+01 1.178767742091281612e+01 1.183531304332884204e+01 1.138843316719836629e+01 1.118979660302542101e+01
1.251084944860244086e+01 1.184925703910403172e+01 1.188205955993057295e+01 1.143749512740190610e+01 1.124963467368117520e+01
1.257909233317798403e+01 1.191080572036903718e+01 1.192870877803849972e+01 1.148648099318558025e+01 1.130941340056505062e+01
1.264731840268538932e+01 1.197232389542825537e+01 1.197526137851576244e+01 1.153539263315054697e+01 1.136913291337210019e+01
1.271552790295346647e+01 1.203381199383755273e+01 1.202171804045873493e+01 1.158423190263215297e+01 1.142879334151552051e+01
1.278372107927242496e+01 1.209527044403700913e+01 1.206807944000628474e+01 1.163300064382228527e+01 1.148839481404057672e+01
1.285189817640544518e+01 1.215669967332876666e+01 1.211434625108398677e+01 1.168170068563896180e+01 1.154793745968692775e+01
1.292005943857270900e+01 1.221810010787104517e+01 1.216051914564234870e+01 1.173033384503690257e+01 1.160742140688662438e+01
1.298820510946456075e+01 1.227947217271688274e+01 1.220659879302058748e+01 1.177890192631917010e+01 1.166684678375069772e+01
1.305633543224369575e+01 1.234081629177271999e+01 1.225258586001913841e+01 1.182740672127190962e+01 1.172621371805723811e+01
1.312445064953657159e+01 1.240213288782759982e+01 1.229848101113484482e+01 1.187585000952993930e+01 1.178552233726759724e+01
1.319255100344592968e+01 1.246342238256522705e+01 1.234428490850362437e+01 1.192423355916466221e+01 1.184477276853644589e+01
1.326063673554768663e+01 1.252468519653798751e+01 1.238999821160797232e+01 1.197255912641327136e+01 1.190396513868089734e+01
1.332870808688988973e+01 1.258592174920195639e+01 1.243562157749883212e+01 1.202082845563671931e+01 1.196309957420107040e+01
1.339676529800661342e+01 1.264713245891308446e+01 1.248115566107902197e+01 1.206904328006073435e+01 1.202217620127818343e+01
1.346480860890213371e+01 1.270831774290445537e+01 1.252660111437990231e+01 1.211720532177675302e+01 1.208119514577610509e+01
1.353283825906195048e+01 1.276947801731179410e+01 1.257195858702991131e+01 1.216531629182197705e+01 1.214015653322920407e+01
1.360085448745229009e+01 1.283061369719690070e+01 1.261722872626012482e+01 1.221337789023711196e+01 1.219906048885245831e+01
1.366885753254961067e+01 1.289172519658344918e+01 1.266241217672792807e+01 1.226139180661056116e+01 1.225790713755209005e+01
1.373684763229722883e+01 1.295281292832404851e+01 1.270750958051383606e+01 1.230935972000549938e+01 1.231669660390539889e+01
1.380482502412394830e+01 1.301387730421931366e+01 1.275252157725734214e+01 1.235728329902839562e+01 1.237542901216808389e+01
1.387278994495232354e+01 1.307491873500206658e+01 1.279744880418918207e+01 1.240516420160855660e+01 1.243410448627901843e+01
1.394074263121263613e+01 1.313593763042853269e+01 1.284229189583780872e+01 1.245300407635357054e+01 1.249272314986628274e+01
1.400868331882674767e+01 1.319693439907340604e+01 1.288705148426636882e+01 1.250080456177854416e+01 1.255128512622905568e+01
1.407661224320266768e+01 1.325790944849432584e+01 1.293172819915787919e+01 1.254856728656541520e+01 1.260979053835160180e+01
1.414452963925324624e+01 1.331886318519504364e+01 1.297632266752736641e+01 1.259629386979310617e+01 1.266823950890476880e+01
1.421243574140463828e+01 1.337979601473054636e+01 1.302083551391429594e+01 1.264398592134663346e+01 1.272663216024276522e+01
1.428033078359610109e+01 1.344070834151660598e+01 1.306526736044180304e+01 1.269164504181309638e+01 1.278496861439980137e+01
1.434821499925424426e+01 1.350160056896779004e+01 1.310961882670087064e+01 1.273927282230455305e+01 1.284324899309592993e+01
1.441608862132417102e+01 1.356247309947667112e+01 1.315389052974110662e+01 1.278687084520691997e+01 1.290147341773988465e+01
1.448395188226766273e+01 1.362332633444886376e+01 1.319808308416720521e+01 1.283444068418452666e+01 1.295964200942193223e+01
