8.313259406880291635e+00 8.291819268606442250e+00 8.313856117736850848e+00 8.311538150714218531e+00 8.308469048930462009e+00
8.325164284821166660e+00 8.285773018240485399e+00 8.326904274584199683e+00 8.321731038754384358e+00 8.316261105898496098e+00
8.335871625115968797e+00 8.281835245933145018e+00 8.339248818405298636e+00 8.330745013666581045e+00 8.323484913865744517e+00
8.345529457553153563e+00 8.279978687270183713e+00 8.350989893971096478e+00 8.338736464422424888e+00 8.330242600718388957e+00
8.354277998885820011e+00 8.280175113075557647e+00 8.362223899619714018e+00 8.345853061485957625e+00 8.336630333982236962e+00
8.362250071980975363e+00 8.282395177066508296e+00 8.373043354848018538e+00 8.352233734487242600e+00 8.342738816863764839e+00
8.369570802696122414e+00 8.286608678947297690e+00 8.383537146914649796e+00 8.358009281739775531e+00 8.348653231686736120e+00
8.376358485347997984e+00 8.292784607173821598e+00 8.393790743515928909e+00 8.363302960002728881e+00 8.354453651047917262e+00
8.382725015308233552e+00 8.300890983120192246e+00 8.403886262958533138e+00 8.368230828902987639e+00 8.360215432219110454e+00
8.388776103409099960e+00 8.310894922023164710e+00 8.413902581367663558e+00 8.372902061668407114e+00 8.366009458705160995e+00
8.394611528048848470e+00 8.322762717777514752e+00 8.423915461358692625e+00 8.377419348223209994e+00 8.371902298755738769e+00
8.400325454106470247e+00 8.336459895317217317e+00 8.433997668022589878e+00 8.381879261202470843e+00 8.377956427049305432e+00
8.406006741428807771e+00 8.351951248241121561e+00 8.444219072930458481e+00 8.386372572141834070e+00 8.384230482258789863e+00
8.411739220024310626e+00 8.369200859759146738e+00 8.454646748375107990e+00 8.390984549957639871e+00 8.390779477913211437e+00
8.417601938884681445e+00 8.388172121069267462e+00 8.465345066741194913e+00 8.395795285641387551e+00 8.397654987586244957e+00
8.423669389370322946e+00 8.408827746182410579e+00 8.476375788231651498e+00 8.400879851107987406e+00 8.404905320340663621e+00
8.430011740625715788e+00 8.431129794101725139e+00 8.487798157402274057e+00 8.406308622567717492e+00 8.412575691899288444e+00
8.436695057377153972e+00 8.455039670993750534e+00 8.499668961689657465e+00 8.412147550781885030e+00 8.420708389359228718e+00
8.443781551583814604e+00 8.480518160497654279e+00 8.512042603843960720e+00 8.418458343983669323e+00 8.429342927045693656e+00
8.451329657632800973e+00 8.507525437232382970e+00 8.524971215688506021e+00 8.425298761823871274e+00 8.438516192919587766e+00
8.459394415535397727e+00 8.536021098749596803e+00 8.538504693976269877e+00 8.432722759530598466e+00 8.448262586163604482e+00
8.468027233585299740e+00 8.565964162384679170e+00 8.552690793229475119e+00 8.440780653951104995e+00 8.458614146805103928e+00
8.477276602681859785e+00 8.597313098120451968e+00 8.567575159551827468e+00 8.449519317135090191e+00 8.469600677972193736e+00
8.487187827111172922e+00 8.630025799006586951e+00 8.583201395362580755e+00 8.458982320337225858e+00 8.481249861088652864e+00
8.497803487135334066e+00 8.664059635544349547e+00 8.599611108236853596e+00 8.469210123579486549e+00 8.493587366101163383e+00
8.509163355263291706e+00 8.699371434269536962e+00 8.616843946259997722e+00 8.480240203843857572e+00 8.506636946723874715e+00
8.521304676956528823e+00 8.735917503019841490e+00 8.634937649057260245e+00 8.492107208231406190e+00 8.520420542519541840e+00
8.534262121976084359e+00 8.773653626860694388e+00 8.653928082567000857e+00 8.504843063205113296e+00 8.534958365232506949e+00
8.548068021133238048e+00 8.812535085611926888e+00 8.673849269502019510e+00 8.518477088135650632e+00 8.550268981315616301e+00
8.562752393465130396e+00 8.852516656270552176e+00 8.694733409222788367e+00 8.533036103508678138e+00 8.566369388554385012e+00
8.578343095806054919e+00 8.893552623443682137e+00 8.716610900028451070e+00 8.548544529450550655e+00 8.583275086735358883e+00
8.594865905318057386e+00 8.935596784407600524e+00 8.739510348757763225e+00 8.565024469078649005e+00 8.601000142387423608e+00
8.612344598001929086e+00 8.978602458491103278e+00 8.763458566284883844e+00 8.582495791592048562e+00 8.619557247579491488e+00
8.630801036077109245e+00 9.022522492026089580e+00 8.788480563393211042e+00 8.600976205559080157e+00 8.638957772703518501e+00
8.650255215213375592e+00 9.067309266040112448e+00 8.814599543717742236e+00 8.620481318827714290e+00 8.659211813106956868e+00
8.670725306223602047e+00 9.112914701620610458e+00 8.841836864869215162e+00 8.641024686767030616e+00 8.680328229362325843e+00
8.692227744165540670e+00 9.159290266728920216e+00 8.870212002789916284e+00 8.662617856739805333e+00 8.702314680870774311e+00
8.714777207026296324e+00 9.206386982132192642e+00 8.899742510962539654e+00 8.685270407069953791e+00 8.725177652387344551e+00
8.738386692948731493e+00 9.254155428313962872e+00 8.930443940753610477e+00 8.708989964068466705e+00 8.748922472922895821e+00
8.763067511834213619e+00 9.302545751382709227e+00 8.962329756295735805e+00 8.733782217188176489e+00 8.773553326328062951e+00
8.788829279434182240e+00 9.351507670112601645e+00 8.995411241615354214e+00 8.759650919249036605e+00 8.799073252339132623e+00
8.815679955800627354e+00 9.400990481940791454e+00 9.029697370342050888e+00 8.786597885186905543e+00 8.825484137909441529e+00
8.843625745814916783e+00 9.450943071726046085e+00 9.065194643470791291e+00 8.814622955399705972e+00 8.852786696341118144e+00
8.872671128428246234e+00 9.501313916302267515e+00 9.101906913192051363e+00 8.843723961771706499e+00 8.880980432420768622e+00
8.902818746648280879e+00 9.552051092318532000e+00 9.139835191675866000e+00 8.873896675805184486e+00 8.910063591676763650e+00
8.934069321400986752e+00 9.603102282269009748e+00 9.178977360549874120e+00 8.905134736644114923e+00 8.940033102310287916e+00
8.966421612042214662e+00 9.654414779583532891e+00 9.219327882143621977e+00 8.937429548398140966e+00 8.970884461578618740e+00
8.999872166870263257e+00 9.705935495990997808e+00 9.260877523417624602e+00 8.970770162047433161e+00 9.002611618893315182e+00
9.034415306726785388e+00 9.757610965139303261e+00 9.303612846861405217e+00 9.005143141556182229e+00 9.035206834957474342e+00
9.070042759759651574e+00 9.809387349867760619e+00 9.347515795745668044e+00 9.040532371438969150e+00 9.068660478581190176e+00
9.106743480033804516e+00 9.861210443635108902e+00 9.392563181239703241e+00 9.076918837887475888e+00 9.102960797506218782e+00
9.144663545234436697e+00 9.913090843684123854e+00 9.438853192329425212e+00 9.114465970822312357e+00 9.138273564270729565e+00
9.184559408485819532e+00 9.965282986334033311e+00 9.486968040705290761e+00 9.154047084949690216e+00 9.175457337977510619e+00
9.227287072082296149e+00 1.001807361410263120e+01 9.537561401721369236e+00 9.196645683757628476e+00 9.215483321276094486e+00
9.273634222551111250e+00 1.007171297668526577e+01 9.591223249808621176e+00 9.243163172619526691e+00 9.259249769220124548e+00
9.324321209154740941e+00 1.012641721229618064e+01 9.648476089904182373e+00 9.294419892822585183e+00 9.307582157778053755e+00
9.380000101131404477e+00 1.018236913815365696e+01 9.709770157099997689e+00 9.351154475063161442e+00 9.361231619257067038e+00
9.441253052782839106e+00 1.023972047048454570e+01 9.775478289980670255e+00 9.414022293776811878e+00 9.420872005959310513e+00
9.508589636302742676e+00 1.029859283883445897e+01 9.845890103823752071e+00 9.483592625486014782e+00 9.487095306371857717e+00
9.582443234784934205e+00 1.035907903448945433e+01 9.921205790537394265e+00 9.560344538370701528e+00 9.560405231762294065e+00
9.663166435638112617e+00 1.042124428264756020e+01 1.000153059474098960e+01 9.644661234381400661e+00 9.641209052037419625e+00
9.751025262791177539e+00 1.048512738592408589e+01 1.008686936762259201e+01 9.736822713077486924e+00 9.729806885740345024e+00
9.846192399081701296e+00 1.055074178786587069e+01 1.017712256539242155e+01 9.836996624089048069e+00 9.826379864681438647e+00
9.948739448102587701e+00 1.061807659027694761e+01 1.027208419416176710e+01 9.945227357188510808e+00 9.930976692435276476e+00
1.005862851261517932e+01 1.068709746906373859e+01 1.037144254922093545e+01 1.006142371892349807e+01 1.004350005845276428e+01
1.017570363421685187e+01 1.075774773175885990e+01 1.047478463600802634e+01 1.018534601710261889e+01 1.016369443070461287e+01
1.029968281541618325e+01 1.082994931807712291e+01 1.058160489768095402e+01 1.031659408253289101e+01 1.029113724746821035e+01
1.043015167585876846e+01 1.090360368947374248e+01 1.069131860667527611e+01 1.045459858847070755e+01 1.042523593431419293e+01
1.056656009307823751e+01 1.097859268819362377e+01 1.080327969769472318e+01 1.059861877206840219e+01 1.056523304391904539e+01
1.070822346094759858e+01 1.105477945169904430e+01 1.091680226230938544e+01 1.074774987057903886e+01 1.071022123265282389e+01
1.085433000263753733e+01 1.113200940550158080e+01 1.103118423114857549e+01 1.090094288003340139e+01 1.085916845226869576e+01
1.100395539471719886e+01 1.121011132012612244e+01 1.114573137265912450e+01 1.105703732486771962e+01 1.101095245762257946e+01
1.115608525824123731e+01 1.128889843517466041e+01 1.125977957124127826e+01 1.121480498697254014e+01 1.116440171134764547e+01
1.130964470103676689e+01 1.136816967500036846e+01 1.137271358002184130e+01 1.137299999569171050e+01 1.131833887033849528e+01
1.146353322169478872e+01 1.144771108538304638e+01 1.148398099058606370e+01 1.153040893336905448e+01 1.147162252876136890e+01
1.161666202164123618e+01 1.152729745409632933e+01 1.159310087467535588e+01 1.168589514724683909e+01 1.162318335748291709e+01
1.176798981042897019e+01 1.160669419522395174e+01 1.169966728845301063e+01 1.183843290385335223e+01 1.177205195410058813e+01
1.191655426615052349e+01 1.168565954787718653e+01 1.180334832248839483e+01 1.198712935297946913e+01 1.191737729363441645e+01
1.206149613844682911e+01 1.176394711093176504e+01 1.190388181869865569e+01 1.213123463028028048e+01 1.205843589631750490e+01
1.220207482173413638e+01 1.184130873797646721e+01 1.200106883840771133e+01 1.227014189943735190e+01 1.219463297324463724e+01
1.233767531144439467e+01 1.191749775939629785e+01 1.209476594406155314e+01 1.240337999861825757e+01 1.232549737349477859e+01
1.246780756258972644e+01 1.199227244027737171e+01 1.218487713513875015e+01 1.253060129070626694e+01 1.245067221285482617e+01
1.259209996830682599e+01 1.206539958681040225e+01 1.227134603641928834e+01 1.265156702718088333e+01 1.256990297239864596e+01
1.271028883670140708e+01 1.213665809537642559e+01 1.235414873583250817e+01 1.276613193826717207e+01 1.268302448366994994e+01
1.282220455852967511e+01 1.220583769786157724e+01 1.243328736323399397e+01 1.287422843805472894e+01 1.278994671720960596e+01
1.292775548289555765e+01 1.227273279818687435e+01 1.250878452607187619e+01 1.297585104452076621e+01 1.289064141545712339e+01
1.302691972035474066e+01 1.233715921198491650e+01 1.258067898147826646e+01 1.307104755673806729e+01 1.298513295355593655e+01
1.311973333089983029e+01 1.239896054742236409e+01 1.264902201572775020e+01 1.315990859498221077e+01 1.307349032030387015e+01
1.320627869144622224e+01 1.245800765534999499e+01 1.271387431703254656e+01 1.324255841035848746e+01 1.315581684746733337e+01
1.328667349645876783e+01 1.251419711319544170e+01 1.277530336195634675e+01 1.331914611154751604e+01 1.323224314678062719e+01
1.336106288855056157e+01 1.256744980926010413e+01 1.283338148843969861e+01 1.338983959625913478e+01 1.330291973825548801e+01
1.342961213597554604e+01 1.261770910826655445e+01 1.288818439136638716e+01 1.345482017158227706e+01 1.336801183761956402e+01
1.349250022583460051e+01 1.266493867862699041e+01 1.293978997185601720e+01 1.351427734984185491e+01 1.342769527505378768e+01
1.354991618757950711e+01 1.270912041914284352e+01 1.298827720211330572e+01 1.356840650352828703e+01 1.348215261177783297e+01
1.360205479417407659e+01 1.275025231272617177e+01 1.303372542292274971e+01 1.361740555571154765e+01 1.353157005628358789e+01
1.364911363315532000e+01 1.278834635535509001e+01 1.307621389982490001e+01 1.366147277271792149e+01 1.357613535404460947e+01
1.369129091235759432e+01 1.282342661187034949e+01 1.311582136144163435e+01 1.370080519167921018e+01 1.361603615288874458e+01
1.372878354191343853e+01 1.285552743280301513e+01 1.315262564310042670e+01 1.373559722087019885e+01 1.365145837822373309e+01
1.376178544421729555e+01 1.288469184440098303e+01 1.318670344912086101e+01 1.376603954176871447e+01 1.368258507200819452e+01
1.379048701415340972e+01 1.291097009673068641e+01 1.321812999192788851e+01 1.379231841411118609e+01 1.370959557365346448e+01
1.381507416837094304e+01 1.293441836622429619e+01 1.324697916956456112e+01 1.381461513892805648e+01 1.373266489581397565e+01
1.383572761661085693e+01 1.295509761272319160e+01 1.327332336367703469e+01 1.383310561249091464e+01 1.375196324435222905e+01
1.385262244104872664e+01 1.297307257809006487e+01 1.329723334805243695e+01 1.384796006558025816e+01 1.376765566159062359e+01
1.386592793504930121e+01 1.298841091909106460e+01 1.331877820524384681e+01 1.385934271952923069e+01 1.377990180320514213e+01
1.387580746830108502e+01 1.300118245389591287e+01 1.333802537454550396e+01 1.386741194199616345e+01 1.378885582515091990e+01
1.388241836845112687e+01 1.301145850994749331e+01 1.335504055794068101e+01 1.387232018924211374e+01 1.379466631114345176e+01
1.388591189315190100e+01 1.301931136758071084e+01 1.336988779823689555e+01 1.387421397906622644e+01 1.379747624110485127e+01
1.388643328622577933e+01 1.302481378120078581e+01 1.338262946197612280e+01 1.387323395115524249e+01 1.379742305899351074e+01
1.388412188623349230e+01 1.302803857130462184e+01 1.339332628749525256e+01 1.386951495975280579e+01 1.379463874640483390e+01
1.387911116546251122e+01 1.302905828012868561e+01 1.340203740087898687e+01 1.386318621018903308e+01 1.378924993474705119e+01
1.387152903737161402e+01 1.302794488204121492e+01 1.340882033560301956e+01 1.385437142891723994e+01 1.378137800048734540e+01
1.386149789898438556e+01 1.302476954055141256e+01 1.341373106227524303e+01 1.384318902650471728e+01 1.377113920388996249e+01
1.384913481819209125e+01 1.301960240591889750e+01 1.341682401413723902e+01 1.382975225194133628e+01 1.375864484773241792e+01
1.383455169224013126e+01 1.301251244864617540e+01 1.341815212692923787e+01 1.381416936719722344e+01 1.374400143055922463e+01
1.381785540819000246e+01 1.300356732446459773e+01 1.341776686865365242e+01 1.379654378887869726e+01 1.372731080779060520e+01
1.379914806723351006e+01 1.299283327454911685e+01 1.341571828194241967e+01 1.377697430967278791e+01 1.370867035405508361e+01
1.377852714481869789e+01 1.298037502117624697e+01 1.341205501592785687e+01 1.375555526392249561e+01 1.368817312699858846e+01
1.375608569948881410e+01 1.296625569880758277e+01 1.340682436390215315e+01 1.373237669955021545e+01 1.366590802990473286e+01
1.373191252991014899e+01 1.295053683088270091e+01 1.340007229714445280e+01 1.370752455023291461e+01 1.364195997311708730e+01
1.370609234658479458e+01 1.293327827094183746e+01 1.339184349758687453e+01 1.368108078693859575e+01 1.361641003337131473e+01
1.367870594539648010e+01 1.291453820331394908e+01 1.338218139262821005e+01 1.365312360287339644e+01 1.358933560857409439e+01
1.364983037655843567e+01 1.289437313464896384e+01 1.337112818601443820e+01 1.362372756220466918e+01 1.356081057365136822e+01
1.361953910438634274e+01 1.287283786406212194e+01 1.335872489260865947e+01 1.359296377067391326e+01 1.353090542189923440e+01
1.358790216816584362e+01 1.284998550085738245e+01 1.334501137053706898e+01 1.356090001424613867e+01 1.349968742607495464e+01
1.355498633320420687e+01 1.282586748378531993e+01 1.333002635353666143e+01 1.352760090718517993e+01 1.346722074183361251e+01
1.352085523334735306e+01 1.280053359558054282e+01 1.331380747916168517e+01 1.349312806816321952e+01 1.343356659072546577e+01
1.348556951223959288e+01 1.277403198568522846e+01 1.329639132747994879e+01 1.345754016971860345e+01 1.339878334784127034e+01
1.344918696167571603e+01 1.274640919664246930e+01 1.327781343509140299e+01 1.342089320611018977e+01 1.336292669868295668e+01
1.341176264316650624e+01 1.271771019606766018e+01 1.325810834318546583e+01 1.338324043300854704e+01 1.332604973416169258e+01
1.337334900907563551e+01 1.268797840667155619e+01 1.323730961296674913e+01 1.334463269468963276e+01 1.328820307614327767e+01
1.333399605264610699e+01 1.265725573904091128e+01 1.321544984827975000e+01 1.330511832546498674e+01 1.324943499377225109e+01
1.329375136212633990e+01 1.262558262904186890e+01 1.319256074456848360e+01 1.326474345551204870e+01 1.320979149463491353e+01
1.325266033501730156e+01 1.259299807457933618e+01 1.316867307899057593e+01 1.322355196244195952e+01 1.316931645361249359e+01
1.321076613481796258e+01 1.255953967304883001e+01 1.314381677615768496e+01 1.318158567370542578e+01 1.312805167694164332e+01
1.316810996528563749e+01 1.252524365935632034e+01 1.311802089439672514e+01 1.313888441597694623e+01 1.308603702832374260e+01
1.312473098033665941e+01 1.249014494608221426e+01 1.309131368033147602e+01 1.309548611580842348e+01 1.304331049423523936e+01
1.308066654809700680e+01 1.245427716219977832e+01 1.306372257374135160e+01 1.305142691626540952e+01 1.299990828162058953e+01
1.303595218830670532e+01 1.241767268975828742e+01 1.303527423529050999e+01 1.300674120291790814e+01 1.295586490291340098e+01
1.299062177843777910e+01 1.238036270103324554e+01 1.300599457486500476e+01 1.296146177082858486e+01 1.291121323805593946e+01
1.294470753864898249e+01 1.234237719835625491e+01 1.297590875822901246e+01 1.291561979080520040e+01 1.286598463612438970e+01
1.289824017913309717e+01 1.230374505634766891e+01 1.294504124938477396e+01 1.286924500915902669e+01 1.282020895680587458e+01
1.285124892763997195e+01 1.226449405438396489e+01 1.291341580340053419e+01 1.282236568364029949e+01 1.277391466573196155e+01
1.280376163335806794e+01 1.222465091224172262e+01 1.288105551486189704e+01 1.277500878197809797e+01 1.272712887989899855e+01
1.275580480235735692e+01 1.218424133235657614e+01 1.284798281378932927e+01 1.272719992764081454e+01 1.267987744031984576e+01
1.270740367643960234e+01 1.214329002711626693e+01 1.281421949540773042e+01 1.267896355662987595e+01 1.263218497268264073e+01
1.265858229440294380e+01 1.210182075776641497e+01 1.277978673897188777e+01 1.263032290960810755e+01 1.258407493246659570e+01
1.260936353424388123e+01 1.205985636486336432e+01 1.274470511539513851e+01 1.258130011845802443e+01 1.253556967919996268e+01
1.255976919051291674e+01 1.201741879476333885e+01 1.270899462033599292e+01 1.253191626377768841e+01 1.248669050546461712e+01
1.250981999767120811e+01 1.197452914619611164e+01 1.267267467118008106e+01 1.248219140239259239e+01 1.243745770677097795e+01
1.245953571298034390e+01 1.193120768967177625e+01 1.263576414401572023e+01 1.243214465126051671e+01 1.238789061343433673e+01
1.240893512917433661e+01 1.188747390585487729e+01 1.259828137050498675e+01 1.238179417426260187e+01 1.233800764369056679e+01
1.235803615638067399e+01 1.184334650132033850e+01 1.256024416623287898e+01 1.233115730239376617e+01 1.228782634664255013e+01
1.230685582568243142e+01 1.179884345692403436e+01 1.252166984017141083e+01 1.228025049578702799e+01 1.223736343491156831e+01
1.225541037267900357e+01 1.175398203118487572e+01 1.248257520572153112e+01 1.222908945978946704e+01 1.218663483823122995e+01
1.220371523101272615e+01 1.170877881248180685e+01 1.244297660502964042e+01 1.217768910816592509e+01 1.213565572371785883e+01
1.215178511662678673e+01 1.166324971768421470e+01 1.240288990740364383e+01 1.212606366875878017e+01 1.208444054660609623e+01
1.209963401511329906e+01 1.161741004381966569e+01 1.236233054003293930e+01 1.207422666272933753e+01 1.203300307262836100e+01
1.204727526295158135e+01 1.157127446718811825e+01 1.232131348314334041e+01 1.202219097168145368e+01 1.198135641663443529e+01
1.199472153338286695e+01 1.152485708813573773e+01 1.227985329758767286e+01 1.196996885467480354e+01 1.192951307242527115e+01
1.194198491152262243e+01 1.147817143649016280e+01 1.223796412738500905e+01 1.191757197486385067e+01 1.187748492724494298e+01
1.188907688087438785e+01 1.143123050433460186e+01 1.219565971340733945e+01 1.186501144488440218e+01 1.182528332353933820e+01
1.183600839213740485e+01 1.138404676147282757e+01 1.215295340964412496e+01 1.181229782607847234e+01 1.177291906063051030e+01
1.178278985015436398e+01 1.133663217579294802e+01 1.210985818462303243e+01 1.175944118920136283e+01 1.172040240470188621e+01
1.172943117687857573e+01 1.128899823688387549e+01 1.206638664500946412e+01 1.170645109882080348e+01 1.166774318820237077e+01
1.167594180044954477e+01 1.124115596686232266e+01 1.202255103139421344e+01 1.165333667919984428e+01 1.161495071922792377e+01
1.162233070859073614e+01 1.119311594930873355e+01 1.197836324304093658e+01 1.160010659293083890e+01 1.156203388683797506e+01
1.156860644536543603e+01 1.114488833355177988e+01 1.193383483208379658e+01 1.154676910412017321e+01 1.150900118889321000e+01
1.151477715065458618e+01 1.109648286628714509e+01 1.188897702513344257e+01 1.149333206128830653e+01 1.145586064475667598e+01
1.146085056696155746e+01 1.104790889155023592e+01 1.184380073756417850e+01 1.143980294507653817e+01 1.140261995959510877e+01
1.140683406610323480e+01 1.099917538340519130e+01 1.179831657111104271e+01 1.138618886875348046e+01 1.134928644671025921e+01
1.135273466344511739e+01 1.095029094306041451e+01 1.175253480255991434e+01 1.133249660184819163e+01 1.129586705171952055e+01
1.129855903506086712e+01 1.090126383142849598e+01 1.170646545536917138e+01 1.127873259021699326e+01 1.124236842145270998e+01
1.124431353680046186e+01 1.085210196478280054e+01 1.166011826514456473e+01 1.122490296080006544e+01 1.118879685872320806e+01
1.119000421445164228e+01 1.080281294557705429e+01 1.161350264732418225e+01 1.117101355298760268e+01 1.113515837749027249e+01
1.113563682577347436e+01 1.075340405988889891e+01 1.156662778177470585e+01 1.111706991268642319e+01 1.108145871389607606e+01
1.108121684552530262e+01 1.070388230167943533e+01 1.151950259998475801e+01 1.106307732851501058e+01 1.102770330823970824e+01
1.102674948911115749e+01 1.065425437668278441e+01 1.147213576452022998e+01 1.100904082073863854e+01 1.097389736974564478e+01
1.097223971394489972e+01 1.060452671797141377e+01 1.142453566043175073e+01 1.095496517792886593e+01 1.092004584573070858e+01
1.091769224363706847e+01 1.055470549613216669e+01 1.137671048122427919e+01 1.090085494483847306e+01 1.086615343379209619e+01
1.086311156689300539e+01 1.050479662782183432e+01 1.132866817537587778e+01 1.084671445527356504e+01 1.081222463531919686e+01
1.080850196141591901e+01 1.045480578737612198e+01 1.128041643860001741e+01 1.079254782603542395e+01 1.075826371005038951e+01
1.075386749125694230e+01 1.040473841155911039e+01 1.123196276991224174e+01 1.073835897638157277e+01 1.070427472728744611e+01
1.069921202986116349e+01 1.035459972658797767e+01 1.118331445654998824e+01 1.068415163521087052e+01 1.065026156529386903e+01
1.064453925652840027e+01 1.030439474086072593e+01 1.113447857065535018e+01 1.062992934737909856e+01 1.059622789644819818e+01
1.058985267748398940e+01 1.025412823632061787e+01 1.108546197184923443e+01 1.057569548923053659e+01 1.054217723767721537e+01
1.053515561679152590e+01 1.020380483583092257e+01 1.103627134517521036e+01 1.052145326723642427e+01 1.048811292780851367e+01
1.048045125081984530e+01 1.015342896908039627e+01 1.098691318174517484e+01 1.046720573753831296e+01 1.043403814107960770e+01
1.042574260593313973e+01 1.010300482842045433e+01 1.093739376907935323e+01 1.041295580059870574e+01 1.037995591181795163e+01
1.037103252862483416e+01 1.005253649936207161e+01 1.088771923618333837e+01 1.035870622188736512e+01 1.032586911324154855e+01
1.031632376879525914e+01 1.000202788782143593e+01 1.083789553734969324e+01 1.030445962501770296e+01 1.027178049114726477e+01
1.026161894252756923e+01 9.951482697735166028e+00 1.078792844925602346e+01 1.025021851134259698e+01 1.021769266017131272e+01
1.020692049313637106e+01 9.900904514700478387e+00 1.073782357463703008e+01 1.019598524971469544e+01 1.016360809646652008e+01
1.015223078112509469e+01 9.850296778248576857e+00 1.068758637859693117e+01 1.014176210014584711e+01 1.010952917208111401e+01
1.009755206211364964e+01 9.799662767435998845e+00 1.063722216655351360e+01 1.008755121713841696e+01 1.005545813659881738e+01
1.004288645090398013e+01 9.749005628188726291e+00 1.058673606466126138e+01 1.003335463895009738e+01 1.000139712816078230e+01
9.988235963696350694e+00 9.698328389867937105e+00 1.053613308309851249e+01 9.979174301125070201e+00 9.947348191346115698e+00
9.933602538763590672e+00 9.647633946394909898e+00 1.048541808214669047e+01 9.925012068184750902e+00 9.893313259208666111e+00
9.878988003160072751e+00 9.596925064126844873e+00 1.043459577738410538e+01 9.870869704813221901e+00 9.839294180266929146e+00
9.824394087212754201e+00 9.546204411661285860e+00 1.038367074595536543e+01 9.816748848558175311e+00 9.785292712393291126e+00
9.769822454117978339e+00 9.495474541969601390e+00 1.033264744611559749e+01 9.762651111139881266e+00 9.731310520668005282e+00
9.715274677345325571e+00 9.444737890075344922e+00 1.028153020626900371e+01 9.708578014212760010e+00 9.677349198455603485e+00
9.660752243323520005e+00 9.393996809132229231e+00 1.023032322056996257e+01 9.654530964549941530e+00 9.623410256188613232e+00
9.606256581597483191e+00 9.343253553068505468e+00 1.017903057761274788e+01 9.600511336462828282e+00 9.569495129852969129e+00
9.551789047691535472e+00 9.292510258212921315e+00 1.012765624766035089e+01 9.546520431926678540e+00 9.515605190971630378e+00
9.497350919394875746e+00 9.241768999832181919e+00 1.007620408033957027e+01 9.492559475085444731e+00 9.461741735381394847e+00
9.442943428471787470e+00 9.191031762212016787e+00 1.002467781409446879e+01 9.438629627531287980e+00 9.407906002839338200e+00
9.388567744973551399e+00 9.140300428001671307e+00 9.973081092206109943e+00 9.384732005550199929e+00 9.354099170683332076e+00
9.334224958089542667e+00 9.089576813502345587e+00 9.921417450837617835e+00 9.330867664846200782e+00 9.300322353667928255e+00
9.279916128864742930e+00 9.038862662428575945e+00 9.869690310753847839e+00 9.277037604359003709e+00 9.246576618246145074e+00
9.225642261003295985e+00 8.988159640825797325e+00 9.817903012906311844e+00 9.223242782380955518e+00 9.192862974066475346e+00
9.171404296119691324e+00 8.937469345658549003e+00 9.766058799043086935e+00 9.169484110473897331e+00 9.139182380858187571e+00
9.117203139638471399e+00 8.886793312095775832e+00 9.714160811819278152e+00 9.115762432405489335e+00 9.085535754413040621e+00
9.063039653378842431e+00 8.836133006921066624e+00 9.662212105040117294e+00 9.062078573619139377e+00 9.031923959029171556e+00
9.008914648033044870e+00 8.785489827546523856e+00 9.610215652162718669e+00 9.008433314090730448e+00 8.978347821402259399e+00
8.954828896229432900e+00 8.734865126319188988e+00 9.558174339193906022e+00 8.954827382886286102e+00 8.924808125440039319e+00
8.900783136895267234e+00 8.684260195024506856e+00 9.506090960963589964e+00 8.901261473153594395e+00 8.871305613111804433e+00
8.846778067484059704e+00 8.633676262988803529e+00 9.453968244010965805e+00 8.847736251703370414e+00 8.817840993377911829e+00
8.792814349239868932e+00 8.583114519088011818e+00 9.401808834771205881e+00 8.794252347357518929e+00 8.764414936606929274e+00
8.738892615875744951e+00 8.532576100950510778e+00 9.349615298637910854e+00 8.740810355081228167e+00 8.711028079822106918e+00
8.685013466356316769e+00 8.482062085923656625e+00 9.297390130185727131e+00 8.687410844177898994e+00 8.657681029747607226e+00
8.631177465369795243e+00 8.431573518922627741e+00 9.245135756997623133e+00 8.634054355278543369e+00 8.604374354563507410e+00
8.577385156791562437e+00 8.381111398624355502e+00 9.192854535369765046e+00 8.580741386426828043e+00 8.551108601883116833e+00
8.523637054960516934e+00 8.330676675935078990e+00 9.140548747318987921e+00 8.527472425839246029e+00 8.497884291040623594e+00
8.469933642382207140e+00 8.280270264707704442e+00 9.088220619758233809e+00 8.474247932646671089e+00 8.444701917196193008e+00
8.416275385337725012e+00 8.229893042865393582e+00 9.035872314184025811e+00 8.421068338657438090e+00 8.391561930110562173e+00
8.362662725154830667e+00 8.179545847152777327e+00 8.983505924586447478e+00 8.367934054916759123e+00 8.338464782166660427e+00
8.309096073660453996e+00 8.129229477365891299e+00 8.931123488965766910e+00 8.314845473967892531e+00 8.285410897586617196e+00
8.255575829993215820e+00 8.078944704570004021e+00 8.878726989926029489e+00 8.261802964846694408e+00 8.232400682403641312e+00
8.202102371627276511e+00 8.028692264536758216e+00 8.826318351539200080e+00 8.208806872216600325e+00 8.179434484929235083e+00
8.148676051893437133e+00 7.978472857979804544e+00 8.773899437890040787e+00 8.155857530377462083e+00 8.126512676828301807e+00
8.095297210718708669e+00 7.928287161644058223e+00 8.721472067798837102e+00 8.102955253758317156e+00 8.073635600762862907e+00
8.041966170845682882e+00 7.878135821994295185e+00 8.669038006741672575e+00 8.050100335304463783e+00 8.020803582877451987e+00
7.988683235465342314e+00 7.828019452313577986e+00 8.616598964800175509e+00 7.997293057886015077e+00 7.968016906512670694e+00
7.935448693656352859e+00 7.777938646293558911e+00 8.564156607536546062e+00 7.944533688270284166e+00 7.915275865779145548e+00
7.882262821385577212e+00 7.727893971039891952e+00 8.511712554354916804e+00 7.891822474860318515e+00 7.862580734487908174e+00
7.829125878469239019e+00 7.677885964469363778e+00 8.459268376951195378e+00 7.839159654632892327e+00 7.809931771166510828e+00
7.776038111049982327e+00 7.627915145985092238e+00 8.406825599060974596e+00 7.786545453314596799e+00 7.757329208069155158e+00
