2.384447080234595617e+01
0.000000000000000000e+00
2.281696680374720287e+00
0.000000000000000000e+00
4.743880538350226495e+00
0.000000000000000000e+00
2.027440160418283011e+00
0.000000000000000000e+00
1.585505096775773337e+00
0.000000000000000000e+00
1.049677095028514273e+01
0.000000000000000000e+00
1.000000000000000021e-03
0.000000000000000000e+00
1.986193106562494370e-01
0.000000000000000000e+00
1.000000000000000056e-01
0.000000000000000000e+00
2.675252741111569521e-01
0.000000000000000000e+00
1.000000000000000021e-03
0.000000000000000000e+00
1.000000000000000021e-03
0.000000000000000000e+00
7.569268525848602547e-01
0.000000000000000000e+00
1.001558579715154806e+01
0.000000000000000000e+00
5.370036704501840674e+00
0.000000000000000000e+00
1.046600847264504176e-02
0.000000000000000000e+00
6.204740134500165816e+00
0.000000000000000000e+00
4.401208300423453679e-01
0.000000000000000000e+00
1.911910618992292532e+00
0.000000000000000000e+00
2.207845382235109621e-01
0.000000000000000000e+00
