1.126959006250762396e+00 1.239387276431903384e+00 1.234116566484476873e+00 1.290794856320893080e+00 1.039885970245746805e+00
1.252376887834857566e+00 1.477414781762140361e+00 1.464895255316030820e+00 1.581432919583698693e+00 1.078819364697720440e+00
1.376366908617402629e+00 1.714167167670303860e+00 1.693103099016683544e+00 1.871963733935517293e+00 1.116823327640594110e+00
1.499029209613865765e+00 1.949720960250727719e+00 1.919264582341515757e+00 2.162416002247652180e+00 1.153917981898193945e+00
1.620453097979401180e+00 2.184145667775920785e+00 2.143755374419072712e+00 2.452808051382451726e+00 1.190121009852371126e+00
1.740718566912261345e+00 2.417504516849546370e+00 2.366854324165338141e+00 2.743152272158927651e+00 1.225447908682521847e+00
1.859897440051853978e+00 2.649855345623361114e+00 2.588774272656923614e+00 3.033457349731662145e+00 1.259912361601450925e+00
1.978054686805380991e+00 2.881251155033479616e+00 2.809681863433870941e+00 3.323729495172135007e+00 1.293526529723928453e+00
2.095249273285868075e+00 3.111740596182926755e+00 3.029709780762422255e+00 3.613973530510468546e+00 1.326301227151510886e+00
2.211534761545658423e+00 3.341368495106337377e+00 3.248965692308306341e+00 3.904193254690368153e+00 1.358246080527561350e+00
2.326960036263693521e+00 3.570176250706754928e+00 3.467538298862487434e+00 4.194391601256536539e+00 1.389369696614073613e+00
2.441569981327246008e+00 3.798202162006187876e+00 3.685501336809677397e+00 4.484570840894627430e+00 1.419679786403806876e+00
2.555405808131512746e+00 4.025481731960493192e+00 3.902916750067886742e+00 4.774732828323048572e+00 1.449183260563789544e+00
2.668505420085386604e+00 4.252047906596124527e+00 4.119837188686699569e+00 5.064879092314735765e+00 1.477886315568278652e+00
2.780903803870137025e+00 4.477931323053320867e+00 4.336307786329341774e+00 5.355010875758796196e+00 1.505794507659289572e+00
2.892633348793680614e+00 4.703160539392710504e+00 4.552367477913723093e+00 5.645129189556257643e+00 1.532912822314614676e+00
3.003724094534094391e+00 4.927762233208679454e+00 4.768050047659912138e+00 5.935234857883236792e+00 1.559245720429887072e+00
3.114203972363688067e+00 5.151761350167621600e+00 4.983385010302675333e+00 6.225328542366544760e+00 1.584797164754275789e+00
3.224098999181586933e+00 5.375181211495454470e+00 5.198398277406012902e+00 6.515410780412372205e+00 1.609570699160676632e+00
3.333433405195513455e+00 5.598043651665221887e+00 5.413112688385511184e+00 6.805481988046135022e+00 1.633569465367932239e+00
3.442229825287673961e+00 5.820369143329169326e+00 5.627548438509259121e+00 7.095542479111921708e+00 1.656796240666787767e+00
3.550509437831110837e+00 6.042176903229265150e+00 5.841723455560403622e+00 7.385592465737669698e+00 1.679253465113224042e+00
3.658292089983073758e+00 6.263484983320757316e+00 6.055653704358662459e+00 7.675632061694129149e+00 1.700943248562202914e+00
3.765596410990219578e+00 6.484310351130340599e+00 6.269353420258371834e+00 7.965661288275997620e+00 1.721867397268256994e+00
3.872439896349920918e+00 6.704668955675254338e+00 6.482835303931740789e+00 8.255680074460110873e+00 1.742027428027485225e+00
3.978838994747059044e+00 6.924575792875097946e+00 6.696110688728628801e+00 8.545688256358634050e+00 1.761424585020874733e+00
4.084809184610002752e+00 7.144044965700343752e+00 6.909189661023248163e+00 8.835685573353524447e+00 1.780059853368617828e+00
4.190365043274383083e+00 7.363089734987746660e+00 7.122081196457331842e+00 9.125671663434838266e+00 1.797933962227949101e+00
4.295520308057679593e+00 7.581722563382099267e+00 7.334793255815138302e+00 9.415646055459816921e+00 1.815047410228372238e+00
4.400287928849605734e+00 7.799955152938786718e+00 7.547332857170817810e+00 9.705608158371189731e+00 1.831400444397047300e+00
4.504680114096657029e+00 8.017798478038329790e+00 7.759706134109659814e+00 9.995557250827230789e+00 1.846993100629343187e+00
4.608708370254189113e+00 8.235262811842828157e+00 7.971918378666101646e+00 1.028549246838456277e+01 1.861825171240309329e+00
4.712383537062576622e+00 8.452357748589218289e+00 8.183974067599891100e+00 1.057541278619514991e+01 1.875896231157131222e+00
4.815715813850551363e+00 8.669092219933087762e+00 8.395876885754169905e+00 1.086531699941293994e+01 1.889205625490680163e+00
4.918714782330569690e+00 8.885474505194245864e+00 8.607629730492478259e+00 1.115520369964977654e+01 1.901752467583803563e+00
5.021389422424851645e+00 9.101512235552705832e+00 8.819234701793694953e+00 1.144507125081252852e+01 1.913535645088617621e+00
5.123748120335252842e+00 9.317212391421252349e+00 9.030693082818929796e+00 1.173491775291623362e+01 1.924553805221234315e+00
5.225798672036978232e+00 9.532581293656514632e+00 9.242005296715920082e+00 1.202474100522319667e+01 1.934805360494673332e+00
5.327548273663002654e+00 9.747624585200657776e+00 9.453170852848737482e+00 1.231453846320425960e+01 1.944288472745397733e+00
5.429003505432659082e+00 9.962347203788027628e+00 9.664188272667542989e+00 1.260430718496749947e+01 1.953001054367453193e+00
5.530170303726443137e+00 1.017675334381487140e+01 9.875054991230856061e+00 1.289404376473909508e+01 1.960940745829425458e+00
5.631053917629554206e+00 1.039084640499318013e+01 1.008576723575290757e+01 1.318374425538600470e+01 1.968104920244834410e+00
5.731658855718680279e+00 1.060462892532972923e+01 1.029631986987717163e+01 1.347340408534623890e+01 1.974490647146354583e+00
5.831988801421987390e+00 1.081810249413621250e+01 1.050670619552612806e+01 1.376301793723849620e+01 1.980094703665479683e+00
5.932046510501220560e+00 1.103126764487080891e+01 1.071691771354256595e+01 1.405257961166179470e+01 1.984913524825140385e+00
6.031833674665633360e+00 1.124412371488727658e+01 1.092694382444369161e+01 1.434208185850751605e+01 1.988943218182239736e+00
6.131350741980806873e+00 1.145666867042561776e+01 1.113677145198593621e+01 1.463151618780207741e+01 1.992179502430487137e+00
6.230596705612780895e+00 1.166889888571465583e+01 1.134638460653492409e+01 1.492087258428489882e+01 1.994617723985753877e+00
6.329568796190559787e+00 1.188080886332070207e+01 1.155576378998027920e+01 1.521013918117208874e+01 1.996252780762762802e+00
6.428262115990200698e+00 1.209239087930352063e+01 1.176488529519487614e+01 1.549930192338880630e+01 1.997079143617925823e+00
6.526669159824313837e+00 1.230363452611308794e+01 1.197372032037921485e+01 1.578834391072526167e+01 1.997090758760162066e+00
6.624779205451829966e+00 1.251452614729672774e+01 1.218223384407042786e+01 1.607724477260908458e+01 1.996281080083342152e+00
6.722577568194960662e+00 1.272504808354427297e+01 1.239038328195877980e+01 1.636597979642030509e+01 1.994642957787509996e+00
6.820044565405683379e+00 1.293517770730488792e+01 1.259811670465772337e+01 1.665451875449072006e+01 1.992168623614121614e+00
6.917154267309753024e+00 1.314488616878975336e+01 1.280537061880349903e+01 1.694282432988590870e+01 1.988849619249594358e+00
7.013872868111015180e+00 1.335413675010358325e+01 1.301206718272567109e+01 1.723085001249112835e+01 1.984676742580691045e+00
7.110156839635201287e+00 1.356288269552891812e+01 1.321811064072393194e+01 1.751853725536339113e+01 1.979639982488990535e+00
7.205949967297013536e+00 1.377106429610484462e+01 1.342338320327164780e+01 1.780581157839858975e+01 1.973728439795206180e+00
7.301180287089571230e+00 1.397860543025478464e+01 1.362773862579258655e+01 1.809257718139056337e+01 1.966930236113595853e+00
7.395756106854926237e+00 1.418540772948058581e+01 1.383099540911260306e+01 1.837870975411401275e+01 1.959232431850334022e+00
7.489560998342361664e+00 1.439134409687723348e+01 1.403292792740475825e+01 1.866404533454754855e+01 1.950620910981435641e+00
7.582447660822477786e+00 1.459624964176707707e+01 1.423325508501547887e+01 1.894836621526820153e+01 1.941080264088407725e+00
7.674230660835941187e+00 1.479990934161019389e+01 1.443162625785019948e+01 1.923138097973685845e+01 1.930593672787769055e+00
7.764678039208104288e+00 1.500204167637077823e+01 1.462760436754778048e+01 1.951269692198288297e+01 1.919142763357521986e+00
7.853501916623420342e+00 1.520227735471791597e+01 1.482064585828493719e+01 1.979178365158480446e+01 1.906707448589071374e+00
7.940348555575688749e+00 1.540013242819603434e+01 1.501007775018547363e+01 2.006792714293958824e+01 1.893265778070302607e+00
8.024788789309672765e+00 1.559497481276977382e+01 1.519507291987158659e+01 2.034017475534437480e+01 1.878793755703362933e+00
8.106310293977818660e+00 1.578598554464598003e+01 1.537462585286756145e+01 2.060727653781994206e+01 1.863265149107131924e+00
8.184313403100427209e+00 1.597211782167610394e+01 1.554753263553747900e+01 2.086763349329674710e+01 1.846651318315150503e+00
8.258115183671046466e+00 1.615206102891395545e+01 1.571238223900531317e+01 2.111927076081020616e+01 1.828921021906034561e+00
8.326962182714428451e+00 1.632422327875442036e+01 1.586756917107242693e+01 2.135985941951722111e+01 1.810040252857219034e+00
8.390056216372316911e+00 1.648674851614334713e+01 1.601133335011930470e+01 2.158681344024876481e+01 1.789972097036895970e+00
8.446595557722773151e+00 1.663759362855592272e+01 1.614184125896084865e+01 2.179747830591432134e+01 1.768676676497733746e+00
8.495828670052492981e+00 1.677467553366448527e+01 1.625730989812842608e+01 2.198940423556617674e+01 1.746111155540070348e+00
8.537116327575924757e+00 1.689608876800075521e+01 1.635616504938146676e+01 2.216066062755292521e+01 1.722229932445418221e+00
8.569992559308538205e+00 1.700036068657483668e+01 1.643721388744541301e+01 2.231011598571347321e+01 1.696985004386022844e+00
8.594213345142820870e+00 1.708668041161923412e+01 1.649979590412925390e+01 2.243760119735216207e+01 1.670326610795580535e+00
8.609782688637897863e+00 1.715503221246364163e+01 1.654387543959638762e+01 2.254390625662293246e+01 1.642204241461135084e+00
8.616950318314522406e+00 1.720618821118772956e+01 1.657004729080025029e+01 2.263061852993209655e+01 1.612568074903208748e+00
8.616180768481706664e+00 1.724156647065240833e+01 1.657946128892962534e+01 2.269986165378490384e+01 1.581370839284351071e+00
8.608105519568717057e+00 1.726300560666271622e+01 1.657367756934175773e+01 2.275401276006301288e+01 1.548570124395073799e+00
8.593461428112508571e+00 1.727252403535451464e+01 1.655449521040134542e+01 2.279546049663463236e+01 1.514130982967685668e+00
8.573032861917516456e+00 1.727211815189474819e+01 1.652378759128539087e+01 2.282643484395262234e+01 1.478028609363979395e+00
8.547601673434130021e+00 1.726362490880537948e+01 1.648337023344589625e+01 2.284891089421064692e+01 1.440250777118071701e+00
8.517909653332942810e+00 1.724864880577145954e+01 1.643491110733037530e+01 2.286457240723925466e+01 1.400799684675897439e+00
8.484634762869536218e+00 1.722853915064974117e+01 1.637988181549310696e+01 2.287481536697468698e+01 1.359693011547062680e+00
8.448378683411467804e+00 1.720439985923787418e+01 1.631954121259770574e+01 2.288077413695144102e+01 1.316964043362060188e+00
8.409663419304388654e+00 1.717711639489511555e+01 1.625494112095557142e+01 2.288335740539060126e+01 1.272660926146763183e+00
8.368933926741034313e+00 1.714738915586760015e+01 1.618694494744694268e+01 2.288328585123126757e+01 1.226845301337188499e+00
8.326564366014883589e+00 1.711576684816982308e+01 1.611625210743567038e+01 2.288112739721584177e+01 1.179590593753932160e+00
8.282866143810705850e+00 1.708267680014890288e+01 1.604342362472666039e+01 2.287732776989404826e+01 1.130980250180421809e+00
8.238096403188997385e+00 1.704845051104917175e+01 1.596890657546988379e+01 2.287223588882449121e+01 1.081106179379210497e+00
8.192466300838468385e+00 1.701334459905218210e+01 1.589305557547654324e+01 2.286612473916775556e+01 1.030067544118185907e+00
8.146148574076251592e+00 1.697755765871526634e+01 1.581615091464097489e+01 2.285920787994925618e+01 9.779700195639751126e-01
8.099284158619013851e+00 1.694124340740061285e+01 1.573841385847503105e+01 2.285165256764470598e+01 9.249255629854938876e-01
8.051987833798255778e+00 1.690452104252994303e+01 1.566001890927987361e+01 2.284359002654034043e+01 8.710527472306889285e-01
8.004353007349292781e+00 1.686748308458701828e+01 1.558110375760870348e+01 2.283512336214160499e+01 8.164776988578871242e-01
7.956455733035887157e+00 1.683020157125335814e+01 1.550177707899194068e+01 2.282633380445134108e+01 7.613357040027365352e-01
7.908357955358952474e+00 1.679273269569856097e+01 1.542212479791339952e+01 2.281728551530773785e+01 7.057736072153177886e-01
7.860110180351632891e+00 1.675512042083198239e+01 1.534221493578690954e+01 2.280802928336325053e+01 6.499531716763153888e-01
7.811753651574344204e+00 1.671739924564599988e+01 1.526210145840697940e+01 2.279860544322052718e+01 5.940556662908937913e-01
7.763322123996600155e+00 1.667959631153034294e+01 1.518182726596250198e+01 2.278904611473339159e+01 5.382880618158903951e-01
7.714843277198030869e+00 1.664173304953498445e+01 1.510142654639563631e+01 2.277937693898123683e+01 4.828913724995911316e-01
7.666339865121180708e+00 1.660382639944736738e+01 1.502092658758568433e+01 2.276961845617263691e+01 4.281518343660827286e-01
7.617830651445489210e+00 1.656588981933024485e+01 1.494034924489354133e+01 2.275978714156451588e+01 3.744157527331437030e-01
7.569331156873743360e+00 1.652793407646761281e+01 1.485971212052748314e+01 2.274989626128887821e+01 3.221088975192137882e-01
7.520854263039555399e+00 1.648996778943781294e+01 1.477902940954840894e+01 2.273995656328701642e+01 2.717605880021153331e-01
7.472410699209617313e+00 1.645199784379837027e+01 1.469831255298725026e+01 2.272997677008824979e+01 2.240304510076816247e-01
7.424009436375772708e+00 1.641402975783597995e+01 1.461757079874491083e+01 2.271996396002618113e+01 1.797298509092072338e-01
7.375658011342303588e+00 1.637606798738936575e+01 1.453681166899167643e+01 2.270992387870309770e+01 1.398160544392630933e-01
7.327362813390620566e+00 1.633811615226777647e+01 1.445604131500261680e+01 2.269986120254007389e+01 1.053155043954058095e-01
7.279129274495259594e+00 1.630017719948857646e+01 1.437526477918835077e+01 2.268977976363328963e+01 7.711861157470284445e-02
7.230962018300335359e+00 1.626225353013767716e+01 1.429448620236786205e+01 2.267968272025240495e+01 5.563985047130745598e-02
7.182865012594531251e+00 1.622434710260565538e+01 1.421370899831496537e+01 2.266957267440666968e+01 4.051111075055024296e-02
7.134841690518991086e+00 1.618645952316333592e+01 1.413293598615127244e+01 2.265945176895697699e+01 3.060483533784982835e-02
7.086895046707988755e+00 1.614859211183917509e+01 1.405216952831922228e+01 2.264932177039488437e+01 2.444762096648780275e-02
7.039027714889139808e+00 1.611074599322362388e+01 1.397141157280014490e+01 2.263918413560065446e+01 2.069595401088915668e-02
6.991242031424113712e+00 1.607292207210257828e+01 1.389066383135109106e+01 2.262904008302131587e+01 1.837011920002468851e-02
6.943540078106677171e+00 1.603512114622352769e+01 1.380992770916895296e+01 2.261889063250144360e+01 1.685028535197730104e-02
6.895923728756293336e+00 1.599734385551198557e+01 1.372920441734842889e+01 2.260873662673851570e+01 1.577691914109939642e-02
6.848394684798213561e+00 1.595959074232305319e+01 1.364849500818043637e+01 2.259857880566226029e+01 1.495187173485849549e-02
6.800954499374554985e+00 1.592186227125412223e+01 1.356780036038773751e+01 2.258841774581298623e+01 1.426905283440763929e-02
6.753604620918515877e+00 1.588415883312991106e+01 1.348712125389725713e+01 2.257825396784756933e+01 1.367240566796042688e-02
6.706346382611972246e+00 1.584648076707521192e+01 1.340645837179153688e+01 2.256808787754447465e+01 1.313232592459421914e-02
6.659181067542442101e+00 1.580882837318506695e+01 1.332581232144613281e+01 2.255791982953587294e+01 1.263295121841302368e-02
6.612109861370701225e+00 1.577120190922165399e+01 1.324518366000831193e+01 2.254775011934681572e+01 1.216551569718522623e-02
6.565133921370867043e+00 1.573360160867979829e+01 1.316457288659876390e+01 2.253757899596012848e+01 1.172489139744935585e-02
6.518254334451822452e+00 1.569602767437597812e+01 1.308398046047002516e+01 2.252740667981229450e+01 1.130783397474263881e-02
6.471472161263084999e+00 1.565848028807750758e+01 1.300340680782868930e+01 2.251723335031630313e+01 1.091209313840976573e-02
6.424788422735876914e+00 1.562095961444300407e+01 1.292285232178471510e+01 2.250705916926724370e+01 1.053594874204865847e-02
6.378204116867951967e+00 1.558346580271532567e+01 1.284231737477506918e+01 2.249688426744535619e+01 1.017800327243547492e-02
6.331720223091653388e+00 1.554599899030053578e+01 1.276180232071695819e+01 2.248670875981158801e+01 9.837039920871724907e-03
6.285337701975847402e+00 1.550855930573782437e+01 1.268130749881435015e+01 2.247653274266552614e+01 9.511979496245175428e-03
6.239057508498096816e+00 1.547114686806364681e+01 1.260083323909329245e+01 2.246635629859652994e+01 9.201854345192068269e-03
6.192880581172387267e+00 1.543376179036911111e+01 1.252037986123546887e+01 2.245617949921038203e+01 8.905777094484489814e-03
6.146807858690774395e+00 1.539640417895470392e+01 1.243994767854410100e+01 2.244600240564972182e+01 8.622929224196234158e-03
6.100840267970050412e+00 1.535907413511181296e+01 1.235953699957880758e+01 2.243582507175547391e+01 8.352539118750832922e-03
6.054978736877681733e+00 1.532177175611798070e+01 1.227914812852727344e+01 2.242564754350024359e+01 8.093900385430514988e-03
6.009224188334767014e+00 1.528449713561485801e+01 1.219878136790514134e+01 2.241546986069986858e+01 7.846360366440730330e-03
5.963577546265278251e+00 1.524725036395707889e+01 1.211843701917643479e+01 2.240529205808870117e+01 7.609304471035923702e-03
5.918039734856473721e+00 1.521003152986791740e+01 1.203811538309777873e+01 2.239511416514650932e+01 7.382169179674831494e-03
5.872611680341554674e+00 1.517284071976418680e+01 1.195781676309600172e+01 2.238493620780683457e+01 7.164421322896134987e-03
5.827294311859251508e+00 1.513567801773421273e+01 1.187754146254811793e+01 2.237475820838620777e+01 6.955556663986743084e-03
5.782088561650710723e+00 1.509854350881573737e+01 1.179728978792484639e+01 2.236458018645567591e+01 6.755109976037354698e-03
5.736995366426675957e+00 1.506143727331947524e+01 1.171706205052427130e+01 2.235440215919931717e+01 6.562648967962166936e-03
5.692015666608232216e+00 1.502435939414819899e+01 1.163685856050471124e+01 2.234422414143535462e+01 6.377772969875653182e-03
5.647150408241119024e+00 1.498730995128969745e+01 1.155667963712831714e+01 2.233404614649319697e+01 6.200102685437731617e-03
5.602400542019813301e+00 1.495028902419392658e+01 1.147652559954647344e+01 2.232386818568532405e+01 6.029267171913857762e-03
5.557767024677055190e+00 1.491329669245983958e+01 1.139639677343816437e+01 2.231369026915426446e+01 5.864939829203981089e-03
5.513250818690594635e+00 1.487633303430621901e+01 1.131629348915542543e+01 2.230351240563618731e+01 5.706801177669349780e-03
5.468852892998453008e+00 1.483939812818426418e+01 1.123621608137361783e+01 2.229333460279070067e+01 5.554552939215809219e-03
5.424574222863661532e+00 1.480249205205140761e+01 1.115616489102151654e+01 2.228315686741620283e+01 5.407915420543829912e-03
5.380415790444393664e+00 1.476561488379249809e+01 1.107614026463681256e+01 2.227297920562525846e+01 5.266626288717366801e-03
5.336378584540166337e+00 1.472876670113890896e+01 1.099614255500872950e+01 2.226280162236886540e+01 5.130434513729822260e-03
5.292463601104256732e+00 1.469194758172506887e+01 1.091617212128442915e+01 2.225262412274041424e+01 4.999105727747128400e-03
5.248671843048631658e+00 1.465515760339565965e+01 1.083622932936750338e+01 2.224244671080479918e+01 4.872424517223564525e-03
5.205004320561756437e+00 1.461839684355991587e+01 1.075631455231471811e+01 2.223226939008284120e+01 4.750177941919658114e-03
5.161462051094312997e+00 1.458166538009837154e+01 1.067642816987110344e+01 2.222209216432768741e+01 4.632163964475793407e-03
5.118046059459082642e+00 1.454496329065601223e+01 1.059657056976935507e+01 2.221191503595174055e+01 4.518196851623019865e-03
5.074757377951495840e+00 1.450829065295905096e+01 1.051674214703218802e+01 2.220173800782828266e+01 4.408102919229260098e-03
5.031597046284979058e+00 1.447164754489327265e+01 1.043694330468939313e+01 2.219156108227122459e+01 4.301715301416218599e-03
4.988566111775196710e+00 1.443503404434627413e+01 1.035717445398580772e+01 2.218138426114325412e+01 4.198873496237075405e-03
4.945665629093283222e+00 1.439845022936051677e+01 1.027743601458517908e+01 2.217120754633464585e+01 4.099422548471135831e-03
4.902896660734579193e+00 1.436189617811401398e+01 1.019772841476562597e+01 2.216103093940221669e+01 4.003219413405301012e-03
4.860260276705506755e+00 1.432537196892301168e+01 1.011805209201036426e+01 2.215085444177864815e+01 3.910156464310017219e-03
4.817757554245162943e+00 1.428887768025853511e+01 1.003840749286690404e+01 2.214067805476438977e+01 3.820069695775983425e-03
4.775389578803353352e+00 1.425241339075560099e+01 9.958795073535636533e+00 2.213050177946460906e+01 3.732843944674486217e-03
4.733157442995128861e+00 1.421597917925387122e+01 9.879215300101224173e+00 2.212032561697777666e+01 3.648373214650665625e-03
4.691062246718924911e+00 1.417957512469810233e+01 9.799668648705559093e+00 2.211014956822090838e+01 3.566539389069284249e-03
4.649105098021805382e+00 1.414320130628741445e+01 9.720155606051555708e+00 2.209997363401788562e+01 3.487244241634784685e-03
4.607287111833112903e+00 1.410685780335768236e+01 9.640676669482504124e+00 2.208979781519640895e+01 3.410384064945821969e-03
4.565609410560926840e+00 1.407054469543678898e+01 9.561232347546157584e+00 2.207962211236807804e+01 3.335866692339871029e-03
4.524073124273956914e+00 1.403426206225556783e+01 9.481823160152389462e+00 2.206944652619156955e+01 3.263590809551563179e-03
4.482679389873952758e+00 1.399800998372558603e+01 9.402449638946528410e+00 2.205927105722365766e+01 3.193482892538880569e-03
4.441429351748401366e+00 1.396178853996163660e+01 9.323112327887033146e+00 2.204909570594199408e+01 3.125454182785511719e-03
4.400324161468167183e+00 1.392559781128188412e+01 9.243811783170031049e+00 2.203892047280775301e+01 3.059429270394526876e-03
4.359364977352774062e+00 1.388943787820739750e+01 9.164548574227348254e+00 2.202874535822274282e+01 2.995333276959044437e-03
4.318552965029470947e+00 1.385330882146550735e+01 9.085323283509346481e+00 2.201857036255740852e+01 2.933094719830617661e-03
4.277889296928631069e+00 1.381721072199178657e+01 9.006136507298384331e+00 2.200839548615024555e+01 2.872637455801008849e-03
4.237375151981834343e+00 1.378114366093780419e+01 8.926988856133359462e+00 2.199822072930041728e+01 2.813903514064500146e-03
4.197011716163506101e+00 1.374510771965304023e+01 8.847880954892984207e+00 2.198804609229880569e+01 2.756830962307559203e-03
4.156800181827171592e+00 1.370910297971253655e+01 8.768813443892440773e+00 2.197787157539715963e+01 2.701363462716674466e-03
4.116741747510191729e+00 1.367312952289541350e+01 8.689786978600427148e+00 2.196769717882701300e+01 2.647437540306874209e-03
4.076837618422879395e+00 1.363718743119571641e+01 8.610802230801427370e+00 2.195752290281419050e+01 2.594996704969745795e-03
4.037089005635179362e+00 1.360127678682403563e+01 8.531859888785817247e+00 2.194734874754167819e+01 2.543990758011570492e-03
3.997497126115040711e+00 1.356539767220392534e+01 8.452960657788878507e+00 2.193717471319662948e+01 2.494369033681425023e-03
3.958063202955738102e+00 1.352955016997636228e+01 8.374105261093680141e+00 2.192700079994365225e+01 2.446083762407662114e-03
3.918788464540539973e+00 1.349373436299930873e+01 8.295294439743441828e+00 2.191682700792989280e+01 2.399088500497839095e-03
3.879674144841688488e+00 1.345795033434857935e+01 8.216528954160089881e+00 2.190665333729621977e+01 2.353341484582479725e-03
3.840721483292947269e+00 1.342219816731797088e+01 8.137809583892316567e+00 2.189647978816917018e+01 2.308803709928708599e-03
3.801931723945302544e+00 1.338647794541983949e+01 8.059137128732313471e+00 2.188630636066742596e+01 2.265439014328453089e-03
3.763306116109676136e+00 1.335078975238696231e+01 7.980512409591050016e+00 2.187613305490109283e+01 2.223210360701244250e-03
3.724845913744210257e+00 1.331513367216875210e+01 7.901936268423106924e+00 2.186595987097022942e+01 2.182070798052819071e-03
3.686552374762464890e+00 1.327950978893703216e+01 7.823409570220206888e+00 2.185578680897188875e+01 2.141971913065546674e-03
3.648426761795283912e+00 1.324391818708161495e+01 7.744933202352165758e+00 2.184561386899322954e+01 2.102895483159153336e-03
3.610470341255559212e+00 1.320835895121273573e+01 7.666508076528539384e+00 2.183544105111619871e+01 2.064799341642130359e-03
3.572684382853452245e+00 1.317283216616111474e+01 7.588135129225056730e+00 2.182526835541991161e+01 2.027662677121146433e-03
3.535070160239866865e+00 1.313733791697712405e+01 7.509815322160086737e+00 2.181509578197372434e+01 1.991456842537417393e-03
3.497628949933486719e+00 1.310187628893280554e+01 7.431549644372448249e+00 2.180492333084661283e+01 1.956140976743258632e-03
3.460362031047994336e+00 1.306644736752111413e+01 7.353339111533492733e+00 2.179475100210182958e+01 1.921689734258551175e-03
3.423270685708161842e+00 1.303105123845391944e+01 7.275184769541371388e+00 2.178457879579813294e+01 1.888081630723996689e-03
3.386356197873204188e+00 1.299568798766581956e+01 7.197087692678612036e+00 2.177440671199217803e+01 1.855291697452771116e-03
3.349619853366685440e+00 1.296035770131340570e+01 7.119048985077952807e+00 2.176423475073654146e+01 1.823289125529275849e-03
3.313062939935823792e+00 1.292506046577390322e+01 7.041069782770460250e+00 2.175406291208166465e+01 1.792047345144273359e-03
3.276686745996246319e+00 1.288979636764133296e+01 6.963151260647196139e+00 2.174389119607540621e+01 1.761549001097477635e-03
3.240492561075155820e+00 1.285456549373693846e+01 6.885294619541047823e+00 2.173371960276273285e+01 1.731768427885881090e-03
3.204481675365908888e+00 1.281936793110174655e+01 6.807501097093305198e+00 2.172354813218753478e+01 1.702678931325205761e-03
3.168655378417804425e+00 1.278420376699535765e+01 6.729771971709472389e+00 2.171337678439009977e+01 1.674259984398143936e-03
3.133014960133416071e+00 1.274907308889828705e+01 6.652108563649327344e+00 2.170320555940973861e+01 1.646500368020963924e-03
3.097561709545334718e+00 1.271397598451509303e+01 6.574512223200020600e+00 2.169303445728533575e+01 1.619394714531675276e-03
3.062296913918068686e+00 1.267891254177035165e+01 6.496984344162973990e+00 2.168286347805472758e+01 1.592918037368133135e-03
3.027221859610987220e+00 1.264388284880570446e+01 6.419526373950141362e+00 2.167269262174939826e+01 1.567032773547937831e-03
2.992337830665612763e+00 1.260888699398767088e+01 6.342139797279739533e+00 2.166252188840439530e+01 1.541708943037650714e-03
2.957646108136032126e+00 1.257392506590221615e+01 6.264826142607807569e+00 2.165235127805429727e+01 1.516943562557040862e-03
2.923147970719643940e+00 1.253899715335529308e+01 6.187586988624415696e+00 2.164218079073285494e+01 1.492756639970976634e-03
2.888844693224196458e+00 1.250410334537225410e+01 6.110423978386118726e+00 2.163201042646520023e+01 1.469094973605050529e-03
2.854737546198283127e+00 1.246924373120037544e+01 6.033338790711791688e+00 2.162184018528408913e+01 1.445954530144048181e-03
2.820827796204623095e+00 1.243441840030654966e+01 5.956333163589243362e+00 2.161167006721983341e+01 1.423322074961834568e-03
2.787116704201943573e+00 1.239962744237601733e+01 5.879408896591131750e+00 2.160150007230202718e+01 1.401182171176454903e-03
2.753605525576316548e+00 1.236487094731477399e+01 5.802567855886424653e+00 2.159133020055419294e+01 1.379515154525930458e-03
2.720295509912455056e+00 1.233014900524867485e+01 5.725811956048466378e+00 2.158116045200559441e+01 1.358311991950877842e-03
2.687187899335518715e+00 1.229546170652240988e+01 5.649143179837507134e+00 2.157099082668291601e+01 1.337563180686493491e-03
2.654283929048641522e+00 1.226080914169761193e+01 5.572563591402472483e+00 2.156082132461225243e+01 1.317257456564957996e-03
2.621584826403323909e+00 1.222619140155732964e+01 5.496075318687541511e+00 2.155065194581770527e+01 1.297373305242533826e-03
2.589091808661196925e+00 1.219160857710240542e+01 5.419680556783124104e+00 2.154048269032477592e+01 1.277903526354023456e-03
2.556806085591774025e+00 1.215706075955062815e+01 5.343381580161963740e+00 2.153031355815795322e+01 1.258839524186369536e-03
2.524728856934204124e+00 1.212254804033758937e+01 5.267180771953941409e+00 2.152014454934131749e+01 1.240176581052091593e-03
2.492861312335313606e+00 1.208807051111788766e+01 5.191080567717843763e+00 2.150997566389846583e+01 1.221892931682659654e-03
2.461204627152788760e+00 1.205362826376299701e+01 5.115083499907645326e+00 2.149980690185297760e+01 1.203983704535750536e-03
2.429759967312757674e+00 1.201922139035877990e+01 5.039192201121330150e+00 2.148963826322815152e+01 1.186436109470670724e-03
2.398528487493470251e+00 1.198484998321046824e+01 4.963409419933725530e+00 2.147946974804691678e+01 1.169241118571774695e-03
2.367511328936629411e+00 1.195051413483876956e+01 4.887737976108136095e+00 2.146930135633165193e+01 1.152392134668998088e-03
2.336709616448709781e+00 1.191621393797965567e+01 4.812180804233460840e+00 2.145913308810519737e+01 1.135883457604225854e-03
2.306124458370270691e+00 1.188194948558348329e+01 4.736740975742062432e+00 2.144896494339007731e+01 1.119705096309223319e-03
2.275756953388575976e+00 1.184772087081753256e+01 4.661421673095698104e+00 2.143879692220833277e+01 1.103847693974821650e-03
2.245608182173211453e+00 1.181352818706323049e+01 4.586226184133704642e+00 2.142862902458148966e+01 1.088302155496101648e-03
2.215679208056994476e+00 1.177937152791442799e+01 4.511157931031823942e+00 2.141846125053176664e+01 1.073060420006087881e-03
