1.024153606819340423e+00 1.065172986527289645e+00 1.138200035171042401e+00 1.096540329430435445e+00 1.067766720571146077e+00
1.047983838261733913e+00 1.129634236912789635e+00 1.273108748392559608e+00 1.191978368153064016e+00 1.134477507812071018e+00
1.071500125583137564e+00 1.193401825149120077e+00 1.404807246078037863e+00 1.286329764626835681e+00 1.200150681743783254e+00
1.094711465600456624e+00 1.256492936321255582e+00 1.533372142860616183e+00 1.379608681751536947e+00 1.264803625290521261e+00
1.117626404040995558e+00 1.318923869884581324e+00 1.658875982702618046e+00 1.471827888269045204e+00 1.328452724829312981e+00
1.140253117930485560e+00 1.380710107675746423e+00 1.781387523001690010e+00 1.562998894518308646e+00 1.391113421125042215e+00
1.162599406132566848e+00 1.441866348314165602e+00 1.900972245847545317e+00 1.653132038296551753e+00 1.452800235211166857e+00
1.184672697444983935e+00 1.502406534161853546e+00 2.017692621824220378e+00 1.742236560371954512e+00 1.513526773153466509e+00
1.206480092867628695e+00 1.562343869110125016e+00 2.131608331109942522e+00 1.830320674579943407e+00 1.573305743424279868e+00
1.228028388076860100e+00 1.621690838331216744e+00 2.242776464467619579e+00 1.917391626322113130e+00 1.632148981048200831e+00
1.249324088345795891e+00 1.680459228273975647e+00 2.351251743209916700e+00 2.003455718548542652e+00 1.690067463032802753e+00
1.270373418341974148e+00 1.738660139454894615e+00 2.457086709455987616e+00 2.088518385089715768e+00 1.747071336126786001e+00
1.291182336925260632e+00 1.796303993544342115e+00 2.560331860771028811e+00 2.172584228765937819e+00 1.803169942810049609e+00
1.311756553505849743e+00 1.853400535045798048e+00 2.661035761310306835e+00 2.255657044912708464e+00 1.858371844320793498e+00
1.332101540355685509e+00 1.909958828092464866e+00 2.759245159031034511e+00 2.337739843548257035e+00 1.912684855144795693e+00
1.352222543172252767e+00 1.965987248799115239e+00 2.855005101357007025e+00 2.418834868352468970e+00 1.966116069321126592e+00
1.372124590785132270e+00 2.021493470909097478e+00 2.948359020310524325e+00 2.498943607095055253e+00 2.018671884836277908e+00
1.391812502578775312e+00 2.076484445284389135e+00 3.039348862729792877e+00 2.578066809149045735e+00 2.070358036854879735e+00
1.411290898836622176e+00 2.130966371959243322e+00 3.128015118403290273e+00 2.656204495885610584e+00 2.121179626474153590e+00
1.430564202546872554e+00 2.184944663976159163e+00 3.214396920137859492e+00 2.733355964322425891e+00 2.171141152708956579e+00
1.449636649866228533e+00 2.238423902017157019e+00 3.298532087127882484e+00 2.809519788640262750e+00 2.220246546092733642e+00
1.468512282480985531e+00 2.291407776943621410e+00 3.380457191878652790e+00 2.884693818088269968e+00 2.268499199376945885e+00
1.487194967906383392e+00 2.343899025756184251e+00 3.460207623503411156e+00 2.958875171245000324e+00 2.315902000510090986e+00
1.505688384485132980e+00 2.395899350619532076e+00 3.537817638406124843e+00 3.032060230669222367e+00 2.362457364636673329e+00
1.523996031984282684e+00 2.447409318932022071e+00 3.613320410931974536e+00 3.104244633179636725e+00 2.408167267233325415e+00
1.542121230068969950e+00 2.498428251314322335e+00 3.686748068565432135e+00 3.175423257208662697e+00 2.453033276846338762e+00
1.560067100157262798e+00 2.548954088129853801e+00 3.758131732404938585e+00 3.245590208445308544e+00 2.497056588438533620e+00
1.577836578162742143e+00 2.598983233634730272e+00 3.827501552336494584e+00 3.314738800782614625e+00 2.540238056012996459e+00
1.595432379628578534e+00 2.648510374918327859e+00 3.894886735162704117e+00 3.382861536200265640e+00 2.582578224960270230e+00
1.612857009113470186e+00 2.697528269703364234e+00 3.960315577664516695e+00 3.449950081720384087e+00 2.624077364525354561e+00
1.630112722443776585e+00 2.746027505776844180e+00 4.023815488999709977e+00 3.515995243256833103e+00 2.664735499518315009e+00
1.647201524876521717e+00 2.793996311408539324e+00 4.085413015262778558e+00 3.580986937164655881e+00 2.704552441969424237e+00
1.664125117471374260e+00 2.841420042179996219e+00 4.145133852736624824e+00 3.644914158236133517e+00 2.743527822124998572e+00
1.680884870920676510e+00 2.888280942880822266e+00 4.203002862868334688e+00 3.707764944685340236e+00 2.781661119195891541e+00
1.697481775888376010e+00 2.934557789025905361e+00 4.259044082960016908e+00 3.769526340858583069e+00 2.818951690846254632e+00
1.713916392009240619e+00 2.980225542895269530e+00 4.313280734774843417e+00 3.830184356850186322e+00 2.855398802145227233e+00
1.730188768156817769e+00 3.025254655900607936e+00 4.365735225270805486e+00 3.889723925420920381e+00 2.891001652462219518e+00
1.746298351492649337e+00 3.069610591385736331e+00 4.416429147329127503e+00 3.948128857139548753e+00 2.925759407815114788e+00
1.762243878968627442e+00 3.113253410936485555e+00 4.465383276255420419e+00 4.005381791983142925e+00 2.959671215496501695e+00
1.778023245749038805e+00 3.156137214615112541e+00 4.512617561711538272e+00 4.061464150953518981e+00 2.992736248328644599e+00
1.793633326494493252e+00 3.198209545239364182e+00 4.558151113598845505e+00 4.116356086713980567e+00 3.024953706338557868e+00
1.809069772230731843e+00 3.239410865194077616e+00 4.602002186545082196e+00 4.170036435038311673e+00 3.056322864739909662e+00
1.824326775092542263e+00 3.279674124568440430e+00 4.644188159353201506e+00 4.222482668269338824e+00 3.086843068617312280e+00
1.839396761509790590e+00 3.318924416404099631e+00 4.684725508602387123e+00 4.273670853264365022e+00 3.116513778594029116e+00
1.854270015712896624e+00 3.357078771861063515e+00 4.723629784558493583e+00 4.323575617408709881e+00 3.145334567050630081e+00
1.868934240242730693e+00 3.394046155021589239e+00 4.760915570592939794e+00 4.372170125692415255e+00 3.173305154586625765e+00
1.883374078780893912e+00 3.429727732336786516e+00 4.796596448891132347e+00 4.419426076640552203e+00 3.200425410475717936e+00
1.897570481685259658e+00 3.464017459767042784e+00 4.830684949775082337e+00 4.465313713959254471e+00 3.226695380486027886e+00
1.911499969000966193e+00 3.496803040038735766e+00 4.863192504558571549e+00 4.509801869914853434e+00 3.252115288722232656e+00
1.925133792463153304e+00 3.527967295612246090e+00 4.894129390536572366e+00 4.552858054356699213e+00 3.276685558750788818e+00
1.938437085473718069e+00 3.557390156268274151e+00 4.923504936991544234e+00 4.594449667475603682e+00 3.300407363588903298e+00
2.344866520976504276e+00 4.139135353165756648e+00 5.533960459385014019e+00 5.168705941659163194e+00 3.653278764660792266e+00
2.745424543956563213e+00 4.699456694087956521e+00 6.127659043777408776e+00 5.727372450288438444e+00 3.997363469686606940e+00
3.139915532326027936e+00 5.237478983984894754e+00 6.704832419082372930e+00 6.270184918006847852e+00 4.332716020885484909e+00
3.527924130364899380e+00 5.752333439760199951e+00 7.265656721428817022e+00 6.796856937163034296e+00 4.659383992277626341e+00
3.908839524800156173e+00 6.243201756180658535e+00 7.810260054446638733e+00 7.307089539717603444e+00 4.977408819623978964e+00
4.281868725977455270e+00 6.709357016906105642e+00 8.338727566777839328e+00 7.800582049258097506e+00 5.286826492720598125e+00
4.646046792002075598e+00 7.150198732429172033e+00 8.851104903821774172e+00 8.277042856269117621e+00 5.587668170018229574e+00
5.000248130867485763e+00 7.565281422197970507e+00 9.347401294597220911e+00 8.736201294923425564e+00 5.879960684990151343e+00
5.343205129068268278e+00 7.954337380719973538e+00 9.827592498889348605e+00 9.177820147171376064e+00 6.163727109145045624e+00
5.673533594647217626e+00 8.317291988651595247e+00 1.029162295356298173e+01 9.601707281268986094e+00 6.438987323264735885e+00
5.989770634706178321e+00 8.654269124260936863e+00 1.073940788897833443e+01 1.000772750995989746e+01 6.705758451009504739e+00
6.290424732960433474e+00 8.965590176266854172e+00 1.117083635685423815e+01 1.039581349514078390e+01 6.964055380371122261e+00
6.574037469237010711e+00 9.251765254804825034e+00 1.158577495438142080e+01 1.076597462919920112e+01 7.213891216662558392e+00
6.839254335459660439e+00 9.513477743993654201e+00 1.198407264728126975e+01 1.111830326613845976e+01 7.455277752209110709e+00
7.084899203574992477e+00 9.751563951998992508e+00 1.236556717030202890e+01 1.145297802242233232e+01 7.688225958754453693e+00
7.310045485610153548e+00 9.966989054350928967e+00 1.273009350545039808e+01 1.177026348100479503e+01 7.912746429803305226e+00
7.514075896689695888e+00 1.016082099430664165e+01 1.307749474399680523e+01 1.207050668210054845e+01 8.128849844972448224e+00
7.696723360014600779e+00 1.033420383532333098e+01 1.340763541566007966e+01 1.235413040480538527e+01 8.336547432103854405e+00
7.858087759500532954e+00 1.048833181292723182e+01 1.372041731576338641e+01 1.262162410794910095e+01 8.535851410381708249e+00
7.998626597093615231e+00 1.062442515988679048e+01 1.401579701125385924e+01 1.287353319416249775e+01 8.726775429430613684e+00
8.119121410585137255e+00 1.074370843969681211e+01 1.429380372341427829e+01 1.311044737159591200e+01 8.909334991964261263e+00
8.220625093088621327e+00 1.084739185105835624e+01 1.455455581131913867e+01 1.333298891724278334e+01 9.083547887856736835e+00
8.304397312098071637e+00 1.093665572152602117e+01 1.479827333955533319e+01 1.354180142173269097e+01 9.249434626009437110e+00
8.371835744139568547e+00 1.101263817725822491e+01 1.502528436717166471e+01 1.373753946708619011e+01 9.407018871065556453e+00
8.424409981402508407e+00 1.107642584527864571e+01 1.523602448081354588e+01 1.392085957521204875e+01 9.556327911710903678e+00
8.463603205556978537e+00 1.112904729484136013e+01 1.543102846076727097e+01 1.409241247721145918e+01 9.697393155395134912e+00
8.490864631375792726e+00 1.117146888447901354e+01 1.561091556075398046e+01 1.425283679784233293e+01 9.830250648852135953e+00
8.507573782811306273e+00 1.120459264959217904e+01 1.577637057026835166e+01 1.440275406379563528e+01 9.954941709233549929e+00
8.515016155950775101e+00 1.122925585889565170e+01 1.592812314725268585e+01 1.454276488364977737e+01 1.007151363797437504e+01
8.514368885232162398e+00 1.124623190244941995e+01 1.606692751410374953e+01 1.467344623678374482e+01 1.018002050559114124e+01
8.506694522624071553e+00 1.125623220598329688e+01 1.619354443525882559e+01 1.479534960321544546e+01 1.028052416098922706e+01
8.492940976097816730e+00 1.125990878893205860e+01 1.630872624753018840e+01 1.490899990236630046e+01 1.037309545817808853e+01
8.473945774405549969e+00 1.125785730814863683e+01 1.641320431427120496e+01 1.501489355647508539e+01 1.045781493621332991e+01
8.424913631747831033e+00 1.119997430877705646e+01 1.636236104844835637e+01 1.499809045023951448e+01 1.043991731004822476e+01
8.375564271773786373e+00 1.114175730984690382e+01 1.631068277770618025e+01 1.498061564018361302e+01 1.042129386423130377e+01
8.325955843134719814e+00 1.108325321706079869e+01 1.625823566743500592e+01 1.496251204349032271e+01 1.040195756938202720e+01
8.276136615692953669e+00 1.102450311581580422e+01 1.620507917504171047e+01 1.494381895532758264e+01 1.038192290304895771e+01
8.226148147968526558e+00 1.096554422081160851e+01 1.615126893698790767e+01 1.492457325614161867e+01 1.036120672973251011e+01
8.176026172586793095e+00 1.090641024603941212e+01 1.609685686357548207e+01 1.490480959626421331e+01 1.033982868460960880e+01
8.125801433773247595e+00 1.084713174396887148e+01 1.604189112557074637e+01 1.488456032151066388e+01 1.031781160262514874e+01
8.075500284647107563e+00 1.078773637492971460e+01 1.598641646492921886e+01 1.486385572120734722e+01 1.029518193115450408e+01
8.025145320834218055e+00 1.072824919063539717e+01 1.593047437707436131e+01 1.484272416343664780e+01 1.027197006817701741e+01
7.974755993546439825e+00 1.066869281661501034e+01 1.587410329647374674e+01 1.482119218568219132e+01 1.024821056953405396e+01
7.924348994357804266e+00 1.060908774724932790e+01 1.581733878668357107e+01 1.479928459353218173e+01 1.022394208998594500e+01
7.873938651244645648e+00 1.054945259498374632e+01 1.576021376596361101e+01 1.477702455720728736e+01 1.019920701868299773e+01
7.823537299064420303e+00 1.048980422741669472e+01 1.570275872825820507e+01 1.475443373348793585e+01 1.017405072232921803e+01
7.773155579007646310e+00 1.043015791954318772e+01 1.564500192235517950e+01 1.473153237402214266e+01 1.014852042202313775e+01
7.722802691703851252e+00 1.037052753217658108e+01 1.558696951155946842e+01 1.470833941926453647e+01 1.012266379361787649e+01
7.672486603389754301e+00 1.031092565406089001e+01 1.552868573637866767e+01 1.468487258066133272e+01 1.009652747563260711e+01
7.622214215703851714e+00 1.025136374806098694e+01 1.547017307459509716e+01 1.466114841745142705e+01 1.007015570877614685e+01
7.571991526780126769e+00 1.019185223397634488e+01 1.541145237640457921e+01 1.463718240924712077e+01 1.004358925294432225e+01
7.521823774056544565e+00 1.013240063741199215e+01 1.535254301870999960e+01 1.461298903747330158e+01 1.001686470004202789e+01
7.471715547072734331e+00 1.007301764867061245e+01 1.529346299015540467e+01 1.458858185537649099e+01 9.990014177182514388e+00
7.421670879213854377e+00 1.001371118451415398e+01 1.523422907295212703e+01 1.456397354926269117e+01 9.963065381084467376e+00
7.371693326583714345e+00 9.954488507517105234e+00 1.517485684255754741e+01 1.453917600590835590e+01 9.936041848528097020e+00
7.321786037560177540e+00 9.895356250027543155e+00 1.511536080000186288e+01 1.451420036218143217e+01 9.908963365470849993e+00
7.271951812795585113e+00 9.836320501187017840e+00 1.505575446407909723e+01 1.448905705326941984e+01 9.881846435936262552e+00
7.222193155969816480e+00 9.777386861948446750e+00 1.499605045274026160e+01 1.446375587746113922e+01 9.854704754443268655e+00
7.172512316256935527e+00 9.718560490226428428e+00 1.493626055464850388e+01 1.443830600388679741e+01 9.827549649302408596e+00
7.122911324262073407e+00 9.659846137084089790e+00 1.487639579052218153e+01 1.441271605896202601e+01 9.800390478697408980e+00
7.073392022963020054e+00 9.601248201194307441e+00 1.481646646207124185e+01 1.438699412190703519e+01 9.773234969507653247e+00
7.023956094616568890e+00 9.542770742139650153e+00 1.475648221101858937e+01 1.436114779405635389e+01 9.746089506148592818e+00
6.974605083881675327e+00 9.484417522427111891e+00 1.469645207154147748e+01 1.433518421240060192e+01 9.718959373324565831e+00
6.925340417273617710e+00 9.426192038212086288e+00 1.463638451614690439e+01 1.430911009200045747e+01 9.691848953189142080e+00
6.876163419925620524e+00 9.368097538498908250e+00 1.457628749696933212e+01 1.428293175176938945e+01 9.664761887922534100e+00
6.827075329160199324e+00 9.310137050487028887e+00 1.451616848411489968e+01 1.425665513354017122e+01 9.637701213686483470e+00
6.778077308684621549e+00 9.252313405065578422e+00 1.445603449851966893e+01 1.423028584299010824e+01 9.610669468137368554e+00
6.729170455786277039e+00 9.194629246416788249e+00 1.439589214459213373e+01 1.420382915040328520e+01 9.583668778521031939e+00
6.680355820379822340e+00 9.137087053554223459e+00 1.433574764069114771e+01 1.417729003306012459e+01 9.556700933923387709e+00
6.631634398972863664e+00 9.079689155682769908e+00 1.427560684765371946e+01 1.415067317743029740e+01 9.529767443304471897e+00
6.583007155454621007e+00 9.022437741743734918e+00 1.421547529563340539e+01 1.412398301082645347e+01 9.502869583044107671e+00
6.534475015013667232e+00 8.965334876146361154e+00 1.415535820093888475e+01 1.409722371035354271e+01 9.476008435859819556e+00
6.486038875556587868e+00 8.908382509191197229e+00 1.409526050034273403e+01 1.407039922201049187e+01 9.449184923646088308e+00
6.437699611935328470e+00 8.851582485309826609e+00 1.403518684907746206e+01 1.404351327729069610e+01 9.422399834240486882e+00
6.389458077951461590e+00 8.794936554279431107e+00 1.397514166366257626e+01 1.401656940030984444e+01 9.395653843495010094e+00
6.341315112595053982e+00 8.738446378188870156e+00 1.391512911506216277e+01 1.398957093026362308e+01 9.368947530180442129e+00
6.293271541585372830e+00 8.682113538062145253e+00 1.385515316281699150e+01 1.396252102249216698e+01 9.342281391706295679e+00
6.245328180067545532e+00 8.625939542260713466e+00 1.379521755766186253e+01 1.393542266909477156e+01 9.315655857515542593e+00
6.197485836391562586e+00 8.569925831190301935e+00 1.373532586247996790e+01 1.390827870188169690e+01 9.289071299531185488e+00
6.149745311481233045e+00 8.514073782885292374e+00 1.367548146133909093e+01 1.388109180690116773e+01 9.262528040597235446e+00
6.102107403226524340e+00 8.458384719061303514e+00 1.361568757012740427e+01 1.385386453128650075e+01 9.236026361450655031e+00
6.054572906210312411e+00 8.402859908396266064e+00 1.355594725158486469e+01 1.382659929069172122e+01 9.209566506587417933e+00
6.007142614150283499e+00 8.347500569603470311e+00 1.349626341735857693e+01 1.379929838085144667e+01 9.183148688938262083e+00
5.959817321242065091e+00 8.292307880462901792e+00 1.343663884612761095e+01 1.377196397942860706e+01 9.156773095627217529e+00
5.912597822721610719e+00 8.237282972841848405e+00 1.337707618330376214e+01 1.374459815840852173e+01 9.130439889109277729e+00
5.865484916684974515e+00 8.182426945227403436e+00 1.331757795627584784e+01 1.371720288542516997e+01 9.104149215480950019e+00
5.818479404276359013e+00 8.127740860880603435e+00 1.325814657645194039e+01 1.368978003369159424e+01 9.077901200279603344e+00
5.771582090853976332e+00 8.073225745360394612e+00 1.319878434969641745e+01 1.366233138484682286e+01 9.051695957035004625e+00
5.724793786804384332e+00 8.018882602866442610e+00 1.313949348101512271e+01 1.363485863537726495e+01 9.025533583867298759e+00
5.678115307855446936e+00 7.964712398879807864e+00 1.308027608017467891e+01 1.360736340180182147e+01 8.999414168097976230e+00
5.631547476137337860e+00 7.910716081566306457e+00 1.302113416947039681e+01 1.357984722350490436e+01 8.973337786955537965e+00
5.585091120412061017e+00 7.856894568831939374e+00 1.296206968526277947e+01 1.355231156970335782e+01 8.947304508489350994e+00
5.538747076533762304e+00 7.803248758054674106e+00 1.290308448695638788e+01 1.352475784038635886e+01 8.921314393625342731e+00
5.492516188435184077e+00 7.749779525317724627e+00 1.284418035751276044e+01 1.349718737282684700e+01 8.895367496196067592e+00
5.446399308302976472e+00 7.696487725900480470e+00 1.278535901108528527e+01 1.346960144289074712e+01 8.869463864531196506e+00
5.400397296210066145e+00 7.643374198388011465e+00 1.272662209440359149e+01 1.344200126983652410e+01 8.843603541534086787e+00
5.354511022732586945e+00 7.590439761754582015e+00 1.266797119219240919e+01 1.341438801871681896e+01 8.817786565335110183e+00
5.308741366122212924e+00 7.537685221585030959e+00 1.260940782988209108e+01 1.338676280169908139e+01 8.792012970199513333e+00
5.263089215385580388e+00 7.485111365431892594e+00 1.255093347501234646e+01 1.335912668487434729e+01 8.766282786325874099e+00
5.217555469604665319e+00 7.432718968372171275e+00 1.249254954490993796e+01 1.333148068892634441e+01 8.740596040893031216e+00
5.172141036951496851e+00 7.380508791291085835e+00 1.243425740757664144e+01 1.330382578553091477e+01 8.714952757996154986e+00
5.126846837398865375e+00 7.328481581310456683e+00 1.237605837722014357e+01 1.327616291410248195e+01 8.689352959237838903e+00
5.081673800919086048e+00 7.276638074777418197e+00 1.231795373353942402e+01 1.324849297051819264e+01 8.663796663915125151e+00
5.036622868759053517e+00 7.224978994799761800e+00 1.225994470848908158e+01 1.322081680990176977e+01 8.638283888889148443e+00
4.991694993559557147e+00 7.173505054911168521e+00 1.220203248996009293e+01 1.319313526165592698e+01 8.612814649688617763e+00
4.946891139291044404e+00 7.122216956946291866e+00 1.214421823813915147e+01 1.316544911287344988e+01 8.587388960111479008e+00
4.902212281937837091e+00 7.071115393553135675e+00 1.208650306663964180e+01 1.313775912211404240e+01 8.562006831702294818e+00
4.857659409275070672e+00 7.020201047458547450e+00 1.202888805924029114e+01 1.311006602068435889e+01 8.536668276128766664e+00
4.813233521391254044e+00 6.969474592010882930e+00 1.197137426946529715e+01 1.308237050451830363e+01 8.511373302566521915e+00
4.768935630855234642e+00 6.918936692309799241e+00 1.191396271300394005e+01 1.305467324798983597e+01 8.486121919480051901e+00
4.724766762531478648e+00 6.868588004065947494e+00 1.185665438222531520e+01 1.302697489788210561e+01 8.460914135035663364e+00
4.680727954417290171e+00 6.818429175739130876e+00 1.179945023958607031e+01 1.299927607441268584e+01 8.435749955062783911e+00
4.636820257216461627e+00 6.768460846870666181e+00 1.174235121926236047e+01 1.297157737744560890e+01 8.410629385777784961e+00
4.593044734813617858e+00 6.718683649989279694e+00 1.168535823344313584e+01 1.294387938276348571e+01 8.385552432187269645e+00
4.549402464490765574e+00 6.669098209781883391e+00 1.162847216810340889e+01 1.291618264470453070e+01 8.360519098407603877e+00
4.505894536837961262e+00 6.619705143525099089e+00 1.157169388687233536e+01 1.288848769973976438e+01 8.335529388262525430e+00
4.462522056236303492e+00 6.570505061646128020e+00 1.151502423391434782e+01 1.286079506178320919e+01 8.310583304820610806e+00
4.419286140783570183e+00 6.521498567157535398e+00 1.145846402853682555e+01 1.283310522874283421e+01 8.285680850754333804e+00
4.376187922554301224e+00 6.472686256677962824e+00 1.140201407430797076e+01 1.280541868135256145e+01 8.260822028297805986e+00
4.333228547784909956e+00 6.424068719585156018e+00 1.134567515526303616e+01 1.277773588071388389e+01 8.236006839133610313e+00
4.290409176853274609e+00 6.375646539041507133e+00 1.128944803503227234e+01 1.275005727506291286e+01 8.211235284797082201e+00
4.247730984680737620e+00 6.327420291417062082e+00 1.123333346340857197e+01 1.272238329625978004e+01 8.186507366316556400e+00
4.205195160628190543e+00 6.279390546584789234e+00 1.117733217240822086e+01 1.269471436054142721e+01 8.161823084391608418e+00
4.162802908731585205e+00 6.231557868154384394e+00 1.112144487795828951e+01 1.266705087207329683e+01 8.137182439596491790e+00
4.120555447908722080e+00 6.183922813083760239e+00 1.106567228286117555e+01 1.263939322048615921e+01 8.112585431977445083e+00
4.078454011835848547e+00 6.136485932291054546e+00 1.101001507415145575e+01 1.261174178293170023e+01 8.088032061533064976e+00
4.036499849389859840e+00 6.089247770056745779e+00 1.095447392633497330e+01 1.258409692533242819e+01 8.063522327964784964e+00
3.994694224499719226e+00 6.042208864622424791e+00 1.089904950143067808e+01 1.255645900039954377e+01 8.039056230713075735e+00
3.953038416339588412e+00 5.995369747638144453e+00 1.084374244765120032e+01 1.252882835126713701e+01 8.014633769090549364e+00
3.911533719533038855e+00 5.948730944539792453e+00 1.078855340319426581e+01 1.250120531020044545e+01 7.990254942192792420e+00
3.870181443980806879e+00 5.902292974747170184e+00 1.073348299442683285e+01 1.247359019823197812e+01 7.965919748967875691e+00
3.828982915296656131e+00 5.856056351284680161e+00 1.067853183623313029e+01 1.244598332811147756e+01 7.941628188227328522e+00
3.787939474605255263e+00 5.810021579879006026e+00 1.062370053461526886e+01 1.241838500261298961e+01 7.917380258601132148e+00
3.747052478690334532e+00 5.764189161314185128e+00 1.056898968473433698e+01 1.239079551521414047e+01 7.893175958647905333e+00
3.706323300223422823e+00 5.718559589784848463e+00 1.051439987253965036e+01 1.236321515179463759e+01 7.869015286777673701e+00
3.665753327438127762e+00 5.673133351894788845e+00 1.045993167566164495e+01 1.233564418918030547e+01 7.844898241273432937e+00
3.625343964661879692e+00 5.627910928299835192e+00 1.040558566188679812e+01 1.230808289672042655e+01 7.820824820361994334e+00
3.585096631981028015e+00 5.582892793812534116e+00 1.035136239187442619e+01 1.228053153655979557e+01 7.796795022117992247e+00
3.545012765336557514e+00 5.538079416225922813e+00 1.029726241810085874e+01 1.225299036278474141e+01 7.772808844563592778e+00
3.505093816799267792e+00 5.493471255398227449e+00 1.024328628487391946e+01 1.222545962341644987e+01 7.748866285630355399e+00
3.465341254050109843e+00 5.449068766053679624e+00 1.018943453009704569e+01 1.219793955959404386e+01 7.724967343152827404e+00
3.425756561011551682e+00 5.404872395637113414e+00 1.013570768425479862e+01 1.217043040565364720e+01 7.701112014913897852e+00
3.386341237365034562e+00 5.360882584167239173e+00 1.008210627102131873e+01 1.214293239049792739e+01 7.677300298615721275e+00
3.347096798567259501e+00 5.317099764883693069e+00 1.002863080822775643e+01 1.211544573675591074e+01 7.653532191898153592e+00
3.308024776188188465e+00 5.273524364232121009e+00 9.975281806873518065e+00 1.208797066136018472e+01 7.629807692348878234e+00
3.269126717133808757e+00 5.230156801337526140e+00 9.922059772491300222e+00 1.206050737625946923e+01 7.606126797482613888e+00
3.230404184415341273e+00 5.186997487745763635e+00 9.868965205025286735e+00 1.203305608764707912e+01 7.582489504777801592e+00
3.191858756472442771e+00 5.144046828118108650e+00 9.815998598388905094e+00 1.200561699709936114e+01 7.558895811655374608e+00
3.153492027077098303e+00 5.101305219588445183e+00 9.763160441885561980e+00 1.197819030143096342e+01 7.535345715480416651e+00
3.115305605762511920e+00 5.058773051515447428e+00 9.710451219527810096e+00 1.195077619240863065e+01 7.511839213586247510e+00
3.077301116731729902e+00 5.016450705754006201e+00 9.657871410240804977e+00 1.192337485784372575e+01 7.488376303249035359e+00
3.039480199753322509e+00 4.974338556597709626e+00 9.605421488721285428e+00 1.189598648109683410e+01 7.464956981709110373e+00
3.001844509068239741e+00 4.932436970414472377e+00 9.553101924806684409e+00 1.186861124123685229e+01 7.441581246168132324e+00
2.964395713177463421e+00 4.890746305253676596e+00 9.500913184095940878e+00 1.184124931373163925e+01 7.418249093781219550e+00
2.927135496088064670e+00 4.849266911623024257e+00 9.448855728215496796e+00 1.181390086998309918e+01 7.394960521674027731e+00
2.890065556183341045e+00 4.807999131748671218e+00 9.396930014314310853e+00 1.178656607778613541e+01 7.371715526932071327e+00
2.853187603831546237e+00 4.766943299342486284e+00 9.345136496076216659e+00 1.175924510160284875e+01 7.348514106605081864e+00
2.816503363711782004e+00 4.726099739832074320e+00 9.293475623310317957e+00 1.173193810215239097e+01 7.325356257712994257e+00
2.780014576027395101e+00 4.685468770283272022e+00 9.241947841959378351e+00 1.170464523721256000e+01 7.302241977236066717e+00
2.743722993883503047e+00 4.645050699071557432e+00 9.190553594799707682e+00 1.167736666135071744e+01 7.279171262127997366e+00
2.707630377707746394e+00 4.604845825678247628e+00 9.139293321011370708e+00 1.165010252590256101e+01 7.256144109308941381e+00
2.671738504752093402e+00 4.564854440960106174e+00 9.088167456448729808e+00 1.162285297956035102e+01 7.233160515664409651e+00
2.636049164958448543e+00 4.525076826758645865e+00 9.037176433996622293e+00 1.159561816807622847e+01 7.210220478053944504e+00
2.600564159544724863e+00 4.485513255788358578e+00 8.986320683171660662e+00 1.156839823442705928e+01 7.187323993299851388e+00
2.565285292422668117e+00 4.446163991603850896e+00 8.935600630693560475e+00 1.154119331916427171e+01 7.164471058197044329e+00
2.530214387414691846e+00 4.407029288494210384e+00 8.885016700387433630e+00 1.151400356014274529e+01 7.141661669514261845e+00
2.495353275532623538e+00 4.368109391311896239e+00 8.834569313035004257e+00 1.148682909287856191e+01 7.118895823991700844e+00
2.460703796619163164e+00 4.329404535314983704e+00 8.784258886924929399e+00 1.145967005060573385e+01 7.096173518323617202e+00
2.426267793088173974e+00 4.290914946192650348e+00 8.734085837479614867e+00 1.143252656394858136e+01 7.073494749186943764e+00
2.392047123192047930e+00 4.252640839847271259e+00 8.684050577385367120e+00 1.140539876177597733e+01 7.050859513235308462e+00
2.358043650201619990e+00 4.214582422273300821e+00 8.634153517165833236e+00 1.137828677083668794e+01 7.028267807092118069e+00
2.324259242264293146e+00 4.176739889477659951e+00 8.584395064885171678e+00 1.135119071597667073e+01 7.005719627325913024e+00
2.290695769302930174e+00 4.139113427367525411e+00 8.534775625916671160e+00 1.132411071905388411e+01 6.983214970493845541e+00
2.257355112829797505e+00 4.101703211618737299e+00 8.485295602695323680e+00 1.129704690128922984e+01 6.960753833128882739e+00
2.224239156534477235e+00 4.064509407589457446e+00 8.435955396601372058e+00 1.126999938190930273e+01 6.938336211730364411e+00
2.191349783695930586e+00 4.027532170154447755e+00 8.386755406484102338e+00 1.124296827850100478e+01 6.915962102745683460e+00
2.158688878375662590e+00 3.990771643627244902e+00 8.337696028730150033e+00 1.121595370571490058e+01 6.893631502606141659e+00
2.126258331413767078e+00 3.954227961712581951e+00 8.288777656231252067e+00 1.118895577768080329e+01 6.871344407714516933e+00
2.094060032159184015e+00 3.917901247307842283e+00 8.240000681847172714e+00 1.116197460712210443e+01 6.849100814438178197e+00
2.062095862640695110e+00 3.881791612381392476e+00 8.191365495717523260e+00 1.113501030514945356e+01 6.826900719100909676e+00
2.030367705610100604e+00 3.845899157936800261e+00 8.142872485839051322e+00 1.110806298058955655e+01 6.804744118000932041e+00
1.998877443785189278e+00 3.810223974012070691e+00 8.094522036690671385e+00 1.108113274122807290e+01 6.782631007403641554e+00
1.967626954211408430e+00 3.774766139274098098e+00 8.046314532714966106e+00 1.105421969398999593e+01 6.760561383538439273e+00
1.936618098354512929e+00 3.739525721127970659e+00 7.998250355735633477e+00 1.102732394425861173e+01 6.738535242594813290e+00
1.905852739321536538e+00 3.704502775710611928e+00 7.950329885637891003e+00 1.100044559580900660e+01 6.716552580730323463e+00
1.875332730914223589e+00 3.669697347612012273e+00 7.902553499305262186e+00 1.097358475112599052e+01 6.694613394066713852e+00
