1.556175952347187597e+01 1.546149838559724898e+01 1.545668859147035512e+01 1.541740235871061948e+01 1.545686628610681268e+01
1.562781365827946800e+01 1.542911565378213368e+01 1.542519686970703496e+01 1.534316545444200486e+01 1.542075976620874478e+01
1.569811022148804192e+01 1.540282051579823097e+01 1.540534515783906500e+01 1.527719418262049622e+01 1.539161441298642785e+01
1.577259789047552374e+01 1.538258444631057920e+01 1.539695170355352438e+01 1.521940850002431134e+01 1.536936798889732003e+01
1.585122610165714363e+01 1.536838139489760025e+01 1.539983272892142807e+01 1.516973973296994416e+01 1.535396168286107610e+01
1.593394510036794465e+01 1.536018734478134640e+01 1.541380229387521439e+01 1.512812801462111345e+01 1.534533982814019559e+01
1.602070589948020896e+01 1.535797999954130866e+01 1.543867214335889493e+01 1.509452035626343935e+01 1.534344960940409131e+01
1.611146021362704062e+01 1.536173855329911042e+01 1.547425156422948866e+01 1.506886935679378503e+01 1.534824075878844063e+01
1.620616042420157754e+01 1.537144345289764580e+01 1.552034724134151311e+01 1.505113215409833671e+01 1.535966532385846328e+01
1.630475954681548600e+01 1.538707623792391210e+01 1.557676310249024354e+01 1.504126961314399402e+01 1.537767747751335001e+01
1.640721118588570704e+01 1.540861939700390870e+01 1.564330015664731555e+01 1.503924574303710138e+01 1.540223334177290582e+01
1.651346948621608846e+01 1.543605623556178763e+01 1.571975631670750317e+01 1.504502720302913410e+01 1.543329082337412750e+01
1.662348908563557259e+01 1.546937077327894805e+01 1.580592622072027176e+01 1.505858288342130713e+01 1.547080946565268889e+01
1.673722506595933623e+01 1.550854765834745308e+01 1.590160103841771999e+01 1.507988358432850262e+01 1.551475031517862746e+01
1.685463289143293153e+01 1.555357206875576814e+01 1.600656826878648076e+01 1.510890174776990413e+01 1.556507580556108472e+01
1.697566837224100311e+01 1.560442962558295044e+01 1.612061154014663700e+01 1.514561122672055582e+01 1.562174964710537139e+01
1.710028759008419641e+01 1.566110632627119870e+01 1.624351037946980725e+01 1.518998708191926994e+01 1.568473672490098991e+01
1.722844683123173581e+01 1.572358847731393539e+01 1.637503998653831516e+01 1.524200540548905103e+01 1.575400300595374325e+01
1.736010253304739592e+01 1.579186263690334080e+01 1.651497099158515525e+01 1.530164316839807448e+01 1.582951545173338559e+01
1.749521116356900663e+01 1.586591553792572284e+01 1.666306920679039649e+01 1.536887807487423352e+01 1.591124193565551259e+01
1.763372916355836395e+01 1.594573401846345817e+01 1.681909536669028071e+01 1.544368842482034232e+01 1.599915116434675255e+01
1.777561284701587496e+01 1.603130494527262684e+01 1.698280486112443910e+01 1.552605299176273768e+01 1.609321260161499012e+01
1.792081830291135347e+01 1.612261513900483578e+01 1.715394746070725063e+01 1.561595089792635704e+01 1.619339639366218009e+01
1.806930127403463260e+01 1.621965129128312455e+01 1.733226703430190341e+01 1.571336148917506570e+01 1.629967329529063136e+01
1.822101702210386165e+01 1.632239987115339375e+01 1.751750125979721773e+01 1.581826419771956083e+01 1.641201459723465561e+01
1.837592019604535309e+01 1.643084703490882958e+01 1.770938132958218603e+01 1.593063840886695637e+01 1.653039204778630022e+01
1.853396465136120241e+01 1.654497847566162250e+01 1.790763165136903723e+01 1.605046331227731926e+01 1.665477777394101722e+01
1.869510327163798280e+01 1.666477934892286328e+01 1.811196954417270177e+01 1.617771774088952341e+01 1.678514419693420834e+01
1.885928776614920466e+01 1.679023405150266512e+01 1.832210493304642185e+01 1.631237998868933303e+01 1.692146394097190054e+01
1.902646844039523444e+01 1.692132609891187300e+01 1.853774004166696798e+01 1.645442760482409383e+01 1.706370973288956705e+01
1.919659391429727791e+01 1.705803791421088178e+01 1.875856908486407093e+01 1.660383715925369685e+01 1.721185428999882561e+01
1.936961081703138987e+01 1.720035053484525633e+01 1.898427796278040347e+01 1.676058397143713918e+01 1.736587019274542598e+01
1.954546347169740983e+01 1.734824346900163050e+01 1.921454395761448097e+01 1.692464179407879854e+01 1.752572973477125728e+01
1.972409346465820690e+01 1.750169420962800615e+01 1.944903543587862060e+01 1.709598244228337904e+01 1.769140475913314958e+01
1.990543918951836844e+01 1.766067798623067375e+01 1.968741155760804062e+01 1.727457535596171212e+01 1.786286644976160787e+01
2.008943533528017511e+01 1.782516728386737270e+01 1.992932199452875253e+01 1.746038707878622631e+01 1.804008509127527304e+01
2.027601229739981648e+01 1.799513117262949535e+01 2.017440665985348502e+01 1.765338064181598199e+01 1.822302977688616110e+01
2.046509542509341983e+01 1.817053506177612832e+01 2.042229545302461702e+01 1.785351482207230589e+01 1.841166805229762105e+01
2.065660420538072373e+01 1.835133948013800875e+01 2.067260801938930470e+01 1.806074324339276416e+01 1.860596547765408815e+01
2.085045139835304084e+01 1.853749937165649797e+01 2.092495353265795544e+01 1.827501329753661352e+01 1.880588508408787618e+01
2.104654183183929916e+01 1.872896296871582678e+01 2.117893050179214143e+01 1.849626483823591627e+01 1.901138669400513947e+01
2.124477110048911754e+01 1.892567054242079649e+01 2.143412660406759684e+01 1.872442857778328218e+01 1.922242605014044159e+01
2.144502407226377017e+01 1.912755275586593484e+01 2.169011855089241436e+01 1.895942412855083603e+01 1.943895374622595185e+01
2.164717318142830038e+01 1.933452866169713857e+01 2.194647199103641100e+01 1.920115759441846492e+01 1.966091382915920249e+01
2.185107613898792067e+01 1.954650326143893935e+01 2.220274145516966158e+01 1.944951859115070647e+01 1.988824199181016539e+01
2.205657344848616219e+01 1.976336443617374883e+01 2.245847034251979224e+01 1.970437654890186963e+01 2.012086324280031491e+01
2.226348574452934415e+01 1.998497932140216093e+01 2.271319097410620813e+01 1.996557617025471032e+01 2.035868885545668050e+01
2.247161003174307226e+01 2.021118948194422416e+01 2.296642469514383222e+01 2.023293161837709420e+01 2.060161235508948607e+01
2.268071556831132796e+01 2.044180512052147236e+01 2.321768204808992309e+01 2.050621932245255863e+01 2.084950469795392891e+01
2.289053911632066729e+01 2.067659739184339429e+01 2.346646302004230833e+01 2.078516889115355326e+01 2.110220608157822042e+01
2.310078011897838834e+01 2.091528851262208732e+01 2.371225732408879239e+01 2.106945202543579754e+01 2.135951730959149231e+01
2.333857428982336657e+01 2.119851788551508776e+01 2.397861458115332667e+01 2.139793040161180571e+01 2.165649672627566602e+01
2.362991968618640115e+01 2.156593234740783771e+01 2.428696348813480910e+01 2.180846442854953793e+01 2.202755793982840160e+01
2.397259735665457114e+01 2.201539616921680675e+01 2.463356213527366734e+01 2.229883451335284406e+01 2.247126897378109689e+01
2.436410491291972846e+01 2.254423594853369295e+01 2.501461505368240879e+01 2.286626540289189080e+01 2.298579129352367900e+01
2.480159087095515602e+01 2.314908151674805836e+01 2.542627470625084740e+01 2.350727126994754812e+01 2.356872491117676915e+01
2.528178173723580358e+01 2.382566343689665089e+01 2.586464510646119663e+01 2.421746101838078502e+01 2.421690403152580018e+01
2.580090470846470296e+01 2.456855869063485898e+01 2.632578593432689473e+01 2.499128910569262274e+01 2.492613344027387612e+01
2.635459722043676578e+01 2.537088339771052148e+01 2.680571841131691713e+01 2.582176595078915682e+01 2.569085852013963134e+01
2.693783034572438595e+01 2.622394394447802313e+01 2.730043289710695831e+01 2.670012492877938470e+01 2.650377538541748379e+01
2.754483239298345509e+01 2.711688213979876139e+01 2.780589811479984874e+01 2.761547588413335674e+01 2.735541185687576871e+01
2.816903997067682752e+01 2.803638730405644353e+01 2.831807257607922068e+01 2.855450579189572480e+01 2.823374887019668122e+01
2.880308991543969199e+01 2.896659420200510482e+01 2.883291831221675139e+01 2.950132760964584833e+01 2.912400315766413783e+01
2.943887586943817070e+01 2.988932072067714429e+01 2.934641712614850206e+01 3.043762753165168178e+01 3.000874193652686017e+01
3.006769307670377955e+01 3.078480309690619166e+01 2.985458981214445728e+01 3.134328087581723565e+01 3.086852290133652943e+01
3.068048903520746862e+01 3.163298703363005870e+01 3.035351856762594736e+01 3.219756566553627408e+01 3.168316466253078545e+01
3.126822434386018301e+01 3.241527523607349792e+01 3.083937295575419313e+01 3.298095014545202730e+01 3.243358759120857826e+01
3.182232495891026858e+01 3.311640176519501466e+01 3.130843945359029945e+01 3.367718575827419158e+01 3.310390490850991796e+01
3.233517904079740646e+01 3.372598047959625944e+01 3.175715533193615059e+01 3.427520202854253029e+01 3.368322510084583143e+01
3.280060825211582909e+01 3.423929657072184085e+01 3.218214704165757212e+01 3.477022213813361162e+01 3.416664311269089183e+01
3.321423401837959233e+01 3.465716632502972061e+01 3.258027312849993962e+01 3.516377632078021520e+01 3.455515485939252329e+01
3.357367263024053017e+01 3.498498241324928415e+01 3.294867240079531001e+01 3.546264286143306776e+01 3.485461587410463835e+01
3.387852782953873998e+01 3.523130060299632760e+01 3.328481715149651166e+01 3.567714126197299862e+01 3.507415865674553146e+01
3.413019191482411685e+01 3.540635747774810937e+01 3.358657109478504310e+01 3.581930662221068218e+01 3.522454560723824812e+01
3.433150553520586357e+01 3.552081424254339481e+01 3.385225159835713526e+01 3.590136144945233099e+01 3.531680501713776721e+01
3.448634532868785385e+01 3.558485994846944322e+01 3.408069436105090233e+01 3.593467383835776019e+01 3.536129948266713541e+01
3.459920778088888937e+01 3.560767969927396592e+01 3.427131731916341550e+01 3.592919654813380248e+01 3.536720960293273919e+01
3.467484107610506072e+01 3.559721682831561651e+01 3.442417851848446730e+01 3.589327695596671219e+01 3.534233960695724619e+01
3.471795392421305593e+01 3.556013778018257909e+01 3.454001901399768570e+01 3.583370410752853275e+01 3.529313151259754022e+01
3.473300961357949745e+01 3.550191721014788726e+01 3.462028099397485903e+01 3.575587961198695552e+01 3.522479310541146447e+01
3.472409833375972710e+01 3.542698111264144956e+01 3.466708578605671676e+01 3.566403502640881840e+01 3.514147351828230370e+01
3.469487328128438719e+01 3.533886799144655555e+01 3.468316008791230587e+01 3.556145118157192542e+01 3.504644569358014650e+01
3.464853367402329809e+01 3.524038529889125471e+01 3.467170471990754521e+01 3.545065345185775385e+01 3.494227472824850622e+01
3.458783915345068039e+01 3.513374935653145315e+01 3.463621291243444489e+01 3.533357746643515895e+01 3.483096315505900264e+01
3.451507070788653664e+01 3.502069501639714133e+01 3.458016374879296251e+01 3.521169965530842916e+01 3.471406432271896847e+01
3.443218700452400327e+01 3.490258836648671092e+01 3.450698881126974982e+01 3.508614862769650244e+01 3.459279029085683987e+01
3.434090789806988653e+01 3.478051381185515822e+01 3.441994028309507314e+01 3.495779423307136113e+01 3.446809534219464410e+01
3.424266104414224543e+01 3.465531956985556405e+01 3.432184192546505841e+01 3.482729932772199533e+01 3.434072090857080894e+01
3.413863136164883372e+01 3.452767171559716530e+01 3.421506392369410321e+01 3.469517145413323789e+01 3.421124612102429552e+01
3.402979677759074661e+01 3.439809547340164642e+01 3.410153949636551829e+01 3.456180162969427982e+01 3.408012576149509698e+01
3.391696863409535467e+01 3.426700327952129754e+01 3.398281172514685267e+01 3.442748972683183695e+01 3.394771565996196472e+01
3.380081884402581238e+01 3.413472130752931832e+01 3.386009265473224161e+01 3.429246723480526526e+01 3.381429628874416693e+01
3.368190278183508468e+01 3.400150875656584759e+01 3.373432360114307471e+01 3.415691420989014659e+01 3.368009017345652012e+01
3.356068071543844411e+01 3.386757170792681393e+01 3.360623064999354881e+01 3.402097080582030486e+01 3.354527399995726000e+01
3.343753656110692418e+01 3.373307297492359424e+01 3.347637190127375106e+01 3.388474540424123660e+01 3.340998749241759924e+01
3.331278969214029217e+01 3.359814262840883003e+01 3.334517528956411780e+01 3.374832247583747602e+01 3.327434211435265610e+01
3.318670557112650243e+01 3.346288610833736499e+01 3.321296896591518077e+01 3.361176905816417104e+01 3.313842798250400534e+01
3.305950574162014988e+01 3.332738838096918244e+01 3.308000513928585917e+01 3.347513846064514098e+01 3.300231817500541354e+01
3.293137578916354613e+01 3.319171737445347503e+01 3.294647794476296099e+01 3.333847256779525736e+01 3.286607129027694185e+01
3.280247161298095193e+01 3.305592778686234112e+01 3.281253727868877235e+01 3.320180420169481295e+01 3.272973448445134181e+01
3.267292448654951187e+01 3.292006386033018828e+01 3.267829930009283856e+01 3.306515941701366046e+01 3.259334605789972272e+01
3.254284506332894011e+01 3.278416191416514636e+01 3.254385429638704608e+01 3.292855913208592256e+01 3.245693745789996854e+01
3.241232663292365146e+01 3.264825167623499169e+01 3.240927276218869224e+01 3.279201990077347517e+01 3.232053436349522002e+01
3.228144782395852985e+01 3.251235738426964161e+01 3.227460992284075303e+01 3.265555571360030029e+01 3.218415812778441421e+01
3.215027548096104937e+01 3.237649906161871627e+01 3.213990919908290778e+01 3.251917745941479154e+01 3.204782650434977143e+01
3.201886656560346012e+01 3.224069299706128788e+01 3.200520488978268929e+01 3.238289386136152359e+01 3.191155373400092898e+01
3.188726969749723494e+01 3.210495240234581615e+01 3.187052417066020027e+01 3.224671203020805166e+01 3.177535166050854443e+01
3.175552641788037533e+01 3.196928825931008333e+01 3.173588864444141677e+01 3.211063752919723413e+01 3.163923005715722070e+01
3.162367229011272585e+01 3.183370968104094700e+01 3.160131553758640877e+01 3.197467494757737327e+01 3.150319709324431372e+01
3.149173778421094383e+01 3.169822434819156953e+01 3.146681866360217228e+01 3.183882801833862075e+01 3.136725964009773548e+01
3.135974913124341512e+01 3.156283860971068123e+01 3.133240916123333619e+01 3.170309990186453319e+01 3.123142345419479327e+01
3.122772896610589299e+01 3.142755774653522138e+01 3.119809604885427134e+01 3.156749313762245635e+01 3.109569344366387966e+01
3.109569685205318734e+01 3.129238616340161272e+01 3.106388658072351561e+01 3.143200979138877926e+01 3.096007363967818549e+01
3.096366972347694002e+01 3.115732751490494934e+01 3.092978659916060380e+01 3.129665155508170926e+01 3.082456744426483297e+01
3.083166226510434527e+01 3.102238486663527794e+01 3.079580086060363797e+01 3.116141978021310521e+01 3.068917771876002831e+01
3.069968723856598558e+01 3.088756074415752195e+01 3.066193325594477415e+01 3.102631558404462808e+01 3.055390688985414371e+01
3.056775575669490763e+01 3.075285739393529383e+01 3.052818697247260005e+01 3.089133984147011702e+01 3.041875701791170172e+01
3.043587751970619237e+01 3.061827650809318868e+01 3.039456461995060010e+01 3.075649334107290755e+01 3.028372984633971043e+01
3.030406100738489883e+01 3.048381982660689005e+01 3.026106833330430490e+01 3.062177664248718401e+01 3.014882686529769629e+01
3.017231364375173186e+01 3.034948847778084158e+01 3.012769984874988438e+01 3.048719027990346930e+01 3.001404932263598724e+01
3.004064191111643112e+01 3.021528374614518597e+01 2.999446061340768210e+01 3.035273468446422740e+01 2.987939827585761776e+01
2.990905155153803463e+01 3.008120642862695604e+01 2.986135177707839006e+01 3.021841013280959132e+01 2.974487461294452473e+01
2.977754754286746675e+01 2.994725737312517921e+01 2.972837436618062767e+01 3.008421695960461406e+01 2.961047910087484425e+01
2.964613440134239752e+01 2.981343717393929893e+01 2.959552914800433143e+01 2.995015529064634663e+01 2.947621236408775758e+01
2.951481598596598133e+01 2.967974636454322734e+01 2.946281683528735584e+01 2.981622531434405232e+01 2.934207496544928873e+01
2.938359583497485872e+01 2.954618537432539682e+01 2.933023794389135475e+01 2.968242710489640857e+01 2.920806735311991886e+01
2.925247696855522861e+01 2.941275456980216418e+01 2.919779293334854842e+01 2.954876072905813800e+01 2.907418991953461429e+01
2.912146212576676518e+01 2.927945424487491621e+01 2.906548215040883676e+01 2.941522622318015934e+01 2.894044299089778605e+01
2.899055368921429476e+01 2.914628466362635351e+01 2.893330588211472687e+01 2.928182360209542878e+01 2.880682682349638313e+01
2.885975378747813735e+01 2.901324602691967058e+01 2.880126436001160783e+01 2.914855285910300964e+01 2.867334164182038236e+01
2.872906431520105386e+01 2.888033850540274727e+01 2.866935776422236870e+01 2.901541398360335933e+01 2.853998760991802897e+01
2.859848694448019302e+01 2.874756223211242556e+01 2.853758624812074629e+01 2.888240694743147330e+01 2.840676486768135689e+01
2.846802319271163384e+01 2.861491730080374296e+01 2.840594991992383456e+01 2.874953170497246191e+01 2.827367351711103183e+01
2.833767438348168355e+01 2.848240378558132591e+01 2.827444887261843931e+01 2.861678821274976059e+01 2.814071363828787753e+01
2.820744172640134906e+01 2.835002173012223992e+01 2.814308316360893159e+01 2.848417640094782755e+01 2.800788528435665015e+01
2.807732627348491761e+01 2.821777116146117947e+01 2.801185283627281564e+01 2.835169620299374316e+01 2.787518849523709363e+01
2.794732898080868821e+01 2.808565209072902746e+01 2.788075791215848653e+01 2.821934753952349340e+01 2.774262328416457279e+01
2.781745068724872993e+01 2.795366451431259236e+01 2.774979839977586948e+01 2.808713032498903672e+01 2.761018965880630915e+01
2.768769214764887465e+01 2.782180841691877760e+01 2.761897429560584882e+01 2.795504447227698108e+01 2.747788760273290265e+01
2.755805403235073214e+01 2.769008377499901741e+01 2.748828558532818178e+01 2.782308988834965646e+01 2.734571709471679313e+01
2.742853693941531290e+01 2.755849055109337087e+01 2.735773224817151927e+01 2.769126647735530966e+01 2.721367809700001317e+01
2.729914140502976849e+01 2.742702870447357100e+01 2.722731425392228033e+01 2.755957414256220872e+01 2.708177056514949754e+01
2.716986790163190335e+01 2.729569818158818961e+01 2.709703156847608341e+01 2.742801278377625351e+01 2.694999444467419991e+01
2.704071685657370949e+01 2.716449892579610292e+01 2.696688415032835451e+01 2.729658229801872338e+01 2.681834967489658084e+01
2.691168864253814519e+01 2.703343087260626731e+01 2.683687195466525566e+01 2.716528258218265890e+01 2.668683618744204722e+01
2.678278359523121210e+01 2.690249395328498494e+01 2.670699493209221487e+01 2.703411352880723939e+01 2.655545390985190224e+01
2.665400200741884262e+01 2.677168809496939161e+01 2.657725303034381170e+01 2.690307503062807370e+01 2.642420276305952243e+01
2.652534414025419451e+01 2.664101322131871186e+01 2.644764619465259514e+01 2.677216697833615555e+01 2.629308266457090681e+01
2.639681022165914470e+01 2.651046925244490637e+01 2.631817436797132004e+01 2.664138926133901819e+01 2.616209352715774017e+01
2.626840045274869340e+01 2.638005610685062408e+01 2.618883749200472266e+01 2.651074176884924327e+01 2.603123525993662568e+01
2.614011500848961589e+01 2.624977369916793180e+01 2.605963550661394734e+01 2.638022438900907929e+01 2.590050776893641782e+01
2.601195404093394714e+01 2.611962194337415610e+01 2.593056835103676150e+01 2.624983700946168952e+01 2.576991095691469980e+01
2.588391768158243167e+01 2.598960075025348004e+01 2.580163596323498609e+01 2.611957951775703890e+01 2.563944472430383925e+01
2.575600604182476516e+01 2.585971002977756328e+01 2.567283828077675523e+01 2.598945180082242956e+01 2.550910896906988867e+01
2.562821921709593553e+01 2.572994969001283394e+01 2.554417524063503109e+01 2.585945374518751905e+01 2.537890358730177098e+01
2.550055728566291791e+01 2.560031963801271004e+01 2.541564677956711904e+01 2.572958523738808267e+01 2.524882847310514933e+01
2.537302031258638380e+01 2.547081977974920264e+01 2.528725283425562864e+01 2.559984616329441920e+01 2.511888351924341833e+01
2.524560834893965833e+01 2.534145002046890482e+01 2.515899334135836085e+01 2.547023640888810903e+01 2.498906861666883827e+01
2.511832143467430711e+01 2.521221026454141878e+01 2.503086823779620218e+01 2.534075585990345303e+01 2.485938365542669715e+01
2.499115959829329725e+01 2.508310041602096874e+01 2.490287746063340535e+01 2.521140440196468546e+01 2.472982852399577069e+01
2.486412285886880724e+01 2.495412037821412099e+01 2.477502094738759908e+01 2.508218192078082254e+01 2.460040311013036529e+01
2.473721122610528411e+01 2.482527005423725086e+01 2.464729863591307435e+01 2.495308830202130679e+01 2.447110730039857884e+01
2.461042470156632689e+01 2.469654934675594404e+01 2.451971046458950809e+01 2.482412343139538891e+01 2.434194098071755263e+01
2.448376327926032303e+01 2.456795815824303020e+01 2.439225637235053412e+01 2.469528719476373269e+01 2.421290403613934217e+01
2.435722694605871652e+01 2.443949639099386317e+01 2.426493629888186732e+01 2.456657947802483122e+01 2.408399635118827220e+01
2.423081568276261422e+01 2.431116394719391138e+01 2.413775018430794361e+01 2.443800016718321899e+01 2.395521780969834680e+01
2.410452946361534998e+01 2.418296072899913440e+01 2.401069796980814886e+01 2.430954914841625936e+01 2.382656829512908558e+01
2.397836825849609710e+01 2.405488663858811904e+01 2.388377959732837041e+01 2.418122630796771233e+01 2.369804769037333969e+01
2.385233203223710419e+01 2.392694157820550771e+01 2.375699500935069608e+01 2.405303153229281676e+01 2.356965587803447804e+01
2.372642074380785004e+01 2.379912545020482284e+01 2.363034414966411134e+01 2.392496470799710906e+01 2.344139274030245446e+01
2.360063435070937743e+01 2.367143815710506161e+01 2.350382696278352768e+01 2.379702572187421694e+01 2.331325815910497212e+01
2.347497280511379003e+01 2.354387960158048188e+01 2.337744339408218153e+01 2.366921446093666859e+01 2.318525201609946151e+01
2.334943605488706808e+01 2.341644968655675640e+01 2.325119339015705222e+01 2.354153081241060619e+01 2.305737419272388067e+01
2.322402404738339143e+01 2.328914831517097994e+01 2.312507689846892234e+01 2.341397466374371206e+01 2.292962457024050948e+01
2.309873672457300131e+01 2.316197539086693524e+01 2.299909386759931351e+01 2.328654590264086011e+01 2.280200302975095994e+01
2.297357402642602864e+01 2.303493081737143910e+01 2.287324424725320426e+01 2.315924441704094505e+01 2.267450945224807057e+01
2.284853589143773789e+01 2.290801449875892715e+01 2.274752798823472588e+01 2.303207009513937464e+01 2.254714371861334143e+01
2.272362225411398029e+01 2.278122633944845177e+01 2.262194504254409111e+01 2.290502282540257184e+01 2.241990570967735152e+01
2.259883304814267646e+01 2.265456624425112864e+01 2.249649536337476974e+01 2.277810249655457753e+01 2.229279530619699301e+01
2.247416820508803426e+01 2.252803411836516645e+01 2.237117890514251783e+01 2.265130899760861283e+01 2.216581238892548100e+01
2.234962765430700316e+01 2.240162986742204865e+01 2.224599562355138715e+01 2.252464221785954024e+01 2.203895683857944121e+01
2.222521132421093881e+01 2.227535339746475174e+01 2.212094547557272151e+01 2.239810204689738882e+01 2.191222853590565123e+01
2.210091914160058124e+01 2.214920461503781723e+01 2.199602841950061816e+01 2.227168837461550766e+01 2.178562736165272540e+01
2.197675103170029942e+01 2.202318342715927812e+01 2.187124441500366956e+01 2.214540109121648115e+01 2.165915319662311589e+01
2.185270691916283425e+01 2.189728974127028849e+01 2.174659342309468713e+01 2.201924008721643133e+01 2.153280592164237817e+01
2.172878672719371806e+01 2.177152346543057604e+01 2.162207540622005908e+01 2.189320525345778279e+01 2.140658541763665212e+01
2.160499037794365407e+01 2.164588450821231547e+01 2.149769032826094062e+01 2.176729648110878301e+01 2.128049156561825939e+01
2.148131779320753409e+01 2.152037277862237374e+01 2.137343815457064622e+01 2.164151366167320845e+01 2.115452424659819286e+01
2.135776889346118779e+01 2.139498818636144506e+01 2.124931885199887915e+01 2.151585668699642895e+01 2.102868334180030274e+01
2.123434359871829002e+01 2.126973064168015171e+01 2.112533238893739806e+01 2.139032544926964619e+01 2.090296873255077870e+01
2.111104182854018774e+01 2.114460005533913645e+01 2.100147873535297549e+01 2.126491984104176325e+01 2.077738030018760540e+01
2.098786350154596647e+01 2.101959633879226530e+01 2.087775786279549806e+01 2.113963975522170813e+01 2.065191792626679401e+01
2.086480853623045206e+01 2.089471940409360684e+01 2.075416974447072604e+01 2.101448508508218538e+01 2.052658149249883834e+01
2.074187685060108777e+01 2.076996916391800596e+01 2.063071435524416941e+01 2.088945572427518726e+01 2.040137088066778404e+01
2.061906836218000905e+01 2.064534553160892827e+01 2.050739167167870036e+01 2.076455156683238101e+01 2.027628597271840860e+01
2.049638298840580219e+01 2.052084842117644214e+01 2.038420167210039935e+01 2.063977250716972023e+01 2.015132665080087548e+01
2.037382064641684565e+01 2.039647774732365093e+01 2.026114433658700520e+01 2.051511844009995755e+01 2.002649279719526376e+01
2.025138125309623405e+01 2.027223342545124396e+01 2.013821964703825884e+01 2.039058926083597001e+01 1.990178429433620977e+01
2.012906472537416747e+01 2.014811537167707201e+01 2.001542758722118265e+01 2.026618486500000316e+01 1.977720102486986775e+01
2.000687097997997910e+01 2.002412350286086351e+01 1.989276814276556493e+01 2.014190514862918846e+01 1.965274287161307143e+01
1.988479993360282450e+01 1.990025773661240649e+01 1.977024130125450796e+01 2.001775000817994510e+01 1.952840971756322475e+01
1.976285150306093996e+01 1.977651799130673638e+01 1.964784705224223060e+01 1.989371934054033275e+01 1.940420144592961904e+01
1.964102560506794859e+01 1.965290418610889844e+01 1.952558538727220139e+01 1.976981304304419851e+01 1.928011794012050117e+01
1.951932215650804636e+01 1.952941624098619755e+01 1.940345629999080046e+01 1.964603101345785419e+01 1.915615908373857934e+01
1.939774107441573747e+01 1.940605407672069305e+01 1.928145978610706734e+01 1.952237315000233409e+01 1.903232476061831946e+01
1.927628227587523924e+01 1.928281761493926894e+01 1.915959584348103206e+01 1.939883935137769910e+01 1.890861485481124404e+01
1.915494567826744898e+01 1.915970677812865119e+01 1.903786447220630862e+01 1.927542951673506977e+01 1.878502925057244966e+01
1.903373119917338130e+01 1.903672148963664412e+01 1.891626567456862418e+01 1.915214354570588995e+01 1.866156783240753114e+01
1.891263875638743386e+01 1.891386167371593174e+01 1.879479945517018891e+01 1.902898133841961226e+01 1.853823048505335436e+01
1.879166826805944623e+01 1.879112725554672636e+01 1.867346582097291119e+01 1.890594279550108681e+01 1.841501709347544491e+01
1.867081965263360743e+01 1.866851816121693730e+01 1.855226478128935597e+01 1.878302781806876709e+01 1.829192754288924050e+01
1.855009282888480016e+01 1.854603431778231126e+01 1.843119634792792993e+01 1.866023630776348341e+01 1.816896171876267729e+01
1.842948771601552593e+01 1.842367565329967150e+01 1.831026053517803120e+01 1.853756816676669672e+01 1.804611950681508858e+01
1.830900423360128215e+01 1.830144209678730860e+01 1.818945735986755707e+01 1.841502329777076596e+01 1.792340079302516997e+01
1.818864230165838691e+01 1.817933357829703311e+01 1.806878684151062231e+01 1.829260160401726765e+01 1.780080546363797467e+01
1.806840184069411848e+01 1.805735002895861996e+01 1.794824900222928576e+01 1.817030298933405774e+01 1.767833340516937568e+01
1.794828277166959296e+01 1.793549138092540929e+01 1.782784386690922673e+01 1.804812735808252455e+01 1.755598450441293679e+01
1.782828501608900851e+01 1.781375756745399030e+01 1.770757146328408638e+01 1.792607461520835344e+01 1.743375864844049161e+01
1.770840849600336497e+01 1.769214852296238760e+01 1.758743182188796084e+01 1.780414466626577052e+01 1.731165572461225466e+01
1.758865313401492259e+01 1.757066418295950072e+01 1.746742497624270740e+01 1.768233741740707288e+01 1.718967562058502807e+01
1.746901885334408888e+01 1.744930448413316526e+01 1.734755096288051135e+01 1.756065277538229452e+01 1.706781822430887985e+01
1.734950557783049874e+01 1.732806936442587187e+01 1.722780982135971328e+01 1.743909064758168270e+01 1.694608342403918400e+01
1.723011323195961708e+01 1.720695876294266213e+01 1.710820159456696032e+01 1.731765094205939803e+01 1.682447110834737103e+01
1.711084174090215271e+01 1.708597262005322293e+01 1.698872632845296948e+01 1.719633356748731501e+01 1.670298116611413874e+01
1.699169103053109708e+01 1.696511087747457580e+01 1.686938407225794734e+01 1.707513843321292768e+01 1.658161348654340728e+01
1.687266102745071095e+01 1.684437347818021991e+01 1.675017487855837572e+01 1.695406544931324788e+01 1.646036795917583362e+01
1.675375165902487140e+01 1.672376036649424336e+01 1.663109880385195893e+01 1.683311452651130224e+01 1.633924447388002577e+01
1.663496285340229974e+01 1.660327148818349841e+01 1.651215590780295983e+01 1.671228557625419953e+01 1.621824292086557762e+01
1.651629453954891602e+01 1.648290679038793627e+01 1.639334625358885233e+01 1.659157851074882117e+01 1.609736319069956423e+01
1.639774664728199838e+01 1.636266622168464480e+01 1.627466990811868186e+01 1.647099324293794709e+01 1.597660517430202631e+01
1.627931910726872289e+01 1.624254973219925091e+01 1.615612694273237793e+01 1.635052968650614247e+01 1.585596876295019975e+01
1.616101185107693539e+01 1.612255727356044588e+01 1.603771743245294701e+01 1.623018775593981289e+01 1.573545384830047844e+01
1.604282481120304382e+01 1.600268879892916729e+01 1.591944145585426718e+01 1.610996736655631523e+01 1.561506032239192443e+01
1.592475792117031652e+01 1.588294426313131602e+01 1.580129909578702119e+01 1.598986843443964290e+01 1.549478807763779820e+01
1.580681111539294292e+01 1.576332362264004061e+01 1.568329043982457627e+01 1.586989087652414021e+01 1.537463700685355583e+01
1.568898432932753018e+01 1.564382683556575948e+01 1.556541558004579429e+01 1.575003461067032973e+01 1.525460700327011843e+01
1.557127749946912942e+01 1.552445386181247322e+01 1.544767461218969906e+01 1.563029955554209671e+01 1.513469796051191096e+01
