3.366766202611087166e+00 3.366896361615625555e+00 3.366454098116411497e+00 3.365699498228178488e+00 3.348344706367544443e+00
3.432729982535722257e+00 3.432811842157264870e+00 3.429959443348977732e+00 3.430709172159613463e+00 3.394895069178683222e+00
3.498246679581991980e+00 3.498031737420040699e+00 3.490697413267709326e+00 3.495240376410956973e+00 3.439729703324881704e+00
3.563619967310157399e+00 3.562798547145723305e+00 3.548829110500557160e+00 3.559410584061577953e+00 3.482923408131703980e+00
3.629000956329991201e+00 3.627262134765614210e+00 3.604498393967790815e+00 3.623187841987710378e+00 3.524547315431323380e+00
3.694136432749356658e+00 3.691377499004678153e+00 3.657834506823423482e+00 3.686342936490949018e+00 3.564669035173174905e+00
3.758172001288494712e+00 3.754786603846778537e+00 3.708954286446108028e+00 3.748454882949878719e+00 3.603352798125916134e+00
3.820051459914293179e+00 3.816839913013169827e+00 3.757963991567950135e+00 3.809009058429881467e+00 3.640659595836354789e+00
3.879107598555360248e+00 3.876840530198605972e+00 3.804960805721500527e+00 3.867538154196771494e+00 3.676647317537391935e+00
3.935107535775794751e+00 3.934289118151816478e+00 3.850034077103801966e+00 3.923707150031417790e+00 3.711370883976993884e+00
3.988047584726688299e+00 3.988935085672971503e+00 3.893266346221556429e+00 3.977321583549879858e+00 3.744882378018013824e+00
4.038015441379095627e+00 4.040706513530661681e+00 3.934734202522630842e+00 4.028297582336656468e+00 3.777231171935202081e+00
4.085130540069427774e+00 4.089632443131030470e+00 3.974509002468014973e+00 4.076626637912066364e+00 3.808464051325490818e+00
4.129520945874561200e+00 4.135792565672956833e+00 4.012657474608715802e+00 4.122347786547310378e+00 3.838625335560093887e+00
4.171314516748934054e+00 4.179289843761829992e+00 4.049242231945465953e+00 4.165528590421542887e+00 3.867756994731526010e+00
4.210635514543783486e+00 4.220236478365074539e+00 4.084322207785979764e+00 4.206252904444102825e+00 3.895898763046245161e+00
4.247603347166370114e+00 4.258746834740345655e+00 4.117953028177944397e+00 4.244613200209778725e+00 3.923088248632334629e+00
4.282332173855190938e+00 4.294933891957119165e+00 4.150187331515687639e+00 4.280705790029863955e+00 3.949361039746236202e+00
4.314930871050409067e+00 4.328907480076733094e+00 4.181075043992636964e+00 4.314627862458523921e+00 3.974750807361385530e+00
4.345503151444359169e+00 4.360773437092272609e+00 4.210663618007505882e+00 4.346475647022706390e+00 3.999289404145255578e+00
4.374147747177501877e+00 4.390633247248893589e+00 4.238998239382080868e+00 4.376343287003926719e+00 4.023006959834373397e+00
4.400958617590925215e+00 4.418583935124788198e+00 4.266122008241234553e+00 4.404322160319827262e+00 4.045931973020550743e+00
4.426025163433044973e+00 4.444718096807037888e+00 4.292076097581874805e+00 4.430500486881449262e+00 4.068091399385356688e+00
4.449432439098211844e+00 4.469124004361893832e+00 4.316899892885729173e+00 4.454963120801345156e+00 4.089510736411763325e+00
4.471261358971122313e+00 4.491885748588694049e+00 4.340631115578894139e+00 4.477791462737148009e+00 4.110214104617991637e+00
4.491588896117817420e+00 4.513083400499931841e+00 4.363305932686508015e+00 4.499063450603220105e+00 4.130224325367771954e+00
4.510488272622722228e+00 4.532793180440858549e+00 4.384959054655134025e+00 4.518853601370906858e+00 4.149562995306747659e+00
4.528029141399817270e+00 4.551087628509356442e+00 4.405623823003767647e+00 4.537233085882664163e+00 4.168250557493315078e+00
4.544277759576435649e+00 4.568035772641516168e+00 4.425332289203218750e+00 4.554269824618161877e+00 4.186306369290766938e+00
4.559297153680779147e+00 4.583703292307031774e+00 4.444115285980692498e+00 4.570028596257689202e+00 4.203748767087766680e+00
4.573147276930130012e+00 4.598152676681996454e+00 4.462002492031349909e+00 4.584571153503484986e+00 4.220595127931701995e+00
4.585885158944394746e+00 4.611443376723141085e+00 4.479022491016014129e+00 4.597956342371048777e+00 4.236861928148475620e+00
4.597565048218238637e+00 4.623631950899660836e+00 4.495202825558767934e+00 4.610240222357022688e+00 4.252564799033562437e+00
4.608238547683017217e+00 4.634772204538634810e+00 4.510570046867043104e+00 4.621476185710960749e+00 4.267718579702880710e+00
4.617954743682030738e+00 4.644915322887528397e+00 4.525149760505372321e+00 4.631715074602633209e+00 4.282337367185490073e+00
4.626760328671546851e+00 4.654109997998458148e+00 4.538966668775554325e+00 4.641005295380002948e+00 4.296434563852388422e+00
4.634699717948402409e+00 4.662402549687246989e+00 4.552044610094053034e+00 4.649392929392116791e+00 4.310022922271120827e+00
4.641815160691904474e+00 4.669837040752392809e+00 4.564406595702194203e+00 4.656921840044859096e+00 4.323114587573470224e+00
4.648146845594990140e+00 4.676455386698207484e+00 4.576074843996670083e+00 4.663633775904235890e+00 4.335721137434514816e+00
4.653733001347115206e+00 4.682297460192141436e+00 4.587070812731299796e+00 4.669568469759340701e+00 4.347853619749692200e+00
4.658609992217056295e+00 4.687401190491862657e+00 4.597415229305343409e+00 4.674763733628313211e+00 4.359522588103120988e+00
4.662812408979698731e+00 4.691802658069542886e+00 4.607128119325722082e+00 4.679255549743722931e+00 4.370738135120246781e+00
4.666373155412953722e+00 4.695536184655261458e+00 4.616228833606715654e+00 4.683078157586097134e+00 4.381509923790797956e+00
4.669323530558235014e+00 4.698634418915583311e+00 4.624736073748278109e+00 4.686264137062035928e+00 4.391847216854858793e+00
4.671693306991891781e+00 4.701128417972826767e+00 4.632667916417943843e+00 4.688844487938359507e+00 4.401758904339059697e+00
4.673510805267961032e+00 4.703047724963538734e+00 4.640041836444516399e+00 4.690848705654438788e+00 4.411253529326240930e+00
4.674802964733151711e+00 4.704420442825885118e+00 4.646874728819217815e+00 4.692304853643256557e+00 4.420339312047701696e+00
4.675595410888380599e+00 4.705273304497314513e+00 4.653182929688703062e+00 4.693239632292410590e+00 4.429024172376827551e+00
4.675912519466019823e+00 4.705631739695618876e+00 4.658982236413840461e+00 4.693678444679997064e+00 4.437315750806002157e+00
4.675777477380994362e+00 4.705519938448565753e+00 4.664287926760743552e+00 4.693645459218032556e+00 4.445221427986427720e+00
4.675212340709538061e+00 4.704960911529567191e+00 4.669114777282187490e+00 4.693163669334420973e+00 4.452748342904195411e+00
4.674238089840693000e+00 4.703976547949404008e+00 4.673477080941990991e+00 4.692254950322993778e+00 4.459903409769011340e+00
4.672874681938130159e+00 4.702587669646923985e+00 4.677388664028110377e+00 4.690940113485185137e+00 4.466693333686330369e+00
4.671141100843311911e+00 4.700814083514812225e+00 4.680862902400782843e+00 4.689238957683639519e+00 4.473124625180061820e+00
4.669055404545104260e+00 4.698674630889980719e+00 4.683912737108602009e+00 4.687170318444211503e+00 4.479203613635306169e+00
4.666634770333585536e+00 4.696187234631914009e+00 4.686550689403742531e+00 4.684752114673493395e+00 4.484936459722541180e+00
4.663895537752459575e+00 4.693368943906335744e+00 4.688788875200901707e+00 4.682001393151354662e+00 4.490329166865628885e+00
4.660853249456287983e+00 4.690235976786019556e+00 4.690639018993932652e+00 4.678934370876681292e+00 4.495387591813202022e+00
4.657522690075523109e+00 4.686803760774750138e+00 4.692112467265220133e+00 4.675566475372692210e+00 4.500117454368089298e+00
4.653917923185386663e+00 4.683086971355921335e+00 4.693220201406743008e+00 4.671912383043486550e+00 4.504524346330279982e+00
4.650052326472231989e+00 4.679099568661801101e+00 4.693972850177984490e+00 4.667986055683257085e+00 4.508613739704419032e+00
4.645938625184770743e+00 4.674854832355090473e+00 4.694380701719006233e+00 4.663800775214984817e+00 4.512390994219780183e+00
4.641588923953850809e+00 4.670365394809870452e+00 4.694453715139146333e+00 4.659369176749598829e+00 4.515861364211153806e+00
4.637014737060479952e+00 4.665643272674818043e+00 4.694201531697832053e+00 4.654703280046319946e+00 4.519030004903417996e+00
4.632227017227241284e+00 4.660699896897543049e+00 4.693633485594477683e+00 4.649814519444840144e+00 4.521901978141978695e+00
4.627236183005988934e+00 4.655546141285033634e+00 4.692758614383401472e+00 4.644713772349802205e+00 4.524482257607707503e+00
4.622052144829622122e+00 4.650192349671379510e+00 4.691585669027348970e+00 4.639411386331387277e+00 4.526775733567371063e+00
4.616684329793540265e+00 4.644648361756007482e+00 4.690123123603919808e+00 4.633917204910853016e+00 4.528787217166565071e+00
4.611141705228061660e+00 4.638923537701579392e+00 4.688379184677638811e+00 4.628240592096106276e+00 4.530521444318655000e+00
4.605432801121505548e+00 4.633026781510451997e+00 4.686361800350594464e+00 4.622390455723013325e+00 4.531983079229788380e+00
4.599565731446755734e+00 4.626966563258435805e+00 4.684078669002161632e+00 4.616375269665111247e+00 4.533176717568786707e+00
4.593548214453089251e+00 4.620750940268950835e+00 4.681537247729843365e+00 4.610203094963036818e+00 4.534106889321037670e+00
4.587387591978481893e+00 4.614387577234609239e+00 4.678744760501513333e+00 4.603881599926402224e+00 4.534778061353612166e+00
4.581090847784388131e+00 4.607883765364955586e+00 4.675708206029457692e+00 4.597418079260207513e+00 4.535194639709614783e+00
4.574664625030765208e+00 4.601246440600042398e+00 4.672434365375300658e+00 4.590819472258997891e+00 4.535360971661082097e+00
4.568115242889291494e+00 4.594482200934232985e+00 4.668929809295615740e+00 4.584092380117700927e+00 4.535281347540935037e+00
4.561448712339962519e+00 4.587597322898353092e+00 4.665200905337141712e+00 4.577243082399986562e+00 4.534960002370443277e+00
4.554670751204545454e+00 4.580597777234177492e+00 4.661253824689967296e+00 4.570277552704590462e+00 4.534401117302695461e+00
4.547786798442739808e+00 4.573489243807367544e+00 4.657094548806852252e+00 4.563201473570976496e+00 4.533608820902489178e+00
4.540802027753843895e+00 4.566277125792706393e+00 4.652728875796736219e+00 4.556020250657862647e+00 4.532587190275060074e+00
4.533721360513010445e+00 4.558966563167253128e+00 4.648162426600386254e+00 4.548739026232718530e+00 4.531340252060101825e+00
4.526549478076889343e+00 4.551562445545938473e+00 4.643400650954879083e+00 4.541362692004611290e+00 4.529871983304585292e+00
4.519290833489533199e+00 4.544069424391096845e+00 4.638448833154499518e+00 4.533895901331419509e+00 4.528186312228028143e+00
4.511949662617485757e+00 4.536491924626698591e+00 4.633312097614714631e+00 4.526343080833074239e+00 4.526287118891462846e+00
4.504529994741663046e+00 4.528834155686285889e+00 4.627995414246176331e+00 4.518708441435716594e+00 4.524178235781121771e+00
4.497035662632732134e+00 4.521100122022172485e+00 4.622503603644533499e+00 4.510995988895463604e+00 4.521863448316818079e+00
4.489470312134834273e+00 4.513293633102229307e+00 4.616841342102721235e+00 4.503209533792635000e+00 4.519346495294820798e+00
4.481837411282571182e+00 4.505418312919206691e+00 4.611013166451557233e+00 4.495352701023874964e+00 4.516631069273295829e+00
4.474140258972535200e+00 4.497477609036388380e+00 4.605023478734511677e+00 4.487428938868892381e+00 4.513720816908048938e+00
4.466381993212155344e+00 4.489474801192164577e+00 4.598876550721946010e+00 4.479441527596622841e+00 4.510619339245782733e+00
4.458565598966537813e+00 4.481413009485046395e+00 4.592576528269843195e+00 4.471393587645395407e+00 4.507330191981484546e+00
4.450693915622426999e+00 4.473295202159570216e+00 4.586127435528947416e+00 4.463288087420393069e+00 4.503856885685665112e+00
4.442769644088152781e+00 4.465124203012562631e+00 4.579533179014942945e+00 4.455127850697617298e+00 4.500202886006712255e+00
4.434795353547158037e+00 4.456902698438267585e+00 4.572797551529830251e+00 4.446915563676030025e+00 4.496371613853298754e+00
4.426773487882818436e+00 4.448633244129956310e+00 4.565924235948147114e+00 4.438653781681948907e+00 4.492366445561222221e+00
4.418706371788805320e+00 4.440318271454758658e+00 4.558916808882268690e+00 4.430344935546227880e+00 4.488190713048495262e+00
4.410596216582242768e+00 4.431960093517662180e+00 4.551778744214768579e+00 4.421991337676115741e+00 4.483847703962168474e+00
4.402445125733185805e+00 4.423560910929822398e+00 4.544513416509652792e+00 4.413595187822008548e+00 4.479340661820061520e+00
4.394255100124389024e+00 4.415122817295619839e+00 4.537124104306855088e+00 4.405158578574188688e+00 4.474672786150168058e+00
4.386028043054528425e+00 4.406647804432140880e+00 4.529613993303414965e+00 4.396683500583144166e+00 4.469847232630129952e+00
4.377765764997421982e+00 4.398137767334223014e+00 4.521986179424121843e+00 4.388171847527498670e+00 4.464867113228942586e+00
4.369469988129404570e+00 4.389594508897347147e+00 4.514243671786263512e+00 4.379625420844329042e+00 4.459735496352803530e+00
4.361142350635260456e+00 4.381019744410234118e+00 4.506389395563111577e+00 4.371045934221623241e+00 4.454455406996879141e+00
4.352784410804724224e+00 4.372415105828427073e+00 4.498426194747173312e+00 4.362435017879051635e+00 4.449029826903848850e+00
4.344397650929019861e+00 4.363782145839473436e+00 4.490356834818968856e+00 4.353794222634568278e+00 4.443461694730171274e+00
4.335983481007348317e+00 4.355122341729906310e+00 4.482184005322550568e+00 4.345125023775624484e+00 4.437753906222821065e+00
4.327543242272573032e+00 4.346437099063661158e+00 4.473910322354021751e+00 4.336428824742444732e+00 4.431909314406084377e+00
4.319078210545118424e+00 4.337727755181145284e+00 4.465538330961560831e+00 4.327706960627991428e+00 4.425930729778429829e+00
4.310589599423121143e+00 4.328995582525366537e+00 4.457070507465327402e+00 4.318960701512592593e+00 4.419820920520612262e+00
4.302078563316951154e+00 4.320241791809054099e+00 4.448509261694267636e+00 4.310191255631123930e+00 4.413582612715379661e+00
4.293546200335919494e+00 4.311467535038194576e+00 4.439856939148964621e+00 4.301399772389133069e+00 4.407218490579653647e+00
4.284993555034111168e+00 4.302673908363606969e+00 4.431115823086241079e+00 4.292587345231087426e+00 4.400731196708282056e+00
4.276421621022312713e+00 4.293861954801180048e+00 4.422288136535564185e+00 4.283755014367272018e+00 4.394123332329896492e+00
4.267831343452494153e+00 4.285032666836165127e+00 4.413376044242053098e+00 4.274903769371045215e+00 4.387397457574897963e+00
4.259223621381346803e+00 4.276186988887200613e+00 4.404381654546207336e+00 4.266034551645652151e+00 4.380556091755465786e+00
4.250599310018201571e+00 4.267325819648142726e+00 4.395307021195183239e+00 4.257148256774019757e+00 4.373601713656912082e+00
4.241959222863531664e+00 4.258450014321267574e+00 4.386154145095117585e+00 4.248245736752360280e+00 4.366536761841223857e+00
4.233304133743145847e+00 4.249560386741143780e+00 4.376924975999719969e+00 4.239327802114661203e+00 4.359363634961460399e+00
4.224634778743146413e+00 4.240657711392127105e+00 4.367621414143923353e+00 4.230395223955610184e+00 4.352084692087212048e+00
4.215951858050519085e+00 4.231742725328620836e+00 4.358245311818230050e+00 4.221448735851928369e+00 4.344702253040649609e+00
4.207256037703911211e+00 4.222816130004123814e+00 4.348798474891830246e+00 4.212489035692960293e+00 4.337218598742855313e+00
4.198547951259231859e+00 4.213878593007284401e+00 4.339282664280557533e+00 4.203516787420102929e+00 4.329635971569468111e+00
4.189828201373654082e+00 4.204930749715617644e+00 4.329699597367079100e+00 4.194532622681915512e+00 4.321956575716296101e+00
4.181097361312654748e+00 4.195973204869650530e+00 4.320050949369800719e+00 4.185537142409697431e+00 4.314182577573417277e+00
4.172355976383467002e+00 4.187006534066714636e+00 4.310338354667204719e+00 4.176530918313991592e+00 4.306316106107742847e+00
4.163604565297710280e+00 4.178031285183720911e+00 4.300563408074530969e+00 4.167514494310616158e+00 4.298359253253500434e+00
4.154843621468754300e+00 4.169047979732891207e+00 4.290727666078880453e+00 4.158488387875302728e+00 4.290314074310226822e+00
4.146073614248698469e+00 4.160057114148365542e+00 4.280832648030035159e+00 4.149453091333152877e+00 4.282182588347282604e+00
4.137294990101143100e+00 4.151059161010372200e+00 4.270879837292476999e+00 4.140409073085636216e+00 4.273966778615313267e+00
4.128508173712662987e+00 4.142054570210969899e+00 4.260870682356285855e+00 4.131356778776376970e+00 4.265668592963325345e+00
4.119713569056905555e+00 4.133043770063109079e+00 4.250806597911804374e+00 4.122296632401924121e+00 4.257289944261246184e+00
4.110911560406790066e+00 4.124027168353923578e+00 4.240688965886139528e+00 4.113229037366748386e+00 4.248832710827425529e+00
4.102102513294576092e+00 4.115005153347429001e+00 4.230519136445810346e+00 4.104154377487860828e+00 4.240298736860658835e+00
4.093286775425692525e+00 4.105978094740021511e+00 4.220298428963997317e+00 4.095073017950251248e+00 4.231689832875945356e+00
4.084464677547631872e+00 4.096946344566921638e+00 4.210028132956157521e+00 4.085985306215156321e+00 4.223007776144054759e+00
4.075636534277626843e+00 4.087910238064877966e+00 4.199709508982798489e+00 4.076891572885192438e+00 4.214254311134017605e+00
4.066802644888626972e+00 4.078870094495071541e+00 4.189343789522689043e+00 4.067792132526034443e+00 4.205431149958259951e+00
4.057963294058882120e+00 4.069826217923188771e+00 4.178932179815629588e+00 4.058687284449084665e+00 4.196539972819597786e+00
4.049118752582708147e+00 4.060778897962308953e+00 4.168475858677555657e+00 4.049577313455485772e+00 4.187582428460513206e+00
4.040269278047999180e+00 4.051728410480430753e+00 4.157975979287452439e+00 4.040462490543740515e+00 4.178560134613467092e+00
4.031415115479786593e+00 4.042675018272904097e+00 4.147433669948367374e+00 4.031343073583530057e+00 4.169474678452223415e+00
4.022556497953805987e+00 4.033618971701602440e+00 4.136850034822326272e+00 4.022219307955696266e+00 4.160327617043651394e+00
4.013693647178798507e+00 4.024560509303480416e+00 4.126226154640989741e+00 4.013091427161970870e+00 4.151120477799803865e+00
4.004826774050730620e+00 4.015499858370031205e+00 4.115563087392153818e+00 4.003959653404385755e+00 4.141854758929845559e+00
3.995956079180650100e+00 4.006437235497317673e+00 4.104861868983523898e+00 3.994824198136552873e+00 4.132531929891447575e+00
3.987081753395836703e+00 3.997372847109517568e+00 4.094123513884152743e+00 3.985685262588483546e+00 4.123153431841391381e+00
3.978203978217290882e+00 3.988306889958096235e+00 4.083349015744548005e+00 3.976543038265066166e+00 4.113720678085021731e+00
3.969322926313288313e+00 3.979239551595165292e+00 4.072539347995432379e+00 3.967397707421063568e+00 4.104235054524290049e+00
3.960438761931328155e+00 3.970171010824143920e+00 4.061695464427356406e+00 3.958249443512348531e+00 4.094697920104077404e+00
3.951551641308493679e+00 3.961101438129343233e+00 4.050818299753755625e+00 3.949098411625403759e+00 4.085110607256554616e+00
3.942661713062828976e+00 3.952030996083673031e+00 4.039908770151479089e+00 3.939944768886060267e+00 4.075474422343271286e+00
3.933769118564366174e+00 3.942959839736599914e+00 4.028967773782538231e+00 3.930788664847804981e+00 4.065790646094847638e+00
3.924873992288793634e+00 3.933888116983561556e+00 4.017996191300471587e+00 3.921630241861795430e+00 4.056060534047936983e+00
3.915976462153443194e+00 3.924815968917415354e+00 4.006994886341579409e+00 3.912469635428296844e+00 4.046285316979242097e+00
3.907076649837589510e+00 3.915743530162270059e+00 3.995964705999392130e+00 3.903306974531323359e+00 4.036466201336458504e+00
3.898174671086486409e+00 3.906670929191289776e+00 3.984906481282521895e+00 3.894142381956926524e+00 4.026604369665911065e+00
3.889270636000742964e+00 3.897598288629526841e+00 3.973821027557384422e+00 3.884975974595751058e+00 4.016700981036680496e+00
3.880364649311550451e+00 3.888525725541239542e+00 3.962709144976964915e+00 3.875807863731240754e+00 4.006757171461134526e+00
3.871456810642600388e+00 3.879453351703361808e+00 3.951571618895874050e+00 3.866638155313367076e+00 3.996774054311697633e+00
3.862547214759399328e+00 3.870381273866360328e+00 3.940409220271780200e+00 3.857466950219233137e+00 3.986752720733566235e+00
3.853635951805974180e+00 3.861309594001534951e+00 3.929222706053622449e+00 3.848294344500419406e+00 3.976694240053449736e+00
3.844723107530319872e+00 3.852238409536538732e+00 3.918012819557256332e+00 3.839120429620329400e+00 3.966599660184088716e+00
3.835808763498646190e+00 3.843167813579722925e+00 3.906780290828977709e+00 3.829945292678500035e+00 3.956470008024460583e+00
3.826892997299717880e+00 3.834097895133333100e+00 3.895525836997447922e+00 3.820769016622662217e+00 3.946306289855608274e+00
3.817975882738543714e+00 3.825028739296202573e+00 3.884250162614771629e+00 3.811591680451391184e+00 3.936109491732050270e+00
3.809057490020993253e+00 3.815960427456751347e+00 3.872953959985640626e+00 3.802413359408003402e+00 3.925880579868454845e+00
3.800137885929204096e+00 3.806893037476754671e+00 3.861637909486469677e+00 3.793234125164727022e+00 3.915620501021776168e+00
3.791217133988788124e+00 3.797826643865806151e+00 3.850302679874329836e+00 3.784054045997220506e+00 3.905330182868650635e+00
3.782295294627565418e+00 3.788761317947399565e+00 3.838948928586142451e+00 3.774873186950522985e+00 3.895010534377998379e+00
3.773372425326619872e+00 3.779697128017282637e+00 3.827577302028310147e+00 3.765691609997229961e+00 3.884662446178809070e+00
3.764448580763987806e+00 3.770634139493645343e+00 3.816188435857130745e+00 3.756509374188084838e+00 3.874286790923194168e+00
3.755523812951383711e+00 3.761572415060117081e+00 3.804782955250349374e+00 3.747326535795116875e+00 3.863884423644312172e+00
3.746598171364361463e+00 3.752512014802107387e+00 3.793361475170189401e+00 3.738143148447756747e+00 3.853456182109506134e+00
3.737671703065884365e+00 3.743452996336194882e+00 3.781924600618128629e+00 3.728959263262382251e+00 3.843002887168461612e+00
3.728744452824015898e+00 3.734395414933280311e+00 3.770472926881690778e+00 3.719774928965452698e+00 3.832525343096373938e+00
3.719816463223768466e+00 3.725339323635875832e+00 3.759007039773520464e+00 3.710590192010792432e+00 3.822024337932111937e+00
3.710887774773780290e+00 3.716284773369689098e+00 3.747527515863001923e+00 3.701405096691091412e+00 3.811500643811586819e+00
3.701958426007426972e+00 3.707231813049641111e+00 3.736034922700695926e+00 3.692219685243883553e+00 3.800955017295851501e+00
3.693028453579203063e+00 3.698180489680815697e+00 3.724529819035816924e+00 3.683033997952740002e+00 3.790388199694385563e+00
3.684097892356293258e+00 3.689130848454658551e+00 3.713012755027000011e+00 3.673848073243119572e+00 3.779800917383374426e+00
3.675166775505856354e+00 3.680082932840271770e+00 3.701484272446574408e+00 3.664661947773658390e+00 3.769193882119020955e+00
3.666235134577898069e+00 3.671036784671329656e+00 3.689944904878561527e+00 3.655475656523052841e+00 3.758567791345851283e+00
3.657302999584127967e+00 3.661992444228992838e+00 3.678395177910613878e+00 3.646289232872772956e+00 3.747923328500355478e+00
3.648370399072971448e+00 3.652949950320540928e+00 3.666835609320096445e+00 3.637102708685724828e+00 3.737261163309391954e+00
3.639437360200945104e+00 3.643909340354270388e+00 3.655266709254507695e+00 3.627916114381059653e+00 3.726581952083924953e+00
3.630503908800609913e+00 3.634870650410865878e+00 3.643688980406422750e+00 3.618729479005342586e+00 3.715886338007883261e+00
3.621570069445079199e+00 3.625833915311230005e+00 3.632102918183151896e+00 3.609542830300268790e+00 3.705174951422220087e+00
3.612635865509459698e+00 3.616799168681000598e+00 3.620509010871281408e+00 3.600356194767102114e+00 3.694448410104120839e+00
3.603701319229241307e+00 3.607766443011998003e+00 3.608907739796273439e+00 3.591169597727966512e+00 3.683707319541782876e+00
3.594766451755988079e+00 3.598735769720751598e+00 3.597299579477283515e+00 3.581983063384149624e+00 3.672952273204147744e+00
3.585831283210124010e+00 3.589707179203780907e+00 3.585684997777355054e+00 3.572796614871641463e+00 3.662183852806208950e+00
3.576895832731247893e+00 3.580680700890921830e+00 3.574064456049152128e+00 3.563610274313862458e+00 3.651402628569685227e+00
3.567960118525938640e+00 3.571656363296215275e+00 3.562438409276361018e+00 3.554424062871909040e+00 3.640609159479162305e+00
3.559024157913321496e+00 3.562634194065360305e+00 3.550807306210916892e+00 3.545238000792341193e+00 3.629803993533670781e+00
3.550087967368332542e+00 3.553614220021177772e+00 3.539171589506191484e+00 3.536052107452647419e+00 3.618987667994060686e+00
3.541151562562885324e+00 3.544596467206976520e+00 3.527531695846265247e+00 3.526866401404504359e+00 3.608160709625734430e+00
3.532214958405031524e+00 3.535580960927974470e+00 3.515888056071421186e+00 3.517680900414938083e+00 3.597323634937173775e+00
3.523278169076220045e+00 3.526567725791028618e+00 3.504241095299978515e+00 3.508495621505490991e+00 3.586476950414198672e+00
3.514341208066776634e+00 3.517556785742116610e+00 3.492591233046589583e+00 3.499310580989484443e+00 3.575621152750003695e+00
3.505404088209576496e+00 3.508548164101821687e+00 3.480938883337110212e+00 3.490125794507481949e+00 3.564756729070995167e+00
3.496466821712123085e+00 3.499541883599270431e+00 3.469284454820157126e+00 3.480941277061029737e+00 3.553884157158698986e+00
3.487529420187025053e+00 3.490537966404496650e+00 3.457628350875459500e+00 3.471757043044763513e+00 3.543003905667478914e+00
3.478591894681077434e+00 3.481536434159270943e+00 3.445970969719107657e+00 3.462573106276960910e+00 3.532116434338330002e+00
3.469654255702812939e+00 3.472537308006443446e+00 3.434312704505801506e+00 3.453389480028620895e+00 3.521222194208790679e+00
3.460716513248770276e+00 3.463540608617806438e+00 3.422653943428188406e+00 3.444206177051126971e+00 3.510321627819002366e+00
3.451778676828454628e+00 3.454546356220875580e+00 3.410995069813387737e+00 3.435023209602582117e+00 3.499415169413945925e+00
3.442840755488075999e+00 3.445554570623941437e+00 3.399336462216804744e+00 3.425840589472854969e+00 3.488503245142082765e+00
3.433902757833078301e+00 3.436565271240291874e+00 3.387678494513286953e+00 3.416658328007458501e+00 3.477586273250251825e+00
3.424964692049745629e+00 3.427578477111199895e+00 3.376021535985742617e+00 3.407476436130222108e+00 3.466664664274971219e+00
3.416026565926004288e+00 3.418594206927805690e+00 3.364365951411283806e+00 3.398294924364902325e+00 3.455738821230258662e+00
3.407088386870592345e+00 3.409612479051960854e+00 3.352712101144978085e+00 3.389113802855744151e+00 3.444809139791986219e+00
3.398150161931160707e+00 3.400633311536072068e+00 3.341060341201278483e+00 3.379933081387055172e+00 3.433876008478803588e+00
3.389211897812117957e+00 3.391656722142045943e+00 3.329411023333211261e+00 3.370752769401831106e+00 3.422939808829818187e+00
3.380273600891440466e+00 3.382682728359338586e+00 3.317764495109390310e+00 3.361572876019497613e+00 3.412000915578974780e+00
3.371335277236571226e+00 3.373711347422055251e+00 3.306121099988923895e+00 3.352393410052784795e+00 3.401059696825908585e+00
3.362396932619861722e+00 3.364742596325489998e+00 3.294481177394281257e+00 3.343214380023805887e+00 3.390116514204161824e+00
3.353458572532602933e+00 3.355776491841613751e+00 3.282845062782181245e+00 3.334035794179354806e+00 3.379171723046296538e+00
3.344520202198820957e+00 3.346813050533993916e+00 3.271213087712569134e+00 3.324857660505476264e+00 3.368225672546558247e+00
3.335581826588335019e+00 3.337852288771974152e+00 3.259585579915732723e+00 3.315679986741339569e+00 3.357278705920257345e+00
3.326643450429136895e+00 3.328894222744201326e+00 3.247962863357623853e+00 3.306502780392444052e+00 3.346331160557308060e+00
3.317705078219291170e+00 3.319938868471608906e+00 3.236345258303434225e+00 3.297326048743201010e+00 3.335383368177013086e+00
3.308766714238100537e+00 3.310986241819683595e+00 3.224733081379480559e+00 3.288149798868911233e+00 3.324435654978408206e+00
3.299828362556728401e+00 3.302036358510205272e+00 3.213126645633455070e+00 3.278974037647176321e+00 3.313488341789323943e+00
3.290890027048393840e+00 3.293089234132472676e+00 3.201526260593084761e+00 3.269798771768762435e+00 3.302541744210664820e+00
3.281951711398033211e+00 3.284144884154006849e+00 3.189932232323253292e+00 3.260624007747956021e+00 3.291596172759309713e+00
3.273013419111422628e+00 3.275203323930767407e+00 3.178344863481626703e+00 3.251449751932428800e+00 3.280651933008244647e+00
3.264075153524100159e+00 3.266264568716906957e+00 3.166764453372834964e+00 3.242276010512625373e+00 3.269709325724786009e+00
3.255136917809537955e+00 3.257328633674071661e+00 3.155191298001248423e+00 3.233102789530722276e+00 3.258768647005704455e+00
3.246198714987052814e+00 3.248395533880362951e+00 3.143625690122388683e+00 3.223930094889155384e+00 3.247830188410012475e+00
3.237260547929357024e+00 3.239465284338760132e+00 3.132067919293023639e+00 3.214757932358755621e+00 3.236894237090225612e+00
3.228322419369682450e+00 3.230537899985277406e+00 3.120518271919977771e+00 3.205586307586493877e+00 3.225961075920737997e+00
3.219384331908643038e+00 3.221613395696732773e+00 3.108977031307698535e+00 3.196415226102872875e+00 3.215030983625311922e+00
3.210446288020686101e+00 3.212691786298177643e+00 3.097444477704617505e+00 3.187244693328970868e+00 3.204104234900097659e+00
3.201508290060228745e+00 3.203773086569999151e+00 3.085920888348339552e+00 3.178074714583157601e+00 3.193181100537013872e+00
3.192570340267540274e+00 3.194857311254715615e+00 3.074406537509696502e+00 3.168905295087498519e+00 3.182261847543812472e+00
3.183632440774314620e+00 3.185944475063489545e+00 3.062901696535694995e+00 3.159736439973869437e+00 3.171346739263265935e+00
3.174694593608951010e+00 3.177034592682366210e+00 3.051406633891397213e+00 3.150568154289781653e+00 3.160436035489421425e+00
