2.389399247957330630e+01 2.401319925657070797e+01 2.395840328562509214e+01 2.388975028389846500e+01 2.391651835199574450e+01
2.379081781161284326e+01 2.403141488992472574e+01 2.392174376586946138e+01 2.378284550034987177e+01 2.383580004386463713e+01
2.369045622389925043e+01 2.405437807635476943e+01 2.388987515762343961e+01 2.367926786870457434e+01 2.375781711291945086e+01
2.359288901953001272e+01 2.408181993938046261e+01 2.386265831884710664e+01 2.357900048401103632e+01 2.368254216184537597e+01
2.349809851176385322e+01 2.411347323852414704e+01 2.383995968546205901e+01 2.348202729096545482e+01 2.360994838992358780e+01
2.340606788233788649e+01 2.414907187654904064e+01 2.382165031669061861e+01 2.338833297155467150e+01 2.354000956394171595e+01
2.331678106555686369e+01 2.418835144079643484e+01 2.380760487096235423e+01 2.329790288857950742e+01 2.347270000448125771e+01
2.323022266086318766e+01 2.423104966039019814e+01 2.379770077505185810e+01 2.321072300579544034e+01 2.340799455316209787e+01
2.314637784414896515e+01 2.427690682227213159e+01 2.379181762328182614e+01 2.312677981844890596e+01 2.334586854934225642e+01
2.306523228955774485e+01 2.432566620941714319e+01 2.378983653843119583e+01 2.304606029071419826e+01 2.328629781202844740e+01
2.298677210767323587e+01 2.437707465353145508e+01 2.379163955692341759e+01 2.296855181127184053e+01 2.322925862010340126e+01
2.291098378716248618e+01 2.443088285675563753e+01 2.379710925080333084e+01 2.289424215284981301e+01 2.317472769529928911e+01
2.283785414265325642e+01 2.448684580118860410e+01 2.380612830530552415e+01 2.282311943176531344e+01 2.312268218114272855e+01
2.276737025919574364e+01 2.454472330319289242e+01 2.381857910645455689e+01 2.275517207139035847e+01 2.307309964138720915e+01
2.269951944502426855e+01 2.460428005991696310e+01 2.383434338786104334e+01 2.269038876923957559e+01 2.302595801457637492e+01
2.263428919323763466e+01 2.466528669440862487e+01 2.385330190270174455e+01 2.262875846522660339e+01 2.298123559179541431e+01
2.257166714109023431e+01 2.472751975600163021e+01 2.387533415440767826e+01 2.257027031583586663e+01 2.293891106204704755e+01
2.251164103280318685e+01 2.479076211874389202e+01 2.390031813078463330e+01 2.251491366284168905e+01 2.289896338178601454e+01
2.245419868216225723e+01 2.485480327136360046e+01 2.392813004463971893e+01 2.246267801407484654e+01 2.286137191521575929e+01
2.239932793480621953e+01 2.491943949111169587e+01 2.395864408599088691e+01 2.241355301554888513e+01 2.282611622585312361e+01
2.234701663255717818e+01 2.498447418354417593e+01 2.399173221451487237e+01 2.236752842891107562e+01 2.279317623613657773e+01
2.229725257869148081e+01 2.504971807580647791e+01 2.402726395612157617e+01 2.232459411276558470e+01 2.276253205531126156e+01
2.225002350344788837e+01 2.511498944336367956e+01 2.406510621845238873e+01 2.228473998168328762e+01 2.273416405828617570e+01
2.220531702702909271e+01 2.518011422225848150e+01 2.410512311962649079e+01 2.224795599945060331e+01 2.270805281122173369e+01
2.216312062462030852e+01 2.524492614803040880e+01 2.414717582864380319e+01 2.221423214767054333e+01 2.268417906628861402e+01
2.212342158612857190e+01 2.530926679795134149e+01 2.419112242078695374e+01 2.218355840516550614e+01 2.266252373120462593e+01
2.208620697965553603e+01 2.537298562090492737e+01 2.423681774731459981e+01 2.215592472228558307e+01 2.264306784910979786e+01
2.205146360548138773e+01 2.543593994951364223e+01 2.428411332041255477e+01 2.213132099354775661e+01 2.262579255135566569e+01
2.201917795581795545e+01 2.549799500007497599e+01 2.433285721457967199e+01 2.210973703044688321e+01 2.261067903699272108e+01
2.198933616767993371e+01 2.555902377828445182e+01 2.438289398794804086e+01 2.209116252916638601e+01 2.259770852423345744e+01
2.196192397179887834e+01 2.561890700194785708e+01 2.443406462434924364e+01 2.207558703808275880e+01 2.258686220003944101e+01
2.193692664478391663e+01 2.567753300407075301e+01 2.448620646285982261e+01 2.206299992234205831e+01 2.257812119239090265e+01
2.191432894675974907e+01 2.573479755785700362e+01 2.453915318565092818e+01 2.205339032721367687e+01 2.257146647708268716e+01
2.189411505483004561e+01 2.579060370688621262e+01 2.459273482084198292e+01 2.204674713342836156e+01 2.256687886895165818e+01
2.187626850835638948e+01 2.584486157902532710e+01 2.464677770700139092e+01 2.204305891023199493e+01 2.256433888154384704e+01
2.186077211953629629e+01 2.589748817838506056e+01 2.470110468199752418e+01 2.204231386428743278e+01 2.256382673846026776e+01
2.184760789769996947e+01 2.594840712462719168e+01 2.475553494455858328e+01 2.204449978012544165e+01 2.256532216374081301e+01
2.183675696945704203e+01 2.599754840889927010e+01 2.480988440041485177e+01 2.204960395108487603e+01 2.256880443168673622e+01
2.182819945924702054e+01 2.604484813522636699e+01 2.486396557911866978e+01 2.205761310336870906e+01 2.257425205015971059e+01
2.182191439853895076e+01 2.609024821146284978e+01 2.491758796101238005e+01 2.206851331568250174e+01 2.258164287233968537e+01
2.181787959887203243e+01 2.613369605305120302e+01 2.497055810187417535e+01 2.208228991395344920e+01 2.259095363139429580e+01
2.181607150115636884e+01 2.617514428434077089e+01 2.502267985547413076e+01 2.209892735784461593e+01 2.260216013481744923e+01
2.181646505597019470e+01 2.621455041355423177e+01 2.507375482000033529e+01 2.211840910735425325e+01 2.261523660192605334e+01
2.181903352767041326e+01 2.625187649267102685e+01 2.512358238957542511e+01 2.214071748173412857e+01 2.263015596550298625e+01
2.182374830252468101e+01 2.628708878419110206e+01 2.517196049170672723e+01 2.216583346225290541e+01 2.264688894388823215e+01
2.183057872312203784e+01 2.632015742219357435e+01 2.521868567685940477e+01 2.219373648708248226e+01 2.266540446387997321e+01
2.183949179016817155e+01 2.635105605153136210e+01 2.526355388623127851e+01 2.222440421271225119e+01 2.268566867271157506e+01
2.185045191932352182e+01 2.637976147992132780e+01 2.530636082180054913e+01 2.225781221841891622e+01 2.270764475568414653e+01
2.186342067859731131e+01 2.640625332155378757e+01 2.534690255771476330e+01 2.229393364265975919e+01 2.273129230639868581e+01
2.187835636478360968e+01 2.643051363447031932e+01 2.538497638749713659e+01 2.233273876016886206e+01 2.275656682987775881e+01
2.189521376420019649e+01 2.645252655684808474e+01 2.542038109598697915e+01 2.237419458971732666e+01 2.278341914964310533e+01
2.192603731044953008e+01 2.647741212514210218e+01 2.547325014758967399e+01 2.243288307003182780e+01 2.282542454247454344e+01
2.198269898540429068e+01 2.650976755072870006e+01 2.556190764571222118e+01 2.252326260804364821e+01 2.289593324109902994e+01
2.206487337903326917e+01 2.654881821602928937e+01 2.568345163550368682e+01 2.264509553796135677e+01 2.299453787409275307e+01
2.217220729109060784e+01 2.659382520897923641e+01 2.583498981450049214e+01 2.279811695628915302e+01 2.312080222707361088e+01
2.230431511794344601e+01 2.664408170611869053e+01 2.601363439663732180e+01 2.298202823984453502e+01 2.327425076671760706e+01
2.246077378868975316e+01 2.669890995766370523e+01 2.621650359505157368e+01 2.319648932478037651e+01 2.345435765069786882e+01
2.264111694077226389e+01 2.675765859530621782e+01 2.644072638946722975e+01 2.344110877881793087e+01 2.366053383123798071e+01
2.284482869437918851e+01 2.681970018768089403e+01 2.668344936046215565e+01 2.371543176413539200e+01 2.389211286753717189e+01
2.307133680957119637e+01 2.688442895766752372e+01 2.694184513701713612e+01 2.401892479765131938e+01 2.414833466379077009e+01
2.332000359712542803e+01 2.695125819882146700e+01 2.721312251187444886e+01 2.435095651372905223e+01 2.442832676150581150e+01
2.359011634638344290e+01 2.701961819983419844e+01 2.749453712025128738e+01 2.471077316089414921e+01 2.473108297589205407e+01
2.388087677776361417e+01 2.708895462717520175e+01 2.778340320937765284e+01 2.509746749648773445e+01 2.505543911102962440e+01
2.419138857267379450e+01 2.715872708025301563e+01 2.807710622329706851e+01 2.550993927952476170e+01 2.540004538075208984e+01
2.452064298131360687e+01 2.722840806911186107e+01 2.837311615374951401e+01 2.594684530296379421e+01 2.576333641752449566e+01
2.486750274765071467e+01 2.729748268134816058e+01 2.866900122040735965e+01 2.640653673920977695e+01 2.614349979044105510e+01
2.523068424591747672e+01 2.736544912537416252e+01 2.896244176118630875e+01 2.688698238473991964e+01 2.653843959127734209e+01
2.560873774182554996e+01 2.743182029913725373e+01 2.925124421772249761e+01 2.738567389398545160e+01 2.694574228066322874e+01
2.600002591989241196e+01 2.749612650416259640e+01 2.953335492836233911e+01 2.789951702025397040e+01 2.736264661526791286e+01
2.640270129341928751e+01 2.755791956507730589e+01 2.980687335603318289e+01 2.842471288267186935e+01 2.778601851880029017e+01
2.681468331911849745e+01 2.761677827513262429e+01 3.007006441318188905e+01 2.895664184558335563e+01 2.821233769199064767e+01
2.723363646423619500e+01 2.767231495495257576e+01 3.032136961144384912e+01 2.948976535065895277e+01 2.863770255599080272e+01
2.765695127879494919e+01 2.772418261323448618e+01 3.055941658120190496e+01 3.001758691564917569e+01 2.905786181348787167e+01
2.808173137483614923e+01 2.777208197792397470e+01 3.078302661860085720e+01 3.053272043150072790e+01 2.946827867884157115e+01
2.850479002341997159e+01 2.781576739017739897e+01 3.099121988526567506e+01 3.102710734716381680e+01 2.986423844816067330e+01
2.892266108915307399e+01 2.785505064445114343e+01 3.118321795297309862e+01 3.149242293484416066e+01 3.024099457410524749e+01
2.933162935801776428e+01 2.788980222473850645e+01 3.135844354158899350e+01 3.192066753785099564e+01 3.059395768848774111e+01
2.972778925114571180e+01 2.791994967615663725e+01 3.151651704685471600e+01 3.230486996935423605e+01 3.091891395710741364e+01
3.010713172427174200e+01 2.794547331792658795e+01 3.165724998459492667e+01 3.263977297755022278e+01 3.121225117191681520e+01
3.046566380229722881e+01 2.796640007821930141e+01 3.178063527002776212e+01 3.292233525520745019e+01 3.147116732759177182e+01
3.079956268436498945e+01 2.798279620534835033e+01 3.188683474468365731e+01 3.315192277202160653e+01 3.169383087539909383e+01
3.110535199791347338e+01 2.799475962740334367e+01 3.197616392105724969e+01 3.333015681781526496e+01 3.187946731077860463e+01
3.138008740764039572e+01 2.800241267718817539e+01 3.204907464085545143e+01 3.346047293838232406e+01 3.202835699602729846e+01
3.162153053881527143e+01 2.800589549965383185e+01 3.210613609262949808e+01 3.354752986331489950e+01 3.214174540963013271e+01
3.182643605257859676e+01 2.800494886571010156e+01 3.214725676243534735e+01 3.359611298420578152e+01 3.222085785862184082e+01
3.199329677288904961e+01 2.799940262134310487e+01 3.217267728199745846e+01 3.361146054241280012e+01 3.226798524138850865e+01
3.212362900990848402e+01 2.798953221664103452e+01 3.218353723832405677e+01 3.359907592748469796e+01 3.228670431996078349e+01
3.221959002176939180e+01 2.797559961125535466e+01 3.218095134811958502e+01 3.356383487778367680e+01 3.228058647182883334e+01
3.228383545657672471e+01 2.795785288526802503e+01 3.216600261732762789e+01 3.350993114332710832e+01 3.225305901841252876e+01
3.231936122596059846e+01 2.793652616891241180e+01 3.213973174330622129e+01 3.344089224953390982e+01 3.220730106683122074e+01
3.232932876681352496e+01 2.791183969312819002e+01 3.210313029999397116e+01 3.335963755459982849e+01 3.214618495774028162e+01
3.231690546797717190e+01 2.788400012053959287e+01 3.205713619591440988e+01 3.326855271454038387e+01 3.207224861694267304e+01
3.228514233368124309e+01 2.785320107414259283e+01 3.200262951786266541e+01 3.316957217338275399e+01 3.198769225364721791e+01
3.223687752837627585e+01 2.781962399130539509e+01 3.194043055237806428e+01 3.306425650322007925e+01 3.189439499985074988e+01
3.217467874655874738e+01 2.778343844365245374e+01 3.187129901076843552e+01 3.295385805399389056e+01 3.179394176334335498e+01
3.210081646820570001e+01 2.774480265165593451e+01 3.179593421326660518e+01 3.283938019559147392e+01 3.168765551399533109e+01
3.201726050994260930e+01 2.770386459531227885e+01 3.171497658192610203e+01 3.272162828942708046e+01 3.157663198455420073e+01
3.192569406119259767e+01 2.766076256443962578e+01 3.162901003430151547e+01 3.260124720429568868e+01 3.146177325020894244e+01
3.182753784836604893e+01 2.761562580391875699e+01 3.153856479795688372e+01 3.247875240486748538e+01 3.134381819499538935e+01
3.172397948121233924e+01 2.756857508605851592e+01 3.144412054631249731e+01 3.235455871147561169e+01 3.122336957377316935e+01
3.161600423781746372e+01 2.751972305918301132e+01 3.134610983050152200e+01 3.222900024072959013e+01 3.110091796579072465e+01
3.150442487396702518e+01 2.746917507918890422e+01 3.124492167345909976e+01 3.210234602479837918e+01 3.097686193482193673e+01
3.138990916894833916e+01 2.741702974689648542e+01 3.114090517729629326e+01 3.197481330953416645e+01 3.085152485030561209e+01
3.127300419243795560e+01 2.736337935704525748e+01 3.103437301218329836e+01 3.184657829299912635e+01 3.072516902133623162e+01
3.115415720511894904e+01 2.730831033759412563e+01 3.092560476743284426e+01 3.171778464201552339e+01 3.059800718894742744e+01
3.103373348974837498e+01 2.725190362959681778e+01 3.081485013863947131e+01 3.158854969170403848e+01 3.047021194538937294e+01
3.091203138463791333e+01 2.719423498873486977e+01 3.070233191080313517e+01 3.145896897034280215e+01 3.034192347109450694e+01
3.078929457880148846e+01 2.713537542384652568e+01 3.058824871347419005e+01 3.132912055566640674e+01 3.021325570074034417e+01
3.066572227858898003e+01 2.707539154230902412e+01 3.047277754768469649e+01 3.119906868607879602e+01 3.008430134772124376e+01
3.054147750669686445e+01 2.701434579033378114e+01 3.035607608944381752e+01 3.106886646699578947e+01 2.995513599822828610e+01
3.041669386794404417e+01 2.695229694965945200e+01 3.023828478238841910e+01 3.093855787600111640e+01 2.982582135575214011e+01
3.029148108012952179e+01 2.688929999880356903e+01 3.011952868009662865e+01 3.080817936177701455e+01 2.969640786609362593e+01
3.016592938364089349e+01 2.682540698894991138e+01 2.999991920035894921e+01 3.067776119716972616e+01 2.956693682499698639e+01
3.004011315793641756e+01 2.676066651726053180e+01 2.987955573586211599e+01 3.054732862018717654e+01 2.943744211204421646e+01
2.991409384060405330e+01 2.669512463189191820e+01 2.975852684946401894e+01 3.041690275514245911e+01 2.930795171866824234e+01
2.978792229002049652e+01 2.662882445817815480e+01 2.963691151351083874e+01 3.028650133424032731e+01 2.917848873794516606e+01
2.966164071734814200e+01 2.656180672250540908e+01 2.951478026754414330e+01 3.015613926818308954e+01 2.904907217151410848e+01
2.953528422666657249e+01 2.649410975328494544e+01 2.939219599780795988e+01 3.002582911630988605e+01 2.891971770671360886e+01
2.940888205166472602e+01 2.642576968649197156e+01 2.926921490525235114e+01 2.989558148733449983e+01 2.879043834780775768e+01
2.928245862615807837e+01 2.635682062284136151e+01 2.914588723614030741e+01 2.976540533133659494e+01 2.866124491329921042e+01
2.915603444395957311e+01 2.628729475292097106e+01 2.902225801851125198e+01 2.963530830119266213e+01 2.853214642603359152e+01
2.902962672014665202e+01 2.621722248859890669e+01 2.889836754656281315e+01 2.950529683422073646e+01 2.840315042968284587e+01
2.890325000968017122e+01 2.614663257059363488e+01 2.877425193249802149e+01 2.937537657297856342e+01 2.827426322063006836e+01
2.877691653510976266e+01 2.607555219586808803e+01 2.864994357045726758e+01 2.924555226058359736e+01 2.814549006347944982e+01
2.865063658364612209e+01 2.600400705710368143e+01 2.852547156331367262e+01 2.911582794594213652e+01 2.801683537026288207e+01
2.852441888042744367e+01 2.593202151911332365e+01 2.840086204148525439e+01 2.898620717381348300e+01 2.788830284108498958e+01
2.839827083363532978e+01 2.585961859352596548e+01 2.827613851092045749e+01 2.885669289425083051e+01 2.775989561679362438e+01
2.827219877648796498e+01 2.578682013288439379e+01 2.815132214165949875e+01 2.872728768726866377e+01 2.763161636281211031e+01
2.814620810711095089e+01 2.571364679707103562e+01 2.802643201601474487e+01 2.859799377026935474e+01 2.750346731855825411e+01
2.802030343041811378e+01 2.564011821893628706e+01 2.790148533193195846e+01 2.846881305581140964e+01 2.737545045744745664e+01
2.789448868694886130e+01 2.556625298603589158e+01 2.777649761379493043e+01 2.833974723444373112e+01 2.724756735142581121e+01
2.776876725362623333e+01 2.549206877809593053e+01 2.765148289549922112e+01 2.821079774910613125e+01 2.711981943226621539e+01
2.764314202059913583e+01 2.541758234553122264e+01 2.752645386602207722e+01 2.808196586983583387e+01 2.699220783608247487e+01
2.751761548460333628e+01 2.534280964279340509e+01 2.740142200820645257e+01 2.795325269505714161e+01 2.686473356960416581e+01
2.739218979152716926e+01 2.526776578980457089e+01 2.727639772442766741e+01 2.782465917526569754e+01 2.673739747910344988e+01
2.726686681524986966e+01 2.519246520583630655e+01 2.715139045429888043e+01 2.769618614054082428e+01 2.661020029902160644e+01
2.714164818731935114e+01 2.511692156449012359e+01 2.702640875396660647e+01 2.756783430904049581e+01 2.648314267097938668e+01
2.701653530669983638e+01 2.504114791529261552e+01 2.690146038186916044e+01 2.743960433428145507e+01 2.635622513718602633e+01
2.689152941640117334e+01 2.496515664654210198e+01 2.677655243031196619e+01 2.731149673134502009e+01 2.622944818920863597e+01
2.676663155342570022e+01 2.488895958752756954e+01 2.665169129065030873e+01 2.718351202642020326e+01 2.610281223072779966e+01
2.664184264788541512e+01 2.481256798031436972e+01 2.652688289624324369e+01 2.705565065774592881e+01 2.597631762835361613e+01
2.651716347846738842e+01 2.473599256746975783e+01 2.640213252470849881e+01 2.692791296741828688e+01 2.584996468938862435e+01
2.639259473741834583e+01 2.465924356634566905e+01 2.627744513624641698e+01 2.680029934559143001e+01 2.572375368789917616e+01
2.626813702393420158e+01 2.458233074870824098e+01 2.615282512054695374e+01 2.667281004047364235e+01 2.559768486325950221e+01
2.614379086293259391e+01 2.450526341490991200e+01 2.602827659612528777e+01 2.654544533038392018e+01 2.547175842150324598e+01
2.601955671908115519e+01 2.442805046626779131e+01 2.590380324310173066e+01 2.641820544933208126e+01 2.534597455133788557e+01
2.589543499850550745e+01 2.435070038159280514e+01 2.577940848301483712e+01 2.629109057492722812e+01 2.522033343430529584e+01
2.577142605738948333e+01 2.427322128018955638e+01 2.565509541111097747e+01 2.616410088960342151e+01 2.509483519091864423e+01
2.564753020965397923e+01 2.419562090402580523e+01 2.553086689753236982e+01 2.603723654044690150e+01 2.496947998099081190e+01
2.552374772523827673e+01 2.411790666889425339e+01 2.540672554559425578e+01 2.591049766064131532e+01 2.484426794579950126e+01
2.540007884348656120e+01 2.404008565477531789e+01 2.528267378320034453e+01 2.578388436909100889e+01 2.471919916211611223e+01
2.527652376997754047e+01 2.396216464412903591e+01 2.515871380459769568e+01 2.565739676582600026e+01 2.459427376445931657e+01
2.515308268618450427e+01 2.388415010964985541e+01 2.503484766496965719e+01 2.553103494949120034e+01 2.446949185764655965e+01
2.502975575078290404e+01 2.380604826205464519e+01 2.491107722568766647e+01 2.540479899812125097e+01 2.434485351026108901e+01
2.490654310248608994e+01 2.372786506458282574e+01 2.478740422154442058e+01 2.527868898457976599e+01 2.422035882347966407e+01
2.478344486408722958e+01 2.364960618367337375e+01 2.466383023786159612e+01 2.515270497847694742e+01 2.409600787769807084e+01
2.466046114241578380e+01 2.357127708201893057e+01 2.454035674440489956e+01 2.502684702939932748e+01 2.397180074406831096e+01
2.453759203132999289e+01 2.349288302862199274e+01 2.441698509365633285e+01 2.490111519182699240e+01 2.384773749929878406e+01
2.441483761267055996e+01 2.341442901203134497e+01 2.429371653871551118e+01 2.477550950884692327e+01 2.372381821517773659e+01
2.429219795721880004e+01 2.333591983505242240e+01 2.417055222777886669e+01 2.465003001790446291e+01 2.360004296252785494e+01
2.416967312684773006e+01 2.325736015607499496e+01 2.404749322981788140e+01 2.452467675397155489e+01 2.347641181217698403e+01
2.404726317481073039e+01 2.317875439114066083e+01 2.392454055423119286e+01 2.439944974696894064e+01 2.335292483274916719e+01
2.392496814747334000e+01 2.310010677251691291e+01 2.380169510529990262e+01 2.427434902443973286e+01 2.322958209579420696e+01
2.380278808508497335e+01 2.302142141315929891e+01 2.367895772550186706e+01 2.414937461081949976e+01 2.310638367482394884e+01
2.368072302236751270e+01 2.294270223043354306e+01 2.355632924806545603e+01 2.402452652834399416e+01 2.298332963663301243e+01
2.355877298968387379e+01 2.286395297462629728e+01 2.343381040738697152e+01 2.389980479871476149e+01 2.286042005688114997e+01
2.343693801304811686e+01 2.278517728214689342e+01 2.331140185515297247e+01 2.377520943931423147e+01 2.273765501031039804e+01
2.331521811510517139e+01 2.270637863251417343e+01 2.318910427791024986e+01 2.365074046913013106e+01 2.261503456836911141e+01
2.319361331526889458e+01 2.262756036125653480e+01 2.306691828089419616e+01 2.352639790494021810e+01 2.249255880869653978e+01
2.307212363028818203e+01 2.254872569885639066e+01 2.294484438144240102e+01 2.340218176175797993e+01 2.237022780882767847e+01
2.295074907461895819e+01 2.246987774431948992e+01 2.282288313107996203e+01 2.327809205561757011e+01 2.224804164737781775e+01
2.282948966077488961e+01 2.239101946583700808e+01 2.270103502329156342e+01 2.315412880079637148e+01 2.212600040541156687e+01
2.270834539966259769e+01 2.231215374645694283e+01 2.257930049171490694e+01 2.303029201212058652e+01 2.200410416612959352e+01
2.258731630094462162e+01 2.223328335411287782e+01 2.245767997582069597e+01 2.290658170422821627e+01 2.188235301526204779e+01
2.246640237317799915e+01 2.215441093386904825e+01 2.233617387924043030e+01 2.278299789184764634e+01 2.176074704060662413e+01
2.234560362421835222e+01 2.207553906359152052e+01 2.221478257069432161e+01 2.265954059026737966e+01 2.163928633262262125e+01
2.222492006124000952e+01 2.199667021943589873e+01 2.209350641102889057e+01 2.253620981501057585e+01 2.151797098462876789e+01
2.210435169109289433e+01 2.191780676698617469e+01 2.197234573995345386e+01 2.241300558249462682e+01 2.139680109303601796e+01
2.198389852014107149e+01 2.183895101259946259e+01 2.185130086543010464e+01 2.228992790989035555e+01 2.127577675616685937e+01
2.186356055488271721e+01 2.176010517417681811e+01 2.173037209454232865e+01 2.216697681484978233e+01 2.115489807613339934e+01
2.174333780223508228e+01 2.168127137484429312e+01 2.160955971865450920e+01 2.204415231651460871e+01 2.103416515813634646e+01
2.162323026847655782e+01 2.160245168127697113e+01 2.148886400061192603e+01 2.192145443465659582e+01 2.091357810964287722e+01
2.150323796093087481e+01 2.152364808432134780e+01 2.136828520116033303e+01 2.179888319032513522e+01 2.079313704208421854e+01
2.138336088788336653e+01 2.144486249288373259e+01 2.124782357275672595e+01 2.167643860589348392e+01 2.067284206995512363e+01
2.126359905691762364e+01 2.136609676412335190e+01 2.112747934671708450e+01 2.155412070484864984e+01 2.055269331111906439e+01
2.114395247708301540e+01 2.128735268948921089e+01 2.100725274633882123e+01 2.143192951225077536e+01 2.043269088690598778e+01
2.102442115869021677e+01 2.120863198820017459e+01 2.088714399173612435e+01 2.130986505457416413e+01 2.031283492218929254e+01
2.090500511185522470e+01 2.112993633258633253e+01 2.076715328942475836e+01 2.118792735987343079e+01 2.019312554547588690e+01
2.078570434811104306e+01 2.105126733825921903e+01 2.064728083688175531e+01 2.106611645788205678e+01 2.007356288952111711e+01
2.066651888033232254e+01 2.097262655721223013e+01 2.052752682908057835e+01 2.094443237998714125e+01 1.995414709035155454e+01
2.054744872200684114e+01 2.089401549732868801e+01 2.040789145256268355e+01 2.082287515945799328e+01 1.983487828812094378e+01
2.042849388795917420e+01 2.081543561819257349e+01 2.028837488689769586e+01 2.070144483136968461e+01 1.971575662700812970e+01
2.030965439440030096e+01 2.073688832394151049e+01 2.016897730967172464e+01 2.058014143271640961e+01 1.959678225546315744e+01
2.019093025873830527e+01 2.065837497655386557e+01 2.004969889300833685e+01 2.045896500255461703e+01 1.947795532605969271e+01
2.007232149982938552e+01 2.057989689664932698e+01 1.993053980271294279e+01 2.033791558190918991e+01 1.935927599565484769e+01
1.995382813805795408e+01 2.050145535684939446e+01 1.981150020506652609e+01 2.021699321400815563e+01 1.924074442554159603e+01
1.983545019525048758e+01 2.042305159003521453e+01 1.969258026250614790e+01 2.009619794423933570e+01 1.912236078150951002e+01
1.971718769488817102e+01 2.034468679320097806e+01 1.957378013111419079e+01 1.997552982024300405e+01 1.900412523393686470e+01
1.959904066219098340e+01 2.026636212152358851e+01 1.945509996953110132e+01 1.985498889201790007e+01 1.888603795788363016e+01
1.948100912395232243e+01 2.018807869340475492e+01 1.933653993367030210e+01 1.973457521195697595e+01 1.876809913318155054e+01
1.936309310879591905e+01 2.010983759592300046e+01 1.921810017449543295e+01 1.961428883488645880e+01 1.865030894458677224e+01
1.924529264727082278e+01 2.003163987667424095e+01 1.909978084560461653e+01 1.949412981817972224e+01 1.853266758199950459e+01
1.912760777170004900e+01 1.995348654919684606e+01 1.898158209893466264e+01 1.937409822183003882e+01 1.841517524013709917e+01
1.901003851637805653e+01 1.987537860403196888e+01 1.886350408431326642e+01 1.925419410849235291e+01 1.829783211897843387e+01
1.889258491765942338e+01 1.979731700086093227e+01 1.874554695271467963e+01 1.913441754352744439e+01 1.818063842378305495e+01
1.877524701393200246e+01 1.971930267302139583e+01 1.862771085521671566e+01 1.901476859512472473e+01 1.806359436594316747e+01
1.865802484570975750e+01 1.964133650031503464e+01 1.850999594242239255e+01 1.889524733434485526e+01 1.794670016149970238e+01
1.854091845569542585e+01 1.956341935713223634e+01 1.839240236590833888e+01 1.877585383518404427e+01 1.782995603240990334e+01
1.842392788886467869e+01 1.948555210004868243e+01 1.827493027848786156e+01 1.865658817474479036e+01 1.771336220635463476e+01
1.830705319250067475e+01 1.940773555753364121e+01 1.815757983345187654e+01 1.853745043311446139e+01 1.759691891765320904e+01
1.819029441623813881e+01 1.932997053764106354e+01 1.804035118539286486e+01 1.841844069356687541e+01 1.748062640607107454e+01
1.807365161218371341e+01 1.925225776824827761e+01 1.792324449105432294e+01 1.829955904262648048e+01 1.736448491741815303e+01
1.795712483494445877e+01 1.917459802672346214e+01 1.780625990841829420e+01 1.818080557035886002e+01 1.724849470388319617e+01
1.784071414167111769e+01 1.909699204810087991e+01 1.768939759705800085e+01 1.806218036995090159e+01 1.713265602457950365e+01
1.772441959217908902e+01 1.901944054776376092e+01 1.757265771947210098e+01 1.794368353814837747e+01 1.701696914526302962e+01
1.760824124898240228e+01 1.894194421626065505e+01 1.745604044012255684e+01 1.782531517532445875e+01 1.690143433776087178e+01
1.749217917733692573e+01 1.886450369022483642e+01 1.733954592552866458e+01 1.770707538575292261e+01 1.678605188100645762e+01
1.737623344538007686e+01 1.878711964004127921e+01 1.722317434559248639e+01 1.758896427708912569e+01 1.667082206119505372e+01
1.726040412415947145e+01 1.870979269946357348e+01 1.710692587288331978e+01 1.747098196092746392e+01 1.655574517240599874e+01
1.714469128766283745e+01 1.863252348576768824e+01 1.699080068271549138e+01 1.735312855292662348e+01 1.644082151489713084e+01
1.702909501300163697e+01 1.855531259171072733e+01 1.687479895406511687e+01 1.723540417294193361e+01 1.632605139680992323e+01
1.691361538042957591e+01 1.847816058633718939e+01 1.675892086924073254e+01 1.711780894459645097e+01 1.621143513395254487e+01
1.679825247335154614e+01 1.840106804232767601e+01 1.664316661397814201e+01 1.700034299584132569e+01 1.609697305138423218e+01
1.668300637855316992e+01 1.832403550948650661e+01 1.652753637803025555e+01 1.688300645920144305e+01 1.598266548045380198e+01
1.656787718621514927e+01 1.824706352348323080e+01 1.641203035508338814e+01 1.676579947166615625e+01 1.586851276126762578e+01
1.645286498990493840e+01 1.817015259950026618e+01 1.629664874285247578e+01 1.664872217446722757e+01 1.575451524225575817e+01
1.633796988684067486e+01 1.809330324179161309e+01 1.618139174351304987e+01 1.653177471358356243e+01 1.564067328181034711e+01
1.622319197790909584e+01 1.801651594629359110e+01 1.606625956373524389e+01 1.641495724018037095e+01 1.552698724597103386e+01
1.610853136764461269e+01 1.793979119410898804e+01 1.595125241482385903e+01 1.629826991011053394e+01 1.541345750970218376e+01
1.599398816452296579e+01 1.786312945475595981e+01 1.583637051298627618e+01 1.618171288405009989e+01 1.530008445731111344e+01
1.587956248098643464e+01 1.778653117584069321e+01 1.572161407948684264e+01 1.606528632788077005e+01 1.518686848351397423e+01
1.576525443340803356e+01 1.770999680418716338e+01 1.560698334082593597e+01 1.594899041340528179e+01 1.507380999268723443e+01
1.565106414242138833e+01 1.763352677487966957e+01 1.549247852892548316e+01 1.583282531726209363e+01 1.496090939803718456e+01
1.553699173295441049e+01 1.755712151174346047e+01 1.537809988132241834e+01 1.571679122164686859e+01 1.484816712332161082e+01
1.542303733417203482e+01 1.748078142823761283e+01 1.526384764139418593e+01 1.560088831446409330e+01 1.473558360320947358e+01
1.530920107985145329e+01 1.740450691466280730e+01 1.514972205849235820e+01 1.548511679038557531e+01 1.462315928422342814e+01
1.519548310842575845e+01 1.732829836960282321e+01 1.503572338823098775e+01 1.536947684901418221e+01 1.451089462170617850e+01
