1.581402001745424002e+01
4.620345937982750506e+00
3.718236581676715335e+00
7.135762312366672466e-01
4.936471528524348784e+00
2.965213563948147169e+00
1.891980943170926022e+00
2.004377069974348835e+00
8.692735642870417223e+00
5.418019532925780091e+00
1.050000000000000000e+01
0.000000000000000000e+00
1.179982932822784027e-02
2.159965865645567529e-02
1.389572788083267785e+00
1.074060983284976650e-02
1.000000000000000056e-01
0.000000000000000000e+00
2.023419762144103573e-01
1.790455044031089016e-01
1.018116635537875915e-03
3.623327107575195712e-05
1.000000000000000056e-01
0.000000000000000000e+00
5.000000000000000000e+00
0.000000000000000000e+00
1.241912484366349290e+01
2.802025718978667701e+00
1.276063081092098273e+01
4.334213651971415615e+00
2.729164760988583849e-02
3.504327820518345765e-02
1.520157440227455403e+01
6.378040445602199959e+00
6.905222676570528684e+00
1.689073516474342007e-01
3.313244339957113649e+00
1.027504976566844030e+00
6.900875746684648204e-02
1.298031643253175771e-01
