1.723029677160163331e+01 1.729034103429710001e+01 1.721472537955093429e+01 1.721913049732797774e+01 1.731430155344439825e+01
1.716500743263515005e+01 1.728359285901778009e+01 1.713438563366674217e+01 1.714277233772781273e+01 1.733132214220287537e+01
1.710412069746261210e+01 1.727971310410637784e+01 1.705896413300402159e+01 1.707091951768943972e+01 1.735098551121118149e+01
1.704762572705932300e+01 1.727866044798421896e+01 1.698844465163265838e+01 1.700356619835704564e+01 1.737321649454170824e+01
1.699551209334014246e+01 1.728039455656551127e+01 1.692281132801007359e+01 1.694070669498974979e+01 1.739794095542868746e+01
1.694776974705898454e+01 1.728487602524398170e+01 1.686204863117702502e+01 1.688233546712488220e+01 1.742508573265651606e+01
1.690438898894693764e+01 1.729206632364704532e+01 1.680614133140137767e+01 1.682844710946820754e+01 1.745457859217066954e+01
1.686536044364285658e+01 1.730192774270325629e+01 1.675507447469487943e+01 1.677903634336998806e+01 1.748634818356797993e+01
1.683067503604616277e+01 1.731442334391837790e+01 1.670883336070028591e+01 1.673409800887682053e+01 1.752032400074818241e+01
1.680032396981073006e+01 1.732951691052894816e+01 1.666740352343618881e+01 1.669362705726754470e+01 1.755643634628161820e+01
1.677429870769491060e+01 1.734717290032687842e+01 1.663077071456913814e+01 1.665761854403921305e+01 1.759461629906155622e+01
1.675259095354237004e+01 1.736735639993463920e+01 1.659892088886379469e+01 1.662606762228822532e+01 1.763479568489302807e+01
1.673519263568182680e+01 1.739003308032895134e+01 1.657184019152712651e+01 1.659896953644352635e+01 1.767690704970314641e+01
1.672209589156768672e+01 1.741516915342202765e+01 1.654951494719867355e+01 1.657631961631219752e+01 1.772088363510887632e+01
1.671329305349279792e+01 1.744273132951733629e+01 1.653193165036312706e+01 1.655811327139970857e+01 1.776665935611080727e+01
1.670877663522920997e+01 1.747268677546583504e+01 1.651907695699182455e+01 1.654434598546892587e+01 1.781416878071021515e+01
1.670853931945550030e+01 1.750500307335461159e+01 1.651093767723667582e+01 1.653501331130533458e+01 1.786334711127343411e+01
1.671257394585200018e+01 1.753964817956505584e+01 1.650750076901819696e+01 1.653011086565610199e+01 1.791413016748911247e+01
1.672087349973718062e+01 1.757659038404174012e+01 1.650875333236535525e+01 1.652963432431270263e+01 1.796645437078406360e+01
1.673343110113821552e+01 1.761579826961597917e+01 1.651468260437318847e+01 1.653357941730691039e+01 1.802025673007629081e+01
1.675023999418202791e+01 1.765724067123002428e+01 1.652527595465844357e+01 1.654194192419042864e+01 1.807547482876067946e+01
1.677129353670056133e+01 1.770088663490841796e+01 1.654052088119646058e+01 1.655471766936839728e+01 1.813204681283384900e+01
1.679658518993986860e+01 1.774670537632312772e+01 1.656040500643505453e+01 1.657190251745659637e+01 1.818991138007465835e+01
1.682610850826202409e+01 1.779466623879805454e+01 1.658491607357904130e+01 1.659349236863118904e+01 1.824900777020603471e+01
1.685985712872320974e+01 1.784473865059633368e+01 1.661404194294837566e+01 1.661948315393845022e+01 1.830927575597169721e+01
1.689782476040513615e+01 1.789689208133115628e+01 1.664777058831174017e+01 1.664987083053022943e+01 1.837065563506898513e+01
1.694000517336672829e+01 1.795109599733708805e+01 1.668609009309968627e+01 1.668465137678852628e+01 1.843308822288305038e+01
1.698639218707266352e+01 1.800731981583418317e+01 1.672898864640012206e+01 1.672382078729921773e+01 1.849651484597456630e+01
1.703697965813728743e+01 1.806553285771165562e+01 1.677645453863800995e+01 1.676737506763165442e+01 1.856087733627812142e+01
1.709176146720843903e+01 1.812570429875122358e+01 1.682847615683568776e+01 1.681531022887590865e+01 1.862611802597162125e+01
1.715073150478621855e+01 1.818780311910323633e+01 1.688504197934799222e+01 1.686762228188505475e+01 1.869217974296135054e+01
1.721388365575345247e+01 1.825179805081992868e+01 1.694614056995506246e+01 1.692430723116069302e+01 1.875900580700004738e+01
1.728121178234934519e+01 1.831765752324089647e+01 1.701176057119077356e+01 1.698536106831521764e+01 1.882654002635205615e+01
1.735270970529322199e+01 1.838534960601551660e+01 1.708189069676760496e+01 1.705077976503202564e+01 1.889472669499708246e+01
1.742837118269969920e+01 1.845484194953536417e+01 1.715651972294815408e+01 1.712055926543619933e+01 1.896351059035828612e+01
1.750818988638854279e+01 1.852610172253764631e+01 1.723563647869024607e+01 1.719469547777072549e+01 1.903283697151580611e+01
1.759215937510649397e+01 1.859909554662602460e+01 1.731922983437172903e+01 1.727318426526056783e+01 1.910265157788830237e+01
1.768027306410989041e+01 1.867378942744102943e+01 1.740728868887125458e+01 1.735602143602420355e+01 1.917290062836065445e+01
1.777252419045210985e+01 1.875014868219627928e+01 1.749980195474240929e+01 1.744320273187168624e+01 1.924353082083690936e+01
1.786890577319994833e+01 1.882813786327894334e+01 1.759675854118356142e+01 1.753472381579409856e+01 1.931448933220007191e+01
1.796941056767465739e+01 1.890772067759473174e+01 1.769814733443721266e+01 1.763058025791879047e+01 1.938572381866071481e+01
1.807403101261822442e+01 1.898885990131802259e+01 1.780395717520583077e+01 1.773076751965845688e+01 1.945718241647735880e+01
1.818275916901997746e+01 1.907151728968696247e+01 1.791417683256797488e+01 1.783528093573383799e+01 1.952881374303115791e+01
1.829558664903359855e+01 1.915565348146225588e+01 1.802879497380107665e+01 1.794411569367875359e+01 1.960056689824105547e+01
1.841250453319780434e+01 1.924122789764406249e+01 1.814780012937170284e+01 1.805726681036070858e+01 1.967239146630221924e+01
1.853350327370464967e+01 1.932819863402029625e+01 1.827118065221787191e+01 1.817472910494909044e+01 1.974423751773391089e+01
1.865857258115777384e+01 1.941652234709515668e+01 1.839892467024786882e+01 1.829649716764608769e+01 1.981605561172431607e+01
1.878770129156815116e+01 1.950615413292325329e+01 1.853102003073474791e+01 1.842256532333582442e+01 1.988779679875573336e+01
1.892087720987522559e+01 1.959704739835241938e+01 1.866745423501498280e+01 1.855292758905705952e+01 1.995941262349873568e+01
1.905808692530375481e+01 1.968915372415747100e+01 1.880821436146396408e+01 1.868757762414099588e+01 2.003085512796199197e+01
1.919931559308528080e+01 1.978242271952840881e+01 1.895328697433022214e+01 1.882650867126655214e+01 2.010207685488407492e+01
1.934454667578063436e+01 1.987680186736449883e+01 1.910265801529239127e+01 1.896971348651045730e+01 2.017303085135711171e+01
1.949376163606999057e+01 1.997223635981278278e+01 1.925631267395367985e+01 1.911718425583610070e+01 2.024367067266744513e+01
1.964693957119392920e+01 2.006866892349599851e+01 1.941423523235847881e+01 1.926891249481741397e+01 2.031395038634293826e+01
1.980405677693718758e+01 2.016603963388229559e+01 1.957640887746451241e+01 1.942488892750273166e+01 2.038382457639496437e+01
1.996508622688341816e+01 2.026428571827753800e+01 1.974281547373200496e+01 1.958510333915307200e+01 2.045324834774280376e+01
2.012999694867984601e+01 2.036334134696836173e+01 1.991343528589877110e+01 1.974954439603660461e+01 2.052217733081063500e+01
2.029875327635338778e+01 2.046313741211839954e+01 2.008824663921623710e+01 1.991819942339131089e+01 2.059056768628424194e+01
2.047131395257223829e+01 2.056360129412802351e+01 2.026722550023302105e+01 2.009105412983801386e+01 2.065837611001720120e+01
2.064763104875832411e+01 2.066465661532419773e+01 2.045034495759077231e+01 2.026809226266045627e+01 2.072555983807568225e+01
2.082764866497701561e+01 2.076622298104915387e+01 2.063757457397191430e+01 2.044929517340235492e+01 2.079207665191066923e+01
2.101130136338720078e+01 2.086821570850933938e+01 2.082887957321728933e+01 2.063464126554116618e+01 2.085788488364777749e+01
2.119851227966728757e+01 2.097054554410922123e+01 2.102421981433315068e+01 2.082410528625614532e+01 2.092294342148338160e+01
2.138919084605239718e+01 2.107311837048287018e+01 2.122354848909835567e+01 2.101765740992528464e+01 2.098721171517709294e+01
2.158323004757641073e+01 2.117583490505900201e+01 2.142681045927558969e+01 2.121526204082549327e+01 2.105064978163038703e+01
2.178050311965771968e+01 2.127859039278863662e+01 2.163394012241143116e+01 2.141687623365623594e+01 2.111321821054120207e+01
2.198085958084652702e+01 2.138127429666645440e+01 2.184485865796873227e+01 2.162244758898670227e+01 2.117487817012486317e+01
2.218412048095941813e+01 2.148376999090300643e+01 2.205947046028477843e+01 2.183191142069826185e+01 2.123559141289129926e+01
2.239007273493608707e+01 2.158595446316791566e+01 2.227765849955278199e+01 2.204518690557960880e+01 2.129532028146897460e+01
2.259846240405587992e+01 2.168769803414230424e+01 2.249927827541191760e+01 2.226217179842788241e+01 2.135402771446617010e+01
2.280898679261609630e+01 2.178886410485182168e+01 2.272414992897674324e+01 2.248273511566830507e+01 2.141167725236019237e+01
2.302128524852634683e+01 2.188930894483782552e+01 2.295204796405062453e+01 2.270670693172168697e+01 2.146823304340550109e+01
2.323492860438037866e+01 2.198888153714762339e+01 2.318268790361161535e+01 2.293386407577304809e+01 2.152365984955164180e+01
2.344940728425837406e+01 2.208742349973485375e+01 2.341570909199464623e+01 2.316391004740574289e+01 2.157792305236221253e+01
2.366411824669108199e+01 2.218476910557185988e+01 2.365065279106799423e+01 2.339644690386398551e+01 2.163098865892625255e+01
2.387835115605226832e+01 2.228074542832511895e+01 2.388693477684039124e+01 2.363093630278784829e+01 2.168282330775361899e+01
2.409127449097045570e+01 2.237517264287269469e+01 2.412381194620751401e+01 2.386664657539426670e+01 2.173339427464610907e+01
2.430192272155318278e+01 2.246786451264001272e+01 2.436034316206005457e+01 2.410258319054536713e+01 2.178266947853616031e+01
2.450918621213910953e+01 2.255862909661805205e+01 2.459534591597453712e+01 2.433740217439328291e+01 2.183061748728545481e+01
2.471180609358221503e+01 2.264726970761918423e+01 2.482735258586993865e+01 2.456931124140834655e+01 2.187720752343566488e+01
2.490837690458685572e+01 2.273358614883483142e+01 2.505457319714202669e+01 2.479597277639081909e+01 2.192240946990396822e+01
2.509736017381341711e+01 2.281737624717299084e+01 2.527487539895148672e+01 2.501443646765891415e+01 2.196619387561631243e+01
2.527711205638172132e+01 2.289843768844414740e+01 2.548579593311895763e+01 2.522114442025102932e+01 2.200853196107091492e+01
2.544592738994647618e+01 2.297657014096747474e+01 2.568459938481961302e+01 2.541205993985175482e+01 2.204939562382602247e+01
2.560210086150430797e+01 2.305157763111638758e+01 2.586839694363996500e+01 2.558295963883558599e+01 2.208875744390488904e+01
2.574400332992100360e+01 2.312327110824664089e+01 2.603432794375561699e+01 2.572988497763694227e+01 2.212659068911201388e+01
2.587016801573741631e+01 2.319147111012302531e+01 2.617979003110883696e+01 2.584967771297625205e+01 2.216286932025479217e+01
2.597937795088823165e+01 2.325601041705765581e+01 2.630268406512014678e+01 2.594045678333570493e+01 2.219756799626424737e+01
2.607074379955342991e+01 2.331673656768657921e+01 2.640162572521193951e+01 2.600188222346174527e+01 2.223066207921014481e+01
2.614376093302526272e+01 2.337351410566446930e+01 2.647607619241484755e+01 2.603512031391087334e+01 2.226212763920499427e+01
2.619833700178909552e+01 2.342622643609082900e+01 2.652636242066565941e+01 2.604253980376666533e+01 2.229194145919191783e+01
2.623478587779167981e+01 2.347477719421836539e+01 2.655358708534960499e+01 2.602726064444532739e+01 2.232008103961230816e+01
2.625378955527858693e+01 2.351909106356998791e+01 2.655945640581079203e+01 2.599269688143679957e+01 2.234652460294794807e+01
2.625633478655946718e+01 2.355911402159277301e+01 2.654606928983673697e+01 2.594219315376432533e+01 2.237125109813456447e+01
2.624363451492231647e+01 2.359481303245387807e+01 2.651571023571985464e+01 2.587879177627076643e+01 2.239424020484261035e+01
2.621704494137082619e+01 2.362617524287576032e+01 2.647067585902153652e+01 2.580511969445715437e+01 2.241547233762178593e+01
2.617798759669661735e+01 2.365320676385732312e+01 2.641314877358102464e+01 2.572336271288680010e+01 2.243492864990650659e+01
2.612788295368410019e+01 2.367593113661435567e+01 2.634511916415788590e+01 2.563529232920215861e+01 2.245259103787874011e+01
2.606809891527024092e+01 2.369438758530924360e+01 2.626834637367159786e+01 2.554231795868670574e+01 2.246844214418624119e+01
2.599991473738618453e+01 2.370862915379760594e+01 2.618434984241683949e+01 2.544554676751527467e+01 2.248246536151390984e+01
2.592449899293469073e+01 2.371872081159471790e+01 2.609441909483376776e+01 2.534584116651057073e+01 2.249464483600594278e+01
2.584289911391934780e+01 2.372473759841263075e+01 2.599963443635375882e+01 2.524386936457445785e+01 2.250496547053759500e+01
2.575603970477398263e+01 2.372676285961551201e+01 2.590089238244926406e+01 2.514014756101516923e+01 2.251341292783456183e+01
2.566472696351235427e+01 2.372488660867066557e+01 2.579893194572353110e+01 2.503507402223570111e+01 2.251997363343924974e+01
2.556965695265583705e+01 2.371920403843609293e+01 2.569435952377388688e+01 2.492895602312358250e+01 2.252463477852331053e+01
2.547142595889096839e+01 2.370981419147851454e+01 2.558767125235091555e+01 2.482203085207493487e+01 2.252738432254564316e+01
2.537054166234493024e+01 2.369681879070863317e+01 2.547927240458569642e+01 2.471448204093810475e+01 2.252821099575585961e+01
2.526743424920054437e+01 2.368032122495045044e+01 2.536949383837793093e+01 2.460645183566404981e+01 2.252710430154310117e+01
2.516246692560927656e+01 2.366042568052687400e+01 2.525860571680520650e+01 2.449805074822449313e+01 2.252405451863039687e+01
2.505594553145195746e+01 2.363723640630647793e+01 2.514682882452339285e+01 2.438936486249993507e+01 2.251905270311575435e+01
2.494812711911558267e+01 2.361085709934416954e+01 2.503434382802055325e+01 2.428046142129333163e+01 2.251209069036035260e+01
2.483922747250837304e+01 2.358139039756947852e+01 2.492129881274138725e+01 2.417139310195384638e+01 2.250316109672518650e+01
2.472942760911465854e+01 2.354893746635560348e+01 2.480781539628692300e+01 2.406220129327012103e+01 2.249225732115770171e+01
2.461887934559025126e+01 2.351359766668046447e+01 2.469399367635542220e+01 2.395291861106935727e+01 2.247937354662930431e+01
2.450771002497371498e+01 2.347546829348797459e+01 2.457991623148637217e+01 2.384357083419788381e+01 2.246450474142675802e+01
2.439602650824953045e+01 2.343464437406394296e+01 2.446565135530021351e+01 2.373417839784083583e+01 2.244764666029883315e+01
2.428391852985496158e+01 2.339121851729883517e+01 2.435125567223188270e+01 2.362475754847763909e+01 2.242879584546063754e+01
2.417146150925359649e+01 2.334528080587482179e+01 2.423677625500495836e+01 2.351532123958165599e+01 2.240794962745869867e+01
2.405871890118940470e+01 2.329691872438295164e+01 2.412225234093821413e+01 2.340587982822674107e+01 2.238510612589829307e+01
2.394574415712238746e+01 2.324621711736968166e+01 2.400771672557506164e+01 2.329644161838506733e+01 2.236026425003744933e+01
2.383258236048506618e+01 2.319325817211521468e+01 2.389319689576553429e+01 2.318701328588188204e+01 2.233342369924992354e+01
2.371927158925830526e+01 2.313812142172921327e+01 2.377871595338065447e+01 2.307760021169808695e+01 2.230458496336049734e+01
2.360584405116524920e+01 2.308088376477994075e+01 2.366429336953969553e+01 2.296820674434085419e+01 2.227374932285657394e+01
2.349232702959201902e+01 2.302161949826801646e+01 2.354994560193229347e+01 2.285883640649912607e+01 2.224091884897866223e+01
2.337874367213884952e+01 2.296040036123320505e+01 2.343568660120437741e+01 2.274949205879685721e+01 2.220609640369471194e+01
2.326511364841440965e+01 2.289729558672332743e+01 2.332152822730523312e+01 2.264017602956659303e+01 2.216928563956154008e+01
2.315145369921391705e+01 2.283237196020839477e+01 2.320748059259946317e+01 2.253089021810670900e+01 2.213049099947752651e+01
2.303777809546651412e+01 2.276569388284380580e+01 2.309355234529392575e+01 2.242163617701927691e+01 2.208971771633105519e+01
2.292409902219990414e+01 2.269732343824588128e+01 2.297975090411025434e+01 2.231241517805073826e+01 2.204697181254831406e+01
2.281042690015870278e+01 2.262732046167345246e+01 2.286608265304443677e+01 2.220322826487360146e+01 2.200226009954575090e+01
2.269677065553997508e+01 2.255574261068677799e+01 2.275255310336163816e+01 2.209407629550578989e+01 2.195559017709112481e+01
2.258313794650064210e+01 2.248264543656073755e+01 2.263916702870500330e+01 2.198495997648230471e+01 2.190697043257766552e+01
2.246953535380691847e+01 2.240808245579086488e+01 2.252592857802378745e+01 2.187587989044309111e+01 2.185641004021778855e+01
2.235596854109997977e+01 2.233210522121868991e+01 2.241284137001578003e+01 2.176683651855568158e+01 2.180391896015889586e+01
2.224244239034313253e+01 2.225476339236015377e+01 2.229990857257928738e+01 2.165783025855046517e+01 2.174950793752804046e+01
2.212896111609714467e+01 2.217610480461593880e+01 2.218713296957125891e+01 2.154886143949211075e+01 2.169318850141049637e+01
2.201552836224214715e+01 2.209617553710600646e+01 2.207451701711245207e+01 2.143993033382523805e+01 2.163497296376745282e+01
2.190214728391223176e+01 2.201501997893263507e+01 2.196206289116898702e+01 2.133103716717029030e+01 2.157487441829904640e+01
2.178882061701938966e+01 2.193268089371806440e+01 2.184977252783127000e+01 2.122218212637272927e+01 2.151290673925852914e+01
2.167555073734111204e+01 2.184919948230940534e+01 2.173764765750575378e+01 2.111336536609410075e+01 2.144908458022421982e+01
2.156233971081544709e+01 2.176461544357541555e+01 2.162568983397543576e+01 2.100458701423320562e+01 2.138342337283636141e+01
2.144918933640837366e+01 2.167896703324019470e+01 2.151390045917171534e+01 2.089584717639280953e+01 2.131593932550627812e+01
2.133610118271560196e+01 2.159229112073169077e+01 2.140228080431345603e+01 2.078714593956493317e+01 2.124664942210612750e+01
2.122307661925902877e+01 2.150462324403773451e+01 2.129083202799885299e+01 2.067848337517959578e+01 2.117557142064836384e+01
2.111011684328278903e+01 2.141599766257122539e+01 2.117955519170516254e+01 2.056985954163054231e+01 2.110272385196502043e+01
2.099722290273613368e+01 2.132644740806875205e+01 2.106845127310610977e+01 2.046127448637206925e+01 2.102812601839835338e+01
2.088439571600882161e+01 2.123600433355243666e+01 2.095752117752547861e+01 2.035272824766294519e+01 2.095179799251562969e+01
2.077163608889725310e+01 2.114469916038691366e+01 2.084676574781578040e+01 2.024422085601933929e+01 2.087376061586297382e+01
2.065894472929362635e+01 2.105256152347937615e+01 2.073618577288686993e+01 2.013575233542759335e+01 2.079403549777515536e+01
2.054632225972348891e+01 2.095962001467092151e+01 2.062578199508963905e+01 2.002732270435819828e+01 2.071264501426068705e+01
2.043376922826042374e+01 2.086590222436576880e+01 2.051555511661472053e+01 1.991893197661508097e+01 2.062961230698750370e+01
2.032128611797914886e+01 2.077143478145647748e+01 2.040550580505298939e+01 1.981058016204810102e+01 2.054496128239498276e+01
2.020887335510935401e+01 2.067624339160107283e+01 2.029563469823255772e+01 1.970226726715182153e+01 2.045871661096036931e+01
2.009653131611908705e+01 2.058035287390384127e+01 2.018594240843779630e+01 1.959399329556946867e+01 2.037090372666433780e+01
1.998426033387566392e+01 2.048378719606080978e+01 2.007642952609349152e+01 1.948575824851783977e+01 2.028154882669404557e+01
1.987206070299724914e+01 2.038656950802671020e+01 1.996709662299042876e+01 1.937756212514604215e+01 2.019067887143989282e+01
1.975993268451976803e+01 2.028872217425568891e+01 1.985794425511220851e+01 1.926940492283893036e+01 2.009832158484580233e+01
1.964787650996433754e+01 2.019026680457493228e+01 1.974897296511879574e+01 1.916128663747403849e+01 2.000450545518932088e+01
1.953589238489102442e+01 2.009122428374572422e+01 1.964018328454492490e+01 1.905320726363959949e+01 1.990925973637672897e+01
1.942398049200789245e+01 1.999161479976175926e+01 1.953157573571677119e+01 1.894516679481969135e+01 1.981261444985975828e+01
1.931214099389342209e+01 1.989145787093980644e+01 1.942315083346038307e+01 1.883716522355178213e+01 1.971460038729510700e+01
1.920037403538410103e+01 1.979077237185325799e+01 1.931490908661835348e+01 1.872920254156092668e+01 1.961524911409117422e+01
1.908867974567004921e+01 1.968957655815448149e+01 1.920685099938808094e+01 1.862127873987427762e+01 1.951459297402416837e+01
1.897705824013904774e+01 1.958788809033604394e+01 1.909897707251679932e+01 1.851339380891889164e+01 1.941266509510825955e+01
1.886550962199944337e+01 1.948572405647667694e+01 1.899128780436750219e+01 1.840554773860544202e+01 1.930949939697171303e+01
1.875403398371169672e+01 1.938310099400431241e+01 1.888378369187045891e+01 1.829774051839990179e+01 1.920513060000846650e+01
1.864263140825103093e+01 1.928003491055443064e+01 1.877646523137774537e+01 1.818997213738505536e+01 1.909959423662497002e+01
1.853130197022469616e+01 1.917654130393522394e+01 1.866933291943055551e+01 1.808224258431333453e+01 1.899292666494605086e+01
1.842004573686076085e+01 1.907263518120445056e+01 1.856238725345057716e+01 1.797455184765227543e+01 1.888516508538927141e+01
1.830886276888492858e+01 1.896833107695610465e+01 1.845562873236562140e+01 1.786689991562356283e+01 1.877634756055723031e+01
1.819775312129864275e+01 1.886364307086876480e+01 1.834905785717610982e+01 1.775928677623686269e+01 1.866651303892553315e+01
1.808671684407110547e+01 1.875858480445348064e+01 1.824267513147031039e+01 1.765171241731931318e+01 1.855570138280733161e+01
1.797575398275560588e+01 1.865316949713300332e+01 1.813648106189478781e+01 1.754417682654032618e+01 1.844395340102913039e+01
1.786486457903917824e+01 1.854740996162164990e+01 1.803047615858448438e+01 1.743667999143329084e+01 1.833131088662644714e+01
1.775404867123369712e+01 1.844131861867551692e+01 1.792466093555786344e+01 1.732922189941483637e+01 1.821781665961248464e+01
1.764330629471510292e+01 1.833490751120983830e+01 1.781903591108140006e+01 1.722180253780123493e+01 1.810351461439936926e+01
1.753263748231744756e+01 1.822818831783622784e+01 1.771360160800632855e+01 1.711442189382258405e+01 1.798844977065433781e+01
1.742204226468663109e+01 1.812117236583510049e+01 1.760835855408152284e+01 1.700707995463530509e+01 1.787266832508510106e+01
1.731152067059889532e+01 1.801387064358163315e+01 1.750330728224523114e+01 1.689977670733301807e+01 1.775621769961610852e+01
1.720107272724775527e+01 1.790629381247334706e+01 1.739844833089773246e+01 1.679251213895600969e+01 1.763914657841301903e+01
1.709069846050351771e+01 1.779845221834579050e+01 1.729378224415764365e+01 1.668528623649952181e+01 1.752150492185796438e+01
1.698039789514831099e+01 1.769035590244055811e+01 1.718930957210363175e+01 1.657809898692104511e+01 1.740334393967463456e+01
1.687017105508950365e+01 1.758201461190515857e+01 1.708503087100303830e+01 1.647095037714667853e+01 1.728471599803680903e+01
1.676001796355394902e+01 1.747343780988160944e+01 1.698094670352927338e+01 1.636384039407676383e+01 1.716567442754412554e+01
1.664993864326537576e+01 1.736463468517234432e+01 1.687705763896925149e+01 1.625676902459082385e+01 1.704627319257921059e+01
1.653993311660679666e+01 1.725561416152455507e+01 1.677336425342186743e+01 1.614973625555194658e+01 1.692656638223858678e+01
1.643000140576968704e+01 1.714638490653636183e+01 1.666986712998881615e+01 1.604274207381063277e+01 1.680660749499288187e+01
1.632014353289148900e+01 1.703695534020527447e+01 1.656656685895870496e+01 1.593578646620825623e+01 1.668644851989149558e+01
1.621035952018269555e+01 1.692733364314183575e+01 1.646346403798511204e+01 1.582886941958011562e+01 1.656613886783681977e+01
1.610064939004490725e+01 1.681752776444649911e+01 1.636055927225954676e+01 1.572199092075814519e+01 1.644572426701695989e+01
1.599101316518076743e+01 1.670754542928793995e+01 1.625785317467998325e+01 1.561515095657338215e+01 1.632524578286538386e+01
1.588145086869690559e+01 1.659739414617023101e+01 1.615534636601537244e+01 1.550834951385815330e+01 1.620473912623465651e+01
1.577196252420056588e+01 1.648708121392756709e+01 1.605303947506697426e+01 1.540158657944804688e+01 1.608423436057227462e+01
1.566254815589085680e+01 1.637661372843634666e+01 1.595093313882676789e+01 1.529486214018371903e+01 1.596375602718673292e+01
1.555320778864524733e+01 1.626599858907520613e+01 1.584902800263346734e+01 1.518817618291251570e+01 1.584332361601815720e+01
1.544394144810193303e+01 1.615524250493067981e+01 1.574732472032654762e+01 1.508152869448996825e+01 1.572295225473469138e+01
1.533474916073864236e+01 1.604435200076738610e+01 1.564582395439863838e+01 1.497491966178116130e+01 1.560265348194438495e+01
1.522563095394838228e+01 1.593333342277157172e+01 1.554452637614653376e+01 1.486834907166199393e+01 1.548243599826346184e+01
1.511658685611263664e+01 1.582219294407279619e+01 1.544343266582121643e+01 1.476181691102035742e+01 1.536230633017264502e+01
1.500761689667235821e+01 1.571093657006436928e+01 1.534254351277708217e+01 1.465532316675722591e+01 1.524226937894200518e+01
1.489872110619719869e+01 1.559957014351614824e+01 1.524185961562061387e+01 1.454886782578769555e+01 1.512232885286083217e+01
1.478989951645330692e+01 1.548809934950549838e+01 1.514138168235873927e+01 1.444245087504194025e+01 1.500248759538957621e+01
1.468115216047000970e+01 1.537652972015811415e+01 1.504111043054704133e+01 1.433607230146616374e+01 1.488274782749211589e+01
1.457247907260570408e+01 1.526486663922099574e+01 1.494104658743803071e+01 1.422973209202345934e+01 1.476311132283287542e+01
1.446388028861316499e+01 1.515311534646346736e+01 1.484119089012960302e+01 1.412343023369468931e+01 1.464357953238200594e+01
1.435535584570468437e+01 1.504128094192168597e+01 1.474154408571382824e+01 1.401716671347928944e+01 1.452415367192734941e+01
1.424690578261707330e+01 1.492936838998903681e+01 1.464210693142624287e+01 1.391094151839610582e+01 1.440483478295742792e+01
1.413853013967686323e+01 1.481738252335904349e+01 1.454288019479572114e+01 1.380475463548416037e+01 1.428562377474538359e+01
1.403022895886596366e+01 1.470532804683159611e+01 1.444386465379504081e+01 1.369860605180344493e+01 1.416652145334259316e+01
1.392200228388792560e+01 1.459320954097977818e+01 1.434506109699228382e+01 1.359249575443570812e+01 1.404752854156592967e+01
1.381385016023501500e+01 1.448103146569402888e+01 1.424647032370308253e+01 1.348642373048521392e+01 1.392864569285362109e+01
1.370577263525626321e+01 1.436879816359764028e+01 1.414809314414387131e+01 1.338038996707952144e+01 1.380987350098823896e+01
1.359776975822675382e+01 1.425651386334934045e+01 1.404993037958617741e+01 1.327439445137027718e+01 1.369121250706000481e+01
1.348984158041818127e+01 1.414418268282879687e+01 1.395198286251201303e+01 1.316843717053398599e+01 1.357266320460470332e+01
1.338198815517105977e+01 1.403180863221703234e+01 1.385425143677044701e+01 1.306251811177281397e+01 1.345422604354389762e+01
1.327420953796859315e+01 1.391939561697123473e+01 1.375673695773540928e+01 1.295663726231541979e+01 1.333590143334584255e+01
1.316650578651243642e+01 1.380694744070074620e+01 1.365944029246474578e+01 1.285079460941775586e+01 1.321768974568276889e+01
1.305887696080056237e+01 1.369446780794867458e+01 1.356236231986062712e+01 1.274499014036393163e+01 1.309959131676200350e+01
1.295132312320733092e+01 1.358196032687994936e+01 1.346550393083128050e+01 1.263922384246708397e+01 1.298160644944462483e+01
1.284384433856596175e+01 1.346942851188500434e+01 1.336886602845413385e+01 1.253349570307026717e+01 1.286373541522182329e+01
1.273644067425368220e+01 1.335687578609578985e+01 1.327244952814034917e+01 1.242780570954736774e+01 1.274597845609117819e+01
1.262911220027959480e+01 1.324430548382482442e+01 1.317625535780091184e+01 1.232215384930406366e+01 1.262833578635679466e+01
1.252185898937555919e+01 1.313172085292373481e+01 1.308028445801397588e+01 1.221654010977880489e+01 1.251080759436436729e+01
1.241468111709026090e+01 1.301912505707023548e+01 1.298453778219370669e+01 1.211096447844381707e+01 1.239339404417815160e+01
1.230757866188655036e+01 1.290652117798194887e+01 1.288901629676086813e+01 1.200542694280615841e+01 1.227609527719882010e+01
1.220055170524246790e+01 1.279391221756228703e+01 1.279372098131482183e+01 1.189992749040882103e+01 1.215891141372193829e+01
1.209360033175603988e+01 1.268130109997830957e+01 1.269865282880690316e+01 1.179446610883184832e+01 1.204184255443394846e+01
1.198672462925408233e+01 1.256869067368517001e+01 1.260381284571531602e+01 1.168904278569352151e+01 1.192488878184333245e+01
1.187992468890529274e+01 1.245608371338498799e+01 1.250920205222161385e+01 1.158365750865158539e+01 1.180805016164444332e+01
1.177320060533787505e+01 1.234348292191841345e+01 1.241482148238869598e+01 1.147831026540452193e+01 1.169132674401200767e+01
1.166655247676174412e+01 1.223089093210416500e+01 1.232067218434025868e+01 1.137300104369287901e+01 1.157471856482536232e+01
1.155998040509603619e+01 1.211831030853128688e+01 1.222675522044169227e+01 1.126772983130067018e+01 1.145822564682162970e+01
1.145348449610179919e+01 1.200574354929929477e+01 1.213307166748249522e+01 1.116249661605680998e+01 1.134184800067838061e+01
1.134706485952032651e+01 1.189319308770478401e+01 1.203962261686011814e+01 1.105730138583663447e+01 1.122558562602646859e+01
1.124072160921753216e+01 1.178066129387892325e+01 1.194640917476520414e+01 1.095214412856348751e+01 1.110943851239458446e+01
1.113445486333445444e+01 1.166815047638013780e+01 1.185343246236823589e+01 1.084702483221036928e+01 1.099340664008761159e+01
1.102826474444447591e+01 1.155566288374336992e+01 1.176069361600752039e+01 1.074194348480167172e+01 1.087748998100095221e+01
