1.002025677294460682e+00
1.007132708593014625e+00
1.014572980536085023e+00
1.023568238383533613e+00
1.033378755681084504e+00
1.043359008339447058e+00
1.052990106502966539e+00
1.061888165908568160e+00
1.069794408071164327e+00
1.076554986271174297e+00
1.082097479722314848e+00
1.086408617464931670e+00
1.089515495828598635e+00
1.091470930958487129e+00
1.092342678001431588e+00
1.092205861700866754e+00
1.091137885878210145e+00
1.089215161855835001e+00
1.086511121326327434e+00
1.083095107648045730e+00
1.079031850128829184e+00
1.074381312967008784e+00
1.069198775557903547e+00
1.063535047736903882e+00
1.057436756447891479e+00
1.050946662998388126e+00
1.044103985426322545e+00
1.036944710755373755e+00
1.029501888649792862e+00
1.021805902321163417e+00
1.013884715272266313e+00
1.005764094125575658e+00
9.974678087427224504e-01
9.890178113442911201e-01
9.804343965527386739e-01
9.717363443156870062e-01
9.629410475952835391e-01
9.540646265793387704e-01
9.451220310120488355e-01
9.361271320755689684e-01
9.270928050899593931e-01
9.180310041448845881e-01
9.089528296355849912e-01
8.998685895488005571e-01
8.907878552323681420e-01
8.817195122840348898e-01
8.726718071097655516e-01
8.636523896281251833e-01
8.546683525339966447e-01
8.457262674805362535e-01
8.368322184918143281e-01
8.279918328788462567e-01
8.192103098977636666e-01
8.104924473598461576e-01
8.018426663782849406e-01
7.932650344152253341e-01
7.847632867743151719e-01
7.763408466681874787e-01
7.680008439766388140e-01
7.597461327993780822e-01
7.515793078969970065e-01
7.435027201045123491e-01
7.355184907941778594e-01
7.276285254570868943e-01
7.198345264668896126e-01
7.121380050834597020e-01
7.045402927493998879e-01
6.970425517278517891e-01
6.896457851261200700e-01
6.823508463460247198e-01
6.751584479986728615e-01
6.680691703183844199e-01
6.610834691078626424e-01
6.542016832442524299e-01
6.474240417735149800e-01
6.407506706185308598e-01
6.341815989244751206e-01
6.277167650633149742e-01
6.213560223177237996e-01
6.150991442632615103e-01
6.089458298663660285e-01
6.028957083144751428e-01
5.969483435934938020e-01
5.911032388267846160e-01
5.853598403889107571e-01
5.797175418064889341e-01
5.741756874576984249e-01
5.687335760812455288e-01
5.633904641048914641e-01
5.581455688030184659e-01
5.529980712921094277e-01
5.479471193724764211e-01
5.429918302240647199e-01
5.381312929636877795e-01
5.333645710706150789e-01
5.286907046870282789e-01
5.241087127994880079e-01
5.196175953072034170e-01
5.152163349825706895e-01
5.109038993291489250e-01
5.066792423419552716e-01
5.025413061747018295e-01
4.984890227183540468e-01
4.945213150951563996e-01
4.906370990720630987e-01
4.868352843973087762e-01
4.831147760636639310e-01
4.794744755017605886e-01
4.759132817067043275e-01
4.724300923009600583e-01
4.690238045365247022e-01
4.656933162390890502e-01
4.624375266968518972e-01
4.592553374965100410e-01
4.561456533088317777e-01
4.531073826261137749e-01
4.501394384537182880e-01
4.472407389577902626e-01
4.444102080711652691e-01
4.416467760593890124e-01
4.389493800486859443e-01
4.363169645176401268e-01
4.337484817542675009e-01
4.312428922800999320e-01
4.287991652428239653e-01
4.264162787789556042e-01
4.240932203479720330e-01
4.218289870392559759e-01
4.196225858531633657e-01
4.174730339574588278e-01
4.153793589203189085e-01
4.133405989210527931e-01
4.113558029396386373e-01
4.094240309261345523e-01
4.075443539509746027e-01
4.057158543371199855e-01
4.039376257749966448e-01
4.022087734211089449e-01
4.005284139811853827e-01
3.988956757786747409e-01
3.973096988093767212e-01
3.957696347829597894e-01
3.942746471520842122e-01
3.928239111298226227e-01
3.914166136960361420e-01
3.900519535933392734e-01
3.887291413132582529e-01
3.874473990731618911e-01
3.862059607845189646e-01
3.850040720130115113e-01
3.838409899310114559e-01
3.827159832629032366e-01
3.816283322237165043e-01
3.805773284515102661e-01
3.795622749339310764e-01
3.785824859293474565e-01
3.776372868829425689e-01
3.767260143381432891e-01
3.758480158437286778e-01
3.750026498569245526e-01
3.741892856428592484e-01
3.734073031706344192e-01
3.726560930063194665e-01
3.719350562031396024e-01
3.712436041891197247e-01
3.705811586524294654e-01
3.699471514246660542e-01
3.693410243623003741e-01
3.687622292264962076e-01
3.682102275615041220e-01
3.676844905718228418e-01
3.671844989983051866e-01
3.667097429933846575e-01
3.662597219955792682e-01
3.658339446034296061e-01
3.654319284490135100e-01
3.650532000711757541e-01
3.646972947885979699e-01
3.643637565728344851e-01
3.640521379214245457e-01
3.637619997311895559e-01
3.634929111718169792e-01
3.632444495598236012e-01
3.630162002329883619e-01
3.628077564253366361e-01
3.626187191427544532e-01
3.624486970393038798e-01
3.622973062943075639e-01
3.621641704902655579e-01
3.620489204916617632e-01
3.619511943247144536e-01
3.618706370581202814e-01
3.618069006848386726e-01
3.617596440049574147e-01
3.617285325096805670e-01
3.617132382664700052e-01
3.617134398053788447e-01
3.617288220065994486e-01
3.617590759892580499e-01
3.618038990014751377e-01
3.618629943117169789e-01
3.619360711014522058e-01
3.620228443591350653e-01
3.621230347755238776e-01
3.622363686403525240e-01
3.623625777403597925e-01
3.625013992586892386e-01
3.626525756756628915e-01
3.628158546709356336e-01
3.629909890270332506e-01
3.631777365342748753e-01
3.633758598970824871e-01
3.635851266416738059e-01
3.638053090251403554e-01
3.640361839459032578e-01
3.642775328555470926e-01
3.645291416720218280e-01
3.647908006942119363e-01
3.650623045178600368e-01
3.653434519528436231e-01
3.656340459417893318e-01
3.659338934800226983e-01
3.662428055368366908e-01
3.665605969780746931e-01
3.668870864900118378e-01
3.672220965045266960e-01
3.675654531255492241e-01
3.679169860567734207e-01
3.682765285306218717e-01
3.686439172384489704e-01
3.690189922619686591e-01
3.694015970058936449e-01
3.697915781317726025e-01
3.701887854930086541e-01
3.705930720710487458e-01
3.710042939127237149e-01
3.714223100687311652e-01
3.718469825332387790e-01
3.722781761845999626e-01
3.727157587271606731e-01
3.731596006341479366e-01
3.736095750916189617e-01
3.740655579434612465e-01
3.745274276374241373e-01
3.749950651721691286e-01
3.754683540453219170e-01
3.759471802025126652e-01
3.764314319873878212e-01
3.769210000925792281e-01
3.774157775116153135e-01
3.779156594917589262e-01
3.784205434877576657e-01
3.789303291164909937e-01
3.794449181125005843e-01
3.799642142843877024e-01
3.804881234720648986e-01
3.810165535048458119e-01
3.815494141603609779e-01
3.820866171242828790e-01
3.826280759508490226e-01
3.831737060241669490e-01
3.837234245202890137e-01
3.842771503700418978e-01
3.848348042225996357e-01
3.853963084097843939e-01
3.859615869110837316e-01
3.865305653193708557e-01
3.871031708073148225e-01
3.876793320944681986e-01
3.882589794150207441e-01
3.888420444862046299e-01
3.894284604773417535e-01
3.900181619795193289e-01
3.906110849758823722e-01
3.912071668125324808e-01
3.918063461700194150e-01
3.924085630354172127e-01
3.930137586749706813e-01
3.936218756073034952e-01
3.942328575771757992e-01
3.948466495297820456e-01
3.954631975855774084e-01
3.960824490156232836e-01
3.967043522174414916e-01
3.973288566913675823e-01
3.979559130173928594e-01
3.985854728324863538e-01
3.992174888083867557e-01
3.998519146298549209e-01
4.004887049733822924e-01
4.011278154863303080e-01
4.017692027665110688e-01
4.024128243422057660e-01
4.030586386525795706e-01
4.037066050285142982e-01
4.043566836738427539e-01
4.050088356469703776e-01
4.056630228428868556e-01
4.063192079755510999e-01
4.069773545606438225e-01
4.076374268986861504e-01
4.082993900585091818e-01
4.089632098610695987e-01
4.096288528636087278e-01
4.102962863441427244e-01
4.109654782862767752e-01
4.116363973643428209e-01
4.123090129288482508e-01
4.129832949922300211e-01
4.136592142149106421e-01
4.143367418916483191e-01
4.150158499381736976e-01
4.156965108781092155e-01
4.163786978301658448e-01
4.170623844956086734e-01
4.177475451459868316e-01
4.184341546111260413e-01
4.191221882673725196e-01
4.198116220260842968e-01
4.205024323223705007e-01
4.211945961040653441e-01
4.218880908209359237e-01
4.225828944141209464e-01
4.232789853057917218e-01
4.239763423890308691e-01
4.246749450179288510e-01
4.253747729978883951e-01
4.260758065761344748e-01
4.267780264324266271e-01
4.274814136699687239e-01
4.281859498065095360e-01
4.288916167656345868e-01
4.295983968682421938e-01
4.303062728242001422e-01
4.310152277241793839e-01
4.317252450316628187e-01
4.324363085751220526e-01
4.331484025403607441e-01
4.338615114630224867e-01
4.345756202212557318e-01
4.352907140285351972e-01
4.360067784266372648e-01
4.367237992787633694e-01
4.374417627628095495e-01
4.381606553647802715e-01
4.388804638723419194e-01
4.396011753685123424e-01
4.403227772254862393e-01
4.410452570985914922e-01
4.417686029203728992e-01
4.424928028948036385e-01
4.432178454916185784e-01
4.439437194407685472e-01
4.446704137269926194e-01
4.453979175845065308e-01
4.461262204918029495e-01
4.468553121665629901e-01
4.475851825606765311e-01
4.483158218553680019e-01
4.490472204564250891e-01
4.497793689895308034e-01
4.505122582956938571e-01
4.512458794267754092e-01
4.519802236411131213e-01
4.527152823992365849e-01
4.534510473596743974e-01
4.541875103748509446e-01
4.549246634870702244e-01
4.556624989245844914e-01
4.564010090977473899e-01
4.571401865952489652e-01
4.578800241804301674e-01
4.586205147876759591e-01
4.593616515188857496e-01
4.601034276400181589e-01
4.608458365777092225e-01
4.615888719159637055e-01
4.623325273929153600e-01
4.630767968976570170e-01
4.638216744671375680e-01
4.645671542831255052e-01
4.653132306692363551e-01
4.660598980880238940e-01
4.668071511381331473e-01
4.675549845515133973e-01
4.683033931906910863e-01
4.690523720461006740e-01
4.698019162334715615e-01
4.705520209912713581e-01
4.713026816782031059e-01
4.720538937707557392e-01
4.728056528608065578e-01
4.735579546532751039e-01
4.743107949638260545e-01
4.750641697166220201e-01
4.758180749421228040e-01
4.765725067749331800e-01
4.773274614516965775e-01
4.780829353090276235e-01
4.788389247814935912e-01
4.795954263996430322e-01
4.803524367880718793e-01
4.811099526635281287e-01
4.818679708330575462e-01
4.826264881921923378e-01
4.833855017231764584e-01
4.841450084932283349e-01
4.849050056528399488e-01
4.856654904341135004e-01
4.864264601491321005e-01
4.871879121883666008e-01
4.879498440191141762e-01
4.887122531839714901e-01
4.894751372993404459e-01
4.902384940539650238e-01
4.910023212074994259e-01
4.917666165891066421e-01
4.925313780960867693e-01
4.932966036925350850e-01
4.940622914080272099e-01
4.948284393363334144e-01
4.955950456341599031e-01
4.963621085199169114e-01
4.971296262725127812e-01
4.978975972301741271e-01
4.986660197892906488e-01
4.994348924032843140e-01
5.002042135815037982e-01
5.009739818881402407e-01
5.017441959411681474e-01
5.025148544113080540e-01
5.032859560210112271e-01
5.040574995434656813e-01
5.048294838016240682e-01
5.056019076672515489e-01
5.063747700599947610e-01
5.071480699464689934e-01
5.079218063393670102e-01
5.086959782965851939e-01
5.094705849203691184e-01
5.102456253564768840e-01
5.110210987933605509e-01
5.117970044613652236e-01
5.125733416319446789e-01
5.133501096168940903e-01
5.141273077675989622e-01
5.149049354743004958e-01
5.156829921653760529e-01
5.164614773066357190e-01
5.172403904006329656e-01
5.180197309859908561e-01
5.187994986367429062e-01
5.195796929616863791e-01
5.203603136037516785e-01
5.211413602393833999e-01
5.219228325779361466e-01
5.227047303610821150e-01
5.234870533622321132e-01
5.242698013859682371e-01
5.250529742674902023e-01
5.258365718720717785e-01
5.266205940945302144e-01
5.274050408587065419e-01
5.281899121169574274e-01
5.289752078496573473e-01
5.297609280647123109e-01
5.305470727970833522e-01
5.313336421083209027e-01
5.321206360861090445e-01
5.329080548438189791e-01
5.336958985200734862e-01
5.344841672783198216e-01
5.352728613064121621e-01
5.360619808162032651e-01
5.368515260431446778e-01
5.376414972458958275e-01
5.384318947059422156e-01
5.392227187272208289e-01
5.400139696357544317e-01
5.408056477792938521e-01
5.415977535269679288e-01
5.423902872689413401e-01
5.431832494160798719e-01
5.439766403996227906e-01
5.447704606708628772e-01
5.455647107008326779e-01
5.463593909799993042e-01
5.471545020179643393e-01
5.479500443431710721e-01
5.487460185026186155e-01
5.495424250615815742e-01
5.503392646033364866e-01
5.511365377288945933e-01
5.519342450567396030e-01
5.527323872225730073e-01
5.535309648790630588e-01
5.543299786956010777e-01
5.551294293580629757e-01
5.559293175685746657e-01
5.567296440452854656e-01
5.575304095221439438e-01
5.583316147486809822e-01
5.591332604897962799e-01
5.599353475255510748e-01
5.607378766509640844e-01
5.615408486758137752e-01
5.623442644244447397e-01
5.631481247355777375e-01
5.639524304621243989e-01
5.647571824710064803e-01
5.655623816429768969e-01
5.663680288724536327e-01
5.671741250673481005e-01
5.679806711489012727e-01
5.687876680515221439e-01
5.695951167226322998e-01
5.704030181225137053e-01
5.712113732241574926e-01
5.720201830131198539e-01
5.728294484873814874e-01
5.736391706572070426e-01
5.744493505450105619e-01
5.752599891852236969e-01
5.760710876241673661e-01
5.768826469199272999e-01
5.776946681422300278e-01
5.785071523723246401e-01
5.793201007028678795e-01
5.801335142378095666e-01
5.809473940922824653e-01
5.817617413924950354e-01
5.825765572756277377e-01
5.833918428897306718e-01
5.842075993936232114e-01
5.850238279567986366e-01
5.858405297593305416e-01
5.866577059917807979e-01
5.874753578551097366e-01
5.882934865605913277e-01
5.891120933297279150e-01
5.899311793941695026e-01
5.907507459956319318e-01
5.915707943858220519e-01
5.923913258263621140e-01
5.932123415887164963e-01
5.940338429541204279e-01
5.948558312135123760e-01
5.956783076674674327e-01
5.965012736261323667e-01
5.973247304091622301e-01
5.981486793456612938e-01
5.989731217741235403e-01
5.997980590423757086e-01
6.006234925075217834e-01
6.014494235358904817e-01
6.022758535029839599e-01
6.031027837934276326e-01
6.039302158009214327e-01
6.047581509281948486e-01
6.055865905869612931e-01
6.064155361978756931e-01
6.072449891904915242e-01
6.080749510032228411e-01
6.089054230833045311e-01
6.097364068867561215e-01
6.105679038783448087e-01
6.113999155315539280e-01
6.122324433285485368e-01
6.130654887601452163e-01
6.138990533257814297e-01
6.147331385334876552e-01
6.155677458998607410e-01
6.164028769500372595e-01
6.172385332176695272e-01
6.180747162449021781e-01
6.189114275823508482e-01
6.197486687890803037e-01
6.205864414325854561e-01
6.214247470887735991e-01
6.222635873419466446e-01
6.231029637847850244e-01
6.239428780183324807e-01
6.247833316519834090e-01
6.256243263034694246e-01
6.264658635988478164e-01
6.273079451724904443e-01
6.281505726670757461e-01
6.289937477335787452e-01
6.298374720312642783e-01
6.306817472276804448e-01
6.315265749986533894e-01
6.323719570282826385e-01
6.332178950089368819e-01
6.340643906412521957e-01
6.349114456341303780e-01
6.357590617047378379e-01
6.366072405785057065e-01
6.374559839891309476e-01
6.383052936785783560e-01
6.391551713970836657e-01
6.400056189031561038e-01
6.408566379635838306e-01
6.417082303534391574e-01
6.425603978560843199e-01
6.434131422631783614e-01
6.442664653746852377e-01
6.451203689988819212e-01
6.459748549523685046e-01
6.468299250600768602e-01
6.476855811552827413e-01
6.485418250796169959e-01
6.493986586830777785e-01
6.502560838240432073e-01
6.511141023692859076e-01
6.519727161939870008e-01
6.528319271817518699e-01
6.536917372246252578e-01
6.545521482231083654e-01
6.554131620861762819e-01
6.562747807312956372e-01
6.571370060844431427e-01
6.579998400801253533e-01
6.588632846613983185e-01
6.597273417798884543e-01
6.605920133958133045e-01
6.614573014780038562e-01
6.623232080039274106e-01
6.631897349597098978e-01
6.640568843401605248e-01
6.649246581487952001e-01
6.657930583978630690e-01
6.666620871083706046e-01
6.675317463101086979e-01
6.684020380416790807e-01
6.692729643505225257e-01
6.701445272929460462e-01
6.710167289341514296e-01
6.718895713482654353e-01
6.727630566183685490e-01
6.736371868365257365e-01
6.745119641038175295e-01
6.753873905303712233e-01
6.762634682353929616e-01
6.771401993472004888e-01
6.780175860032560120e-01
6.788956303502003964e-01
6.797743345438871376e-01
6.806537007494170011e-01
6.815337311411736598e-01
6.824144279028594440e-01
6.832957932275324220e-01
6.841778293176420389e-01
6.850605383850678631e-01
6.859439226511572230e-01
6.868279843467637313e-01
6.877127257122863657e-01
6.885981489977091030e-01
6.894842564626414427e-01
6.903710503763588191e-01
6.912585330178435683e-01
6.921467066758272280e-01
6.930355736488325036e-01
6.939251362452160121e-01
6.948153967832115807e-01
6.957063575909744335e-01
6.965980210066248235e-01
6.974903893782938846e-01
6.983834650641677078e-01
6.992772504325345251e-01
7.001717478618303403e-01
7.010669597406863351e-01
7.019628884679754988e-01
7.028595364528614775e-01
7.037569061148466476e-01
7.046549998838209650e-01
7.055538202001115922e-01
7.064533695145328585e-01
7.073536502884373300e-01
7.082546649937657701e-01
7.091564161130993194e-01
7.100589061397117874e-01
7.109621375776218333e-01
7.118661129416461453e-01
7.127708347574529535e-01
7.136763055616164309e-01
7.145825279016713161e-01
7.154895043361679807e-01
7.163972374347277183e-01
7.173057297780999209e-01
7.182149839582180340e-01
7.191250025782569555e-01
7.200357882526908782e-01
7.209473436073519093e-01
7.218596712794884684e-01
7.227727739178247957e-01
7.236866541826209032e-01
7.246013147457330827e-01
7.255167582906749679e-01
7.264329875126784852e-01
7.273500051187564708e-01
7.282678138277652868e-01
7.291864163704675494e-01
7.301058154895959662e-01
7.310260139399177293e-01
7.319470144882990192e-01
7.328688199137705084e-01
7.337914330075935299e-01
7.347148565733252479e-01
7.356390934268874915e-01
7.365641463966330349e-01
7.374900183234138762e-01
7.384167120606502932e-01
7.393442304743997884e-01
7.402725764434272548e-01
7.412017528592745874e-01
7.421317626263324030e-01
7.430626086619116499e-01
7.439942938963151065e-01
7.449268212729106553e-01
7.458601937482040034e-01
7.467944142919133999e-01
7.477294858870434657e-01
7.486654115299605783e-01
7.496021942304682550e-01
7.505398370118839813e-01
7.514783429111158153e-01
7.524177149787397711e-01
7.533579562790779782e-01
7.542990698902780622e-01
7.552410589043918598e-01
7.561839264274555772e-01
7.571276755795702806e-01
7.580723094949837204e-01
7.590178313221720430e-01
7.599642442239219475e-01
7.609115513774139528e-01
7.618597559743071068e-01
7.628088612208229202e-01
7.637588703378299648e-01
7.647097865609306933e-01
7.656616131405475922e-01
7.666143533420106682e-01
7.675680104456443775e-01
7.685225877468573330e-01
7.694780885562311212e-01
7.704345161996102309e-01
7.713918740181922029e-01
7.723501653686200008e-01
7.733093936230733823e-01
7.742695621693619357e-01
7.752306744110180059e-01
7.761927337673919514e-01
7.771557436737465130e-01
7.781197075813520714e-01
7.790846289575840133e-01
7.800505112860188772e-01
7.810173580665333848e-01
7.819851728154021409e-01
7.829539590653977754e-01
7.839237203658904196e-01
7.848944602829499573e-01
7.858661823994463891e-01
7.868388903151529723e-01
7.878125876468499156e-01
7.887872780284281848e-01
7.897629651109946414e-01
7.907396525629772910e-01
7.917173440702325315e-01
7.926960433361525116e-01
7.936757540817728218e-01
7.946564800458821853e-01
7.956382249851321475e-01
7.966209926741480984e-01
7.976047869056402950e-01
7.985896114905169929e-01
7.995754702579978002e-01
8.005623670557275862e-01
8.015503057498920558e-01
8.025392902253332128e-01
8.035293243856669321e-01
8.045204121534010877e-01
8.055125574700529034e-01
8.065057642962700779e-01
8.075000366119512440e-01
8.084953784163669832e-01
8.094917937282825049e-01
8.104892865860814366e-01
8.114878610478902798e-01
8.124875211917036433e-01
8.134882711155104751e-01
8.144901149374216276e-01
8.154930567957990872e-01
8.164971008493840943e-01
8.175022512774279271e-01
8.185085122798239077e-01
8.195158880772394072e-01
8.205243829112499609e-01
8.215340010444724950e-01
8.225447467607025498e-01
8.235566243650500606e-01
8.245696381840778022e-01
8.255837925659393894e-01
8.265990918805200538e-01
8.276155405195775305e-01
8.286331428968841672e-01
8.296519034483702537e-01
8.306718266322683508e-01
8.316929169292593960e-01
8.327151788426196966e-01
8.337386168983675905e-01
8.347632356454136593e-01
8.357890396557112744e-01
8.368160335244076986e-01
8.378442218699962973e-01
8.388736093344715261e-01
8.399042005834834734e-01
8.409360003064949574e-01
8.419690132169382890e-01
8.430032440523749226e-01
8.440386975746559939e-01
8.450753785700833021e-01
8.461132918495718469e-01
8.471524422488152517e-01
8.481928346284501874e-01
8.492344738742239052e-01
8.502773648971616582e-01
8.513215126337370098e-01
8.523669220460426965e-01
8.534135981219628242e-01
8.544615458753458404e-01
8.555107703461815039e-01
8.565612766007760781e-01
8.576130697319305218e-01
8.586661548591203452e-01
8.597205371286766873e-01
8.607762217139685035e-01
8.618332138155866406e-01
8.628915186615285782e-01
8.639511415073871659e-01
8.650120876365378075e-01
8.660743623603285313e-01
8.671379710182723910e-01
8.682029189782404233e-01
8.692692116366564914e-01
8.703368544186937950e-01
8.714058527784727115e-01
8.724762121992615249e-01
8.735479381936767096e-01
8.746210363038867674e-01
8.756955121018167310e-01
8.767713711893549977e-01
8.778486191985617193e-01
8.789272617918780783e-01
8.800073046623387851e-01
8.810887535337854626e-01
8.821716141610824735e-01
8.832558923303329701e-01
8.843415938590983849e-01
8.854287245966205866e-01
8.865172904240430363e-01
8.876072972546357187e-01
8.886987510340222940e-01
8.897916577404082483e-01
8.908860233848115984e-01
8.919818540112944838e-01
8.930791556971983125e-01
8.941779345533801271e-01
8.952781967244511918e-01
8.963799483890161346e-01
8.974831957599173071e-01
8.985879450844782568e-01
8.996942026447511953e-01
9.008019747577645786e-01
9.019112677757755714e-01
9.030220880865226230e-01
9.041344421134812626e-01
9.052483363161198948e-01
9.063637771901623674e-01
9.074807712678482075e-01
9.085993251181980757e-01
9.097194453472788878e-01
9.108411385984743758e-01
9.119644115527564265e-01
9.130892709289580855e-01
9.142157234840493363e-01
9.153437760134169876e-01
9.164734353511451159e-01
9.176047083702988383e-01
9.187376019832089735e-01
9.198721231417625877e-01
9.210082788376933172e-01
9.221460761028748010e-01
9.232855220096163329e-01
9.244266236709638429e-01
9.255693882410001017e-01
9.267138229151486994e-01
9.278599349304815780e-01
9.290077315660292268e-01
9.301572201430928777e-01
9.313084080255595865e-01
9.324613026202202004e-01
9.336159113770917672e-01
9.347722417897402769e-01
9.359303013956074002e-01
9.370900977763410022e-01
9.382516385581279872e-01
9.394149314120302519e-01
9.405799840543220824e-01
9.417468042468339906e-01
9.429153997972971046e-01
9.440857785596917795e-01
9.452579484345978722e-01
9.464319173695505683e-01
9.476076933593980955e-01
9.487852844466629909e-01
9.499646987219056982e-01
9.511459443240932732e-01
9.523290294409708645e-01
9.535139623094365247e-01
9.547007512159174647e-01
9.558894044967543024e-01
9.570799305385849776e-01
9.582723377787344399e-01
9.594666347056045597e-01
9.606628298590736970e-01
9.618609318308943834e-01
9.630609492650979986e-01
9.642628908583997793e-01
9.654667653606127109e-01
9.666725815750616402e-01
9.678803483590022738e-01
9.690900746240422858e-01
9.703017693365706409e-01
9.715154415181875835e-01
9.727311002461401790e-01
9.739487546537588525e-01
9.751684139309040322e-01
9.763900873244125700e-01
9.776137841385491578e-01
9.788395137354609643e-01
9.800672855356410418e-01
9.812971090183919554e-01
9.825289937222949632e-01
9.837629492456824165e-01
9.849989852471188190e-01
9.862371114458832189e-01
9.874773376224558197e-01
9.887196736190098090e-01
9.899641293399114028e-01
9.912107147522197792e-01
9.924594398861941169e-01
9.937103148358047422e-01
9.949633497592524911e-01
9.962185548794888490e-01
9.974759404847425293e-01
9.987355169290518253e-01
9.999972946328030687e-01
1.001261284083273528e+00
1.002527495835177085e+00
1.003795940511219120e+00
1.005066628802656181e+00
1.006339571469860417e+00
1.007614779342887124e+00
1.008892263322052951e+00
1.010172034378516770e+00
1.011454103554867423e+00
1.012738481965714810e+00
1.014025180798290071e+00
1.015314211313051551e+00
1.016605584844296306e+00
1.017899312800773615e+00
1.019195406666311587e+00
1.020493878000447774e+00
1.021794738439063543e+00
1.023097999695024685e+00
1.024403673558833994e+00
1.025711771899286306e+00
1.027022306664130191e+00
1.028335289880734749e+00
1.029650733656768624e+00
1.030968650180883017e+00
1.032289051723400242e+00
1.033611950637008281e+00
1.034937359357468667e+00
1.036265290404326578e+00
1.037595756381630485e+00
1.038928769978652911e+00
1.040264343970630279e+00
1.041602491219502102e+00
1.042943224674660385e+00
1.044286557373701019e+00
1.045632502443195833e+00
1.046981073099461534e+00
1.048332282649341751e+00
1.049686144490989959e+00
1.051042672114675058e+00
1.052401879103581850e+00
1.053763779134627265e+00
1.055128385979277272e+00
1.056495713504385314e+00
1.057865775673029418e+00
1.059238586545359961e+00
1.060614160279456097e+00
1.061992511132197281e+00
1.063373653460137236e+00
1.064757601720389024e+00
1.066144370471517888e+00
1.067533974374451633e+00
1.068926428193390787e+00
1.070321746796734086e+00
1.071719945158009724e+00
1.073121038356824597e+00
1.074525041579816653e+00
1.075931970121617898e+00
1.077341839385829392e+00
1.078754664886010683e+00
1.080170462246675234e+00
1.081589247204293835e+00
1.083011035608316464e+00
1.084435843422202783e+00
1.085863686724462207e+00
1.087294581709703278e+00
1.088728544689699262e+00
1.090165592094466396e+00
1.091605740473350128e+00
1.093049006496120690e+00
1.094495406954088201e+00
1.095944958761227550e+00
1.097397678955315259e+00
1.098853584699073238e+00
1.100312693281336296e+00
1.101775022118226310e+00
1.103240588754341722e+00
1.104709410863951913e+00
1.106181506252219782e+00
1.107656892856429653e+00
1.109135588747229839e+00
1.110617612129882081e+00
1.112102981345541863e+00
1.113591714872540495e+00
1.115083831327687180e+00
1.116579349467574866e+00
1.118078288189920722e+00
1.119580666534907731e+00
1.121086503686546276e+00
1.122595818974041260e+00
1.124108631873195874e+00
1.125624962007815366e+00
1.127144829151132344e+00
1.128668253227237850e+00
1.130195254312552411e+00
1.131725852637294416e+00
1.133260068586973590e+00
1.134797922703889350e+00
1.136339435688672239e+00
1.137884628401821141e+00
1.139433521865268029e+00
1.140986137263948486e+00
1.142542495947416192e+00
1.144102619431453638e+00
1.145666529399711697e+00
1.147234247705356314e+00
1.148805796372760479e+00
1.150381197599193106e+00
1.151960473756535208e+00
1.153543647393010296e+00
1.155130741234955627e+00
1.156721778188594341e+00
1.158316781341834245e+00
1.159915773966084362e+00
1.161518779518112332e+00
1.163125821641901592e+00
1.164736924170538979e+00
1.166352111128124092e+00
1.167971406731712847e+00
1.169594835393271470e+00
1.171222421721652696e+00
1.172854190524604379e+00
1.174490166810806535e+00
1.176130375791924143e+00
1.177774842884679929e+00
1.179423593712966678e+00
1.181076654109983526e+00
1.182734050120393343e+00
1.184395808002498107e+00
1.186061954230459570e+00
1.187732515496543240e+00
1.189407518713382572e+00
1.191086991016266916e+00
1.192770959765475203e+00
1.194459452548632283e+00
1.196152497183091912e+00
1.197850121718335714e+00
1.199552354438433666e+00
1.201259223864516557e+00
1.202970758757282432e+00
1.204686988119519908e+00
1.206407941198696321e+00
1.208133647489555873e+00
1.209864136736759299e+00
1.211599438937534190e+00
1.213339584344401700e+00
1.215084603467909474e+00
1.216834527079407646e+00
1.218589386213838166e+00
1.220349212172607833e+00
1.222114036526461556e+00
1.223883891118406675e+00
1.225658808066647953e+00
1.227438819767615152e+00
1.229223958898986835e+00
1.231014258422771013e+00
1.232809751588395564e+00
1.234610471935900344e+00
1.236416453299119089e+00
1.238227729808927924e+00
1.240044335896499650e+00
1.241866306296671274e+00
1.243693676051295105e+00
1.245526480512660461e+00
1.247364755346931142e+00
1.249208536537690151e+00
1.251057860389477083e+00
1.252912763531390805e+00
1.254773282920722544e+00
1.256639455846690012e+00
1.258511319934169759e+00
1.260388913147496792e+00
1.262272273794302846e+00
1.264161440529452118e+00
1.266056452358983231e+00
1.267957348644114690e+00
1.269864169105306084e+00
1.271776953826404766e+00
1.273695743258813406e+00
1.275620578225713286e+00
1.277551499926362411e+00
1.279488549940468456e+00
1.281431770232594802e+00
1.283381203156618078e+00
1.285336891460260311e+00
1.287298878289736992e+00
1.289267207194407350e+00
1.291241922131486142e+00
1.293223067470833376e+00
1.295210687999830412e+00
1.297204828928320453e+00
1.299205535893608765e+00
1.301212854965532850e+00
1.303226832651605660e+00
1.305247515902237865e+00
1.307274952116031841e+00
1.309309189145149377e+00
1.311350275300757318e+00
1.313398259358550701e+00
1.315453190564356056e+00
1.317515118639816185e+00
1.319584093788156220e+00
1.321660166700032280e+00
1.323743388559466272e+00
1.325833811049866418e+00
1.327931486360135693e+00
1.330036467190869987e+00
1.332148806760645066e+00
1.334268558812399696e+00
1.336395777619906911e+00
1.338530517994346525e+00
1.340672835290970921e+00
1.342822785415870745e+00
1.344980424832841637e+00
1.347145810570351321e+00
1.349319000228612175e+00
1.351500051986760154e+00
1.353689024610137848e+00
1.355885977457690572e+00
1.358090970489472360e+00
1.360304064274263869e+00
1.362525319997307971e+00
1.364754799468159918e+00
1.366992565128658965e+00
1.369238680061019231e+00
1.371493207996047126e+00
1.373756213321479347e+00
1.376027761090454549e+00
1.378307917030110241e+00
1.380596747550315140e+00
1.382894319752535628e+00
1.385200701438838333e+00
1.387515961121033259e+00
1.389840168029959022e+00
1.392173392124911757e+00
1.394515704103223674e+00
1.396867175409987949e+00
1.399227878247939261e+00
1.401597885587489101e+00
1.403977271176917618e+00
1.406366109552728227e+00
1.408764476050166969e+00
1.411172446813905301e+00
1.413590098808896967e+00
1.416017509831406507e+00
1.418454758520212522e+00
1.420901924367994118e+00
1.423359087732895878e+00
1.425826329850283347e+00
1.428303732844685037e+00
1.430791379741930491e+00
1.433289354481482203e+00
1.435797741928971361e+00
1.438316627888934995e+00
1.440846099117763179e+00
1.443386243336858499e+00
1.445937149246008691e+00
1.448498906536984432e+00
1.451071605907356066e+00
1.453655339074542585e+00
1.456250198790093098e+00
1.458856278854203437e+00
1.461473674130477018e+00
1.464102480560931951e+00
1.466742795181257497e+00
1.469394716136329659e+00
1.472058342695985234e+00
1.474733775271062752e+00
1.477421115429715437e+00
1.480120465913999483e+00
1.482831930656745678e+00
1.485555614798716118e+00
1.488291624706056471e+00
1.491040067988045781e+00
1.493801053515150024e+00
1.496574691437388749e+00
1.499361093203014805e+00
1.502160371577521358e+00
1.504972640662974870e+00
1.507798015917685586e+00
1.510636614176220194e+00
1.513488553669764203e+00
1.516353954046840702e+00
1.519232936394393940e+00
1.522125623259240390e+00
1.525032138669901505e+00
1.527952608158822168e+00
1.530887158784981494e+00
1.533835919156906202e+00
1.536799019456094317e+00
1.539776591460856991e+00
1.542768768570587312e+00
1.545775685830463653e+00
1.548797479956590450e+00
1.551834289361577079e+00
1.554886254180721350e+00
1.557953516298440366e+00
1.561036219375274259e+00
1.564134508875452134e+00
1.567248532094908775e+00
1.570378438189785841e+00
1.573524378205497731e+00
1.576686505106326797e+00
1.579864973805543027e+00
1.583059941196106601e+00
1.586271566181924442e+00
1.589500009709686523e+00
1.592745434801316362e+00
1.596008006586996819e+00
1.599287892338836947e+00
1.602585261505176550e+00
1.605900285745504918e+00
1.609233138966073673e+00
1.612583997356174859e+00
1.615953039425082505e+00
1.619340446039736037e+00
1.622746400463119798e+00
1.626171088393367326e+00
1.629614698003647000e+00
1.633077419982784217e+00
1.636559447576672710e+00
1.640060976630512313e+00
1.643582205631815674e+00
1.647123335754292262e+00
1.650684570902581916e+00
1.654266117757824395e+00
1.657868185824167728e+00
1.661490987476171410e+00
1.665134738007115978e+00
1.668799655678310456e+00
1.672485961769345497e+00
1.676193880629332611e+00
1.679923639729203444e+00
1.683675469715001149e+00
1.687449604462258890e+00
1.691246281131493223e+00
1.695065740224739770e+00
1.698908225643297465e+00
1.702773984746617675e+00
1.706663268412339729e+00
1.710576331097607872e+00
1.714513430901603241e+00
1.718474829629324185e+00
1.722460792856725487e+00
1.726471589997147449e+00
1.730507494369103005e+00
1.734568783265515002e+00
1.738655738024303510e+00
1.742768644100481268e+00
1.746907791139762578e+00
1.751073473053615270e+00
1.755265988095967566e+00
1.759485638941488794e+00
1.763732732765449951e+00
1.768007581325349076e+00
1.772310501044204401e+00
1.776641813095573896e+00
1.781001843490449543e+00
1.785390923165921295e+00
1.789809388075731533e+00
1.794257579282823256e+00
1.798735843053749672e+00
1.803244530955184777e+00
1.807783999952512710e+00
1.812354612510427510e+00
1.816956736695816588e+00
1.821590746282828688e+00
1.826257020860137636e+00
1.830955945940648810e+00
1.835687913073519528e+00
1.840453319958586631e+00
1.845252570563395755e+00
1.850086075242676875e+00
1.854954250860477716e+00
1.859857520915054296e+00
1.864796315666339632e+00
1.869771072266379841e+00
1.874782234892625965e+00
1.879830254884052643e+00
1.884915590880460234e+00
1.890038708964809633e+00
1.895200082808644826e+00
1.900400193820904526e+00
1.905639531299904155e+00
1.910918592589053722e+00
1.916237883235562212e+00
1.921597917153057056e+00
1.926999216787844915e+00
1.932442313288819324e+00
1.937927746681288754e+00
1.943456066044715103e+00
1.949027829694487846e+00
1.954643605367831105e+00
1.960303970413954433e+00
1.966009511988531688e+00
1.971760827252624360e+00
1.977558523576163907e+00
1.983403218746092378e+00
1.989295541179277871e+00
1.995236130140339847e+00
2.001225635964477334e+00
2.007264720285433235e+00
2.013354056268730208e+00
2.019494328850294895e+00
2.025686234980589084e+00
2.031930483874431204e+00
2.038227797266584318e+00
2.044578909673294032e+00
2.050984568659900198e+00
2.057445535114681867e+00
2.063962583529065586e+00
2.070536502284394675e+00
2.077168093945365168e+00
2.083858175560318493e+00
2.090607578968551650e+00
2.097417151114816747e+00
2.104287754371151564e+00
2.111220266866280948e+00
2.118215582822697396e+00
2.125274612901643767e+00
2.132398284556172197e+00
2.139587542392481723e+00
2.146843348539690943e+00
2.154166683028309937e+00
2.161558544177545560e+00
2.169019948991679936e+00
2.176551933565724628e+00
2.184155553500562785e+00
2.191831884327773761e+00
2.199582021944416432e+00
2.207407083057929320e+00
2.215308205641410400e+00
2.223286549399490220e+00
2.231343296245053232e+00
2.239479650786998288e+00
2.247696840829344289e+00
2.255996117881867935e+00
2.264378757682532051e+00
2.272846060731962048e+00
2.281399352840218775e+00
2.290039985686084911e+00
2.298769337389193534e+00
2.307588813095182267e+00
2.316499845574153671e+00
2.325503895832706558e+00
2.334602453739794470e+00
2.343797038666639132e+00
2.353089200141023518e+00
2.362480518516159922e+00
2.371972605654405708e+00
2.381567105626091863e+00
2.391265695423712589e+00
2.401070085691697109e+00
2.410982021472072301e+00
2.421003282966198711e+00
2.431135686312829058e+00
2.441381084382733047e+00
2.451741367590100307e+00
2.462218464720918210e+00
2.472814343778579005e+00
2.483531012846877051e+00
2.494370520970566218e+00
2.505334959053672872e+00
2.516426460775724294e+00
2.527647203525998698e+00
2.538999409355973569e+00
2.550485345950049609e+00
2.562107327614620900e+00
2.573867716285571206e+00
2.585768922554245730e+00
2.597813406711872108e+00
2.610003679812460842e+00
2.622342304754126552e+00
2.634831897378710597e+00
2.647475127589631327e+00
2.660274720487792344e+00
2.673233457525339141e+00
2.686354177677047872e+00
2.699639778629062903e+00
2.713093217984596794e+00
2.726717514486245886e+00
2.740515749254455624e+00
2.754491067041612951e+00
2.768646677501210629e+00
2.782985856471438701e+00
2.797511947272450783e+00
2.812228362016540473e+00
2.827138582930340149e+00
2.842246163688076255e+00
2.857554730754827688e+00
2.873067984738656655e+00
2.888789701750319683e+00
2.904723734769235843e+00
2.920874015014240044e+00
2.937244553317531093e+00
2.953839441500127005e+00
2.970662853746992127e+00
2.987719047979872755e+00
3.005012367225760261e+00
3.022547240978737726e+00
3.040328186552837320e+00
3.058359810423390890e+00
3.076646809554131057e+00
3.095193972707272589e+00
3.114006181733516065e+00
3.133088412838807457e+00
3.152445737824589145e+00
3.172083325297781364e+00
3.192006441846729992e+00
3.212220453180181678e+00
3.232730825223783189e+00
3.253543125170820005e+00
3.274663022482499297e+00
3.296096289833046811e+00
3.317848803995067097e+00
3.339926546659862439e+00
3.362335605187895204e+00
3.385082173283711526e+00
3.408172551590145094e+00
3.431613148195832519e+00
3.455410479050486039e+00
3.479571168281711202e+00
3.504101948407465361e+00
3.529009660437767870e+00
3.554301253859413201e+00
3.579983786497217935e+00
3.606064424245245537e+00
3.632550440661523883e+00
3.659449216419475182e+00
3.686768238609630988e+00
3.714515099884718730e+00
3.742697497441843435e+00
3.771323231834809331e+00
3.800400205610578563e+00
3.829936421762971221e+00
3.859939981998004033e+00
3.890419084804154437e+00
3.921382023322485644e+00
3.952837183010232458e+00
3.984793039093462053e+00
4.017258153802878873e+00
4.050241173389210303e+00
4.083750824912854682e+00
4.117795912805210179e+00
4.152385315197157922e+00
4.187527980013194373e+00
4.223232920827686421e+00
4.259509212482947227e+00
4.296365986466748055e+00
4.333812426050307920e+00
4.371857761185674818e+00
4.410511263164955231e+00
4.449782239041807586e+00
4.489680025819044573e+00
4.530213984404525718e+00
4.571393493340495162e+00
4.613227942310477836e+00
4.655726725430203494e+00
4.698899234328651531e+00
4.742754851027011220e+00
4.787302940623623826e+00
4.832552843794041486e+00
4.878513869116113177e+00
4.925195285230616449e+00
4.972606312849014998e+00
5.020756116620221476e+00
5.069653796869417306e+00
5.119308381222078985e+00
5.169728816127552307e+00
5.220923958296403988e+00
5.272902566066992591e+00
5.325673290716391506e+00
5.379244667731874152e+00
5.433625108058853570e+00
5.488822889341995470e+00
5.544846147175817030e+00
5.601702866381685908e+00
5.659400872327939425e+00
5.717947822309692896e+00
5.777351197005139660e+00
5.837618292024496114e+00
5.898756209568100317e+00
5.960771850209060752e+00
6.023671904816468192e+00
6.087462846633544089e+00
6.152150923525949722e+00
6.217742150413405611e+00
6.284242301898816940e+00
6.351656905106614737e+00
6.419991232743294418e+00
6.489250296390257411e+00
6.559438840040494156e+00
6.630561333887646569e+00
6.702621968377179940e+00
6.775624648526764382e+00
6.849572988523605410e+00
6.924470306604329828e+00
7.000319620223171668e+00
7.077123641512566898e+00
7.154884773039870360e+00
7.233605103862875474e+00
7.313286405885865982e+00
7.393930130517465393e+00
7.475537405630156229e+00
7.558109032821398898e+00
7.641645484974486813e+00
7.726146904117805470e+00
7.811613099579093777e+00
7.898043546432204742e+00
7.985437384231595992e+00
8.073793416031039172e+00
8.163110107680555672e+00
8.253385587397232825e+00
8.344617645602912859e+00
8.436803735023637785e+00
8.529940971043162179e+00
8.624026132304678072e+00
8.719055661552575387e+00
8.815025666707905216e+00
8.911931922168955467e+00
9.009769870330265107e+00
9.108534623311324907e+00
9.208220964888024440e+00
9.308823352618075475e+00
9.410335920153412914e+00
9.512752479730760768e+00
9.616066524833584594e+00
9.720271233016683610e+00
9.825359468886743386e+00
9.931323787230565969e+00
1.003815643628430543e+01
1.014584936113598168e+01
1.025439420725474804e+01
1.036378232413972178e+01
1.047400476908212674e+01
1.058505231103411148e+01
1.069691543457828153e+01
1.080958434399190971e+01
1.092304896740025022e+01
1.103729896101341446e+01
1.115232371344172435e+01
1.126811235008450041e+01
1.138465373758763377e+01
1.150193648836544646e+01
1.161994896518261555e+01
1.173867928579212361e+01
1.185811532762568454e+01
1.197824473253267641e+01
1.209905491156456492e+01
1.222053304980181920e+01
1.234266611121988788e+01
1.246544084359218019e+01
1.258884378342682275e+01
1.271286126093548319e+01
1.283747940503145379e+01
1.296268414835554594e+01
1.308846123232729397e+01
1.321479621222033174e+01
1.334167446225971609e+01
1.346908118074026461e+01
1.359700139516394479e+01
1.372541996739549575e+01
1.385432159883482051e+01
1.398369083560494275e+01
1.411351207375478545e+01
1.424376956447533438e+01
1.437444741932872283e+01
1.450552961548882180e+01
1.463700000099298926e+01
1.476884230000360887e+01
1.490104011807913409e+01
1.503357694745327677e+01
1.516643617232208818e+01
1.529960107413761072e+01
1.543305483690777180e+01
1.556678055250120885e+01
1.570076122595668622e+01
1.583497978079573976e+01
1.596941906433812264e+01
1.610406185301865989e+01
1.623889085770504437e+01
1.637388872901501458e+01
1.650903806263244178e+01
1.664432140462065490e+01
1.677972125673241521e+01
1.691522008171483193e+01
1.705080030860839102e+01
1.718644433803843441e+01
1.732213454749808434e+01
1.745785329662082930e+01
1.759358293244164884e+01
1.772930579464483714e+01
1.786500422079721062e+01
1.800066055156484524e+01
1.813625713591184763e+01
1.827177633627918496e+01
1.840720053374198883e+01
1.854251213314347524e+01
1.867769356820331694e+01
1.881272730659902592e+01
1.894759585501776655e+01
1.908228176417722821e+01
1.921676763381291053e+01
1.935103611763024745e+01
1.948506992821902983e+01
1.961885184192839304e+01
1.975236470369981845e+01
1.988559143185642242e+01
2.001851502284585393e+01
2.015111855593511692e+01
2.028338519785467753e+01
2.041529820739007306e+01
2.054684093991843596e+01
2.067799685188816738e+01
2.080874950523920930e+01
2.093908257176216736e+01
2.106897983739380820e+01
2.119842520644717254e+01
2.132740270577400210e+01
2.145589648885770018e+01
2.158389083983461987e+01
2.171137017744206332e+01
2.183831905889088176e+01
2.196472218366098161e+01
2.209056439721808829e+01
2.221583069464992732e+01
2.234050622422037335e+01
2.246457629083998597e+01
2.258802635945150072e+01
2.271084205832897851e+01
2.283300918228919940e+01
2.295451369581433809e+01
2.307534173608467754e+01
2.319547961592036245e+01
2.331491382663158163e+01
2.343363104077585746e+01
2.355161811482249590e+01
2.366886209172281497e+01
2.378535020338651407e+01
2.390106987306305442e+01
2.401600871762848755e+01
2.413015454977706042e+01
2.424349538011804839e+01
2.435601941917747482e+01
2.446771507930538547e+01
2.457857097648857092e+01
2.468857593206958967e+01
2.479771897437231942e+01
2.490598934023496014e+01
2.501337647645111772e+01
2.511987004111995248e+01
2.522545990490638346e+01
2.533013615221243953e+01
2.543388908226104661e+01
2.553670921009351247e+01
2.563858726748217265e+01
2.573951420375973598e+01
2.583948118656692827e+01
2.593847960252018581e+01
2.603650105780118551e+01
2.613353737867008064e+01
2.622958061190445633e+01
2.632462302516605845e+01
2.641865710729736705e+01
2.651167556855026319e+01
2.660367134074902040e+01
2.669463757738989074e+01
2.678456765367976544e+01
2.687345516651619448e+01
2.696129393441130162e+01
2.704807799736202867e+01
2.713380161666938761e+01
2.721845927470892690e+01
2.730204567465545651e+01
2.738455574016408178e+01
2.746598461501066168e+01
2.754632766269373789e+01
2.762558046600097583e+01
2.770373882654230968e+01
2.778079876425260153e+01
2.785675651686604226e+01
2.793160853936505106e+01
2.800535150340578738e+01
2.807798229672290091e+01
2.814949802251560840e+01
2.821989599881750266e+01
2.828917375785208321e+01
2.835732904537620058e+01
2.842435982001331141e+01
2.849026425257848771e+01
2.855504072539680749e+01
2.861868783161691354e+01
2.868120437452115112e+01
2.874258936683372667e+01
2.880284203002803167e+01
2.886196179363429692e+01
2.891994829454844407e+01
2.897680137634292663e+01
2.903252108858001534e+01
2.908710768612811037e+01
2.914056162848104492e+01
2.919288357908062537e+01
2.924407440464191410e+01
2.929413517448110582e+01
2.934306715984516956e+01
2.939087183324244990e+01
2.943755086777318652e+01
2.948310613645852385e+01
2.952753971156655766e+01
2.957085386393350390e+01
2.961305106227808182e+01
2.965413397250659244e+01
2.969410545700666049e+01
2.973296857392645975e+01
2.977072657643613596e+01
2.980738291196897904e+01
2.984294122143845840e+01
2.987740533842750068e+01
2.991077928834583588e+01
2.994306728755173452e+01
2.997427374243408238e+01
3.000440324844938544e+01
3.003346058910961602e+01
3.006145073491604336e+01
3.008837884223555292e+01
3.011425025211135775e+01
3.013907048900598795e+01
3.016284525946955597e+01
3.018558045072907348e+01
3.020728212919307865e+01
3.022795653886673151e+01
3.024761009967198078e+01
3.026624940566787814e+01
3.028388122316600928e+01
3.030051248873619940e+01
3.031615030709814462e+01
3.033080194889407366e+01
3.034447484833863129e+01
3.035717660074197610e+01
3.036891495990252565e+01
3.037969783536617996e+01
3.038953328954906041e+01
3.039842953472145481e+01
3.040639492985096481e+01
3.041343797730356258e+01
3.041956731940114267e+01
3.042479173483550170e+01
3.042912013493873502e+01
3.043256155981066513e+01
3.043512517430473707e+01
3.043682026387397954e+01
3.043765623027970335e+01
3.043764258716595705e+01
3.043678895550362995e+01
3.043510505890809625e+01
3.043260071883574724e+01
3.042928584966465166e+01
3.042517045366562556e+01
3.042026461587023078e+01
3.041457849884284315e+01
3.040812233736457060e+01
3.040090643303706486e+01
3.039294114881497322e+01
3.038423690347571693e+01
3.037480416603614941e+01
3.036465345012560135e+01
3.035379530832524253e+01
3.034224032648385716e+01
3.032999911802021487e+01
3.031708231822244670e+01
3.030350057855480728e+01
3.028926456098226794e+01
3.027438493232330075e+01
3.025887235864106017e+01
3.024273749968319080e+01
3.022599100338003097e+01
3.020864350041101076e+01
3.019070559884857730e+01
3.017218787888877429e+01
3.015310088767706276e+01
3.013345513423769262e+01
3.011326108451464378e+01
3.009252915653138061e+01
3.007126971567643992e+01
3.004949307012112669e+01
3.002720946637540678e+01
3.000442908498727590e+01
2.998116203639045096e+01
2.995741835690464328e+01
2.993320800489200550e+01
2.990854085707331222e+01
2.988342670500614773e+01
2.985787525172740686e+01
2.983189610856150864e+01
2.980549879209557673e+01
2.977869272132213396e+01
2.975148721494931081e+01
2.972389148887828370e+01
2.969591465384697315e+01
2.966756571323914216e+01
2.963885356105689795e+01
2.960978698005495247e+01
2.958037464003389871e+01
2.955062509629035361e+01
2.952054678822073797e+01
2.949014803807559204e+01
2.945943704986095923e+01
2.942842190838311112e+01
2.939711057843306818e+01
2.936551090410655718e+01
2.933363060825555735e+01
2.930147729206681717e+01
2.926905843476339797e+01
2.923638139342450515e+01
2.920345340291921232e+01
2.917028157594957349e+01
2.913687290319837331e+01
2.910323425357730898e+01
2.906937237457067624e+01
2.903529389267034944e+01
2.900100531389720260e+01
2.896651302440494291e+01
2.893182329116167750e+01
2.889694226270503208e+01
2.886187596996652971e+01
2.882663032716112994e+01
2.879121113273784260e+01
2.875562407038751189e+01
2.871987471010388049e+01
2.868396850929410746e+01
2.864791081393535066e+01
2.861170685977366190e+01
2.857536177356188745e+01
2.853888057433330161e+01
2.850226817470780105e+01
2.846552938222760432e+01
2.842866890071956121e+01
2.839169133168124404e+01
2.835460117568807448e+01
2.831740283381908085e+01
2.828010060909862844e+01
2.824269870795194137e+01
2.820520124167201814e+01
2.816761222789605057e+01
2.812993559208902639e+01
2.809217516903289535e+01
2.805433470431922061e+01
2.801641785584380173e+01
2.797842819530157144e+01
2.794036920968014570e+01
2.790224430275075207e+01
2.786405679655502610e+01
2.782580993288650717e+01
2.778750687476557601e+01
2.774915070790675742e+01
2.771074444217727262e+01
2.767229101304598160e+01
2.763379328302169924e+01
2.759525404308007879e+01
2.755667601407833089e+01
2.751806184815696099e+01
2.747941413012798506e+01
2.744073537884887415e+01
2.740202804858178709e+01
2.736329453033748393e+01
2.732453715320359322e+01
2.728575818565661493e+01
2.724695983685748502e+01
2.720814425793022906e+01
2.716931354322342784e+01
2.713046973155435637e+01
2.709161480743531314e+01
2.705275070228223555e+01
2.701387929560517875e+01
2.697500241618073602e+01
2.693612184320611647e+01
2.689723930743488012e+01
2.685835649229428412e+01
2.681947503498410512e+01
2.678059652755708342e+01
2.674172251798080069e+01
2.670285451118116171e+01
2.666399397006742333e+01
2.662514231653892338e+01
2.658630093247344917e+01
2.654747116069743385e+01
2.650865430593806593e+01
2.646985163575736166e+01
2.643106438146842052e+01
2.639229373903386744e+01
2.635354086994674816e+01
2.631480690209393813e+01
2.627609293060233142e+01
2.623740001866785576e+01
2.619872919836752345e+01
2.616008147145478802e+01
2.612145781013827417e+01
2.608285915784416886e+01
2.604428642996240129e+01
2.600574051457683922e+01
2.596722227317971488e+01
2.592873254137056094e+01
2.589027212953966384e+01
2.585184182353650684e+01
2.581344238532321356e+01
2.577507455361335786e+01
2.573673904449627159e+01
2.569843655204710942e+01
2.566016774892289121e+01
2.562193328694472783e+01
2.558373379766652178e+01
2.554556989293027769e+01
2.550744216540829257e+01
2.546935118913248886e+01
2.543129752001102162e+01
2.539328169633251520e+01
2.535530423925801102e+01
2.531736565330095701e+01
2.527946642679539480e+01
2.524160703235264336e+01
2.520378792730659256e+01
2.516600955414792296e+01
2.512827234094738316e+01
2.509057670176841981e+01
2.505292303706933055e+01
2.501531173409515674e+01
2.497774316725948296e+01
2.494021769851643811e+01
2.490273567772305441e+01
2.486529744299216205e+01
2.482790332103604669e+01
2.479055362750109381e+01
2.475324866729354056e+01
2.471598873489663362e+01
2.467877411467926052e+01
2.464160508119633874e+01
2.460448189948110453e+01
2.456740482532951120e+01
2.453037410557677944e+01
2.449338997836656517e+01
2.445645267341300055e+01
2.441956241225465973e+01
2.438271940850223629e+01
2.434592386807914366e+01
2.430917598945553593e+01
2.427247596387537598e+01
2.423582397557763102e+01
2.419922020201077117e+01
2.416266481404155542e+01
2.412615797615754687e+01
2.408969984666417474e+01
2.405329057787580638e+01
2.401693031630163233e+01
2.398061920282592396e+01
2.394435737288326393e+01
2.390814495662852579e+01
2.387198207910198988e+01
2.383586886038956720e+01
2.379980541577832298e+01
2.376379185590743859e+01
2.372782828691461887e+01
2.369191481057827886e+01
2.365605152445534642e+01
2.362023852201507879e+01
2.358447589276874012e+01
2.354876372239547777e+01
2.351310209286430108e+01
2.347749108255249695e+01
2.344193076636025097e+01
2.340642121582200375e+01
2.337096249921417623e+01
2.333555468165980074e+01
2.330019782522974836e+01
2.326489198904098643e+01
2.322963722935165976e+01
2.319443359965337237e+01
2.315928115076042104e+01
2.312417993089642465e+01
2.308912998577809361e+01
2.305413135869650176e+01
2.301918409059566528e+01
2.298428822014877326e+01
2.294944378383192074e+01
2.291465081599553955e+01
2.287990934893356609e+01
2.284521941295038516e+01
2.281058103642564561e+01
2.277599424587700838e+01
2.274145906602086953e+01
2.270697551983113271e+01
2.267254362859611305e+01
2.263816341197353665e+01
2.260383488804387042e+01
2.256955807336177600e+01
2.253533298300603960e+01
2.250115963062776103e+01
2.246703802849703635e+01
2.243296818754807376e+01
2.239895011742286357e+01
2.236498382651338090e+01
2.233106932200243477e+01
2.229720660990312808e+01
2.226339569509705285e+01
2.222963658137120291e+01
2.219592927145366446e+01
2.216227376704810936e+01
2.212867006886719068e+01
2.209511817666473377e+01
2.206161808926695400e+01
2.202816980460255891e+01
2.199477331973186978e+01
2.196142863087496977e+01
2.192813573343890354e+01
2.189489462204393888e+01
2.186170529054898992e+01
2.182856773207613088e+01
2.179548193903432463e+01
2.176244790314231636e+01
2.172946561545077770e+01
2.169653506636368334e+01
2.166365624565896297e+01
2.163082914250846400e+01
2.159805374549721435e+01
2.156533004264204223e+01
2.153265802140957064e+01
2.150003766873356881e+01
2.146746897103173168e+01
2.143495191422188739e+01
2.140248648373763984e+01
2.137007266454347132e+01
2.133771044114933702e+01
2.130539979762476932e+01
2.127314071761247405e+01
2.124093318434145772e+01
2.120877718063972495e+01
2.117667268894654242e+01
2.114461969132423036e+01
2.111261816946962355e+01
2.108066810472504926e+01
2.104876947808900312e+01
2.101692227022648041e+01
2.098512646147885619e+01
2.095338203187342430e+01
2.092168896113265575e+01
2.089004722868315511e+01
2.085845681366430782e+01
2.082691769493656508e+01
2.079542985108949438e+01
2.076399326044952076e+01
2.073260790108743024e+01
2.070127375082561016e+01
2.066999078724500549e+01
2.063875898769187600e+01
2.060757832928428357e+01
2.057644878891839468e+01
2.054537034327452361e+01
2.051434296882301211e+01
2.048336664182985345e+01
2.045244133836215994e+01
2.042156703429344589e+01
2.039074370530867597e+01
2.035997132690922129e+01
2.032924987441756315e+01
2.029857932298190093e+01
2.026795964758054325e+01
2.023739082302620318e+01
2.020687282397009810e+01
2.017640562490594291e+01
2.014598920017377992e+01
2.011562352396371267e+01
2.008530857031945516e+01
2.005504431314182412e+01
2.002483072619206439e+01
1.999466778309507831e+01
1.996455545734254855e+01
1.993449372229593664e+01
1.990448255118940679e+01
1.987452191713262906e+01
1.984461179311348999e+01
1.981475215200070394e+01
1.978494296654636742e+01
1.975518420938839625e+01
1.972547585305287043e+01
1.969581786995634687e+01
1.966621023240804078e+01
1.963665291261197154e+01
1.960714588266901615e+01
1.957768911457889516e+01
1.954828258024211252e+01
1.951892625146179228e+01
1.948962009994549049e+01
1.946036409730692185e+01
1.943115821506764362e+01
1.940200242465866864e+01
1.937289669742204268e+01
1.934384100461235434e+01
1.931483531739820592e+01
1.928587960686362024e+01
1.925697384400941203e+01
1.922811799975452018e+01
1.919931204493726895e+01
1.917055595031663273e+01
1.914184968657340491e+01
1.911319322431137735e+01
1.908458653405844174e+01
1.905602958626768029e+01
1.902752235131842085e+01
1.899906479951722460e+01
1.897065690109889502e+01
1.894229862622738736e+01
1.891398994499676434e+01
1.888573082743205589e+01
1.885752124349014380e+01
1.882936116306058594e+01
1.880125055596637296e+01
1.877318939196474545e+01
1.874517764074793291e+01
1.871721527194386425e+01
1.868930225511690324e+01
1.866143855976851995e+01
1.863362415533792316e+01
1.860585901120273888e+01
1.857814309667957531e+01
1.855047638102465157e+01
1.852285883343437689e+01
1.849529042304586923e+01
1.846777111893753798e+01
1.844030089012960616e+01
1.841287970558456877e+01
1.838550753420772210e+01
1.835818434484762562e+01
1.833091010629655315e+01
1.830368478729092629e+01
1.827650835651176919e+01
1.824938078258509222e+01
1.822230203408230409e+01
1.819527207952060621e+01
1.816829088736334796e+01
1.814135842602039972e+01
1.811447466384849747e+01
1.808763956915158744e+01
1.806085311018113515e+01
1.803411525513645941e+01
1.800742597216502006e+01
1.798078522936272350e+01
1.795419299477420338e+01
1.792764923639309060e+01
1.790115392216227974e+01
1.787470701997419908e+01
1.784830849767101313e+01
1.782195832304492100e+01
1.779565646383834832e+01
1.776940288774415322e+01
1.774319756240589285e+01
1.771704045541797967e+01
1.769093153432589460e+01
1.766487076662638600e+01
1.763885811976765439e+01
1.761289356114950522e+01
1.758697705812354783e+01
1.756110857799334113e+01
1.753528808801454630e+01
1.750951555539510807e+01
1.748379094729535765e+01
1.745811423082817981e+01
1.743248537305913715e+01
1.740690434100659800e+01
1.738137110164185373e+01
1.735588562188924655e+01
1.733044786862626552e+01
1.730505780868367083e+01
1.727971540884558621e+01
1.725442063584958774e+01
1.722917345638681397e+01
1.720397383710204409e+01
1.717882174459376898e+01
1.715371714541429782e+01
1.712866000606980776e+01
1.710365029302043638e+01
1.707868797268032068e+01
1.705377301141768953e+01
1.702890537555489558e+01
1.700408503136849703e+01
1.697931194508929309e+01
1.695458608290236668e+01
1.692990741094714835e+01
1.690527589531742692e+01
1.688069150206144187e+01
1.685615419718182650e+01
1.683166394663578913e+01
1.680722071633495673e+01
1.678282447214555972e+01
1.675847517988838220e+01
1.673417280533873353e+01
1.670991731422659754e+01
1.668570867223649046e+01
1.666154684500762073e+01
1.663743179813376827e+01
1.661336349716340877e+01
1.658934190759962846e+01
1.656536699490016318e+01
1.654143872447741970e+01
1.651755706169840465e+01
1.649372197188481692e+01
1.646993342031293039e+01
1.644619137221369343e+01
1.642249579277262228e+01
1.639884664712985085e+01
1.637524390038010225e+01
1.635168751757263550e+01
1.632817746371129886e+01
1.630471370375441253e+01
1.628129620261485400e+01
1.625792492515994070e+01
1.623459983621145142e+01
1.621132090054560493e+01
1.618808808289297829e+01
1.616490134793856015e+01
1.614176066032161572e+01
1.611866598463575428e+01
1.609561728542882264e+01
1.607261452720290151e+01
1.604965767441425228e+01
1.602674669147328146e+01
1.600388154274451580e+01
1.598106219254652594e+01
1.595828860515192815e+01
1.593556074478728490e+01
1.591287857563311903e+01
1.589024206182381960e+01
1.586765116744760995e+01
1.584510585654651749e+01
1.582260609311628308e+01
1.580015184110635751e+01
1.577774306441980023e+01
1.575537972691327937e+01
1.573306179239697045e+01
1.571078922463452798e+01
1.568856198734303042e+01
1.566638004419290020e+01
1.564424335880788952e+01
1.562215189476496846e+01
1.560010561559431785e+01
1.557810448477923693e+01
1.555614846575609356e+01
1.553423752191426566e+01
1.551237161659607722e+01
1.549055071309674148e+01
1.546877477466428630e+01
1.544704376449951333e+01
1.542535764575590207e+01
1.540371638153958678e+01
1.538211993490925522e+01
1.536056826887610605e+01
1.533906134640378127e+01
1.531759913040828103e+01
1.529618158375793691e+01
1.527480866927329828e+01
1.525348034972710742e+01
1.523219658784421426e+01
1.521095734630149821e+01
1.518976258772782906e+01
1.516861227470397111e+01
1.514750636976254050e+01
1.512644483538791462e+01
1.510542763401618060e+01
1.508445472803506249e+01
1.506352607978384839e+01
1.504264165155333544e+01
1.502180140558573918e+01
1.500100530407464916e+01
1.498025330916494369e+01
1.495954538295273473e+01
1.493888148748528621e+01
1.491826158476095721e+01
1.489768563672912904e+01
1.487715360529013608e+01
1.485666545229519819e+01
1.483622113954635857e+01
1.481582062879640738e+01
1.479546388174881955e+01
1.477515086005769085e+01
1.475488152532765973e+01
1.473465583911385579e+01
1.471447376292181808e+01
1.469433525820744002e+01
1.467424028637690014e+01
1.465418880878658925e+01
1.463418078674305889e+01
1.461421618150295032e+01
1.459429495427291990e+01
1.457441706620959287e+01
1.455458247841948527e+01
1.453479115195894700e+01
1.451504304783409971e+01
1.449533812700076751e+01
1.447567635036443257e+01
1.445605767878014269e+01
1.443648207305248654e+01
1.441694949393550296e+01
1.439745990213264015e+01
1.437801325829668642e+01
1.435860952302971683e+01
1.433924865688303463e+01
1.431993062035710729e+01
1.430065537390152564e+01
1.428142287791492038e+01
1.426223309274493900e+01
1.424308597868816406e+01
1.422398149599007411e+01
1.420491960484498861e+01
1.418590026539600402e+01
1.416692343773496532e+01
1.414798908190238258e+01
1.412909715788740783e+01
1.411024762562777823e+01
1.409144044500975923e+01
1.407267557586810369e+01
1.405395297798599863e+01
1.403527261109503854e+01
1.401663443487514371e+01
1.399803840895455664e+01
1.397948449290976214e+01
1.396097264626547485e+01
1.394250282849457534e+01
1.392407499901807988e+01
1.390568911720510670e+01
1.388734514237281381e+01
1.386904303378639192e+01
1.385078275065900222e+01
1.383256425215175334e+01
1.381438749737366578e+01
1.379625244538163109e+01
1.377815905518039230e+01
1.376010728572249242e+01
1.374209709590827089e+01
1.372412844458580317e+01
1.370620129055089720e+01
1.368831559254705965e+01
1.367047130926545329e+01
1.365266839934490939e+01
1.363490682137185317e+01
1.361718653388033751e+01
1.359950749535196834e+01
1.358186966421592068e+01
1.356427299884891191e+01
1.354671745757516632e+01
1.352920299866643283e+01
1.351172958034192284e+01
1.349429716076835639e+01
1.347690569805988225e+01
1.345955515027812588e+01
1.344224547543213966e+01
1.342497663147841180e+01
1.340774857632086103e+01
1.339056126781081169e+01
1.337341466374702037e+01
1.335630872187563334e+01
1.333924339989022734e+01
1.332221865543177053e+01
1.330523444608864381e+01
1.328829072939664435e+01
1.327138746283897319e+01
1.325452460384626541e+01
1.323770210979656170e+01
1.322091993801536347e+01
1.320417804577558485e+01
1.318747639029761487e+01
1.317081492874930149e+01
1.315419361824596578e+01
1.313761241585044104e+01
