8.874530954133009075e+00 8.824154165406328687e+00 8.899195495958672097e+00 8.926909437096998801e+00 8.885587600201798608e+00
9.135443856062325452e+00 9.040029408228438257e+00 9.184667693290563761e+00 9.236811071832409681e+00 9.160036528119890775e+00
9.383832783817464218e+00 9.248283605331462098e+00 9.457418128479814001e+00 9.531011096053061848e+00 9.424233625321388530e+00
9.620735688022458376e+00 9.449546286276008900e+00 9.718396081798170272e+00 9.810748088716911397e+00 9.679022971152983601e+00
9.847137462783923212e+00 9.644420252658152393e+00 9.968501748310083954e+00 1.007719696959678224e+01 9.925208761421503212e+00
1.006397285036429956e+01 9.833482806210209759e+00 1.020858835166145262e+01 1.033147231750857209e+01 1.016355704628071344e+01
1.027212896717892399e+01 1.001728731553921037e+01 1.043946511019676393e+01 1.057463164232676611e+01 1.039479727027408629e+01
1.047244784974238918e+01 1.019636418588874349e+01 1.066189924000816802e+01 1.080767835159336876e+01 1.061962390766595732e+01
1.066572871442298975e+01 1.037122197861355488e+01 1.087661793737420624e+01 1.103156451212911193e+01 1.083869822546127892e+01
1.085273008846191090e+01 1.054234839049108530e+01 1.108431044172247049e+01 1.124719363997039778e+01 1.105264973575056153e+01
1.103417197227413205e+01 1.071021122629353783e+01 1.128563001503641416e+01 1.145542316807238414e+01 1.126207770035202671e+01
1.121073784580980615e+01 1.087525923752535029e+01 1.148119583022622692e+01 1.165706672773303687e+01 1.146755227703443225e+01
1.138307641278366411e+01 1.103792292253027618e+01 1.167159465928638973e+01 1.185289640733442340e+01 1.166961573656444351e+01
1.155180331749013334e+01 1.119861531617404360e+01 1.185738249820815149e+01 1.204364482757210908e+01 1.186878419185470612e+01
1.171750282393009179e+01 1.135773269502299065e+01 1.203908609090618498e+01 1.223000734375339427e+01 1.206554874426432278e+01
1.188072937061052237e+01 1.151565523747473208e+01 1.221720440404438968e+01 1.241264361171509734e+01 1.226037629027181985e+01
1.204200919998393893e+01 1.167274764582566426e+01 1.239221003026896106e+01 1.259217943767550452e+01 1.245371056172120916e+01
1.220184156970392664e+01 1.182935974111815547e+01 1.256455051546237023e+01 1.276920852566135522e+01 1.264597328558652478e+01
1.236070003819582297e+01 1.198582700551652458e+01 1.273464960882147778e+01 1.294429400981631240e+01 1.283756515778957308e+01
1.251903374726021667e+01 1.214247108647954754e+01 1.290290844310848684e+01 1.311797010333189384e+01 1.302886680064955982e+01
1.267726865487260923e+01 1.229960025353456921e+01 1.306970665334239712e+01 1.329074332552693782e+01 1.322023942905345351e+01
1.283580864993754389e+01 1.245750982118835282e+01 1.323540343769775518e+01 1.346309384482730387e+01 1.341202606377358464e+01
1.299503655522670442e+01 1.261648252370979328e+01 1.340033856535623968e+01 1.363547675240145729e+01 1.360455175857172527e+01
1.315531506696462927e+01 1.277678884815959215e+01 1.356483332387925955e+01 1.380832327758269606e+01 1.379812457722727004e+01
1.331698767777011838e+01 1.293868731410225692e+01 1.372919141320702785e+01 1.398204190641726363e+01 1.399303620744015930e+01
1.348037953742712425e+01 1.310242469939155008e+01 1.389369978822124274e+01 1.415701940253376279e+01 1.418956238324310704e+01
1.364579823050538820e+01 1.326823620696220374e+01 1.405862945100894734e+01 1.433362175867598509e+01 1.438796357684415028e+01
1.381353448804489048e+01 1.343634556591836748e+01 1.422423619405144635e+01 1.451219509555960308e+01 1.458848541838120383e+01
1.398386282863855179e+01 1.360696505728353500e+01 1.439076129445943408e+01 1.469306650080690346e+01 1.479135898975478725e+01
1.415704213485940954e+01 1.378029545245053278e+01 1.455843215908429933e+01 1.487654479498386451e+01 1.499680128974805982e+01
1.433331615729935749e+01 1.395652587249204757e+01 1.472746291995595236e+01 1.506292122066932393e+01 1.520501528974506478e+01
1.451291393537191254e+01 1.413583351960422263e+01 1.489805497874408324e+01 1.525247004707561338e+01 1.541619001907405995e+01
1.469605014231614959e+01 1.431838328875327271e+01 1.507039749653489302e+01 1.544544909876982253e+01 1.563050086188799170e+01
1.488292532134016000e+01 1.450432723954021519e+01 1.524466783189904540e+01 1.564210019390800177e+01 1.584810903304203045e+01
1.507372601706220649e+01 1.469380390822207083e+01 1.542103191306750531e+01 1.584264948553915531e+01 1.606916149416877815e+01
1.526862478503719345e+01 1.488693743503175071e+01 1.559964454421859514e+01 1.604730770255793004e+01 1.629379052789460403e+01
1.546778007065599070e+01 1.508383648230775620e+01 1.578064963150383981e+01 1.625627023820126382e+01 1.652211313454677821e+01
1.567133591935866299e+01 1.528459291943649134e+01 1.596418031846184604e+01 1.646971709385677585e+01 1.675423017376534318e+01
1.587942149901188138e+01 1.548928024995565522e+01 1.615035901619160086e+01 1.668781264276941911e+01 1.699022525843604470e+01
1.609215039885851439e+01 1.569795175638874873e+01 1.633929730155385940e+01 1.691070517465600176e+01 1.723016333602051731e+01
1.630961966128875673e+01 1.591063834167164259e+01 1.653109565338109377e+01 1.713852616913937510e+01 1.747408895202686807e+01
1.653190849334981039e+01 1.612734605338449256e+01 1.672584298566693306e+01 1.737138923350068609e+01 1.772202413110068875e+01
1.675907659054674781e+01 1.634805328841986238e+01 1.692361592266072279e+01 1.760938862343719791e+01 1.797396580059248450e+01
1.699116198955461599e+01 1.657270768632531599e+01 1.712447776450402159e+01 1.785259725680278109e+01 1.822988271457938936e+01
1.722817838723602790e+01 1.680122276250914837e+01 1.732847702057639339e+01 1.810106412643988705e+01 1.848971183101362570e+01
1.747011171706054355e+01 1.703347433257486543e+01 1.753564524021190607e+01 1.835481061302495931e+01 1.875335410183962637e+01
1.771691571707664536e+01 1.726929684189534697e+01 1.774599434268302645e+01 1.861382611344001248e+01 1.902066964611292477e+01
1.796850676534500835e+01 1.750847974003599816e+01 1.795951296310759560e+01 1.887806228494841676e+01 1.929147234752475981e+01
1.822475739510079862e+01 1.775076411363876971e+01 1.817616152835465826e+01 1.914742571136859439e+01 1.956552390931985030e+01
1.848548824675219393e+01 1.799583992515789177e+01 1.839586588355050267e+01 1.942176866810146763e+01 1.984252749977859409e+01
1.875045843281410995e+01 1.824334397584226863e+01 1.861850927423834179e+01 1.970087783545863402e+01 2.012212101610903048e+01
1.901993494351374636e+01 1.849322900721584872e+01 1.884446868539558650e+01 1.998509368934682584e+01 2.040430925116477212e+01
1.929627681207952605e+01 1.874675738536260994e+01 1.907612430772802981e+01 2.027704424771765801e+01 2.069064256197988527e+01
1.958191021451589720e+01 1.900518718010314601e+01 1.931598487516852813e+01 2.057944104492371196e+01 2.098265991622423243e+01
1.987865759144672495e+01 1.926937395313399648e+01 1.956605726301549453e+01 2.089434558424481025e+01 2.128139939250364776e+01
2.018768257154910017e+01 1.953978601028607187e+01 1.982778500890868756e+01 2.122310051784478446e+01 2.158739158736485564e+01
2.050943901056951546e+01 1.981652567573242152e+01 2.010198759957530967e+01 2.156626738231719287e+01 2.190066216139388189e+01
2.084363860211770358e+01 2.009936087457959175e+01 2.038881314735128214e+01 2.192358462570284416e+01 2.222075085319571386e+01
2.118925159382949275e+01 2.038776482905496579e+01 2.068771974219699317e+01 2.229396330492716061e+01 2.254674912574782653e+01
2.154455608080976603e+01 2.068096336762040721e+01 2.099749983490260874e+01 2.267553673112013612e+01 2.287735790002453484e+01
2.190724360653057801e+01 2.097798713377839519e+01 2.131635667454036209e+01 2.306577355474644619e+01 2.321096439935906375e+01
2.227458025265760710e+01 2.127772535736035664e+01 2.164203144228627451e+01 2.346165114850731470e+01 2.354573406165788541e+01
2.264360284689215064e+01 2.157897922435890337e+01 2.197196724788890876e+01 2.385987066355426123e+01 2.387971098490470823e+01
2.301132377261600936e+01 2.188051172704807712e+01 2.230348716848652657e+01 2.425708387235475527e+01 2.421091839479436558e+01
2.337491305172869005e+01 2.218109183433027454e+01 2.263396115322188962e+01 2.465009886823860441e+01 2.453745065687045113e+01
2.373183533970128423e+01 2.247953153725071473e+01 2.296094153007300420e+01 2.503603918253162064e+01 2.485754957692489242e+01
2.407993264040164050e+01 2.277471492475047654e+01 2.328225658624995376e+01 2.541244411969297090e+01 2.516966028514822895e+01
2.441745582760503197e+01 2.306561931513873986e+01 2.359606128158831595e+01 2.577731181994565191e+01 2.547246514696349351e+01
2.474305642754744383e+01 2.335132884115181895e+01 2.390085156786485143e+01 2.612909597860223698e+01 2.576489709234635583e+01
2.505575243932340257e+01 2.363104145150259328e+01 2.419545202933523598e+01 2.646667100346844848e+01 2.604613579463445916e+01
2.535488068289781083e+01 2.390407047430973009e+01 2.447898670268377685e+01 2.678927958681358845e+01 2.631559122158504849e+01
2.564004500032636003e+01 2.416984191127873771e+01 2.475084147373784660e+01 2.709647394724640179e+01 2.657287914526657246e+01
2.591106629565332753e+01 2.442788864919491587e+01 2.501062407235128049e+01 2.738805840800435476e+01 2.681779269786058961e+01
2.616793755891299966e+01 2.467784258703368039e+01 2.525812550759013320e+01 2.766403638868974113e+01 2.705027310989109424e+01
2.641078531479401192e+01 2.491942561153365432e+01 2.549328506450236986e+01 2.792456504834614250e+01 2.727038184108606700e+01
2.663983758102529364e+01 2.515243997692424216e+01 2.571615970884315061e+01 2.816991789136837454e+01 2.747827532582414634e+01
2.685539773219339921e+01 2.537675867542781560e+01 2.592689823736270327e+01 2.840045337798053282e+01 2.767418303719153982e+01
2.705782366929107141e+01 2.559231619589546725e+01 2.612571988522360300e+01 2.861659075482208436e+01 2.785838907973301914e+01
2.724751129476427280e+01 2.579909983832511244e+01 2.631289682119892603e+01 2.881879073857561124e+01 2.803121689614646783e+01
2.742488161454187434e+01 2.599714174973814806e+01 2.648873979688191937e+01 2.900754039356111136e+01 2.819301700367716990e+01
2.759037071305073141e+01 2.618651167748577890e+01 2.665358685678473449e+01 2.918334154664197655e+01 2.834415724996286556e+01
2.774442203177781607e+01 2.636731057967487502e+01 2.680779426225065620e+01 2.934670209666383300e+01 2.848501514447972127e+01
2.788748047093537252e+01 2.653966505660384101e+01 2.695172934363073836e+01 2.949812931341808309e+01 2.861597195999377163e+01
2.801998791176323778e+01 2.670372242192229706e+01 2.708576487368596020e+01 2.963812489224655167e+01 2.873740823796579491e+01
2.814238072908752741e+01 2.685964634605207735e+01 2.721027503915096801e+01 2.976718187023906736e+01 2.884970036798570092e+01
2.825508357313328389e+01 2.700761297175097297e+01 2.732563018111766695e+01 2.988577956451200279e+01 2.895321811919318122e+01
2.835851354102013389e+01 2.714780819198556117e+01 2.743219741352594809e+01 2.999438593008553511e+01 2.904832280389062760e+01
2.845307446443957744e+01 2.728042529862793231e+01 2.753033626389353117e+01 3.009345286939077724e+01 2.913536600893957740e+01
2.853915799798819108e+01 2.740566254781002797e+01 2.762039830192992795e+01 3.018341706100236621e+01 2.921468872274651929e+01
2.861714221380355738e+01 2.752372135252559460e+01 2.770272557064312124e+01 3.026469890088717563e+01 2.928662078969676585e+01
2.868739142737725345e+01 2.763480474642047113e+01 2.777764994313110947e+01 3.033770227956475907e+01 2.935148058207865418e+01
2.875025640615195854e+01 2.773911593669283349e+01 2.784549273989675555e+01 3.040281498829142492e+01 2.940957487090447486e+01
2.880607428345022569e+01 2.783685719515328572e+01 2.790656434235945582e+01 3.046040877203947161e+01 2.946119887280271143e+01
2.885516867564997057e+01 2.792822904993516531e+01 2.796116402166821047e+01 3.051083959344137853e+01 2.950663629725828940e+01
2.889784989910981139e+01 2.801342965636120752e+01 2.800957993390094813e+01 3.055444806700573324e+01 2.954615959681366633e+01
2.893441528174637867e+01 2.809265413584019200e+01 2.805208919487060371e+01 3.059155971531503582e+01 2.958003020342320610e+01
2.896514953081460320e+01 2.816609402065764911e+01 2.808895800259131548e+01 3.062248545005363809e+01 2.960849879983192423e+01
2.899032511590875671e+01 2.823393693591095044e+01 2.812044187560083230e+01 3.064752220604109212e+01 2.963180566064213295e+01
2.901020262107764935e+01 2.829636637685937828e+01 2.814678585671223843e+01 3.066695356541079320e+01 2.965018098461403895e+01
2.902503119242151897e+01 2.835356158131920168e+01 2.816822479577908567e+01 3.068105015287754966e+01 2.966384522198473306e+01
2.903504889969548586e+01 2.840569729644709795e+01 2.818498366026557278e+01 3.069007003318249716e+01 2.967300939961379669e+01
2.904048320518833393e+01 2.845294370185183297e+01 2.819727780511762205e+01 3.069425925477861483e+01 2.967787552275614615e+01
2.904155131972515136e+01 2.849546633677513441e+01 2.820531322056372048e+01 3.069385240874579424e+01 2.967863689463896648e+01
2.903846063497029562e+01 2.853342597335235453e+01 2.820928699445829224e+01 3.068907312643890961e+01 2.967547846561062386e+01
2.903140912047629030e+01 2.856697883384952874e+01 2.820938759900369419e+01 3.068013450660696151e+01 2.966857717315727427e+01
2.902058573399943242e+01 2.859627644252394774e+01 2.820579521883324503e+01 3.066723966518803124e+01 2.965810225561016367e+01
2.900617078570191865e+01 2.862146579935341251e+01 2.819868208763172390e+01 3.065058209117818322e+01 2.964421557249868755e+01
2.898833634415511540e+01 2.864268939909883827e+01 2.818821272979187142e+01 3.063034620896363336e+01 2.962707188764085231e+01
2.896724652539974088e+01 2.866008527917621507e+01 2.817454429939762406e+01 3.060670764344053296e+01 2.960681919934072326e+01
2.894305791503673220e+01 2.867378710747631487e+01 2.815782688857185079e+01 3.057983371617248736e+01 2.958359901263243685e+01
2.891591981667180988e+01 2.868392427727360428e+01 2.813820381352058675e+01 3.054988376553302132e+01 2.955754660484856089e+01
2.888597463083063488e+01 2.869062197992042229e+01 2.811581193101585541e+01 3.051700951133873829e+01 2.952879132395351647e+01
2.885335815444119589e+01 2.869400134163971927e+01 2.809078187889198830e+01 3.048135546596516932e+01 2.949745681436658984e+01
2.881819984392534550e+01 2.869417951491965013e+01 2.806323833958540348e+01 3.044305917465278100e+01 2.946366127156375470e+01
2.878062317138954995e+01 2.869126978032439368e+01 2.803330038942286961e+01 3.040225168423105728e+01 2.942751769993187594e+01
2.874074581004899898e+01 2.868538166564023584e+01 2.800108155109217378e+01 3.035905772750225751e+01 2.938913409988765224e+01
2.869867998053830860e+01 2.867662102609076058e+01 2.796669032212128059e+01 3.031359616817983493e+01 2.934861371223885484e+01
2.865453264025119040e+01 2.866509016429260726e+01 2.793023003308870145e+01 3.026598005915706935e+01 2.930605521923365231e+01
2.860840575072034753e+01 2.865088793752186547e+01 2.789179946651439934e+01 3.021631716296974091e+01 2.926155293056055484e+01
2.856039652022436215e+01 2.863410985613435855e+01 2.785149267760287728e+01 3.016470995549383360e+01 2.921519699764576927e+01
2.851059757184232879e+01 2.861484819233205101e+01 2.780939954384366786e+01 3.011125608640250206e+01 2.916707358057870181e+01
2.845909722880353243e+01 2.859319207768302462e+01 2.776560568957642516e+01 3.005604844330405001e+01 2.911726502231420355e+01
2.840597963239711987e+01 2.856922760432794206e+01 2.772019285332828886e+01 2.999917551262274529e+01 2.906585003574209125e+01
2.835132500392636601e+01 2.854303792114222205e+01 2.767323897460867244e+01 2.994072150349571260e+01 2.901290384015975121e+01
2.829520978140734044e+01 2.851470332549581599e+01 2.762481838496728059e+01 2.988076661015346147e+01 2.895849832170288352e+01
2.823770681168788599e+01 2.848430135524337103e+01 2.757500201790599803e+01 2.981938715225195580e+01 2.890270219519068817e+01
2.817888553416112885e+01 2.845190688285743619e+01 2.752385745984494392e+01 2.975665579976807251e+01 2.884558111854177298e+01
2.811881209720874608e+01 2.841759221292966586e+01 2.747144925509530822e+01 2.969264172100555399e+01 2.878719782633425339e+01
2.805754956876247874e+01 2.838142711879122970e+01 2.741783885335267001e+01 2.962741075151816617e+01 2.872761229479441170e+01
2.799515802067895365e+01 2.834347902810315389e+01 2.736308496556098646e+01 2.956102557502681094e+01 2.866688184237180792e+01
2.793169471730026032e+01 2.830381297770397353e+01 2.730724346472104358e+01 2.949354583142202557e+01 2.860506121312907624e+01
2.786721421553374611e+01 2.826249179101633757e+01 2.725036773766921527e+01 2.942502832983657513e+01 2.854220284177234390e+01
2.780176849876666267e+01 2.821957613105838902e+01 2.719250858758090317e+01 2.935552710076408900e+01 2.847835664956177126e+01
2.773540711510778323e+01 2.817512449181705492e+01 2.713371453520923637e+01 2.928509362563399421e+01 2.841357054687702899e+01
2.766817725601894296e+01 2.812919342314427595e+01 2.707403180588875813e+01 2.921377685720982242e+01 2.834789018390043935e+01
2.760012390982454988e+01 2.808183743361690787e+01 2.701350449697168798e+01 2.914162344136046201e+01 2.828135921719349710e+01
2.753128992372753103e+01 2.803310918518240413e+01 2.695217465595580109e+01 2.906867773066274196e+01 2.821401940254828844e+01
2.746171613668502687e+01 2.798305950157684308e+01 2.689008234290674793e+01 2.899498198336235788e+01 2.814591056077243181e+01
2.739144145507880879e+01 2.793173740887172585e+01 2.682726580153260088e+01 2.892057638414617671e+01 2.807707083479052912e+01
2.732050294372469068e+01 2.787919027731662780e+01 2.676376143735696189e+01 2.884549921305068665e+01 2.800753658162649984e+01
2.724893593068550501e+01 2.782546376771813357e+01 2.669960402012464229e+01 2.876978687865081952e+01 2.793734262410576363e+01
2.717677405864471041e+01 2.777060200643405707e+01 2.663482663438938758e+01 2.869347405658586325e+01 2.786652220127945156e+01
2.710404939715418493e+01 2.771464755944038671e+01 2.656946088613449319e+01 2.861659373411583829e+01 2.779510708511954320e+01
2.703079248700032977e+01 2.765764149329147870e+01 2.650353684594142223e+01 2.853917732073602664e+01 2.772312767092059360e+01
2.695703241967036234e+01 2.759962348656166498e+01 2.643708323914588121e+01 2.846125470375123001e+01 2.765061293173473445e+01
2.688279691272114391e+01 2.754063177425204856e+01 2.637012740678136780e+01 2.838285433176614347e+01 2.757759064433734508e+01
2.680811241145019963e+01 2.748070331362898955e+01 2.630269544251268599e+01 2.830400328332823534e+01 2.750408726677659033e+01
2.673300401713624197e+01 2.741987374301380953e+01 2.623481221177360467e+01 2.822472732277736895e+01 2.743012814452364978e+01
2.665749577573981455e+01 2.735817745139955903e+01 2.616650141463787094e+01 2.814505098391762061e+01 2.735573747114921161e+01
2.658161053906929183e+01 2.729564765532325410e+01 2.609778566163953428e+01 2.806499759814983364e+01 2.728093834959829422e+01
2.650537000592831660e+01 2.723231636559075497e+01 2.602868648161897269e+01 2.798458939236020981e+01 2.720575289280467857e+01
2.642879500173351559e+01 2.716821451919021868e+01 2.595922442948216968e+01 2.790384749794719355e+01 2.713020218354598256e+01
2.635190520792775359e+01 2.710337194660445093e+01 2.588941906485332822e+01 2.782279204692922647e+01 2.705430641767430799e+01
2.627471946017367088e+01 2.703781744266921194e+01 2.581928907030523135e+01 2.774144217900738596e+01 2.697808485081256791e+01
2.619725570737387343e+01 2.697157881004530111e+01 2.574885221801378776e+01 2.765981612760769082e+01 2.690155590980766220e+01
2.611953096770087157e+01 2.690468284379943498e+01 2.567812548611732026e+01 2.757793122804584840e+01 2.682473719983449811e+01
2.604156153619383574e+01 2.683715544350842208e+01 2.560712502569431948e+01 2.749580399287102850e+01 2.674764552276191054e+01
2.596336288801075654e+01 2.676902157050491837e+01 2.553586626025860795e+01 2.741345012276836712e+01 2.667029696969687436e+01
2.588494976169873851e+01 2.670030532716533145e+01 2.546436387512853017e+01 2.733088456266060362e+01 2.659270687143910550e+01
2.580633623919283437e+01 2.663102997742119626e+01 2.539263187483104289e+01 2.724812151890621337e+01 2.651488991947114826e+01
2.572753567454862988e+01 2.656121794809760672e+01 2.532068361178431104e+01 2.716517454873357096e+01 2.643686012296965160e+01
2.564856085343289394e+01 2.649089091080379887e+01 2.524853180424713628e+01 2.708205651458521146e+01 2.635863087708833774e+01
2.556942393331182117e+01 2.642006974920821705e+01 2.517618858988004149e+01 2.699877966267147755e+01 2.628021498829761171e+01
2.549013645209668155e+01 2.634877463612195569e+01 2.510366552062516377e+01 2.691535572177433266e+01 2.620162467213912549e+01
2.541070946954497956e+01 2.627702503385672017e+01 2.503097362772526324e+01 2.683179573964388354e+01 2.612287162866431345e+01
2.533115346432126103e+01 2.620483970937491236e+01 2.495812340501764126e+01 2.674811027864379298e+01 2.604396700510474716e+01
2.525147843836234429e+01 2.613223679629273732e+01 2.488512487666234563e+01 2.666430945402654373e+01 2.596492148109600606e+01
2.517169393259035814e+01 2.605923376307175943e+01 2.481198757610004790e+01 2.658040276041461425e+01 2.588574524448384651e+01
2.509180898727945319e+01 2.598584749199383381e+01 2.473872060995221744e+01 2.649639931639022450e+01 2.580644802993738907e+01
2.501183225888054906e+01 2.591209426240542868e+01 2.466533264347813414e+01 2.641230780923349286e+01 2.572703914963775773e+01
2.493177196941578444e+01 2.583798977603601799e+01 2.459183194503802028e+01 2.632813641872899879e+01 2.564752748129829030e+01
2.485163594168021106e+01 2.576354920125235637e+01 2.451822639237561674e+01 2.624389300462693697e+01 2.556792153027077674e+01
2.477143165333975006e+01 2.568878715120914080e+01 2.444452349248053125e+01 2.615958502862260104e+01 2.548822939892649231e+01
2.469116618667613849e+01 2.561371774779964738e+01 2.437073040597230644e+01 2.607521954321961744e+01 2.540845884725986537e+01
2.461084631946983237e+01 2.553835460586443773e+01 2.429685394972202062e+01 2.599080331282712564e+01 2.532861728109757493e+01
2.453047849957077631e+01 2.546271086083830326e+01 2.422290062775486419e+01 2.590634276113241796e+01 2.524871177181453064e+01
2.445006884475600373e+01 2.538679919796172868e+01 2.414887661904362304e+01 2.582184396907783963e+01 2.516874908675927713e+01
2.436962321344194038e+01 2.531063183958439211e+01 2.407478784091098944e+01 2.573731277058358557e+01 2.508873567516724279e+01
2.428914715996438645e+01 2.523422059674358309e+01 2.400063993918092464e+01 2.565275469755242099e+01 2.500867771526231564e+01
2.420864597796504469e+01 2.515757685356192397e+01 2.392643822922355668e+01 2.556817497286687413e+01 2.492858109501893438e+01
2.412812472153696319e+01 2.508071159674123507e+01 2.385218786306433003e+01 2.548357862376563432e+01 2.484845144806247674e+01
2.404758817480255217e+01 2.500363543279583567e+01 2.377789374799711197e+01 2.539897040466724221e+01 2.476829415510752952e+01
2.396704091912344126e+01 2.492635858245445135e+01 2.370356048298210538e+01 2.531435482018745731e+01 2.468811435019136269e+01
2.388648730513522267e+01 2.484889092187945892e+01 2.362919249656831866e+01 2.522973619016480740e+01 2.460791694835466714e+01
2.380593146635490243e+01 2.477124196769793940e+01 2.355479404862911963e+01 2.514511859775219449e+01 2.452770663173966526e+01
2.372537735548813842e+01 2.469342090764000375e+01 2.348036915512835776e+01 2.506050592103828834e+01 2.444748788553635421e+01
2.364482871591383883e+01 2.461543660771482678e+01 2.340592160918488673e+01 2.497590187024003328e+01 2.436726497622050047e+01
2.356428912328603431e+01 2.453729761313468671e+01 2.333145509604082335e+01 2.489130995222161147e+01 2.428704198828456384e+01
2.348376198182584318e+01 2.445901218007865907e+01 2.325697310283482011e+01 2.480673350716199010e+01 2.420682283504679333e+01
2.340325051757501740e+01 2.438058826188893136e+01 2.318247890609099215e+01 2.472217572344164083e+01 2.412661125292703801e+01
2.332275781815237536e+01 2.430203354028174090e+01 2.310797568346020725e+01 2.463763960926973695e+01 2.404641076417969359e+01
2.324228681140434105e+01 2.422335541997868447e+01 2.303346645009416349e+01 2.455312804015181172e+01 2.396622480463922500e+01
2.316184028304806830e+01 2.414456103613035864e+01 2.295895406414603812e+01 2.446864375637185773e+01 2.388605664949860596e+01
2.308142089347568060e+01 2.406565729161702905e+01 2.288444126978242465e+01 2.438418933647061593e+01 2.380590937697497722e+01
2.300103115815545607e+01 2.398665084932615699e+01 2.280993068732090379e+01 2.429976725681411054e+01 2.372578592795414210e+01
2.292067348474485655e+01 2.390754809835699390e+01 2.273542478769871167e+01 2.421537986857446612e+01 2.364568917319559560e+01
2.284035015889491760e+01 2.382835523319218751e+01 2.266092592628625368e+01 2.413102938402591491e+01 2.356562184043482944e+01
2.276006334878338677e+01 2.374907824984683202e+01 2.258643637647895019e+01 2.404671792998263413e+01 2.348558644406908869e+01
2.267981512733819827e+01 2.366972293205283151e+01 2.251195829020818096e+01 2.396244752145220858e+01 2.340558548665714866e+01
2.259960745680927374e+01 2.359029476088415223e+01 2.243749369967394358e+01 2.387822005779028700e+01 2.332562133105530577e+01
2.251944220760604765e+01 2.351079914435953810e+01 2.236304457221389796e+01 2.379403736197316732e+01 2.324569622066647767e+01
2.243932115952491557e+01 2.343124126988432110e+01 2.228861277649421524e+01 2.370990115947112997e+01 2.316581227635439788e+01
2.235924598866285606e+01 2.335162612417396133e+01 2.221420005876573711e+01 2.362581307942787845e+01 2.308597156194298705e+01
2.227921830877276932e+01 2.327195847542313345e+01 2.213980812085102201e+01 2.354177468303797838e+01 2.300617603727519622e+01
2.219923965402395183e+01 2.319224299496052666e+01 2.206543857558606803e+01 2.345778744642514368e+01 2.292642756308726248e+01
2.211931147881904636e+01 2.311248416813477036e+01 2.199109294671980308e+01 2.337385276565014536e+01 2.284672792865963586e+01
2.203943513506226282e+01 2.303268629439087078e+01 2.191677269473500544e+01 2.328997197676224218e+01 2.276707884817564675e+01
2.195961196032336815e+01 2.295285352914732968e+01 2.184247921672430692e+01 2.320614634101262297e+01 2.268748195383433242e+01
2.187984321787002884e+01 2.287298990007486310e+01 2.176821383524949738e+01 2.312237705337007654e+01 2.260793876801567492e+01
2.180013009205397623e+01 2.279309928665839280e+01 2.169397780474941939e+01 2.303866525593148751e+01 2.252845079365995318e+01
2.172047366099866039e+01 2.271318539649376689e+01 2.161977233532877207e+01 2.295501202457120371e+01 2.244901945337132787e+01
2.164087503048617478e+01 2.263325184384966704e+01 2.154559857495598152e+01 2.287141838113880610e+01 2.236964609153281813e+01
2.156133522818132064e+01 2.255330210724281059e+01 2.147145760481733845e+01 2.278788530016156955e+01 2.229033199489721540e+01
2.148185521227336636e+01 2.247333953863261158e+01 2.139735047229184772e+01 2.270441369761620365e+01 2.221107840619231411e+01
2.140243586554944955e+01 2.239336735220551589e+01 2.132327817281468896e+01 2.262100444615945705e+01 2.213188650864931617e+01
2.132307807888437878e+01 2.231338867862601205e+01 2.124924163846702996e+01 2.253765837550152540e+01 2.205275740081868108e+01
2.124378268068123177e+01 2.223340653204113337e+01 2.117524177355471338e+01 2.245437625584652608e+01 2.197369216643140533e+01
2.116455044454091805e+01 2.215342380098563524e+01 2.110127943815307816e+01 2.237115883230241664e+01 2.189469183054617574e+01
2.108538209498424365e+01 2.207344326820742353e+01 2.102735544419113722e+01 2.228800681045641952e+01 2.181575736712969160e+01
2.100627834302009944e+01 2.199346764275658828e+01 2.095347056624322946e+01 2.220492086186263236e+01 2.173688970073098758e+01
2.092723985475669224e+01 2.191349953037856579e+01 2.087962554890505373e+01 2.212190160398606764e+01 2.165808972615672090e+01
2.084826725895003108e+01 2.183354141737391885e+01 2.080582109702085702e+01 2.203894962476739394e+01 2.157935829527530558e+01
2.076936115225725032e+01 2.175359572515365869e+01 2.073205787580651105e+01 2.195606550490662912e+01 2.150069620644059043e+01
2.069052210741451248e+01 2.167366478853498890e+01 2.065833652885155303e+01 2.187324978977047252e+01 2.142210423462214308e+01
2.061175066833446579e+01 2.159375085544747819e+01 2.058465766671932329e+01 2.179050298692290966e+01 2.134358312012812675e+01
2.053304733073909460e+01 2.151385607239841136e+01 2.051102186266264482e+01 2.170782552367086637e+01 2.126513356680957401e+01
2.045441256691481513e+01 2.143398253546763499e+01 2.043742967239391461e+01 2.162521788342181850e+01 2.118675623734874947e+01
2.037584684183537931e+01 2.135413225843349849e+01 2.036388162343968844e+01 2.154268049819716069e+01 2.110845177788883831e+01
2.029735058907558454e+01 2.127430717696918805e+01 2.029037821241977113e+01 2.146021377987262824e+01 2.103022080238361369e+01
2.021892420885781050e+01 2.119450915182089901e+01 2.021691991646109798e+01 2.137781806800355966e+01 2.095206388835608280e+01
2.014056808445864277e+01 2.111473999053762540e+01 2.014350719167928006e+01 2.129549373135322199e+01 2.087398158977505958e+01
2.006228258456184221e+01 2.103500143253020838e+01 2.007014046923287154e+01 2.121324111121976586e+01 2.079597444140933504e+01
1.998406805618925475e+01 2.095529514179736807e+01 1.999682015818658698e+01 2.113106052626291742e+01 2.071804295148330155e+01
1.990592481020263449e+01 2.087562273092247267e+01 1.992354665297151683e+01 2.104895226466669556e+01 2.064018759428207872e+01
1.982785315009906313e+01 2.079598575860331167e+01 1.985032032730588014e+01 2.096691659448435630e+01 2.056240883511524942e+01
1.974985336618022203e+01 2.071638572565783321e+01 1.977714153242003192e+01 2.088495378361290378e+01 2.048470711493092367e+01
1.967192572918133564e+01 2.063682406156536331e+01 1.970401060898049650e+01 2.080306407713676364e+01 2.040708285118480347e+01
