6.364435489491595987e+00 6.359958739018882312e+00 6.364748741731664161e+00 6.364078191208456303e+00 6.364316996629992396e+00
6.410380557426304193e+00 6.403156763497484860e+00 6.410997261586921958e+00 6.410637733856287213e+00 6.411360617748449009e+00
6.452939953397451411e+00 6.444576489848709677e+00 6.453850091051453575e+00 6.454707923869666963e+00 6.456138997904467658e+00
6.492406508230993190e+00 6.484394130742275664e+00 6.493599858026166238e+00 6.496509648678705950e+00 6.498853011115399703e+00
6.529058448565477235e+00 6.522776724746140786e+00 6.530524600693699000e+00 6.536252525122479007e+00 6.539693349417342816e+00
6.563160121223303278e+00 6.559882590816327408e+00 6.564888491089395650e+00 6.574135456127339516e+00 6.578841023351118977e+00
6.594962680860488646e+00 6.595861759847500672e+00 6.596942522146892252e+00 6.610347160423475366e+00 6.616467838401062451e+00
6.624704743131645479e+00 6.630856385613072668e+00 6.626925160187104424e+00 6.645066676223468249e+00 6.652736847809668674e+00
6.652613005001914104e+00 6.665001135042586178e+00 6.655062964671515147e+00 6.678463839673123736e+00 6.687802783326145750e+00
6.678902833964587060e+00 6.698423559516874626e+00 6.681571176904455456e+00 6.710699740213009079e+00 6.721812464831677936e+00
6.703778827770829452e+00 6.731244447752915860e+00 6.706654279244188999e+00 6.741927153242269988e+00 6.754905189876818206e+00
6.727435346175680841e+00 6.763578161306356584e+00 6.730506526426853320e+00 6.772290951357569533e+00 6.787213104125241259e+00
6.750057016144484834e+00 6.795532953517491315e+00 6.753312450357655372e+00 6.801928495712951772e+00 6.818861553637602491e+00
6.771819211857885712e+00 6.827211272663880059e+00 6.775247339743414088e+00 6.830970007501909969e+00 6.849969419877671051e+00
6.792888510803459567e+00 6.858710050128699720e+00 6.796477695836554922e+00 6.859538921688757007e+00 6.880649438285607822e+00
6.813423127151926550e+00 6.890120974294331013e+00 6.817161665493615352e+00 6.887752222870437535e+00 6.911008501218558031e+00
6.833573323564854363e+00 6.921530750821135669e+00 6.837449452692948348e+00 6.915720764675524990e+00 6.941147946020462811e+00
6.853481802516939503e+00 6.953021350001635348e+00 6.857483709588109377e+00 6.943549573376873063e+00 6.971163828944821006e+00
6.873284078150720511e+00 6.984670241785582157e+00 6.877399908120398919e+00 6.971338136510069283e+00 7.001147185618345148e+00
6.893108829636810597e+00 7.016550619048803838e+00 6.897326693158507105e+00 6.999180677143094442e+00 7.031184278699232237e+00
6.913078236956390121e+00 7.048731609692391764e+00 6.917386218079834670e+00 7.027166414590649168e+00 7.061356833351204898e+00
6.933308299978659939e+00 7.081278478065766713e+00 6.937694463664966449e+00 7.055379812167745790e+00 7.091742261123386015e+00
6.953909141650801651e+00 7.114252816211022790e+00 6.958361541125694494e+00 7.083900812657581980e+00 7.122413872796406586e+00
6.974985296085510988e+00 7.147712725421877522e+00 6.979491980048600830e+00 7.112805062044586180e+00 7.153441080726829604e+00
6.996635982283480715e+00 7.181712988519891816e+00 7.001185001988188716e+00 7.142164122111714697e+00 7.184889591194913550e+00
7.018955364190740731e+00 7.216305233278958120e+00 7.023534780410512823e+00 7.172045672414150808e+00 7.216821587234797164e+00
7.042032797750494844e+00 7.251538087401112165e+00 7.046630687647655655e+00 7.202513702143511054e+00 7.249295902401377667e+00
7.065953065577429193e+00 7.287457325372139749e+00 7.070557529487574655e+00 7.233628692373691216e+00 7.282368185904299906e+00
7.090796599847056569e+00 7.324106007558246034e+00 7.095395767991784730e+00 7.265447789116525001e+00 7.316091059516510064e+00
7.116639693956054558e+00 7.361524611863079492e+00 7.121221733094619033e+00 7.298024967651338457e+00 7.350514266642703909e+00
7.143554703481868273e+00 7.399751158208426993e+00 7.148107823512779291e+00 7.331411188501036236e+00 7.385684813911515434e+00
7.171610236937177696e+00 7.438821326124105404e+00 7.176122697457786082e+00 7.365654545463367953e+00 7.421647105634479935e+00
7.200871336787060706e+00 7.478768565688316272e+00 7.205331453616251380e+00 7.400800406041470048e+00 7.458443071454374795e+00
7.231399651161662945e+00 7.519624202013139858e+00 7.235795802831821000e+00 7.436891544614830707e+00 7.496112287485514614e+00
7.263253596674891455e+00 7.561417533482054587e+00 7.267574230892540399e+00 7.473968268675776017e+00 7.534692091228685662e+00
7.296488512726790887e+00 7.604175923897312117e+00 7.300722152799992593e+00 7.512068538405606510e+00 7.574217690523551205e+00
7.331156807639669815e+00 7.647924888654489273e+00 7.335292058864158804e+00 7.551228079887104094e+00 7.614722266781309479e+00
7.367308096946049822e+00 7.692688175061528355e+00 7.371333652939810577e+00 7.591480492180004092e+00 7.656237072719795478e+00
7.404989334118893041e+00 7.738487836861545510e+00 7.408893983084341883e+00 7.632857348504217043e+00 7.698791524801060326e+00
7.444244934001167380e+00 7.785344302979669173e+00 7.448017564886741937e+00 7.675388291724423162e+00 7.742413290551669824e+00
7.485116889155664310e+00 7.833276440497826343e+00 7.488746497677713165e+00 7.719101124314708962e+00 7.787128370917925757e+00
7.527644879319647764e+00 7.882301611786587614e+00 7.531120573792990491e+00 7.764021892963438809e+00 7.832961177784891760e+00
7.571866374107447228e+00 7.932435725678862681e+00 7.575177381014021272e+00 7.810174967923923184e+00 7.879934606757451832e+00
7.617816729056668734e+00 7.983693282529521262e+00 7.620952398257616167e+00 7.857583117218991831e+00 7.928070105268783863e+00
7.665529275055398273e+00 8.036087412898581306e+00 7.668479084527477063e+00 7.906267575733161301e+00 7.977387736043022315e+00
7.715035401127408043e+00 8.089629909535540619e+00 7.717788961065020992e+00 7.956248109213913011e+00 8.027906235893834008e+00
7.766364630471499275e+00 8.144331252259981113e+00 7.768911686550190154e+00 8.007543073133867040e+00 8.079643069786561327e+00
7.819544689557361039e+00 8.200200625169324908e+00 7.821875125093095349e+00 8.060169466310640018e+00 8.132614480026104431e+00
7.874601569959403413e+00 8.257245925529682395e+00 7.876705406620948757e+00 8.114142979116744314e+00 8.186835530351940449e+00
7.931559582463898472e+00 8.315473763421277198e+00 7.933426979093867182e+00 8.169478035986312392e+00 8.242320144621007927e+00
7.990441402793512893e+00 8.374889451249332595e+00 7.992062651759921366e+00 8.226187831896003999e+00 8.299081139632095372e+00
8.051268108045533722e+00 8.435496981650995707e+00 8.052633628376028696e+00 8.284284362243543143e+00 8.357130251483143368e+00
8.114059202619506195e+00 8.497298992295919007e+00 8.115159528939265954e+00 8.343778445456102588e+00 8.416478154643863618e+00
8.178832631978620427e+00 8.560296715571732662e+00 8.179658397983647689e+00 8.404679737391726135e+00 8.477134472653906627e+00
8.245604782011174194e+00 8.624489910721900188e+00 8.246146696800563447e+00 8.466996736300009374e+00 8.539107778999831311e+00
8.314390461010805922e+00 8.689876775411701004e+00 8.314639276084180963e+00 8.530736776712668501e+00 8.602405586259457948e+00
8.385202860174659989e+00 8.756453832988063013e+00 8.385149324224979495e+00 8.595906010103549377e+00 8.667034320926839897e+00
8.458053487080073651e+00 8.824215790791905434e+00 8.457688284779358412e+00 8.662509369454616248e+00 8.732999280583126023e+00
8.532952064511526657e+00 8.893155363750567588e+00 8.532265734283642544e+00 8.730550513880107388e+00 8.800304568812492789e+00
8.609906384059812012e+00 8.963263056088957015e+00 8.608889208257032521e+00 8.800031748180455082e+00 8.868953001775302880e+00
8.688922099704264213e+00 9.034526892080259941e+00 8.687563958547087850e+00 8.870953910353668093e+00 8.938945978184174024e+00
8.770002440476991623e+00 9.106932084773717406e+00 8.768292618513092052e+00 8.943316217552366609e+00 9.010283301485172203e+00
8.853147812382534454e+00 9.180460628551195157e+00 8.851074743078713780e+00 9.017116057425162978e+00 9.082962938993457414e+00
8.938355246660327325e+00 9.255090798019569576e+00 8.935906177004506290e+00 9.092348706728882846e+00 9.156980697073455744e+00
9.025617631973299027e+00 9.330796531406669203e+00 9.022778185710960130e+00 9.169006951913281966e+00 9.232329783831671577e+00
9.114922639857526931e+00 9.407546671388928416e+00 9.111676255458995399e+00 9.247080576130811025e+00 9.309000220148057281e+00
9.206251210676418495e+00 9.485304030122096108e+00 9.202578432309577394e+00 9.326555662467807650e+00 9.386978045652776714e+00
9.299575407923851955e+00 9.564024238259376531e+00 9.295453018877928741e+00 9.407413642473406057e+00 9.466244247496584663e+00
9.394855367082552533e+00 9.643654330445375678e+00 9.390255384906996738e+00 9.489629990301098772e+00 9.546773315851433850e+00
9.492034962368482098e+00 9.724131013049460037e+00 9.486923577057376988e+00 9.573172423791575625e+00 9.628531301593607594e+00
9.591035706234915637e+00 9.805378556707729842e+00 9.585372353248384769e+00 9.657998424725475317e+00 9.711473221152880697e+00
9.691748329243317528e+00 9.887306258889282162e+00 9.685485257897941125e+00 9.744051835255953975e+00 9.795539628356412010e+00
9.794021563503147121e+00 9.969805438602611147e+00 9.787104471101581993e+00 9.831258240884769961e+00 9.880652167491115634e+00
9.897648039278942989e+00 1.005274596483083549e+01 9.890018519136393849e+00 9.919518845986456057e+00 9.966707961000166094e+00
1.000234810104896610e+01 1.013597239623670987e+01 9.993948649320600452e+00 1.000870264658071918e+01 1.005357280640814110e+01
1.010775385562093120e+01 1.021929993648509516e+01 1.009853580206737789e+01 1.009863699232234957e+01 1.014107340376556010e+01
1.021339764161720076e+01 1.030251059692301574e+01 1.020333148351728347e+01 1.018909718716866486e+01 1.022898924333019366e+01
1.031871053423927442e+01 1.038535019777247825e+01 1.030779688918073944e+01 1.027979661390687838e+01 1.031704534080383517e+01
1.042303613369463378e+01 1.046752708645793817e+01 1.041131441924133760e+01 1.037037981711573664e+01 1.040490760508709478e+01
1.052566164340870358e+01 1.054871360995071328e+01 1.051321344239870648e+01 1.046042163376831624e+01 1.049218301146659371e+01
1.062586260962973128e+01 1.062855130607317733e+01 1.061280799386892859e+01 1.054943523541465211e+01 1.057842657541943332e+01
1.072295230719807435e+01 1.070666034534333910e+01 1.070943974626672812e+01 1.063689038911531171e+01 1.066315609042713675e+01
1.081632488158339456e+01 1.078265294136742547e+01 1.080251749024360386e+01 1.072224051764640329e+01 1.074587376724562837e+01
1.090548414368388208e+01 1.085614943936256083e+01 1.089154577695829573e+01 1.080495426606404052e+01 1.082609187824730768e+01
1.099005539602226733e+01 1.092679495985112581e+01 1.097613935047082023e+01 1.088454569963666074e+01 1.090335818200282603e+01
1.106978264893077046e+01 1.099427419646501569e+01 1.105602424017726726e+01 1.096059782423931850e+01 1.097727695556936389e+01
1.114451612191063035e+01 1.105832239193415667e+01 1.113102906726080299e+01 1.103277644944979841e+01 1.104752285081096908e+01
1.121419504461877104e+01 1.111873145906910665e+01 1.120107082128459020e+01 1.110083422658899899e+01 1.111384679540394593e+01
1.127882955079123306e+01 1.117535127637850323e+01 1.126613869956696945e+01 1.116460677790308864e+01 1.117607490864522646e+01
1.133848394627480616e+01 1.122808700262532255e+01 1.132627842204040647e+01 1.122400370494731447e+01 1.123410238322206744e+01
1.139326240103494037e+01 1.127689365053023174e+01 1.138157832160355731e+01 1.127899713063343334e+01 1.128788447081218571e+01
1.144329731598302224e+01 1.132176917255209325e+01 1.143215770374813367e+01 1.132960977657181445e+01 1.133742637359229555e+01
1.148874018563733834e+01 1.136274708629133734e+01 1.147815748256656221e+01 1.137590382480275863e+01 1.138277330379336583e+01
1.152975459641384859e+01 1.139988935538430859e+01 1.151973285707580885e+01 1.141797118936051803e+01 1.142400145125047040e+01
1.156651096072527451e+01 1.143327994755315125e+01 1.155704770232714829e+01 1.145592539639788932e+01 1.146121019667465823e+01
1.159918261677763240e+01 1.146301926282139583e+01 1.159027034493269781e+01 1.148989502127043671e+01 1.149451564290945349e+01
1.162794298021421824e+01 1.148921947130322252e+01 1.161957042724854716e+01 1.152001850830255947e+01 1.152404538528915623e+01
1.165296349440100698e+01 1.151200070855541924e+01 1.164511661258537423e+01 1.154644015652832501e+01 1.154993437077931695e+01
1.167441218119898849e+01 1.153148803183016113e+01 1.166707493223538172e+01 1.156930705601947551e+01 1.157232167370637121e+01
1.169245264012633179e+01 1.154780902490292860e+01 1.168560761808004500e+01 1.158876678184062037e+01 1.159134802128070518e+01
1.170724338057755354e+01 1.156109194077831681e+01 1.170087230021843361e+01 1.160496568240351500e+01 1.160715392038709126e+01
1.171893740032905207e+01 1.157146428186265119e+01 1.171302147757723233e+01 1.161804762899889809e+01 1.161987825976478383e+01
1.172768194535042241e+01 1.157905173093097595e+01 1.172220219172100109e+01 1.162815312022743264e+01 1.162965728419722922e+01
1.173361840239707021e+01 1.158397736042865844e+01 1.172855585115204491e+01 1.163541865783953710e+01 1.163662385755891826e+01
1.173688228823495372e+01 1.158636106081737438e+01 1.173221816648534777e+01 1.163997632906565727e+01 1.164090694877528342e+01
1.173760330848698530e+01 1.158631914016483577e+01 1.173331916660704444e+01 1.164195354527984705e+01 1.164263128890277343e+01
1.173590546606072849e+01 1.158396405686051622e+01 1.173198327345290437e+01 1.164147289844407851e+01 1.164191715890501477e+01
1.173190720418099708e+01 1.157940425524219918e+01 1.172832941857095612e+01 1.163865210576817155e+01 1.163888027673606906e+01
1.172572157289999240e+01 1.157274408034201230e+01 1.172247118884875938e+01 1.163360401995871918e+01 1.163363175943611338e+01
1.171745641080439704e+01 1.156408375306530978e+01 1.171451699194394180e+01 1.162643668776602546e+01 1.162627814139923466e+01
1.170721453577329818e+01 1.155351939116925308e+01 1.170457023433348986e+01 1.161725344360640833e+01 1.161692143435510260e+01
1.169509394023748960e+01 1.154114306460222750e+01 1.169272950669055255e+01 1.160615302821127059e+01 1.160565921785840260e+01
1.168118798759427435e+01 1.152704287627762092e+01 1.167908877264860834e+01 1.159322972459413315e+01 1.159258475168299540e+01
1.166558560732235250e+01 1.151130306131747005e+01 1.166373755804652923e+01 1.157857350549124753e+01 1.157778710349748508e+01
1.164837148702494218e+01 1.149400409935757672e+01 1.164676113849602856e+01 1.156227018785015126e+01 1.156135128673579793e+01
1.162962626013955436e+01 1.147522283571275992e+01 1.162824072373258488e+01 1.154440159098977503e+01 1.154335840476773356e+01
1.160942668843409464e+01 1.145503260811745783e+01 1.160825363762804052e+01 1.152504569590613315e+01 1.152388579839348992e+01
1.158784583869665852e+01 1.143350337654836224e+01 1.158687349309495040e+01 1.150427680382624906e+01 1.150300719440391184e+01
1.156495325324730672e+01 1.141070185417891913e+01 1.156417036136047827e+01 1.148216569260432074e+01 1.148079285349894185e+01
1.154081511406126204e+01 1.138669163798572370e+01 1.154021093528450237e+01 1.145877976993111780e+01 1.145730971627940953e+01
1.151549440041492467e+01 1.136153333788382014e+01 1.151505868654051845e+01 1.143418322261293163e+01 1.143262154637789507e+01
1.148905104005671163e+01 1.133528470354783302e+01 1.148877401658761244e+01 1.140843716143623610e+01 1.140678907003747788e+01
1.146154205397271753e+01 1.130800074829641311e+01 1.146141440144463886e+01 1.138159976121202099e+01 1.137987011165351170e+01
1.143302169486482001e+01 1.127973386959020097e+01 1.143303453033646022e+01 1.135372639584351973e+01 1.135191972495118584e+01
1.140354157949424696e+01 1.125053396582916676e+01 1.140368643832829143e+01 1.132486976829658509e+01 1.132299031958948454e+01
1.137315081506520187e+01 1.122044854923681001e+01 1.137341963309558324e+01 1.129508003541523919e+01 1.129313178307621435e+01
1.134189611983671142e+01 1.118952285474768971e+01 1.134228121599647210e+01 1.126440492763465606e+01 1.126239159795007438e+01
1.130982193824595683e+01 1.115779994474240944e+01 1.131031599762325968e+01 1.123288986363623110e+01 1.123081495424036547e+01
1.127697055054574271e+01 1.112532080972445669e+01 1.127756660811052036e+01 1.120057806006269274e+01 1.119844485725639593e+01
1.124338217740958079e+01 1.109212446491195614e+01 1.124407360220103236e+01 1.116751063640267283e+01 1.116532223078967334e+01
1.120909507958550044e+01 1.105824804281785667e+01 1.120987555947824355e+01 1.113372671519385548e+01 1.113148601583489494e+01
1.117414565281436722e+01 1.102372688189118932e+01 1.117500917988903097e+01 1.109926351769153108e+01 1.109697326495235004e+01
1.113856851824922423e+01 1.098859461131926984e+01 1.113950937471586400e+01 1.106415645515948576e+01 1.106181923240581177e+01
1.110239660854949584e+01 1.095288323210406389e+01 1.110340935325083400e+01 1.102843921595283128e+01 1.102605746021434996e+01
1.106566124985770472e+01 1.091662319452456487e+01 1.106674070532823784e+01 1.099214384854373705e+01 1.098971986026149494e+01
1.102839223984076078e+01 1.087984347210547398e+01 1.102953347991522115e+01 1.095530084066967902e+01 1.095283679268127486e+01
1.099061792197763587e+01 1.084257163222113363e+01 1.099181625993336731e+01 1.091793919474844365e+01 1.091543714048095381e+01
1.095236525626399882e+01 1.080483390346422468e+01 1.095361623348517632e+01 1.088008649973531838e+01 1.087754838076500441e+01
1.091365988651111074e+01 1.076665523989634110e+01 1.091495926165061903e+01 1.084176899956226769e+01 1.083919665260407328e+01
1.087452620438395101e+01 1.072805938231272371e+01 1.087586994301760868e+01 1.080301165832310772e+01 1.080040682167376787e+01
1.083498741034441792e+01 1.068906891664816072e+01 1.083637167509267663e+01 1.076383822233993648e+01 1.076120254185245884e+01
1.079506557164339142e+01 1.064970532963534033e+01 1.079648671274301464e+01 1.072427127926025925e+01 1.072160631388016760e+01
1.075478167749958658e+01 1.060998906184062918e+01 1.075623622381054822e+01 1.068433231431575337e+01 1.068163954122425707e+01
1.071415569160283887e+01 1.056993955819194220e+01 1.071564034203102622e+01 1.064404176387562906e+01 1.064132258327450664e+01
1.067320660206871175e+01 1.052957531610838871e+01 1.067471821738778637e+01 1.060341906642198495e+01 1.060067480598909562e+01
1.063195246896506241e+01 1.048891393133759031e+01 1.063348806402208169e+01 1.056248271106297132e+01 1.055971463010908984e+01
1.059041046953032073e+01 1.044797214160712251e+01 1.059196720581739903e+01 1.052125028370712734e+01 1.051845957705826429e+01
1.054859694119310554e+01 1.040676586819127181e+01 1.055017211976959857e+01 1.047973851100023168e+01 1.047692631262883367e+01
1.050652742249959459e+01 1.036531025548343798e+01 1.050811847724934900e+01 1.043796330214048851e+01 1.043513068856007564e+01
1.046421669204979565e+01 1.032361970867043155e+01 1.046582118325819266e+01 1.039593978866381185e+01 1.039308778211348283e+01
1.042167880553889070e+01 1.028170792959939384e+01 1.042329441377663457e+01 1.035368236230437233e+01 1.035081193373291164e+01
1.037892713099568098e+01 1.023958795091528273e+01 1.038055165129404855e+01 1.031120471101545100e+01 1.030831678288405229e+01
1.033597438230622423e+01 1.019727216855490504e+01 1.033760571860994304e+01 1.026851985324451455e+01 1.026561530215887430e+01
1.029283265110344558e+01 1.015477237267466570e+01 1.029446881099023869e+01 1.022564017054227392e+01 1.022271982972785942e+01
1.024951343710469942e+01 1.011209977708501917e+01 1.025115252675795752e+01 1.018257743858836051e+01 1.017964210021927762e+01
1.020602767697133473e+01 1.006926504726175331e+01 1.020766789639436389e+01 1.013934285670672608e+01 1.013639327410071367e+01
1.016238577176229541e+01 1.002627832700337684e+01 1.016402541022283934e+01 1.009594707594135343e+01 1.009298396563485944e+01
1.011859761305013095e+01 9.983149263799857565e+00 1.012023504474436386e+01 1.005240022580772852e+01 1.004942426947806844e+01
1.007467260776437001e+01 9.939887032971093106e+00 1.007630628768996672e+01 1.000871193967737760e+01 1.000572378598708667e+01
1.003061970182412921e+01 9.896500360636267146e+00 1.003224816185271173e+01 9.964891378953165457e+00 9.961891645296219622e+00
9.986447402619839764e+00 9.852997545571751559e+00 9.988069247758936342e+00 9.920947256091551480e+00 9.917936530224274350e+00
9.942163800397858964e+00 9.809386480006699216e+00 9.943777705233774356e+00 9.876887856479497074e+00 9.873866698067875092e+00
9.897776588603630188e+00 9.765674669410479680e+00 9.899381293916380997e+00 9.832721059254515339e+00 9.829690001334949301e+00
9.853293083232999905e+00 9.721869251320304883e+00 9.854887392775179222e+00 9.788454357108227200e+00 9.785413907469690642e+00
9.808720241240225235e+00 9.677977013254436045e+00 9.810303018671890030e+00 9.744094875125254518e+00 9.741045517617887839e+00
9.764064678048576695e+00 9.634004409754838960e+00 9.765634844020725680e+00 9.699649388708888154e+00 9.696591584479067549e+00
9.719332684207259376e+00 9.589957578602248844e+00 9.720889213586763944e+00 9.655124340629043900e+00 9.652058529289783806e+00
9.674530241236082517e+00 9.545842356242497218e+00 9.676072160465443162e+00 9.610525857238668479e+00 9.607452457980148353e+00
9.629663036698378420e+00 9.501664292457792982e+00 9.631189421282874363e+00 9.565859763904507318e+00 9.562779176543809712e+00
9.584736478537932314e+00 9.457428664348260128e+00 9.586246450655748319e+00 9.521131599688050784e+00 9.518044205659490942e+00
9.539755708717553517e+00 9.413140489619896911e+00 9.541248434945481804e+00 9.476346631299335854e+00 9.473252794600508508e+00
9.494725616192480899e+00 9.368804539182136182e+00 9.496200305342162196e+00 9.431509866380947571e+00 9.428409934466822406e+00
9.449650849251199247e+00 9.324425349208848246e+00 9.451106750310566795e+00 9.386626066145803193e+00 9.383520370772597374e+00
9.404535827254536073e+00 9.280007232564521757e+00 9.405972227429284516e+00 9.341699757389610781e+00 9.338588615420539085e+00
9.359384751802299007e+00 9.235554289691933150e+00 9.360800974652621065e+00 9.296735243925272840e+00 9.293618958092920934e+00
9.314201617355267970e+00 9.191070418954456756e+00 9.315597021023343416e+00 9.251736617460439405e+00 9.248615477087581027e+00
9.268990221339794999e+00 9.146559326497316178e+00 9.270364196863079442e+00 9.206707767938926423e+00 9.203582049625959272e+00
9.223754173758885955e+00 9.102024535605426792e+00 9.225106143465763964e+00 9.161652393382157200e+00 9.158522361658853583e+00
9.178496906331988114e+00 9.057469395624650588e+00 9.179826322318538345e+00 9.116574009251936062e+00 9.113439917194309459e+00
9.133221681189235497e+00 9.012897090434352165e+00 9.134528023872686475e+00 9.071475957353291264e+00 9.068338047170948713e+00
9.087931599172268449e+00 8.968310646517934970e+00 9.089214375879270946e+00 9.026361414304478359e+00 9.023219917898837039e+00
9.042629607673354997e+00 8.923712940635420310e+00 9.043888351345980681e+00 8.981233399595703659e+00 8.978088539088966868e+00
8.997318508116350699e+00 8.879106707121792397e+00 8.998552776078504678e+00 8.936094783253833995e+00 8.932946771491376836e+00
8.952000963098285524e+00 8.834494544831247964e+00 8.953210335852451962e+00 8.890948293131641478e+00 8.887797334160959295e+00
8.906679503151966770e+00 8.789878923742111994e+00 8.907863583243434746e+00 8.845796521844023985e+00 8.842642811369143985e+00
8.861356533194975071e+00 8.745262191244179917e+00 8.862514944135023498e+00 8.800641933366902592e+00 8.797485659178613915e+00
8.816034338650380775e+00 8.700646578111101093e+00 8.817166723902515102e+00 8.755486869309976328e+00 8.752328211697568250e+00
8.770715091283229015e+00 8.656034204193662873e+00 8.771821113279587578e+00 8.710333554887487395e+00 8.707172687024188562e+00
8.725400854745405610e+00 8.611427083822329465e+00 8.726480193963046972e+00 8.665184104597937420e+00 8.662021192911360856e+00
8.680093589845668589e+00 8.566827130959978831e+00 8.681145943928868292e+00 8.620040527623718418e+00 8.616875732166136004e+00
8.634795159575192613e+00 8.522236164090793764e+00 8.635820242490403587e+00 8.574904732969876875e+00 8.571738207744767024e+00
8.589507333872717254e+00 8.477655910882790025e+00 8.590504875118245565e+00 8.529778534352761454e+00 8.526610427625014310e+00
8.544231794173668959e+00 8.433088012612307338e+00 8.545201538012326736e+00 8.484663654848214165e+00 8.481494109454311925e+00
8.498970137722865914e+00 8.388534028382585106e+00 8.499911842466522316e+00 8.439561731314139337e+00 8.436390884952928104e+00
8.453723881682694952e+00 8.343995439128216063e+00 8.454637319006032214e+00 8.394474318598144080e+00 8.391302304103440690e+00
8.408494467045805720e+00 8.299473651431773291e+00 8.409379421327892956e+00 8.349402893539094705e+00 8.346229839143452622e+00
8.363283262346461910e+00 8.254970001148363323e+00 8.364139530055826555e+00 8.304348858773101583e+00 8.301174888357017778e+00
8.318091567202866798e+00 8.210485756858238560e+00 8.318918956300395351e+00 8.259313546354963620e+00 8.256138779683947604e+00
8.272920615675893430e+00 8.166022123147822498e+00 8.273718945056661056e+00 8.214298221203247152e+00 8.211122774155874993e+00
8.227771579470845253e+00 8.121580243732680060e+00 8.228540678428466038e+00 8.169304084375408337e+00 8.166128069157691627e+00
8.182645570981904370e+00 8.077161204427870445e+00 8.183385278697260290e+00 8.124332276185050716e+00 8.121155801535719476e+00
8.137543646184081325e+00 8.032766035972425556e+00 8.138253811245732550e+00 8.079383879167261640e+00 8.076207050556682532e+00
8.092466807391616612e+00 7.988395716718715178e+00 8.093147287330529238e+00 8.034459920897591090e+00 8.031282840713336313e+00
8.047416005873179401e+00 7.944051175186793046e+00 8.048066666728617591e+00 7.989561376675021087e+00 7.986384144398730456e+00
8.002392144347117764e+00 7.899733292499270476e+00 8.003012860248356120e+00 7.944689172074230754e+00 7.941511884453594128e+00
7.957396079350380624e+00 7.855442904691805062e+00 7.957986732119432638e+00 7.899844185372221439e+00 7.896666936582801277e+00
7.912428623492497870e+00 7.811180804916733500e+00 7.912989102269869512e+00 7.855027249857330141e+00 7.851850131656489928e+00
7.867490547602923101e+00 7.766947745533811620e+00 7.868020748485472282e+00 7.810239156025962082e+00 7.807062257902439129e+00
7.822582582767746651e+00 7.722744440104079011e+00 7.823082408470825477e+00 7.765480653671563260e+00 7.762304062986089548e+00
7.777705422274048708e+00 7.678571565281938405e+00 7.778174781804952254e+00 7.720752453869772047e+00 7.717576255991263068e+00
7.732859723453318956e+00 7.634429762619102000e+00 7.733298531802628162e+00 7.676055230869058832e+00 7.672879509307336754e+00
7.688046109438341880e+00 7.590319640277004787e+00 7.688454287287751043e+00 7.631389623898612307e+00 7.628214460419525444e+00
7.643265170834463440e+00 7.546241774658784429e+00 7.643642644275158382e+00 7.586756238872937708e+00 7.583581713613657627e+00
7.598517467306527884e+00 7.502196711959226327e+00 7.598864167575746897e+00 7.542155650011215684e+00 7.538981841600742584e+00
7.553803529092889768e+00 7.458184969641041384e+00 7.554119392319591952e+00 7.497588401389490897e+00 7.494415387057915545e+00
7.509123858440811539e+00 7.414207037837870828e+00 7.509408825405563093e+00 7.453055008415158333e+00 7.449882864095708435e+00
7.464478930975650961e+00 7.370263380689596744e+00 7.464732946882463693e+00 7.408555959229059518e+00 7.405384759656516991e+00
7.419869197001393246e+00 7.326354437612477177e+00 7.420092211258867643e+00 7.364091716035011892e+00 7.360921534840979774e+00
7.375295082737427954e+00 7.282480624506795230e+00 7.375487048753218922e+00 7.319662716366319266e+00 7.316493626170842646e+00
7.330756991497292319e+00 7.238642334906842279e+00 7.330917866480080924e+00 7.275269374292237856e+00 7.272101446792796686e+00
7.286255304806410926e+00 7.194839941073054135e+00 7.286385049579132023e+00 7.230912081565062266e+00 7.227745387620179152e+00
7.241790383469282055e+00 7.151073795033070724e+00 7.241888962290844667e+00 7.186591208709653067e+00 7.183425818419930664e+00
7.197362568581305631e+00 7.107344229566901816e+00 7.197429948976624026e+00 7.142307106061937638e+00 7.139143088848896923e+00
7.152972182492907116e+00 7.063651559152876125e+00 7.153008335092423842e+00 7.098060104755937516e+00 7.094897529436579475e+00
7.108619529727004505e+00 7.019996080866519605e+00 7.108624428112653604e+00 7.053850517662600517e+00 7.050689452520703782e+00
7.064304897849900122e+00 6.976378075227033904e+00 7.064278518409481400e+00 7.009678640282106521e+00 7.006519153139323386e+00
7.020028558302324306e+00 6.932797807002960333e+00 7.019970880090618870e+00 6.965544751593178319e+00 6.962386909876753904e+00
6.975790767187338481e+00 6.889255525984497197e+00 6.975701771793861639e+00 6.921449114861511376e+00 6.918292985668877293e+00
6.931591766021702128e+00 6.845751467719765948e+00 6.931471437445387629e+00 6.877391978408567752e+00 6.874237628571099989e+00
6.887431782449910500e+00 6.802285854212452243e+00 6.887280106979355665e+00 6.833373576342205880e+00 6.830221072486565959e+00
6.843311030922905935e+00 6.758858894583502419e+00 6.843127997022759423e+00 6.789394129253008892e+00 6.786243537859329322e+00
6.799229713345170900e+00 6.715470785701185719e+00 6.799015311547955243e+00 6.745453844875299865e+00 6.742305232335490395e+00
6.755188019687812684e+00 6.672121712781667213e+00 6.754942242491511095e+00 6.701552918716467744e+00 6.698406351390065794e+00
6.711186128572537157e+00 6.628811849960474234e+00 6.710908970344826585e+00 6.657691534655694632e+00 6.654547078923692460e+00
6.667224207831708327e+00 6.585541360835528657e+00 6.666915664712429468e+00 6.613869865513366086e+00 6.610727587831794594e+00
6.623302415038490487e+00 6.542310398982869479e+00 6.622962484847946030e+00 6.570088073592730282e+00 6.566948040544250631e+00
6.579420898007026786e+00 6.499119108449609605e+00 6.579049580166287825e+00 6.526346311195163175e+00 6.523208589539126301e+00
