5.006821453930346166e+00 5.006845047548774019e+00 5.006866509448586910e+00 5.004900640821111857e+00 5.004486867638533454e+00
5.013471297625644141e+00 5.013518401580660644e+00 5.013584053994910583e+00 5.010217044040101264e+00 5.009090838947839686e+00
5.019961072683594594e+00 5.020030835158418192e+00 5.020162750017160391e+00 5.016025440968212123e+00 5.013807838397757344e+00
5.026302068858020888e+00 5.026392933494708615e+00 5.026612496286773535e+00 5.022375723497345845e+00 5.018633838325032848e+00
5.032505329872258848e+00 5.032615097126125647e+00 5.032942979511346948e+00 5.029275190047261646e+00 5.023564859901901158e+00
5.038581659034563565e+00 5.038707545024196044e+00 5.039163679615547231e+00 5.036678521504101447e+00 5.028596973955397509e+00
5.044541624681306402e+00 5.044680317665260816e+00 5.045283874785641665e+00 5.044494900627413791e+00 5.033726301640710332e+00
5.050395565461452740e+00 5.050543280021686954e+00 5.051312646298593556e+00 5.052612076136408170e+00 5.038949015003446164e+00
5.056153595460383343e+00 5.056306124490677512e+00 5.057258883142893957e+00 5.060923067276119625e+00 5.044261337419998270e+00
5.061825609175676810e+00 5.061978373773653672e+00 5.063131286446312274e+00 5.069341740143308073e+00 5.049659543939077899e+00
5.067421286347956411e+00 5.067569383692788421e+00 5.068938373720953017e+00 5.077805610964719385e+00 5.055139961530867865e+00
5.072950096653146446e+00 5.073088345951475731e+00 5.074688482934793576e+00 5.086271847083554398e+00 5.060698969248369039e+00
5.078421304261115488e+00 5.078544290838308939e+00 5.080389776417884029e+00 5.094711811093994847e+00 5.066332998312639724e+00
5.083843972265698063e+00 5.083946089874497254e+00 5.086050244610127002e+00 5.103106480244161247e+00 5.072038532127675303e+00
5.089226966989816248e+00 5.089302458405808416e+00 5.091677709656519113e+00 5.111443182103033500e+00 5.077812106231900380e+00
5.094578962169936887e+00 5.094621958138770168e+00 5.097279828854746064e+00 5.119713420311668095e+00 5.083650308192534162e+00
5.099908443023355886e+00 5.099912999621286858e+00 5.102864097959002088e+00 5.127911462701578493e+00 5.089549777447947676e+00
5.105223710200960774e+00 5.105183844667459780e+00 5.108437854342913198e+00 5.136033428718359772e+00 5.095507205104175874e+00
5.110532883628392753e+00 5.110442608726137870e+00 5.114008280023526254e+00 5.144076696079681987e+00 5.101519333689787494e+00
5.115843906237810934e+00 5.115697263192544142e+00 5.119582404547270649e+00 5.152039510637222541e+00 5.107582956873796043e+00
5.121164547591593674e+00 5.120955637661926296e+00 5.125167107737800265e+00 5.159920726297985816e+00 5.113694919150624685e+00
5.126502407399425643e+00 5.126225422123909858e+00 5.130769122304430496e+00 5.167719629069491560e+00 5.119852115496038358e+00
5.131864918929347041e+00 5.131514169095895639e+00 5.136395036308745610e+00 5.175435816229878583e+00 5.126051490997449278e+00
5.137259352312381289e+00 5.136829295692554531e+00 5.142051295485581264e+00 5.183069112131448719e+00 5.132290040461819913e+00
5.142692817740087463e+00 5.142178085629359074e+00 5.147744205413108176e+00 5.190619508700068607e+00 5.138564808004119300e+00
5.148172268553325992e+00 5.147567691156596403e+00 5.153479933524983458e+00 5.198087122818804140e+00 5.144872886619054064e+00
5.153704504219035698e+00 5.153005134918353214e+00 5.159264510955672733e+00 5.205472165415976349e+00 5.151211417738578824e+00
5.159296173191103563e+00 5.158497311731840007e+00 5.165103834207727118e+00 5.212774918771816424e+00 5.157577590777457921e+00
5.164953775649661516e+00 5.164050990279940301e+00 5.171003666627211004e+00 5.219995719670534662e+00 5.163968642669012787e+00
5.170683666110704735e+00 5.169672814708445863e+00 5.176969639670272905e+00 5.227134946758665635e+00 5.170381857393002711e+00
5.176492055896219746e+00 5.175369306117710622e+00 5.183007253940273173e+00 5.234193010964806270e+00 5.176814565497407372e+00
5.182385015451728805e+00 5.181146863935846447e+00 5.189121879970454820e+00 5.241170348171283244e+00 5.183264143615756936e+00
5.188368476493853798e+00 5.187011767157301279e+00 5.195318758721772845e+00 5.248067413559080130e+00 5.189728013981522281e+00
5.194448233966440398e+00 5.192970175427318757e+00 5.201603001759219858e+00 5.254884677207497745e+00 5.196203643940940253e+00
5.200629947777390072e+00 5.199028129947327770e+00 5.207979591062198210e+00 5.261622620644894610e+00 5.202688545465563585e+00
5.206919144279734901e+00 5.205191554170355950e+00 5.214453378415184304e+00 5.268281734123895887e+00 5.209180274665684784e+00
5.213321217451268197e+00 5.211466254247569374e+00 5.221029084313345336e+00 5.274862514455243456e+00 5.215676431305739769e+00
5.219841429713624414e+00 5.217857919175758141e+00 5.227711296303295008e+00 5.281365463274532601e+00 5.222174658322702001e+00
5.226484912313650533e+00 5.224372120584967583e+00 5.234504466662493805e+00 5.287791085647247868e+00 5.228672641348374839e+00
5.233256665166668320e+00 5.231014312083738460e+00 5.241412909298619915e+00 5.294139888939882965e+00 5.235168108236005757e+00
5.240161556033161361e+00 5.237789828059551844e+00 5.248440795723397834e+00 5.300412381901779213e+00 5.241658828592674624e+00
5.247204318861609984e+00 5.244703881799962275e+00 5.255592149922239997e+00 5.306609073915001140e+00 5.248142613318252714e+00
5.254389551071568576e+00 5.251761562759334367e+00 5.262870841899049523e+00 5.312730474378131618e+00 5.254617314150805463e+00
5.261721709487675369e+00 5.258967832740377268e+00 5.270280579623153550e+00 5.318777092199775680e+00 5.261080823219294267e+00
5.269205104533583928e+00 5.266327520686012953e+00 5.277824899038895623e+00 5.324749435378890006e+00 5.267531072604465514e+00
5.276843892177357276e+00 5.273845315674121181e+00 5.285507151715662211e+00 5.330648010657278668e+00 5.273966033908457085e+00
5.284642062940247520e+00 5.281525757569519364e+00 5.293330489611209444e+00 5.336473323230634946e+00 5.280383717833355028e+00
5.292603427056842946e+00 5.289373224594725365e+00 5.301297846287945426e+00 5.342225876507769478e+00 5.286782173769080551e+00
5.300731594567450244e+00 5.297391916814346402e+00 5.309411913756333590e+00 5.347906171909758477e+00 5.293159489391149108e+00
5.309029948713841485e+00 5.305585834156517855e+00 5.317675113901320749e+00 5.353514708702141078e+00 5.299513790268987279e+00
5.317501610468899464e+00 5.313958747090422818e+00 5.326089563199490229e+00 5.359051983854669743e+00 5.305843239484786089e+00
5.326149391323674820e+00 5.322514157351281305e+00 5.334657029092899627e+00 5.364518491924126664e+00 5.312146037263292264e+00
5.334975730548972450e+00 5.331255245134758347e+00 5.343378875986492638e+00 5.369914724956461605e+00 5.318420420612711474e+00
5.343982612004865018e+00 5.340184797833591013e+00 5.352255998356811872e+00 5.375241172405325507e+00 5.324664662977786733e+00
5.353171454249196159e+00 5.349305113617749186e+00 5.361288737892029310e+00 5.380498321064178135e+00 5.330877073904417784e+00
5.362542966154654422e+00 5.358617870849292864e+00 5.370476780957790908e+00 5.385686655010098356e+00 5.337055998716470739e+00
5.372096958800335109e+00 5.368123951540505701e+00 5.379819032052546746e+00 5.390806655558017191e+00 5.343199818204810825e+00
5.381832103360587816e+00 5.377823204022400105e+00 5.389313458382297028e+00 5.395858801222859213e+00 5.349306948329498823e+00
5.391745624839422213e+00 5.387714127373167017e+00 5.398956900480383680e+00 5.400843567689040725e+00 5.355375839934598758e+00
5.401832923966018996e+00 5.397793459409653494e+00 5.408744844266256457e+00 5.405761427786456075e+00 5.361404978476155492e+00
5.412087126073884313e+00 5.408055653767569027e+00 5.418671151675431119e+00 5.410612851471591433e+00 5.367392883763070444e+00
5.422498568389957363e+00 5.418492243778057826e+00 5.428727750811520814e+00 5.415398305813302393e+00 5.373338109712081589e+00
5.433054257625204109e+00 5.429091116365744263e+00 5.438904293573526338e+00 5.420118254982606132e+00 5.379239244115967544e+00
5.443737358035462215e+00 5.439835761724727270e+00 5.449187799808100863e+00 5.424773160245884185e+00 5.385094908425812399e+00
5.454526802177684708e+00 5.450704621821729212e+00 5.459562322796347011e+00 5.429363479961098804e+00 5.390903757546610109e+00
5.465397142044566614e+00 5.461670718171506067e+00 5.470008689943242963e+00 5.433889669576598358e+00 5.396664479647571788e+00
5.476318760744249836e+00 5.472701765767070903e+00 5.480504390654865610e+00 5.438352181632180482e+00 5.402375795986162466e+00
5.487258527777045813e+00 5.483760936398535790e+00 5.491023692416300506e+00 5.442751465762114549e+00 5.408036460746542318e+00
5.498180899230135310e+00 5.494808300235224152e+00 5.501538055169955754e+00 5.447087968699903193e+00 5.413645260891526867e+00
5.509049355942646109e+00 5.505802779836488803e+00 5.512016874734875671e+00 5.451362134284519989e+00 5.419201016029553841e+00
5.519827978102017418e+00 5.516704280526923299e+00 5.522428519764651433e+00 5.455574403467965183e+00 5.424702578294883004e+00
5.530482916378551828e+00 5.527475606011683418e+00 5.532741551014177972e+00 5.459725214323966291e+00 5.430148832243704149e+00
5.540983555313260034e+00 5.538083856535035210e+00 5.542925955870159349e+00 5.463815002057683223e+00 5.435538694761912204e+00
5.551303255242198809e+00 5.548501183577758233e+00 5.552954221402561785e+00 5.467844199016284712e+00 5.440871114986912893e+00
5.561419662867704616e+00 5.558704948243099686e+00 5.562802111517929582e+00 5.471813234700293904e+00 5.446145074244325812e+00
5.571314659871841712e+00 5.568677436016155724e+00 5.572449089188253879e+00 5.475722535775610744e+00 5.451359585996589097e+00
5.580974057204226568e+00 5.578405307670614377e+00 5.581878401777612630e+00 5.479572526086108120e+00 5.456513695804447117e+00
5.590387144359074689e+00 5.587878939953443869e+00 5.591076900896493562e+00 5.483363626666755586e+00 5.461606481300887772e+00
5.599546182789120863e+00 5.597091762670521220e+00 5.600034689246894182e+00 5.487096255757178298e+00 5.466637052176420930e+00
5.608445905113136121e+00 5.606039653356038599e+00 5.608744681470431814e+00 5.490770828815612070e+00 5.471604550175194426e+00
5.617083056349300385e+00 5.614720416602541064e+00 5.617202146158268405e+00 5.494387758533190613e+00 5.476508149101140255e+00
5.625455994077410260e+00 5.623133353493360076e+00 5.625404272840709652e+00 5.497947454848532978e+00 5.481347054833122456e+00
5.633564351709254403e+00 5.631278914898305565e+00 5.633349787524339014e+00 5.501450324962575245e+00 5.486120505347853005e+00
5.641408761632429325e+00 5.639158427320416500e+00 5.641038625707547105e+00 5.504896773353626926e+00 5.490827770749336700e+00
5.648990631452025291e+00 5.646773878762749277e+00 5.648471662569123808e+00 5.508287201792605003e+00 5.495468153303423975e+00
5.656311965327052604e+00 5.654127752841151988e+00 5.655650495118695886e+00 5.511622009358428720e+00 5.500040987475637522e+00
5.663375222530307340e+00 5.661222900951053738e+00 5.662577269020130366e+00 5.514901592453545831e+00 5.504545639970538140e+00
5.670183206141023113e+00 5.668062444076100270e+00 5.669254542454323698e+00 5.518126344819567208e+00 5.508981509770466189e+00
5.676738975805078802e+00 5.674649697501176426e+00 5.675685179942944636e+00 5.521296657552988485e+00 5.513348028171309423e+00
5.683045779541266107e+00 5.680988113133789597e+00 5.681872269995407621e+00 5.524412919120984533e+00 5.517644658812968395e+00
5.689107000526493430e+00 5.687081235325002204e+00 5.687819061476064419e+00 5.527475515377259896e+00 5.521870897701557368e+00
5.694926115613298201e+00 5.692932667026860294e+00 5.693528914562017818e+00 5.530484829577933859e+00 5.526026273220534080e+00
5.700506663015942443e+00 5.698546043863479404e+00 5.699005263012248967e+00 5.533441242397457493e+00 5.530110346127532495e+00
5.705852217150825467e+00 5.703925014265402993e+00 5.704251585174748840e+00 5.536345131944547582e+00 5.534122709533567885e+00
5.710966369058990466e+00 5.709073224254282763e+00 5.709271381731472417e+00 5.539196873778116981e+00 5.538062988861090830e+00
5.715852711184843393e+00 5.713994305802536644e+00 5.714068158634111327e+00 5.541996840923207657e+00 5.541930841777329420e+00
5.720514825557267535e+00 5.718691867945579155e+00 5.718645414039030150e+00 5.544745403886916613e+00 5.545725958098991271e+00
5.724956274631170849e+00 5.723169490016005057e+00 5.723006628325003398e+00 5.547442930674282735e+00 5.549448059664810806e+00
5.729180594212599509e+00 5.727430716521044296e+00 5.727155256490154223e+00 5.550089786804163872e+00 5.553096900172000083e+00
5.733191288015737186e+00 5.731479053292268588e+00 5.731094722385700280e+00 5.552686335325072164e+00 5.556672264972987385e+00
5.736991823506293109e+00 5.735317964623990683e+00 5.734828414374572247e+00 5.555232936830972967e+00 5.560173970828947709e+00
5.740585628751894376e+00 5.738950871181136115e+00 5.738359682091235925e+00 5.557729949477038467e+00 5.563601865616798037e+00
5.743976090068890983e+00 5.742381148507130995e+00 5.741691834057620625e+00 5.560177728995348012e+00 5.566955827986781458e+00
5.747166550297223786e+00 5.745612126000799513e+00 5.744828135965623694e+00 5.562576628710544036e+00 5.570235766968035129e+00
5.750160307571200669e+00 5.748647086258626970e+00 5.747771809477633553e+00 5.564926999555428466e+00 5.573441621520126787e+00
5.752960614482872437e+00 5.751489264706036941e+00 5.750526031431656193e+00 5.567229190086496082e+00 5.576573360029158266e+00
5.755570677556229420e+00 5.754141849452222068e+00 5.753093933362010581e+00 5.569483546499407467e+00 5.579630979747553177e+00
5.757993656967581586e+00 5.756607981321396394e+00 5.755478601266568184e+00 5.571690412644393575e+00 5.582614506177437264e+00
5.760232666461038598e+00 5.758890754022140790e+00 5.757683075566545128e+00 5.573850130041607009e+00 5.585523992398326421e+00
5.762290773418634160e+00 5.760993214424363629e+00 5.759710351216728696e+00 5.575963037896384478e+00 5.588359518340618948e+00
5.764170999051596134e+00 5.762918362920369297e+00 5.761563377932417573e+00 5.578029473114439085e+00 5.591121190006994368e+00
5.765876318689878488e+00 5.764669153851060379e+00 5.763245060508021211e+00 5.580049770316988678e+00 5.593809138644859402e+00
5.767409662146108396e+00 5.766248495982515543e+00 5.764758259206543833e+00 5.582024261855807801e+00 5.596423519873641617e+00
5.768773914139242898e+00 5.767659253020934962e+00 5.766105790202490589e+00 5.583953277828200612e+00 5.598964512771253510e+00
5.769971914764948195e+00 5.768904244156741079e+00 5.767290426067376963e+00 5.585837146091894745e+00 5.601432318924822518e+00
5.771006460001115279e+00 5.769986244629801142e+00 5.768314896286090843e+00 5.587676192279854348e+00 5.603827161451232719e+00
5.771880302240821159e+00 5.770907986310417570e+00 5.769181887796897890e+00 5.589470739815019407e+00 5.606149283993360655e+00
5.772596150845505036e+00 5.771672158291567101e+00 5.769894045548297434e+00 5.591221109924966903e+00 5.608398949698115032e+00
5.773156672712961957e+00 5.772281407486970828e+00 5.770453973067795950e+00 5.592927621656476056e+00 5.610576440182707181e+00
5.773564492855648211e+00 5.772738339233410620e+00 5.770864233038456526e+00 5.594590591890030495e+00 5.612682054495297557e+00
5.773822194985740452e+00 5.773045517894726864e+00 5.771127347879971836e+00 5.596210335354220078e+00 5.614716108076122758e+00
5.773932322104018411e+00 5.773205467464781471e+00 5.771245800331716858e+00 5.597787164640079638e+00 5.616678931725235024e+00
5.773897377090180250e+00 5.773220672168294598e+00 5.771222034035675463e+00 5.599321390215324712e+00 5.618570870582388466e+00
5.773719823292822184e+00 5.773093577058341808e+00 5.771058454117570236e+00 5.600813320438518872e+00 5.620392283124073352e+00
5.773402085117566251e+00 5.772826588609327736e+00 5.770757427765119907e+00 5.602263261573148689e+00 5.622143540182598542e+00
5.772946548611886719e+00 5.772422075304761258e+00 5.770321284801993578e+00 5.603671517801616986e+00 5.623825023991274819e+00
5.772355562045605737e+00 5.771882368219120707e+00 5.769752318256912815e+00 5.605038391239154372e+00 5.625437127259285575e+00
5.771631436486892142e+00 5.771209761593176779e+00 5.769052784927075628e+00 5.606364181947643743e+00 5.626980252279347283e+00
5.770776446372387625e+00 5.770406513403200321e+00 5.768224905935808167e+00 5.607649187949363956e+00 5.628454810070554259e+00
5.769792830071417633e+00 5.769474845923184603e+00 5.767270867283472491e+00 5.608893705240646455e+00 5.629861219558300434e+00
5.768682790443584452e+00 5.768416946278845714e+00 5.766192820391810692e+00 5.610098027805446641e+00 5.631199906792649479e+00
5.767448495389804641e+00 5.767234966994577938e+00 5.764992882641171157e+00 5.611262447628837080e+00 5.632471304206061902e+00
5.766092078396262366e+00 5.765931026533406722e+00 5.763673137900696908e+00 5.612387254710412776e+00 5.633675849910873445e+00
5.764615639071218212e+00 5.764507209829443646e+00 5.762235637051285941e+00 5.613472737077606745e+00 5.634813987036466187e+00
5.763021243674655736e+00 5.762965568812532524e+00 5.760682398501105084e+00 5.614519180798936304e+00 5.635886163105935154e+00
5.761310925640410474e+00 5.761308122924944541e+00 5.759015408693986871e+00 5.615526869997156112e+00 5.636892829451495501e+00
5.759486686091147334e+00 5.759536859630892458e+00 5.757236622610177434e+00 5.616496086862326820e+00 5.637834440667700342e+00
5.757550494345255565e+00 5.757653734918462440e+00 5.755347964260030480e+00 5.617427111664808237e+00 5.638711454101407838e+00
5.755504288417541581e+00 5.755660673793957294e+00 5.753351327170107332e+00 5.618320222768163674e+00 5.639524329377175960e+00
5.753349975512518810e+00 5.753559570768712383e+00 5.751248574862161789e+00 5.619175696641983464e+00 5.640273527956615851e+00
5.751089432509035149e+00 5.751352290338720863e+00 5.749041541324444005e+00 5.619993807874625880e+00 5.640959512730174374e+00
5.748724506437639548e+00 5.749040667456872811e+00 5.746732031477059799e+00 5.620774829185880783e+00 5.641582747639836803e+00
5.746257014951579478e+00 5.746626507997836697e+00 5.744321821629754687e+00 5.621519031439545344e+00 5.642143697331014174e+00
5.743688746790935440e+00 5.744111589215902924e+00 5.741812659931581742e+00 5.622226683655918933e+00 5.642642826832143577e+00
5.741021462239195294e+00 5.741497660195729047e+00 5.739206266813953405e+00 5.622898053024227849e+00 5.643080601260352047e+00
5.738256893572507344e+00 5.738786442296105683e+00 5.736504335427611956e+00 5.623533404914952349e+00 5.643457485549400410e+00
5.735396745502111315e+00 5.735979629585048478e+00 5.733708532073005237e+00 5.624133002892086175e+00 5.643773944204002468e+00
5.732442695610089345e+00 5.733078889273024004e+00 5.730820496623432625e+00 5.624697108725315253e+00 5.644030441073844884e+00
5.729396394778366819e+00 5.730085862136525598e+00 5.727841842941443495e+00 5.625225982402111136e+00 5.644227439145783620e+00
5.726259467610961273e+00 5.727002162932885554e+00 5.724774159288885222e+00 5.625719882139748940e+00 5.644365400356029738e+00
5.723033512849582394e+00 5.723829380810314227e+00 5.721619008730701950e+00 5.626179064397248908e+00 5.644444785418863297e+00
5.719720103782769627e+00 5.720569079714432625e+00 5.718377929532405979e+00 5.626603783887235366e+00 5.644466053671465922e+00
5.716320788648650897e+00 5.717222798780309923e+00 5.715052435551242205e+00 5.626994293587721963e+00 5.644429662932329173e+00
5.712837091031381043e+00 5.713792052727530546e+00 5.711644016621193032e+00 5.627350844753814307e+00 5.644336069374173093e+00
5.709270510251337249e+00 5.710278332244668853e+00 5.708154138931981869e+00 5.627673686929340668e+00 5.644185727408333797e+00
5.705622521749186049e+00 5.706683104370620541e+00 5.704584245402146259e+00 5.627963067958404508e+00 5.643979089580970943e+00
5.701894577463904490e+00 5.703007812865467763e+00 5.700935756046236591e+00 5.628219233996860638e+00 5.643716606479508791e+00
5.698088106204858505e+00 5.699253878577131616e+00 5.697210068336240774e+00 5.628442429523714985e+00 5.643398726648569230e+00
5.694204514018015750e+00 5.695422699803510014e+00 5.693408557557321004e+00 5.628632897352447984e+00 5.643025896514915374e+00
5.690245184546389723e+00 5.691515652649089319e+00 5.689532577157950577e+00 5.628790878642266016e+00 5.642598560320021051e+00
5.686211479384783551e+00 5.687534091375226808e+00 5.685583459094550207e+00 5.628916612909277362e+00 5.642117160060436731e+00
5.682104738428949808e+00 5.683479348743246895e+00 5.681562514170698464e+00 5.629010338037593542e+00 5.641582135434378920e+00
5.677926280219237398e+00 5.679352736354770670e+00 5.677471032370996262e+00 5.629072290290354275e+00 5.640993923794882292e+00
5.673677402278801019e+00 5.675155544985203804e+00 5.673310283189668013e+00 5.629102704320686712e+00 5.640352960108196534e+00
5.669359381446481549e+00 5.670889044914621202e+00 5.669081515953990902e+00 5.629101813182583847e+00 5.639659676917487374e+00
5.664973474204413328e+00 5.666554486247660449e+00 5.664785960142630472e+00 5.629069848341713644e+00 5.638914504311113518e+00
5.660520917000464003e+00 5.662153099233795395e+00 5.660424825698950890e+00 5.629007039686160674e+00 5.638117869895089562e+00
5.656002926565570021e+00 5.657686094580023806e+00 5.655999303339393158e+00 5.628913615537086912e+00 5.637270198769532392e+00
5.651420700226057470e+00 5.653154663761651655e+00 5.651510564856990548e+00 5.628789802659325048e+00 5.636371913508427589e+00
5.646775416211022858e+00 5.648559979322748781e+00 5.646959763420089651e+00 5.628635826271912279e+00 5.635423434142794008e+00
5.642068233954849354e+00 5.643903195176097398e+00 5.642348033866373846e+00 5.628451910058535290e+00 5.634425178146543978e+00
5.637300294394945510e+00 5.639185446897001519e+00 5.637676492992236277e+00 5.628238276177919275e+00 5.633377560425157249e+00
5.632472720264760646e+00 5.634407852014231111e+00 5.632946239837630209e+00 5.627995145274137023e+00 5.632280993306612693e+00
5.627586616382178164e+00 5.629571510293204462e+00 5.628158355966357718e+00 5.627722736486862942e+00 5.631135886534573309e+00
5.622643069933332960e+00 5.624677504016735163e+00 5.623313905741982310e+00 5.627421267461542698e+00 5.629942647263523448e+00
5.617643150751946202e+00 5.619726898260893222e+00 5.618413936599385039e+00 5.627090954359508679e+00 5.628701680055663736e+00
5.612587911594232537e+00 5.614720741167442242e+00 5.613459479312028044e+00 5.626732011868017302e+00 5.627413386879497992e+00
5.607478388409455228e+00 5.609660064210913788e+00 5.608451548255012575e+00 5.626344653210225033e+00 5.626078167109808348e+00
5.602315600606212698e+00 5.604545882460522321e+00 5.603391141663970565e+00 5.625929090155096901e+00 5.624696417529050585e+00
5.597100551314503569e+00 5.599379194840034657e+00 5.598279241889893676e+00 5.625485533027245744e+00 5.623268532329875669e+00
5.591834227643627031e+00 5.594160984382348545e+00 5.593116815649918472e+00 5.625014190716709273e+00 5.621794903118822795e+00
5.586517600936014460e+00 5.588892218481990248e+00 5.587904814274174292e+00 5.624515270688657864e+00 5.620275918920947689e+00
5.581151627017043815e+00 5.583573849139332523e+00 5.582644173948446920e+00 5.623988978993040178e+00 5.618711966185363060e+00
5.575737246440897188e+00 5.578206813204953818e+00 5.577335815952570997e+00 5.623435520274163046e+00 5.617103428791607733e+00
5.570275384732521928e+00 5.572792032618292701e+00 5.571980646897038980e+00 5.622855097780204758e+00 5.615450688056735196e+00
5.564766952625607388e+00 5.567330414644843017e+00 5.566579558957705842e+00 5.622247913372672379e+00 5.613754122743077168e+00
5.559212846295746857e+00 5.561822852105430925e+00 5.561133430097224384e+00 5.621614167535781803e+00 5.612014109066575607e+00
5.553613947593571964e+00 5.556270223605175751e+00 5.555643124294999957e+00 5.620954059385787183e+00 5.610231020705701788e+00
5.547971124272600640e+00 5.550673393757692864e+00 5.550109491765677028e+00 5.620267786680242850e+00 5.608405228810818599e+00
5.542285230207768976e+00 5.545033213407219996e+00 5.544533369173266557e+00 5.619555545827205734e+00 5.606537102014015339e+00
5.536557105622729402e+00 5.539350519844647103e+00 5.538915579848749715e+00 5.618817531894369388e+00 5.604627006439319992e+00
5.530787577298804436e+00 5.533626137021562919e+00 5.533256934002297456e+00 5.618053938618140286e+00 5.602675305713277432e+00
5.524977458789025242e+00 5.527860875761039239e+00 5.527558228926438666e+00 5.617264958412656384e+00 5.600682360975844709e+00
5.519127550631156787e+00 5.522055533965482432e+00 5.521820249201280006e+00 5.616450782378743511e+00 5.598648530891572328e+00
5.513238640552441616e+00 5.516210896820461507e+00 5.516043766899737300e+00 5.615611600312801599e+00 5.596574171661046648e+00
5.507311503671216357e+00 5.510327736994598880e+00 5.510229541777756701e+00 5.614747600715650933e+00 5.594459637032560551e+00
5.501346902699168595e+00 5.504406814837833117e+00 5.504378321471830482e+00 5.613858970801298476e+00 5.592305278313993711e+00
5.495345588138257575e+00 5.498448878575742604e+00 5.498490841693668862e+00 5.612945896505657117e+00 5.590111444384872286e+00
5.489308298470293224e+00 5.492454664502132822e+00 5.492567826413317533e+00 5.612008562495203634e+00 5.587878481708592915e+00
5.483235760350226862e+00 5.486424897165496084e+00 5.486609988046234676e+00 5.611047152175577146e+00 5.585606734344798596e+00
5.477128688795229294e+00 5.480360289555467723e+00 5.480618027639129863e+00 5.610061847700120730e+00 5.583296543961869141e+00
5.470987787364801846e+00 5.474261543284940856e+00 5.474592635045063993e+00 5.609052829978364407e+00 5.580948249849548404e+00
5.464813748344238498e+00 5.468129348771095799e+00 5.468534489101023688e+00 5.608020278684446858e+00 5.578562188931627475e+00
5.458607252926952036e+00 5.461964385410318812e+00 5.462444257804977887e+00 5.606964372265494490e+00 5.576138695778744214e+00
5.452368971384268015e+00 5.455767321752964527e+00 5.456322598483847486e+00 5.605885287949928575e+00 5.573678102621261843e+00
5.446099563240873742e+00 5.449538815674427994e+00 5.450170157961984785e+00 5.604783201755723532e+00 5.571180739362215029e+00
5.439799677448407422e+00 5.443279514544672182e+00 5.443987572729718671e+00 5.603658288498605700e+00 5.568646933590285286e+00
5.433469952547807402e+00 5.436990055393050802e+00 5.437775469104821902e+00 5.602510721800201487e+00 5.566077010592827001e+00
5.427111016836125401e+00 5.430671065071676296e+00 5.431534463391979983e+00 5.601340674096130456e+00 5.563471293368922765e+00
5.420723488531939083e+00 5.424323160416258283e+00 5.425265162043242384e+00 5.600148316644036228e+00 5.560830102642495554e+00
5.414307975930805483e+00 5.417946948404741114e+00 5.418968161813376483e+00 5.598933819531573874e+00 5.558153756875439555e+00
5.407865077563561940e+00 5.411543026312797267e+00 5.412644049910747768e+00 5.597697351684336908e+00 5.555442572280747449e+00
5.401395382353990193e+00 5.405111981866405735e+00 5.406293404149923099e+00 5.596439080873727434e+00 5.552696862835639458e+00
5.394899469767686639e+00 5.398654393393128359e+00 5.399916793101466439e+00 5.595159173724785440e+00 5.549916940294726153e+00
5.388377909962309253e+00 5.392170829970434731e+00 5.393514776234422214e+00 5.593857795723950588e+00 5.547103114203163265e+00
5.381831263937735699e+00 5.385661851572598913e+00 5.387087904061580446e+00 5.592535111226781375e+00 5.544255691909794059e+00
5.375260083678883305e+00 5.379128009213044237e+00 5.380636718283712483e+00 5.591191283465619222e+00 5.541374978580295263e+00
5.368664912298142688e+00 5.372569845086608176e+00 5.374161751924193986e+00 5.589826474557202829e+00 5.538461277210296352e+00
5.362046284178336286e+00 5.365987892708515616e+00 5.367663529467775696e+00 5.588440845510223909e+00 5.535514888638488173e+00
5.355404725109891295e+00 5.359382677052533239e+00 5.361142566998105430e+00 5.587034556232841176e+00 5.532536111559722691e+00
5.348740752425730882e+00 5.352754714684423654e+00 5.354599372326688922e+00 5.585607765540139269e+00 5.529525242538078089e+00
5.342054875137259629e+00 5.346104513895332033e+00 5.348034445124505432e+00 5.584160631161535271e+00 5.526482576019907000e+00
5.335347594066325527e+00 5.339432574832317258e+00 5.341448277053124194e+00 5.582693309748126609e+00 5.523408404346854539e+00
5.328619401973125669e+00 5.332739389627740856e+00 5.334841351887931182e+00 5.581205956880021191e+00 5.520303017768849685e+00
5.321870783685294093e+00 5.326025442525002873e+00 5.328214145643443977e+00 5.579698727073596487e+00 5.517166704457056703e+00
5.315102216225105813e+00 5.319291210003241233e+00 5.321567126698029782e+00 5.578171773788702659e+00 5.513999750516807907e+00
5.308314168929949339e+00 5.312537160900052235e+00 5.314900755912310260e+00 5.576625249435813281e+00 5.510802440000483138e+00
5.301507103575586299e+00 5.305763756532566155e+00 5.308215486747869249e+00 5.575059305383168073e+00 5.507575054920366142e+00
5.294681474498371010e+00 5.298971450816065243e+00 5.301511765386072383e+00 5.573474091963788624e+00 5.504317875261435233e+00
5.287837728709288143e+00 5.292160690380453225e+00 5.294790030841753037e+00 5.571869758482530521e+00 5.501031178994179704e+00
5.280976306011651467e+00 5.285331914685670540e+00 5.288050715075664598e+00 5.570246453223044014e+00 5.497715242087298115e+00
5.274097639117580449e+00 5.278485556134907775e+00 5.281294243107558906e+00 5.568604323454717786e+00 5.494370338520371710e+00
5.267202153756931793e+00 5.271622040186662694e+00 5.274521033125601832e+00 5.566943515439531254e+00 5.490996740296628431e+00
5.260290268789176160e+00 5.264741785463389334e+00 5.267731496592761076e+00 5.565264174438887324e+00 5.487594717455320570e+00
5.253362396314397387e+00 5.257845203860059158e+00 5.260926038354365453e+00 5.563566444720393633e+00 5.484164538084463025e+00
5.246418941777556633e+00 5.250932700650200680e+00 5.254105056743582303e+00 5.561850469564613597e+00 5.480706468333236714e+00
5.239460304074735397e+00 5.244004674591334236e+00 5.247268943681898890e+00 5.560116391271749059e+00 5.477220772424435502e+00
