2.598911381634597006e+00 2.583044421283061887e+00 2.590838430477524934e+00 2.569487662714068144e+00 2.581793265600507148e+00
2.692398698370162435e+00 2.662248345264035976e+00 2.676939532348443063e+00 2.636523680655990631e+00 2.659704054323476008e+00
2.780768413689281182e+00 2.737813207522657333e+00 2.758560194446133096e+00 2.701211645112365556e+00 2.733940842738281418e+00
2.864311639490936034e+00 2.809931038363568945e+00 2.835945196799514179e+00 2.763651839662358611e+00 2.804702328549893320e+00
2.943305078185545209e+00 2.878785067495820194e+00 2.909327791894484871e+00 2.823941253970514431e+00 2.872178003182589645e+00
3.018011795541287068e+00 2.944549570175999609e+00 2.978930275240238235e+00 2.882173707687741615e+00 2.936548609656920217e+00
3.088681797896386527e+00 3.007390773515985494e+00 3.044964495968979001e+00 2.938439998614847948e+00 2.997986534221153576e+00
3.155552727731184781e+00 3.067467203042069102e+00 3.107632366434436300e+00 2.992827969759374707e+00 3.056656144077691817e+00
3.218850459292498911e+00 3.124929933265122806e+00 3.167126323848752811e+00 3.045422610661178364e+00 3.112714164372518244e+00
3.278789695858316477e+00 3.179922925019936564e+00 3.223629764499362782e+00 3.096306149063841495e+00 3.166310089203502987e+00
3.335574528011979734e+00 3.232583390241652754e+00 3.277317500052318699e+00 3.145558143263978312e+00 3.217586500608550004e+00
3.389398929223494505e+00 3.283042113520456162e+00 3.328356158964040468e+00 3.193255567329980948e+00 3.266679344857899903e+00
3.440447107767587109e+00 3.331423739746221635e+00 3.376904554873318087e+00 3.239472885764888677e+00 3.313718223800310003e+00
3.488894197290808741e+00 3.377847050773954418e+00 3.423114050850826207e+00 3.284282122646069890e+00 3.358826694705530969e+00
3.534906750151197041e+00 3.422425235897754270e+00 3.467128921525915786e+00 3.327752957829044789e+00 3.402122551134116879e+00
3.578643013366350711e+00 3.465266179021278869e+00 3.509086681611704783e+00 3.369952800550551242e+00 3.443718074975808729e+00
3.620253294577456593e+00 3.506472654075700746e+00 3.549118400925018513e+00 3.410946850700892874e+00 3.483720275203703309e+00
3.659880406944671538e+00 3.546142520837772594e+00 3.587349000901953744e+00 3.450798165912485782e+00 3.522231119120985632e+00
3.697660047758063673e+00 3.584369038235848848e+00 3.623897537013603287e+00 3.489567724511918545e+00 3.559347759242282194e+00
3.733721147354306602e+00 3.621241138904141899e+00 3.658877477563678760e+00 3.527314489201454073e+00 3.595162739620113346e+00
3.768186251223328842e+00 3.656843531774824907e+00 3.692396964322630204e+00 3.564095465559713904e+00 3.629764206865536469e+00
3.801171744121261131e+00 3.691256871327534661e+00 3.724559057131449524e+00 3.599965770437026258e+00 3.663236093487820533e+00
3.832788134524000245e+00 3.724557971272723034e+00 3.755461968333769107e+00 3.634978661086998741e+00 3.695658286089976485e+00
3.863140370048475880e+00 3.756819991664150038e+00 3.785199285360440591e+00 3.669185637510785636e+00 3.727106814401817125e+00
3.892328097668142473e+00 3.788112612686833192e+00 3.813860184561900901e+00 3.702636447791987973e+00 3.757654000874609324e+00
3.920445944656831827e+00 3.818502183889571633e+00 3.841529634114688729e+00 3.735379149205538596e+00 3.787368616488100859e+00
3.947583748416449101e+00 3.848051900570288897e+00 3.868288586888009029e+00 3.767460149775027300e+00 3.816316033003488428e+00
3.973826773097040022e+00 3.876821922899839734e+00 3.894214164058987571e+00 3.798924258607565108e+00 3.844558362305000365e+00
3.999255921280485016e+00 3.904869520426019758e+00 3.919379829406919313e+00 3.829814729511086924e+00 3.872154577388800867e+00
4.023947936122421076e+00 3.932249228117554285e+00 3.943855555110446609e+00 3.860173298988191171e+00 3.899160642575212332e+00
4.047975588142774583e+00 3.959012899605937719e+00 3.967707979302550481e+00 3.890040227700580111e+00 3.925629632006719660e+00
4.071407863274116856e+00 3.985209915347549980e+00 3.991000555653050341e+00 3.919454332736083568e+00 3.951611828140824567e+00
4.094310130829256877e+00 4.010887214613336305e+00 4.013793696299297942e+00 3.948453017304582868e+00 3.977154829988398088e+00
4.116744304121588982e+00 4.036089462881719214e+00 4.036144905003559380e+00 3.977072308036785131e+00 4.002303655859261511e+00
4.138768987910826702e+00 4.060859125694852523e+00 4.058108904967335562e+00 4.005346877939438777e+00 4.027100821738251568e+00
4.160439611630430967e+00 4.085236575330176478e+00 4.079737759014307130e+00 4.033310075251364424e+00 4.051586427321866246e+00
4.181808560962387844e+00 4.109260190014285996e+00 4.101080982863928526e+00 4.060993950463834601e+00 4.075798241508123532e+00
4.202925295537187189e+00 4.132966408820231585e+00 4.122185651580697829e+00 4.088429274161720528e+00 4.099771757839029362e+00
4.223836462058028651e+00 4.156389859167307854e+00 4.143096498972067110e+00 4.115645556496501989e+00 4.123540265584303199e+00
4.244585989362896328e+00 4.179563376994759771e+00 4.163856011301231064e+00 4.142671068247230082e+00 4.147134914176643150e+00
4.265215179049622662e+00 4.202518126346575400e+00 4.184504512375511354e+00 4.169532846583024366e+00 4.170584754541065919e+00
4.285762784639497447e+00 4.225283629725986145e+00 4.205080242620857334e+00 4.196256707118959817e+00 4.193916787073814767e+00
4.306265082094232532e+00 4.247887851064823472e+00 4.225619430820442446e+00 4.222867255924516172e+00 4.217156008537145340e+00
4.326755928306472931e+00 4.270357247641342724e+00 4.246156358068353676e+00 4.249387883927892240e+00 4.240325433481699768e+00
4.347266806310131848e+00 4.292716805250210932e+00 4.266723413565366663e+00 4.275840769276591402e+00 4.263446121768760477e+00
4.367826865077528709e+00 4.314990118668323937e+00 4.287351141394519338e+00 4.302246876590826830e+00 4.286537204887348018e+00
4.388462941933992667e+00 4.337199385096180748e+00 4.308068277507005384e+00 4.328625936307807009e+00 4.309615888045664533e+00
4.409199580215974912e+00 4.359365484059836149e+00 4.328901777166978881e+00 4.354996434685796558e+00 4.332697453703676871e+00
4.430059021864511948e+00 4.381507965374132674e+00 4.349876829695746849e+00 4.381375593667069523e+00 4.355795265346275258e+00
4.451061196985684809e+00 4.403645115421957357e+00 4.371016858046662179e+00 4.407779330962826592e+00 4.378920750350600244e+00
4.472223695584577108e+00 4.425793906765366437e+00 4.392343505436433482e+00 4.434222244111881928e+00 4.402083372473160949e+00
4.493621490032435162e+00 4.448014544067972587e+00 4.413939496140301344e+00 4.460759441493832966e+00 4.425352684903281819e+00
4.515558196199225272e+00 4.470537544230992033e+00 4.436129473126402267e+00 4.487607575738110199e+00 4.449033495273555516e+00
4.538372911280725397e+00 4.493623821555964071e+00 4.459280423444770491e+00 4.515012693978331271e+00 4.473467677500758910e+00
4.562378371353513096e+00 4.517518850747896053e+00 4.483736669371015893e+00 4.543206710926146030e+00 4.498969045920478749e+00
4.587860929523726483e+00 4.542452931317533249e+00 4.509820140626461082e+00 4.572407325920735843e+00 4.525824093683397997e+00
4.615080742542595260e+00 4.568641457612676149e+00 4.537830079989565668e+00 4.602817607640398379e+00 4.554291994572428948e+00
4.644271393657752434e+00 4.596285222577605190e+00 4.568042505253018248e+00 4.634625457020054462e+00 4.584604483969097366e+00
4.675639441377918537e+00 4.625570248960955588e+00 4.600709296707959695e+00 4.668002941601760547e+00 4.616965542423383972e+00
4.709363811328584504e+00 4.656667613269587669e+00 4.636056886795195453e+00 4.703105444458944184e+00 4.651550888623858349e+00
4.745595032888089371e+00 4.689733063761963194e+00 4.674284447202445847e+00 4.740070610217589575e+00 4.688507296594974783e+00
4.784454132909448099e+00 4.724906330871879057e+00 4.715561505305749357e+00 4.779017053197642362e+00 4.727951707817586779e+00
4.826031570217933719e+00 4.762310233294696715e+00 4.760024943641013806e+00 4.820042787258146610e+00 4.769970142221938048e+00
4.870385950187901436e+00 4.802049429788717738e+00 4.807775195672700619e+00 4.863223335291553262e+00 4.814616413777423887e+00
4.917542588146641691e+00 4.844208758359384248e+00 4.858871684286147463e+00 4.908609475894817997e+00 4.861910690192305040e+00
4.967492111900817520e+00 4.888850977729603642e+00 4.913327641505103038e+00 4.956224591290763648e+00 4.911837871174172143e+00
5.020189074460152057e+00 4.936014030238620620e+00 4.971104194807179688e+00 5.006061599177459520e+00 4.964345863308971651e+00
5.075550715818085479e+00 4.985707653426021402e+00 5.032104278977478806e+00 5.058079490366059083e+00 5.019343864557828105e+00
5.133456055632893644e+00 5.037909188025734508e+00 5.096166776318804104e+00 5.112199566470923884e+00 5.076700808341240823e+00
5.193745456588687581e+00 5.092558702667317583e+00 5.163061811560177183e+00 5.168301600960925057e+00 5.136244160396834957e+00
5.256220849298652631e+00 5.149553561379183186e+00 5.232488272286166975e+00 5.226220301963008019e+00 5.197759293436407191e+00
5.320646836487239462e+00 5.208742741707337309e+00 5.304074817112585549e+00 5.285742711488848222e+00 5.260989872602989337e+00
5.386752886253066031e+00 5.269921571337865984e+00 5.377385562326066903e+00 5.346607692857794802e+00 5.325639632866701945e+00
5.454236728303222925e+00 5.332827953509228891e+00 5.451931172095597411e+00 5.408508430666163491e+00 5.391376036829051088e+00
5.522769097676659023e+00 5.397141356676048218e+00 5.527185224200693803e+00 5.471099327581844030e+00 5.457836176685897378e+00
5.591999754866053607e+00 5.462486149328076301e+00 5.602604709631703983e+00 5.534007935529572819e+00 5.524635140129577238e+00
5.661564661660771769e+00 5.528440475787286701e+00 5.677652452663627614e+00 5.596851496598630682e+00 5.591376766400558473e+00
5.731094066094006401e+00 5.594550976705926715e+00 5.751818754733262651e+00 5.659256128412404330e+00 5.657666154372503975e+00
5.800221008697919345e+00 5.660352342203350595e+00 5.824639678642541618e+00 5.720875457240494733e+00 5.723122912975847854e+00
5.868589832664391714e+00 5.725389176151137072e+00 5.895710168204069568e+00 5.781405403348264471e+00 5.787393633055628150e+00
5.935864133472367854e+00 5.789236911871761926e+00 5.964691292839338743e+00 5.840592875207506474e+00 5.850162406007061833e+00
6.001733686726224093e+00 5.851518690884222273e+00 6.031311984475165033e+00 5.898238034323258105e+00 5.911158087834756714e+00
6.065919946380264882e+00 5.911916265372061829e+00 6.095366308352629048e+00 5.954191479747579230e+00 5.970157944820290830e+00
6.128179909955854043e+00 5.970174511581193499e+00 6.156707730062715100e+00 6.008348250152549141e+00 6.026987839786527523e+00
6.188306466779589954e+00 6.026099653461053585e+00 6.215241177834897712e+00 6.060640357913235299e+00 6.081518890797412702e+00
6.246126304907467564e+00 6.079553008853547880e+00 6.270914854857989162e+00 6.111029148133484412e+00 6.133662427424838803e+00
6.301504665046195441e+00 6.130446840546571075e+00 6.323713068434653195e+00 6.159499243067318552e+00 6.183366012157559766e+00
6.354344733378001209e+00 6.178736990966515741e+00 6.373649753739559998e+00 6.206053065800651858e+00 6.230608262873482239e+00
6.404584050135458284e+00 6.224414030626991057e+00 6.420761901707972008e+00 6.250706151813858469e+00 6.275393129880060705e+00
6.452190088166985582e+00 6.267495634625686485e+00 6.465103673929937678e+00 6.293483642736957151e+00 6.317744120635387262e+00
6.497155751050062378e+00 6.308020147031494496e+00 6.506742069396008077e+00 6.334417643931452346e+00 6.357699901201540271e+00
6.539495668683403373e+00 6.346041053992189873e+00 6.545753331378938888e+00 6.373544971682106208e+00 6.395310760126812433e+00
6.579242255426744457e+00 6.381623120244744207e+00 6.582219668226965581e+00 6.410905768572529695e+00 6.430635039373875372e+00
6.616442190288381653e+00 6.414838750714467963e+00 6.616227447025732289e+00 6.446542313174775884e+00 6.463737153395035406e+00
6.651153495833954210e+00 6.445765314615692354e+00 6.647865184013927120e+00 6.480498177603958965e+00 6.494685502687882028e+00
6.683442894984812810e+00 6.474483373259546148e+00 6.677222211877810842e+00 6.512817564023592354e+00 6.523550892514788480e+00
6.713383482386318768e+00 6.501074979808840304e+00 6.704387693144412630e+00 6.543544850436334492e+00 6.550405424817828504e+00
6.741052764800706143e+00 6.525622419816202502e+00 6.729449764457401173e+00 6.572724256365577666e+00 6.575321548390698823e+00
6.766531125175488270e+00 6.548207415664403896e+00 6.752494981513685879e+00 6.600399582314075531e+00 6.598371340632082749e+00
6.789900576749819727e+00 6.568910558086731299e+00 6.773607941916782949e+00 6.626613992318584501e+00 6.619625996599452833e+00
6.811243708128141172e+00 6.587810737197388633e+00 6.792870970051784418e+00 6.651409904265295658e+00 6.639155454901110254e+00
6.830642813566235816e+00 6.604984792455192988e+00 6.810363866587607617e+00 6.674828929323840754e+00 6.657028101173263046e+00
6.848179225570719453e+00 6.620507324904291835e+00 6.826163734960655205e+00 6.696911760540380953e+00 6.673310545198074095e+00
6.863932821793487626e+00 6.634450536430723133e+00 6.840344999098343592e+00 6.717698137525402124e+00 6.688067475481964230e+00
6.877981654166713810e+00 6.646884138256877961e+00 6.852979409365660857e+00 6.737226808064365358e+00 6.701361574059830239e+00
6.890401665278656829e+00 6.657875293984769627e+00 6.864135964719202398e+00 6.755535521086426520e+00 6.713253464841711704e+00
6.901266480630107836e+00 6.667488613021683719e+00 6.873880929333471279e+00 6.772661040129211329e+00 6.723801672606479762e+00
6.910647270587724655e+00 6.675786149925330371e+00 6.882277864954966518e+00 6.788639139825425772e+00 6.733062633778069461e+00
6.918612669209118771e+00 6.682827487462157379e+00 6.889387707642885772e+00 6.803504613829451486e+00 6.741090709191328578e+00
6.925228736467967217e+00 6.688669765375481191e+00 6.895268884089348127e+00 6.817291283584325789e+00 6.747938212268867808e+00
6.930558948087409021e+00 6.693367734463249619e+00 6.899977369437455543e+00 6.830032002876015085e+00 6.753655446454770228e+00
6.934664197569906818e+00 6.696973817438288457e+00 6.903566733063255967e+00 6.841758689164457508e+00 6.758290751217993275e+00
6.937602844984535722e+00 6.699538178885838136e+00 6.906088216567469296e+00 6.852502331995101947e+00 6.761890553556977324e+00
6.939430765164154913e+00 6.701108810271421135e+00 6.907590832638269340e+00 6.862293024520154994e+00 6.764499422889578284e+00
6.940201408502744584e+00 6.701731621804063010e+00 6.908121445372579217e+00 6.871159983698944096e+00 6.766160129760331543e+00
6.939965867216441708e+00 6.701450494596015162e+00 6.907724861099365121e+00 6.879131565808369153e+00 6.766913701544363668e+00
6.938772948625621773e+00 6.700307375330285531e+00 6.906443909761447841e+00 6.886235294213492786e+00 6.766799480736253258e+00
6.936669253283590741e+00 6.698342346056911367e+00 6.904319518894832974e+00 6.892497875675476671e+00 6.765855190765727833e+00
6.933699255348487966e+00 6.695593700844538532e+00 6.901390789678138127e+00 6.897945232516971004e+00 6.764116989688250037e+00
6.929905383435301935e+00 6.692098019017808319e+00 6.897695074391903880e+00 6.902602502675754259e+00 6.761619534131264153e+00
6.925328101481489362e+00 6.687890236729645999e+00 6.893268058441639035e+00 6.906494068245604190e+00 6.758396032480713522e+00
6.920005984816540945e+00 6.683003717204943683e+00 6.888143816493994542e+00 6.909643599033590711e+00 6.754478300906381349e+00
6.913975802536739046e+00 6.677470315643891041e+00 6.882354909157435863e+00 6.912074054534040002e+00 6.749896814739154038e+00
6.907272596344934179e+00 6.671320452828337189e+00 6.875932413249434383e+00 6.913807706139206921e+00 6.744680767412018163e+00
6.899929751576029169e+00 6.664583159659024147e+00 6.868906021166663045e+00 6.914866166691961524e+00 6.738858118662061969e+00
6.891979076360208012e+00 6.657286170864838759e+00 6.861304069214883228e+00 6.915270394799612141e+00 6.732455646153712614e+00
6.883450865040137145e+00 6.649455937945150552e+00 6.853153622140119694e+00 6.915040720912811523e+00 6.725498991513305214e+00
6.874373966800034985e+00 6.641117736430749652e+00 6.844480512209016432e+00 6.914196863067969545e+00 6.718012708526288179e+00
6.864775854567572999e+00 6.632295664718964368e+00 6.835309406074000727e+00 6.912757941342956514e+00 6.710020306519227873e+00
6.854682686838724059e+00 6.623012745957031377e+00 6.825663856980856536e+00 6.910742504717219070e+00 6.701544290979585483e+00
6.844119368255764613e+00 6.613290932029865843e+00 6.815566340213176311e+00 6.908168544764045294e+00 6.692606218101924576e+00
6.833109610454469518e+00 6.603151189308818836e+00 6.805038324198377175e+00 6.905053508907065485e+00 6.683226707729102323e+00
6.821675982714498154e+00 6.592613513340973341e+00 6.794100289698306483e+00 6.901414320114334977e+00 6.673425530841877951e+00
6.809839970334591541e+00 6.581696998305747393e+00 6.782771798069118674e+00 6.897267392430125987e+00 6.663221574834881977e+00
6.797622023825087290e+00 6.570419854506921453e+00 6.771071513166320166e+00 6.892628643834087576e+00 6.652632959404385815e+00
6.785041605901208861e+00 6.558799470814128618e+00 6.759017257037392312e+00 6.887513514207323162e+00 6.641677004487064551e+00
6.772117242075850641e+00 6.546852429751265134e+00 6.746626038252273361e+00 6.881936974792364659e+00 6.630370294201592074e+00
6.758866562858196758e+00 6.534594564467295363e+00 6.733914092449746924e+00 6.875913548202012393e+00 6.618728708003273731e+00
6.745306345026213179e+00 6.522040974351907217e+00 6.720896919472377995e+00 6.869457317107154459e+00 6.606767430548718067e+00
6.731452556223951333e+00 6.509206073710564588e+00 6.707589307621796060e+00 6.862581940747945808e+00 6.594501012126710471e+00
6.717320390336867675e+00 6.496103611206402562e+00 6.694005380068614564e+00 6.855300663449413356e+00 6.581943364670112651e+00
6.702924304583258497e+00 6.482746708575723105e+00 6.680158608582162927e+00 6.847626332197594756e+00 6.569107820973575151e+00
6.688278058035679763e+00 6.469147884386551972e+00 6.666061858394257911e+00 6.839571403024979901e+00 6.556007120745793060e+00
6.673394741780700912e+00 6.455319083276859438e+00 6.651727403098807834e+00 6.831147958374028661e+00 6.542653479325802657e+00
6.658286811445689679e+00 6.441271703475242916e+00 6.637166961410441601e+00 6.822367713283805202e+00 6.529058569995132011e+00
6.642966120650445561e+00 6.427016617378738417e+00 6.622391715821154712e+00 6.813242029922257359e+00 6.515233576301122653e+00
6.627443946098013683e+00 6.412564202760933973e+00 6.607412339560915449e+00 6.803781922901231738e+00 6.501189197339400927e+00
6.611731011946561765e+00 6.397924355243343797e+00 6.592239021343850425e+00 6.793998082627629387e+00 6.486935669181044695e+00
6.595837531932606801e+00 6.383106523019977274e+00 6.576881481303105126e+00 6.783900873736876669e+00 6.472482795870587502e+00
6.579773212572864516e+00 6.368119712674572774e+00 6.561349001739978704e+00 6.773500334747586393e+00 6.457839949195798290e+00
6.563547299843980554e+00 6.352972525174441110e+00 6.545650436174260456e+00 6.762806226090239292e+00 6.443016110530922269e+00
6.547168593465825026e+00 6.337673158504582460e+00 6.529794239001553535e+00 6.751828006701598994e+00 6.428019861471742757e+00
6.530645446170414203e+00 6.322229441525350602e+00 6.513788475135759981e+00 6.740574818788399369e+00 6.412859428904577719e+00
6.513985835721458173e+00 6.306648836227790156e+00 6.497640844357789547e+00 6.729055570051855284e+00 6.397542671379796708e+00
6.497197315361514569e+00 6.290938468400844918e+00 6.481358693589202247e+00 6.717278888739823373e+00 6.382077122366637489e+00
6.480287102216660600e+00 6.275105129948429727e+00 6.464949029818501280e+00 6.705253111556858769e+00 6.366469982958510521e+00
6.463262038251352593e+00 6.259155306350366210e+00 6.448418545215246489e+00 6.692986358687674553e+00 6.350728146860137535e+00
6.446128642990487378e+00 6.243095179473454159e+00 6.431773632806734753e+00 6.680486496680897446e+00 6.334858212860191351e+00
6.428893117863485607e+00 6.226930651691141350e+00 6.415020370875964772e+00 6.667761133111568483e+00 6.318866490484908560e+00
6.411561360286825995e+00 6.210667349519434666e+00 6.398164594114901682e+00 6.654817668474670711e+00 6.302759024774239549e+00
6.394138988479306285e+00 6.194310644403470789e+00 6.381211857242520047e+00 6.641663275350265572e+00 6.286541591758908254e+00
6.376631331435204331e+00 6.177865657294729473e+00 6.364167439423328965e+00 6.628304893693846900e+00 6.270219727939277732e+00
6.359043477599633398e+00 6.161337276244469585e+00 6.347036419868357093e+00 6.614749269985592761e+00 6.253798721627384261e+00
6.341380249599083641e+00 6.144730161966113435e+00 6.329823612606137573e+00 6.601002945638055230e+00 6.237283642305126996e+00
6.323646249648952278e+00 6.128048762375697400e+00 6.312533618847795402e+00 6.587072252148151286e+00 6.220679333682756607e+00
6.305845847736984311e+00 6.111297319219260338e+00 6.295170844313369152e+00 6.572963340514574426e+00 6.203990435264294057e+00
6.287983199631788978e+00 6.094479876525184636e+00 6.277739465425825394e+00 6.558682178792166084e+00 6.187221384853475392e+00
6.270062264241436090e+00 6.077600292758340572e+00 6.260243490720998949e+00 6.544234541415095308e+00 6.170376427675646092e+00
6.252086798602807249e+00 6.060662256471230691e+00 6.242686738497325472e+00 6.529626035380134752e+00 6.153459629037283385e+00
6.234060386265050546e+00 6.043669270218430256e+00 6.225072841917157263e+00 6.514862104363543516e+00 6.136474874128822421e+00
6.215986424919606179e+00 6.026624689502553700e+00 6.207405283810219387e+00 6.499948015018503611e+00 6.119425886052978214e+00
6.197868156323282030e+00 6.009531726172441246e+00 6.189687378994046085e+00 6.484888876019979875e+00 6.102316221044816302e+00
6.179708657328712107e+00 5.992393406493259356e+00 6.171922291068897337e+00 6.469689649804909237e+00 6.085149288088120834e+00
6.161510856639411671e+00 5.975212650954977889e+00 6.154113050179526923e+00 6.454355140569508542e+00 6.067928342660472651e+00
6.143277541586705581e+00 5.957992246581873985e+00 6.136262527315251347e+00 6.438890005273611550e+00 6.050656505042515398e+00
6.125011358171563280e+00 5.940734816679720254e+00 6.118373478790767095e+00 6.423298767234250306e+00 6.033336757260655325e+00
6.106714829941065403e+00 5.923442897563167442e+00 6.100448533338224344e+00 6.407585808345763745e+00 6.015971953491313862e+00
6.088390348908080618e+00 5.906118900685930484e+00 6.082490186311820146e+00 6.391755375492494728e+00 5.998564825243961174e+00
6.070040197642499358e+00 5.888765108686039085e+00 6.064500833592845197e+00 6.375811594168367513e+00 5.981117983815282813e+00
6.051666540869054423e+00 5.871383717593140261e+00 6.046482754153372774e+00 6.359758460928872204e+00 5.963633930527487692e+00
6.033271440599848212e+00 5.853976817028262225e+00 6.028438118297329673e+00 6.343599844685200217e+00 5.946115054833119196e+00
6.014856857224861741e+00 5.836546389469268625e+00 6.010369005824610866e+00 6.327339508469068896e+00 5.928563646699448242e+00
5.996424652869074556e+00 5.819094339147681261e+00 5.992277392413714487e+00 6.310981097130079931e+00 5.910981892815629024e+00
5.977976602065654177e+00 5.801622478644570258e+00 5.974165167272154520e+00 6.294528137416066649e+00 5.893371888998326646e+00
5.959514387384101219e+00 5.784132529884431939e+00 5.956034135434924437e+00 6.277984059927710803e+00 5.875735633917124723e+00
5.941039614004325564e+00 5.766626147089743526e+00 5.937886010012233484e+00 6.261352188123931128e+00 5.858075044301771506e+00
5.922553803097175162e+00 5.749104902780442394e+00 5.919722435077569678e+00 6.244635736831368078e+00 5.840391956847427402e+00
5.904058405098156825e+00 5.731570287731832636e+00 5.901544975801005677e+00 6.227837833068962325e+00 5.822688122528116850e+00
5.885554797141064221e+00 5.714023737966932970e+00 5.883355120859709686e+00 6.210961506770363627e+00 5.804965213691883008e+00
5.867044288113875794e+00 5.696466615906368602e+00 5.865154298351474615e+00 6.194009688817146753e+00 5.787224845502521475e+00
5.848528124406771056e+00 5.678900216455662786e+00 5.846943864612205388e+00 6.176985229467192084e+00 5.769468559233168037e+00
5.830007487932335586e+00 5.661325783370684483e+00 5.828725114460379331e+00 6.159890891186027062e+00 5.751697802274425619e+00
5.811483505804643457e+00 5.643744496383706455e+00 5.810499287186847717e+00 6.142729345347492931e+00 5.733913994101829559e+00
5.792957245725521176e+00 5.626157478725110295e+00 5.792267557099436637e+00 6.125503190283365207e+00 5.716118485572183161e+00
5.774429725947324066e+00 5.608565807319122243e+00 5.774031051303297524e+00 6.108214944302978289e+00 5.698312547995100452e+00
5.755901909940578598e+00 5.590970503762738630e+00 5.755790843028098180e+00 6.090867043042757167e+00 5.680497413223029035e+00
5.737374715164436978e+00 5.573372542707110355e+00 5.737547952023811071e+00 6.073461854103435087e+00 5.662674261978466461e+00
5.718849017332691353e+00 5.555772857094385841e+00 5.719303356250176051e+00 6.056001673313271105e+00 5.644844216439119933e+00
5.700325647714323374e+00 5.538172330951155686e+00 5.701057985389685001e+00 6.038488721564263528e+00 5.627008345412010115e+00
5.681805385056875046e+00 5.520571809553033837e+00 5.682812725351641170e+00 6.020925155750486368e+00 5.609167681380426096e+00
5.663288987929326446e+00 5.502972101325108056e+00 5.664568424430794558e+00 6.003313068652357032e+00 5.591323208499339614e+00
5.644777176100534533e+00 5.485373970907204466e+00 5.646325887082624284e+00 5.985654485269438219e+00 5.573475859156832968e+00
5.626270614634939271e+00 5.467778151505328310e+00 5.628085883568362924e+00 5.967951370448853154e+00 5.555626535986726289e+00
5.607769945988410498e+00 5.450185343174346997e+00 5.609849148624150850e+00 5.950205631618173285e+00 5.537776100309273808e+00
5.589275790216245099e+00 5.432596206786679538e+00 5.591616379192394071e+00 5.932419114929955661e+00 5.519925369972559004e+00
5.570788730567792335e+00 5.415011378100644812e+00 5.573388243910771145e+00 5.914593610308623184e+00 5.502075131942548047e+00
5.552309303371993465e+00 5.397431462362763277e+00 5.555165378499657969e+00 5.896730856084910322e+00 5.484226141435556201e+00
5.533838041077348002e+00 5.379857031449823523e+00 5.536948387633445989e+00 5.878832535129636661e+00 5.466379116217457756e+00
5.515375443246541387e+00 5.362288635486445187e+00 5.518737850650623500e+00 5.860900277995921392e+00 5.448534737593328181e+00
5.496921976136554200e+00 5.344726797514312899e+00 5.500534317150117758e+00 5.842935668811673366e+00 5.430693667156518245e+00
5.478478085914759710e+00 5.327172012327313411e+00 5.482338312028043781e+00 5.824940241434997112e+00 5.412856534583728951e+00
5.460044200093252975e+00 5.309624755446792577e+00 5.464150336655233531e+00 5.806915481146904590e+00 5.395023933557885343e+00
5.441620722756730366e+00 5.292085478720524705e+00 5.445970866020737766e+00 5.788862831437715073e+00 5.377196441289756379e+00
5.423208035310172370e+00 5.274554609935932170e+00 5.427800355589469383e+00 5.770783690192656579e+00 5.359374607432200399e+00
5.404806504423557811e+00 5.257032559971809960e+00 5.409639237709509274e+00 5.752679410274609495e+00 5.341558952536627380e+00
5.386416478559213239e+00 5.239519718927487801e+00 5.391487921792654348e+00 5.734551306860876885e+00 5.323749976652927707e+00
5.368038280634780612e+00 5.222016456337290613e+00 5.373346802536357103e+00 5.716400653745125737e+00 5.305948159647971174e+00
5.349672220378515419e+00 5.204523127004100580e+00 5.355216256016248622e+00 5.698228683115289073e+00 5.288153958056174275e+00
5.331318596280440580e+00 5.187040067389101949e+00 5.337096639136599485e+00 5.680036593063728212e+00 5.270367805952784757e+00
5.312977689319096974e+00 5.169567596495282302e+00 5.318988284084573692e+00 5.661825544131214194e+00 5.252590122218239621e+00
5.294649760831087626e+00 5.152106020363093286e+00 5.300891521169766918e+00 5.643596658528690746e+00 5.234821306246678851e+00
5.276335065861633922e+00 5.134655628846282127e+00 5.282806662561518429e+00 5.625351027529413628e+00 5.217061734717911570e+00
5.258033844943581947e+00 5.117216697107071610e+00 5.264734004484133756e+00 5.607089708331153055e+00 5.199311773212755838e+00
5.239746321284258990e+00 5.099789488766681700e+00 5.246673810095926704e+00 5.588813722889387492e+00 5.181571769893278834e+00
5.221472708011765995e+00 5.082374253205593106e+00 5.228626356324337365e+00 5.570524065049216489e+00 5.163842054482715938e+00
5.203213210001906397e+00 5.064971227530874920e+00 5.210591899297551066e+00 5.552221697681480883e+00 5.146122943166711039e+00
5.184968019915097592e+00 5.047580638510908990e+00 5.192570683221505057e+00 5.533907551461530794e+00 5.128414739757204188e+00
5.166737317482158254e+00 5.030202698983028853e+00 5.174562923521637714e+00 5.515582531247809506e+00 5.110717732827029458e+00
5.148521276595801055e+00 5.012837612486670480e+00 5.156568846159695241e+00 5.497247513797588248e+00 5.093032195503446324e+00
5.130320061248030861e+00 4.995485574142436214e+00 5.138588659696133654e+00 5.478903346865727109e+00 5.075358392409614616e+00
5.112133824129422521e+00 4.978146769701901952e+00 5.120622563226172375e+00 5.460550853842007335e+00 5.057696575290149710e+00
5.093962710487894618e+00 4.960821374548682883e+00 5.102670736197282508e+00 5.442190833047638954e+00 5.040046980818821076e+00
5.075806859575061836e+00 4.943509548834718714e+00 5.084733360459849472e+00 5.423824056551167949e+00 5.022409838805403481e+00
5.057666402307809506e+00 4.926211456040107350e+00 5.066810605606272944e+00 5.405451273519742195e+00 5.004785367666046980e+00
5.039541459964905989e+00 4.908927248890382344e+00 5.048902633159979558e+00 5.387073210707506554e+00 4.987173774218280897e+00
5.021432150491520474e+00 4.891657073981594550e+00 5.031009594968054444e+00 5.368690569743847618e+00 4.969575256124342921e+00
5.003338584731594985e+00 4.874401055732519694e+00 5.013131637721675915e+00 5.350304031592229670e+00 4.951990003148333486e+00
