3.368282961339941650e+00 3.360174696289279783e+00 3.367293174771913478e+00 3.367287555930184695e+00 3.367891188919566403e+00
3.436006118969704648e+00 3.418746624276253421e+00 3.434165854801215723e+00 3.435425267853358111e+00 3.436142317083314968e+00
3.503356929192781521e+00 3.475674740868374357e+00 3.500551493588507590e+00 3.505037039154931922e+00 3.505140695901949321e+00
3.570265201788032527e+00 3.530922628168752464e+00 3.566275611720763017e+00 3.576221290050725532e+00 3.574658240727964120e+00
3.636393328358002108e+00 3.584458369766664099e+00 3.631046433376751814e+00 3.647376219698922561e+00 3.643752974946806500e+00
3.701222786185794700e+00 3.636254223155612753e+00 3.694483554702397754e+00 3.716114871732793201e+00 3.711211467786923013e+00
3.764205732798059145e+00 3.686286638184635311e+00 3.756182216204591029e+00 3.781433830296782261e+00 3.776120008242551673e+00
3.824893289159740917e+00 3.734536203471745086e+00 3.815783452014500643e+00 3.843217040203828372e+00 3.838012463797999541e+00
3.882987520283668115e+00 3.780987568864624393e+00 3.873018246281878518e+00 3.901572474465246465e+00 3.896733450194261650e+00
3.938331018308073528e+00 3.825629373847322157e+00 3.927717253358210758e+00 3.956651236498465618e+00 3.952290212852586748e+00
3.990871527872749347e+00 3.868454188074095690e+00 3.979797720731469646e+00 4.008608642999177185e+00 4.004765165204919874e+00
4.040626458843300739e+00 3.909458457598117054e+00 4.029242425660074289e+00 4.057595537892101589e+00 4.054272719026740468e+00
4.087655957139158858e+00 3.948642443551935166e+00 4.076079651844959351e+00 4.103756323733128930e+00 4.100939096629505620e+00
4.132044814925506238e+00 3.986010164462825855e+00 4.120367414285873942e+00 4.147228663541290494e+00 4.144892973812395631e+00
4.173890977786425260e+00 4.021569341443367307e+00 4.162182214795119961e+00 4.188143607848166639e+00 4.186261155460012873e+00
4.213298478622699683e+00 4.055331337435396755e+00 4.201611306555001590e+00 4.226625857404568087e+00 4.225166583268182841e+00
4.250373152368422502e+00 4.087311086016556239e+00 4.238747541599098945e+00 4.262794050426047754e+00 4.261727465697370931e+00
4.285220078158833878e+00 4.117527022709254858e+00 4.273686013205637124e+00 4.296761042274896525e+00 4.296056960003284075e+00
4.317942064621892229e+00 4.146000998936053783e+00 4.306521851361070574e+00 4.328634184802531593e+00 4.328263122893059922e+00
4.348638782931049107e+00 4.172758179368714515e+00 4.337348815909742861e+00 4.358515602264755096e+00 4.358448990704490100e+00
4.377406289031908315e+00 4.197826920470230760e+00 4.366258404390390702e+00 4.386502438611932675e+00 4.386712734821493598e+00
4.404336798146424314e+00 4.221238623746405239e+00 4.393339301530503782e+00 4.412687098451996803e+00 4.413147841305878671e+00
4.429518605175534418e+00 4.243027560601449366e+00 4.418677048989141376e+00 4.437157478259316612e+00 4.437843306672039745e+00
4.453036096125826404e+00 4.263230660028851204e+00 4.442353898531258949e+00 4.459997189150961105e+00 4.460883842511330855e+00
4.474969821473687936e+00 4.281887266016195959e+00 4.464448728519013088e+00 4.481285762428506736e+00 4.482350067148423101e+00
4.495396601686257654e+00 4.299038862269355832e+00 4.485037047216225758e+00 4.501098852788000038e+00 4.502318696304670631e+00
4.514389651274806070e+00 4.314728762394724804e+00 4.504191040629346610e+00 4.519508424268974700e+00 4.520862728366303429e+00
4.532018716203572772e+00 4.329001777707639498e+00 4.521979648854660638e+00 4.536582930829610838e+00 4.538051625464419203e+00
4.548350217925171357e+00 4.341903869107215819e+00 4.538468659330970212e+00 4.552387488664080273e+00 4.553951481935861523e+00
4.563447393614632475e+00 4.353481792869758671e+00 4.553720806969457691e+00 4.566984039834760090e+00 4.568625185510994946e+00
4.577370437051015095e+00 4.363782753644856349e+00 4.567795894177930194e+00 4.580431505160833972e+00 4.582132570977671904e+00
4.590176637668294646e+00 4.372854072050736285e+00 4.580750908113267350e+00 4.592785933058810777e+00 4.594530568848568919e+00
4.601920514448586630e+00 4.380742874907534556e+00 4.592640137346964302e+00 4.604100634828545147e+00 4.605873346752117570e+00
4.612653945381759435e+00 4.387495824470406092e+00 4.603515279672158123e+00 4.614426320939783110e+00 4.616212442526684612e+00
4.622426292538262871e+00 4.393158878696779901e+00 4.613425562392043489e+00 4.623811230978421172e+00 4.625596891631757579e+00
4.631284521608496796e+00 4.397777090141416600e+00 4.622417851454550863e+00 4.632301251101706541e+00 4.634073348860149544e+00
4.639273317065476299e+00 4.401394442544418695e+00 4.630536759600351715e+00 4.639940031683132737e+00 4.641686204011185701e+00
4.646435190510463720e+00 4.404053725012815335e+00 4.637824750121048112e+00 4.646769092702747628e+00 4.648477691701112136e+00
4.652810584996129428e+00 4.405796435694419699e+00 4.644322236657110636e+00 4.652827928767429455e+00 4.654487995784108989e+00
4.658437975537262687e+00 4.406662716554830439e+00 4.650067677421890089e+00 4.658154108435613061e+00 4.659755348856050361e+00
4.663353964524739936e+00 4.406691310431628317e+00 4.655097672005655163e+00 4.662783367637624465e+00 4.664316127373523635e+00
4.667593372207966773e+00 4.405919540763064468e+00 4.659447047561714683e+00 4.666749700880701290e+00 4.668204941255364560e+00
4.671189323018292150e+00 4.404383308706513844e+00 4.663148939697062900e+00 4.670085443838716266e+00 4.671454720013793249e+00
4.674173327715447357e+00 4.402117098586699306e+00 4.666234888374988010e+00 4.672821355072747984e+00 4.674096794280434786e+00
4.676575362151151438e+00 4.399153998894409945e+00 4.668734887466918337e+00 4.674986693069715038e+00 4.676160973388588715e+00
4.678423941684932252e+00 4.395525730252612284e+00 4.670677486837097270e+00 4.676609289075343234e+00 4.677675619229823667e+00
4.679746190549462170e+00 4.391262684621112022e+00 4.672089839031124292e+00 4.677715618025558797e+00 4.678667716461109016e+00
4.680567912177357570e+00 4.386393961715861600e+00 4.672997777465256242e+00 4.678330862854593875e+00 4.679162936671520612e+00
4.680913649387264286e+00 4.380947408012761279e+00 4.673425883375517564e+00 4.678478978365687269e+00 4.679185709396954884e+00
4.680806763109622182e+00 4.374949659990493345e+00 4.673397537549795366e+00 4.678182751032888831e+00 4.678759271014619081e+00
4.680269467866983391e+00 4.368426189243431068e+00 4.672934997244503563e+00 4.677463856053318381e+00 4.677905744431297919e+00
4.679322886122399439e+00 4.361430822796255491e+00 4.672059419798483049e+00 4.676342911984821882e+00 4.676646163766054798e+00
4.677987117595928446e+00 4.354120164419930106e+00 4.670790899091803894e+00 4.674839531312225738e+00 4.675000554011439213e+00
4.676281282401407502e+00 4.346649177582659895e+00 4.669148629219706415e+00 4.672972370058884550e+00 4.672987959630467536e+00
4.674223568872234225e+00 4.339149266188283782e+00 4.667150874471696298e+00 4.670759174306365225e+00 4.670626499872746251e+00
4.671831278724255299e+00 4.331733892168202260e+00 4.664814912082327680e+00 4.668216821918478310e+00 4.667933418626069475e+00
4.669120871031244846e+00 4.324501816045718705e+00 4.662157234883477663e+00 4.665361372653249461e+00 4.664925115483180562e+00
4.666108001469951638e+00 4.317539289329515917e+00 4.659193540935864242e+00 4.662208093892892258e+00 4.661617201421363710e+00
4.662807565024690959e+00 4.310921682042542891e+00 4.655938754664775914e+00 4.658771526753644920e+00 4.658024523594338717e+00
4.659233730311138189e+00 4.304714767110929152e+00 4.652407066578812866e+00 4.655065481944355987e+00 4.654161213161423838e+00
4.655399970783770769e+00 4.298975773667215172e+00 4.648611976498748355e+00 4.651103119264640817e+00 4.650040713634672862e+00
4.651319103934626220e+00 4.293754278008369063e+00 4.644566329069371058e+00 4.646896935237419868e+00 4.645675812654549652e+00
4.647003325272867080e+00 4.289092970293964413e+00 4.640282355609544496e+00 4.642458833028126008e+00 4.641078682469398586e+00
4.642464236497369612e+00 4.285028327029404949e+00 4.635771675921542823e+00 4.637800120489803390e+00 4.636260899800941360e+00
4.637712874080066605e+00 4.281591203785283462e+00 4.631045340917681052e+00 4.632931564095990495e+00 4.631233484431158232e+00
4.632759752239304696e+00 4.278807363587360690e+00 4.626113873835475232e+00 4.627863400148887862e+00 4.626006914380760726e+00
4.627614839359642573e+00 4.276697952905577971e+00 4.620987271906837002e+00 4.622605370829045768e+00 4.620591163697342907e+00
4.622287632490874820e+00 4.275279929003025892e+00 4.615675051429985132e+00 4.617166737471540827e+00 4.614995721926940853e+00
4.616787151420409074e+00 4.274566446437570555e+00 4.610186270995138003e+00 4.611556315396030392e+00 4.609229614792080376e+00
4.611122004458107604e+00 4.274567211978244963e+00 4.604529549893861429e+00 4.605782486267261611e+00 4.603301434842212991e+00
4.605300375801588686e+00 4.275288804083397842e+00 4.598713074358143693e+00 4.599853224966744314e+00 4.597219352440926166e+00
4.599330049788134644e+00 4.276734961225736598e+00 4.592744642821910084e+00 4.593776116412806587e+00 4.590991145732498779e+00
4.593218427624729649e+00 4.278906851706486769e+00 4.586631670807242322e+00 4.587558374848148546e+00 4.584624211719069642e+00
4.586972545274861979e+00 4.281803317602107306e+00 4.580381207694724566e+00 4.581206864817408686e+00 4.578125590394581224e+00
4.580599100088830866e+00 4.285421097913046040e+00 4.573999958902834173e+00 4.574728112258704904e+00 4.571501979728262555e+00
4.574104456740646363e+00 4.289755032337138729e+00 4.567494308133627001e+00 4.568128329947518829e+00 4.564759750768730306e+00
4.567494678005401987e+00 4.294798249749486097e+00 4.560870343522272385e+00 4.561413421912173582e+00 4.557904968682964686e+00
4.560775524987064067e+00 4.300542340233141303e+00 4.554133818254606503e+00 4.554589010431585372e+00 4.550943400674607453e+00
4.553952483489074332e+00 4.306977513048439121e+00 4.547290246404346092e+00 4.547660437589065907e+00 4.543880537103875739e+00
4.547030771583962405e+00 4.314092739516530273e+00 4.540344835980159033e+00 4.540632790604973046e+00 4.536721599560488372e+00
4.540015351783815767e+00 4.321875889608568500e+00 4.533302545337546618e+00 4.533510903371499978e+00 4.529471557452195540e+00
4.532910948886367031e+00 4.330313857611876927e+00 4.526168115022697336e+00 4.526299378692711706e+00 4.522135138925044373e+00
4.525722052436960574e+00 4.339392668752788396e+00 4.518946014820144796e+00 4.519002590718413259e+00 4.514716837284308504e+00
4.518452939759886711e+00 4.349097583454410554e+00 4.511640543963029160e+00 4.511624703848041484e+00 4.507220935255739747e+00
4.511107672551812442e+00 4.359396977730062517e+00 4.504255781845765583e+00 4.504169676327768101e+00 4.499651506381383115e+00
4.503690117194764753e+00 4.370197441282983597e+00 4.496795598034784902e+00 4.496641275870780774e+00 4.492012417976426697e+00
4.496203952579326923e+00 4.381395162852366632e+00 4.489263668408288055e+00 4.489043084483829382e+00 4.484307371412873167e+00
4.488652678565164145e+00 4.392893251741320171e+00 4.481663482015851407e+00 4.481378510899415524e+00 4.476539865564736154e+00
4.481039624836674840e+00 4.404600802294711848e+00 4.473998390480542042e+00 4.473650796769383042e+00 4.468713239332847920e+00
4.473367958952293222e+00 4.416432999326780795e+00 4.466271583393184308e+00 4.465863025910644879e+00 4.460830681180070201e+00
4.465640694597318827e+00 4.428310700349527451e+00 4.458486071218728419e+00 4.458018132076859708e+00 4.452895196540612943e+00
4.457860700684141975e+00 4.440160020751979353e+00 4.450644711413047183e+00 4.450118901708904673e+00 4.444909671156632491e+00
4.450030704565863360e+00 4.451912104160166805e+00 4.442750226699158311e+00 4.442167989600646294e+00 4.436876840115378862e+00
4.442153300163288243e+00 4.463502905337897175e+00 4.434805211828495075e+00 4.434167925468244675e+00 4.428799299896733821e+00
4.434230956875323315e+00 4.474872980687988999e+00 4.426812139415721603e+00 4.426121098936549814e+00 4.420679532701433878e+00
4.426266020530982281e+00 4.485967226264259367e+00 4.418773357319128792e+00 4.418029805060125881e+00 4.412519888492109743e+00
4.418260726123085291e+00 4.496734634147044218e+00 4.410691104169085719e+00 4.409896225205726772e+00 4.404322610698718776e+00
4.410217201354339700e+00 4.507128097996338845e+00 4.402567496843774464e+00 4.401722407738853704e+00 4.396089834939724383e+00
4.402137469885968102e+00 4.517104247933703576e+00 4.394404562440780815e+00 4.393510333839016013e+00 4.387823586343039040e+00
4.394023454664660377e+00 4.526623290992876747e+00 4.386204215562917064e+00 4.385261878193016827e+00 4.379525802721521366e+00
4.385876986736000127e+00 4.535648847189409416e+00 4.377968288893363535e+00 4.376978806374445696e+00 4.371198320654716696e+00
4.377699809266440312e+00 4.544147788991522496e+00 4.369698519945956150e+00 4.368662820576872718e+00 4.362842886376397722e+00
4.369493580734399529e+00 4.552090095137421244e+00 4.361396562864126025e+00 4.360315530526132299e+00 4.354461170373814305e+00
4.361259877473718127e+00 4.559448728540075990e+00 4.353063995996212299e+00 4.351938460808299602e+00 4.346054749804840078e+00
4.353000201422147164e+00 4.566199529855974326e+00 4.344702311057959676e+00 4.343533072812363116e+00 4.337625135766304041e+00
4.344715985539823855e+00 4.572321116533324847e+00 4.336312941716404801e+00 4.335100749902255579e+00 4.329173762939238834e+00
4.336408581939336315e+00 4.577794792198470297e+00 4.327897235405553822e+00 4.326642806574678701e+00 4.320701991493431038e+00
4.328079293964621321e+00 4.582604470418000453e+00 4.319456487079209595e+00 4.318160500156347226e+00 4.312211122872183999e+00
4.319729341903789432e+00 4.586736613728973566e+00 4.310991915673046293e+00 4.309655020734961539e+00 4.303702390421985768e+00
4.311359890090658453e+00 4.590180187129532463e+00 4.302504693408716108e+00 4.301127502921628043e+00 4.295176969132277200e+00
4.302972057012395268e+00 4.592926624263137469e+00 4.293995924411526666e+00 4.292579031174183157e+00 4.286635979762089654e+00
4.294566901627513644e+00 4.594969815875681540e+00 4.285466667446079292e+00 4.284010626126658394e+00 4.278080482801636997e+00
4.286145439197115437e+00 4.596306098926184802e+00 4.276917927136092423e+00 4.275423266391818800e+00 4.269511493760195009e+00
4.277708630189255068e+00 4.596934264734338527e+00 4.268350663008484425e+00 4.266817884998010513e+00 4.260929976531759422e+00
4.269257391447160543e+00 4.596855577236022228e+00 4.259765771889573394e+00 4.258195359661664625e+00 4.252336846221439259e+00
4.260792590545977809e+00 4.596073791034517519e+00 4.251164129113203849e+00 4.249556534641067529e+00 4.243732978557187785e+00
4.252315055515652809e+00 4.594595165670229520e+00 4.242546556262813517e+00 4.240902211152714152e+00 4.235119201875291672e+00
4.243825572368334242e+00 4.592428461702650289e+00 4.233913817875558649e+00 4.232233144969445249e+00 4.226496307437732192e+00
4.235324891355418231e+00 4.589584903450875331e+00 4.225266671862661028e+00 4.223550062105568159e+00 4.217865048872380562e+00
4.226813726393763737e+00 4.586078092761754377e+00 4.216605821358883510e+00 4.214853651152644431e+00 4.209226139579913095e+00
4.218292757279052729e+00 4.581923858151981221e+00 4.207931930737244919e+00 4.206144563701492700e+00 4.200580262781610230e+00
4.209762631221647844e+00 4.577140030850548769e+00 4.199245647255196445e+00 4.197423424432247252e+00 4.191928066443439072e+00
4.201223964666629840e+00 4.571746154822420749e+00 4.190547579084841878e+00 4.188690825605218215e+00 4.183270166700063797e+00
4.192677343733945072e+00 4.565763141037058048e+00 4.181838308447506591e+00 4.179947328199871137e+00 4.174607152470299454e+00
4.184123326545106103e+00 4.559212895555183387e+00 4.173118381183481773e+00 4.171193470328141473e+00 4.165939580675242837e+00
4.175562444329812273e+00 4.552117948011612292e+00 4.164388326772460402e+00 4.162429761278060525e+00 4.157267984457733156e+00
4.166995202637302498e+00 4.544501108326471694e+00 4.155648647384717620e+00 4.153656684526290555e+00 4.148592870532810117e+00
4.158422083081535270e+00 4.536385169894972869e+00 4.146899812269931651e+00 4.144874703493216295e+00 4.139914719388809949e+00
4.149843544740657642e+00 4.527792666137998800e+00 4.138142276643240081e+00 4.136084255859461933e+00 4.131233991094492630e+00
4.141260023830153791e+00 4.518745683001001545e+00 4.129376470904383645e+00 4.127285758447460040e+00 4.122551121635746441e+00
4.132671935099163640e+00 4.509265721198115529e+00 4.120602800839618496e+00 4.118479610002792946e+00 4.113866526389445610e+00
4.124079676937606465e+00 4.499373601199766703e+00 4.111821655927529129e+00 4.109666186618119887e+00 4.105180602003597023e+00
4.115483628888840784e+00 4.489089402676371243e+00 4.103033405332022987e+00 4.100845847832768065e+00 4.096493723625232342e+00
4.106884144047893592e+00 4.478432429358359279e+00 4.094238399219072733e+00 4.092018936556711672e+00 4.087806250718577061e+00
4.098281569443785521e+00 4.467421195172971871e+00 4.085436971901447833e+00 4.083185775892978597e+00 4.079118524619740782e+00
4.089676234004908650e+00 4.456073426209985477e+00 4.076629440124625248e+00 4.074346676013679946e+00 4.070430869431003629e+00
4.081068445812893408e+00 4.444406069512591984e+00 4.067816103259202620e+00 4.065501931646131162e+00 4.061743595360430170e+00
4.072458499658208275e+00 4.432435310428999742e+00 4.058997250102188481e+00 4.056651820909124240e+00 4.053056996198901807e+00
4.063846681181501275e+00 4.420176595636642780e+00 4.050173155475097708e+00 4.047796610944345730e+00 4.044371352476495041e+00
4.055233260304200726e+00 4.407644658178761610e+00 4.041344082514489955e+00 4.038936555249909688e+00 4.035686931631911278e+00
4.046618489004726982e+00 4.394853544278537250e+00 4.032510271041947369e+00 4.030071893301713004e+00 4.027003986982538031e+00
4.038002614353937147e+00 4.381816641159372416e+00 4.023671954950526874e+00 4.021202855137076426e+00 4.018322761245872954e+00
4.029385870181787510e+00 4.368546705068748537e+00 4.014829365641854331e+00 4.012329658773248653e+00 4.009643484811422631e+00
4.020768476538862046e+00 4.355055888877400250e+00 4.005982721589908202e+00 4.003452510504360795e+00 4.000966376815959791e+00
4.012150645464958032e+00 4.341355769180002433e+00 3.997132233630791287e+00 3.994571608370814264e+00 3.992291646935964611e+00
4.003532579865544783e+00 4.327457372832213878e+00 3.988278064969259074e+00 3.985687139806197266e+00 3.983619493591509020e+00
3.994914472278018103e+00 4.313371202350239741e+00 3.979420414358022295e+00 3.976799282598642016e+00 3.974950106797068283e+00
3.986296504972502319e+00 4.299107260426652921e+00 3.970559461733789597e+00 3.967908207175239621e+00 3.966283667108292388e+00
3.977678854753986304e+00 4.284675073574003790e+00 3.961695378187084060e+00 3.959014074632062563e+00 3.957620345209056367e+00
3.969061690033313550e+00 4.270083714859041812e+00 3.952828323208054773e+00 3.950117038251093060e+00 3.948960305755095490e+00
3.960445167854980575e+00 4.255341825502086728e+00 3.943958425143422986e+00 3.941217244666133102e+00 3.940303705670311185e+00
3.951829442316594942e+00 4.240457635759132593e+00 3.935085840974057003e+00 3.932314832306700314e+00 3.931650693522415807e+00
3.943214659882229967e+00 4.225438984287875677e+00 3.926210708011597550e+00 3.923409933368753766e+00 3.923001408652119437e+00
3.934600959058628611e+00 4.210293336665179353e+00 3.917333157609873773e+00 3.914502674018406569e+00 3.914355988893091887e+00
3.925988471650379452e+00 4.195027803536690136e+00 3.908453309251810559e+00 3.905593173171187260e+00 3.905714564944687606e+00
3.917377325792076981e+00 4.179649158004341558e+00 3.899571274063741821e+00 3.896681544893313642e+00 3.897077258809934719e+00
3.908767643228052258e+00 4.164163851713134967e+00 3.890687167668518853e+00 3.887767897683545470e+00 3.888444183372988139e+00
3.900159538086422906e+00 4.148578030421342433e+00 3.881801096138910445e+00 3.878852333819583276e+00 3.879815454004322373e+00
3.891553122184530977e+00 4.132897548438465130e+00 3.872913160824217105e+00 3.869934951613942964e+00 3.871191178523263332e+00
3.882948501844834865e+00 4.117127982989388535e+00 3.864023453744786174e+00 3.861015844360064175e+00 3.862571457347041992e+00
3.874345777738555263e+00 4.101274647491120362e+00 3.855132066102168853e+00 3.852095100140463746e+00 3.853956384390384127e+00
3.865745046659158746e+00 4.085342604217665041e+00 3.846239086005628582e+00 3.843172803589534947e+00 3.845346054222352983e+00
3.857146401940926950e+00 4.069336676602032909e+00 3.837344596841794520e+00 3.834249034934350764e+00 3.836740555390119045e+00
3.848549932522352002e+00 4.053261460605282807e+00 3.828448678461893628e+00 3.825323870058296549e+00 3.828139971042512357e+00
3.839955722571298136e+00 4.037121335559652913e+00 3.819551398338971282e+00 3.816397381807638212e+00 3.819544380044249454e+00
3.831363854276699232e+00 4.020920474946337642e+00 3.810652832009853164e+00 3.807469639157558206e+00 3.810953859769563579e+00
3.822774406146673964e+00 4.004662854897070190e+00 3.801753048086755626e+00 3.798540707502602753e+00 3.802368483430266899e+00
3.814187452171761805e+00 3.988352267016049169e+00 3.792852112506968965e+00 3.789610649536784059e+00 3.793788319947808851e+00
3.805603064468573216e+00 3.971992322445251578e+00 3.783950086071468100e+00 3.780679524214853870e+00 3.785213435146126404e+00
3.797021312328041187e+00 3.955586465208912994e+00 3.775047021082668319e+00 3.771747387673632268e+00 3.776643893184096878e+00
3.788442261787348997e+00 3.939137981263741040e+00 3.766142977386911728e+00 3.762814293979687807e+00 3.768079755084050575e+00
3.779865975755071439e+00 3.922649997270569067e+00 3.757238008513911431e+00 3.753880294619482694e+00 3.759521078233053260e+00
3.771292515720234828e+00 3.906125505304071321e+00 3.748332165815770445e+00 3.744945438233683088e+00 3.750967917822054520e+00
3.762721940539907717e+00 3.889567345353116323e+00 3.739425494586620324e+00 3.736009769408694670e+00 3.742420327681178716e+00
3.754154305764173305e+00 3.872978238365967663e+00 3.730518038403664693e+00 3.727073333631938823e+00 3.733878359188873564e+00
3.745589666012342445e+00 3.856360769742532835e+00 3.721609842464196571e+00 3.718136173544626999e+00 3.725342059622779534e+00
3.737028073593903432e+00 3.839717411449912632e+00 3.712700948106828935e+00 3.709198330193607784e+00 3.716811475014339727e+00
3.728469578520205108e+00 3.823050517942737869e+00 3.703791394858597208e+00 3.700259837504062066e+00 3.708286650595000289e+00
3.719914228962898139e+00 3.806362333846128543e+00 3.694881217488842573e+00 3.691320733446838087e+00 3.699767629234626654e+00
3.711362071820019981e+00 3.789655003914943254e+00 3.685970451917323754e+00 3.682381053075879151e+00 3.691254450869819959e+00
3.702813152155843390e+00 3.772930574009870419e+00 3.677059132136077935e+00 3.673440829752010028e+00 3.682747154433423376e+00
3.694267512879352733e+00 3.756190999227683402e+00 3.668147290301564389e+00 3.664500093362834221e+00 3.674245777703974536e+00
3.685725196186089292e+00 3.739438140613484229e+00 3.659234956955147666e+00 3.655558872373580570e+00 3.665750356737317084e+00
3.677186242695382745e+00 3.722673781238606594e+00 3.650322159226939256e+00 3.646617195974429126e+00 3.657260924995534346e+00
3.668650691203993119e+00 3.705899619714606796e+00 3.641408925748597980e+00 3.637675091071540745e+00 3.648777515355258405e+00
3.660118579516683290e+00 3.689117281394920234e+00 3.632495282963916328e+00 3.628732583075708007e+00 3.640300159576394634e+00
3.651589944411887334e+00 3.672328317226509320e+00 3.623581256243789017e+00 3.619789694917555867e+00 3.631828888007952116e+00
3.643064821377023588e+00 3.655534207114103484e+00 3.614666868880024975e+00 3.610846450215580372e+00 3.623363729322888638e+00
3.634543244621342151e+00 3.638736368135278010e+00 3.605752142065938415e+00 3.601902870863505246e+00 3.614904711518255098e+00
3.626025247689923070e+00 3.621936153089026167e+00 3.596837098526072030e+00 3.592958977774604712e+00 3.606451861577228524e+00
3.617510863112992414e+00 3.605134857249750358e+00 3.587921759055220150e+00 3.584014789943364754e+00 3.598005205483895796e+00
3.609000121907264269e+00 3.588333715531489165e+00 3.579006143640348636e+00 3.575070326363141593e+00 3.589564767402320555e+00
3.600493054771493728e+00 3.571533912543553235e+00 3.570090269476160039e+00 3.566125605077275829e+00 3.581130571439159027e+00
3.591989691500169446e+00 3.554736579775146232e+00 3.561174153941818687e+00 3.557180643257837005e+00 3.572702640765771598e+00
3.583490060966063595e+00 3.537942801239068569e+00 3.552257814569635741e+00 3.548235456883074512e+00 3.564280997729913025e+00
3.574994191214425410e+00 3.521153614087520367e+00 3.543341267540847550e+00 3.539290061078652183e+00 3.555865663189440529e+00
3.566502109810067989e+00 3.504370010019759896e+00 3.534424528374925156e+00 3.530344470951131797e+00 3.547456658061435508e+00
3.558013843586429470e+00 3.487592940909299166e+00 3.525507609697112077e+00 3.521398700721693587e+00 3.539054002426222922e+00
3.549529418405204861e+00 3.470823317398676444e+00 3.516590525999351513e+00 3.512452763847480064e+00 3.530657715739329294e+00
3.541048859911234636e+00 3.454062013953823396e+00 3.507673290380056041e+00 3.503506671758443325e+00 3.522267815898560084e+00
3.532572193082348821e+00 3.437309866304940176e+00 3.498755915270088668e+00 3.494560437221100102e+00 3.513884321270058564e+00
3.524099442257035530e+00 3.420567678346882357e+00 3.489838412518177169e+00 3.485614071784929102e+00 3.505507249338036591e+00
3.515630631292549602e+00 3.403836219897907078e+00 3.480920793353241560e+00 3.476667586504277985e+00 3.497136617064761754e+00
3.507165783668273917e+00 3.387116230223204738e+00 3.472003068689808902e+00 3.467720991272054132e+00 3.488772440397624131e+00
3.498704922356982383e+00 3.370408419386320187e+00 3.463085248954143047e+00 3.458774296042669505e+00 3.480414735401867077e+00
3.490248069717344137e+00 3.353713468847397738e+00 3.454167344188248556e+00 3.449827510356320737e+00 3.472063517505773689e+00
3.481795247956955386e+00 3.337032034497109390e+00 3.445249363093711548e+00 3.440880643231961855e+00 3.463718801700665040e+00
3.473346478844495877e+00 3.320364745750283841e+00 3.436331313699905188e+00 3.431933702991334378e+00 3.455380602146421065e+00
3.464901783652527545e+00 3.303712209514849008e+00 3.427413205003599472e+00 3.422986697342515150e+00 3.447048933121468650e+00
3.456461183421236427e+00 3.287075008306494350e+00 3.418495044994270593e+00 3.414039634159423464e+00 3.438723808375910629e+00
3.448024698905940433e+00 3.270453704415834828e+00 3.409576841308758599e+00 3.405092520724630756e+00 3.430405241301444530e+00
3.439592350501335272e+00 3.253848838687124712e+00 3.400658601117306112e+00 3.396145363969274023e+00 3.422093244743640739e+00
3.431164158229919714e+00 3.237260932541951686e+00 3.391740331392341989e+00 3.387198170321677804e+00 3.413787831522133942e+00
3.422740142004861319e+00 3.220690489146720736e+00 3.382822038841257761e+00 3.378250946137117516e+00 3.405489014084603472e+00
3.414320321452601892e+00 3.204137993387744743e+00 3.373903729892123060e+00 3.369303697412818988e+00 3.397196804577022444e+00
3.405904715839246588e+00 3.187603914223943402e+00 3.364985410683867251e+00 3.360356429891436569e+00 3.388911214638868241e+00
3.397493344349387989e+00 3.171088704202461361e+00 3.356067085643626324e+00 3.351409148711935071e+00 3.380632255995464686e+00
3.389086225937215424e+00 3.154592801601754370e+00 3.347148760770675580e+00 3.342461858997027857e+00 3.372359940039252102e+00
3.380683379319131099e+00 3.138116629461571438e+00 3.338230441153741790e+00 3.333514565724499334e+00 3.364094277914969844e+00
3.372284823015176070e+00 3.121660598136697828e+00 3.329312131639419636e+00 3.324567273583086902e+00 3.355835280395310871e+00
3.363890575451641940e+00 3.105225104725908736e+00 3.320393836899809603e+00 3.315619986965479438e+00 3.347582958300995948e+00
3.355500654875801736e+00 3.088810534089557969e+00 3.311475561498047782e+00 3.306672709950499112e+00 3.339337322198943081e+00
3.347115079313531805e+00 3.072417259866460526e+00 3.302557309650540507e+00 3.297725446676988081e+00 3.331098382441636918e+00
3.338733866754097779e+00 3.056045644296299546e+00 3.293639085477139794e+00 3.288778201021043568e+00 3.322866149069455322e+00
3.330357035043007397e+00 3.039696039790528381e+00 3.284720892953199467e+00 3.279830976692599709e+00 3.314640632198823322e+00
3.321984601801322601e+00 3.023368788521631600e+00 3.275802735356941664e+00 3.270883776772668838e+00 3.306421841728695021e+00
3.313616584608626070e+00 3.007064223909100331e+00 3.266884615925674140e+00 3.261936604748863378e+00 3.298209787389928316e+00
3.305253001013066516e+00 2.990782670244001906e+00 3.257966538179980276e+00 3.252989463765573852e+00 3.290004478708882463e+00
3.296893868465599731e+00 2.974524443922849759e+00 3.249048505246910690e+00 3.244042356829401008e+00 3.281805925227958998e+00
3.288539204364882451e+00 2.958289853371300460e+00 3.240130520109584022e+00 3.235095286695091055e+00 3.273614136337667180e+00
3.280189025878890163e+00 2.942079199519742172e+00 3.231212585794467795e+00 3.226148256043155360e+00 3.265429121241074650e+00
3.271843350060389177e+00 2.925892776597512235e+00 3.222294705043957208e+00 3.217201267486851091e+00 3.257250888953951762e+00
3.263502194242985155e+00 2.909730871719017564e+00 3.213376880530462998e+00 3.208254323491960047e+00 3.249079448635024292e+00
3.255165575598466532e+00 2.893593766240228682e+00 3.204459114855510382e+00 3.199307426357892670e+00 3.240914809287565923e+00
3.246833511291523866e+00 2.877481735543752528e+00 3.195541410448231368e+00 3.190360578160984062e+00 3.232756979859870761e+00
3.238506018321668734e+00 2.861395049594488871e+00 3.186623768985789251e+00 3.181413781069780899e+00 3.224605969257153149e+00
3.230183113096523062e+00 2.845333973191617183e+00 3.177706192944727448e+00 3.172467037079796714e+00 3.216461786132309264e+00
