8.933992095357986329e+00 8.920282137300741709e+00 8.918082239364524710e+00 8.919701699232746250e+00 8.924290295054735367e+00
9.252381592298098312e+00 9.223400727529105225e+00 9.220956409115151686e+00 9.222866870088552105e+00 9.233147829199456424e+00
9.556438762726317648e+00 9.510702394943201909e+00 9.509854171420718316e+00 9.510796897150742168e+00 9.527802014913087092e+00
9.847366740133750795e+00 9.783466877303894194e+00 9.785939110131364416e+00 9.784727850755718492e+00 9.809418134391336253e+00
1.012630538629730381e+01 1.004291064521699539e+01 1.005031075459709911e+01 1.004583418984887899e+01 1.007910109462804371e+01
1.039433428588736419e+01 1.029018978637415138e+01 1.030400902702691113e+01 1.029523147707337571e+01 1.033789809115712899e+01
1.065247638817389486e+01 1.052640356645001773e+01 1.054801765542887537e+01 1.053397991528294497e+01 1.058680214710401479e+01
1.090170055402151483e+01 1.075259684324442944e+01 1.078326744973186635e+01 1.076308672341579964e+01 1.082675450256329164e+01
1.114292418902001636e+01 1.096976257901013696e+01 1.101063938051693647e+01 1.098350861389640087e+01 1.105864708817856545e+01
1.137701596121827308e+01 1.117884448885735438e+01 1.123096739982159242e+01 1.119615435488334931e+01 1.128332505452824286e+01
1.160479822648429149e+01 1.138073935373114765e+01 1.144504109207978360e+01 1.140188706135720054e+01 1.150158909310792055e+01
1.182704955121671730e+01 1.157629954973631214e+01 1.165360803496850295e+01 1.160152665927846627e+01 1.171419785201222119e+01
1.204450695341616395e+01 1.176633520012140721e+01 1.185737620646514046e+01 1.179585198275266578e+01 1.192187002682381092e+01
1.225786793376468609e+01 1.195161616719299502e+01 1.205701616185622527e+01 1.198560274577956797e+01 1.212528633509946552e+01
1.246779247180237249e+01 1.213287401820182687e+01 1.225316297886211103e+01 1.217148146635475570e+01 1.232509142350144415e+01
1.267490491771634176e+01 1.231080387770219176e+01 1.244641814029429483e+01 1.235415528350113235e+01 1.252189568055892011e+01
1.287979581782505711e+01 1.248606623541053473e+01 1.263735138566839566e+01 1.253425767760468368e+01 1.271627691805414884e+01
1.308302365143228840e+01 1.265928866348698634e+01 1.282650238959816136e+01 1.271239018429279533e+01 1.290878209175651214e+01
1.328511643727656732e+01 1.283106742417187718e+01 1.301438233458515548e+01 1.288912395146612333e+01 1.309992883520000717e+01
1.348657326357704633e+01 1.300196899862679523e+01 1.320147538785421304e+01 1.306500124090650594e+01 1.329020694601473274e+01
1.368786573296550735e+01 1.317253153722367109e+01 1.338824012336524838e+01 1.324053683576236118e+01 1.348007979741403695e+01
1.388943933452769208e+01 1.334326624268674877e+01 1.357511087485908163e+01 1.341621940479598507e+01 1.366998565318076686e+01
1.409171473888367032e+01 1.351465868471776410e+01 1.376249899772982666e+01 1.359251275696382777e+01 1.386033893306272091e+01
1.429508902963185157e+01 1.368717006506698119e+01 1.395079405337106948e+01 1.376985707574183060e+01 1.405153142445570502e+01
1.449993685494382412e+01 1.386123839182087281e+01 1.414036492119721267e+01 1.394867007498233669e+01 1.424393342294164633e+01
1.470661150391849148e+01 1.403727961236531563e+01 1.433156086111835315e+01 1.412934809287526328e+01 1.443789480962200322e+01
1.491544592552539150e+01 1.421568868280622233e+01 1.452471251850075262e+01 1.431226713389321503e+01 1.463374609184232078e+01
1.512675367864904175e+01 1.439684058319776305e+01 1.472013286966814327e+01 1.449778385571997852e+01 1.483179934806082478e+01
1.534082981689969394e+01 1.458109127819128403e+01 1.491811811023295675e+01 1.468623649140075749e+01 1.503234915649882453e+01
1.555795170450269715e+01 1.476877863834160109e+01 1.511894849007124542e+01 1.487794573061240477e+01 1.523567346216168872e+01
1.577837978051367784e+01 1.496022329486246605e+01 1.532288909773668806e+01 1.507321555974053062e+01 1.544203439157034552e+01
1.600235822952424414e+01 1.515572945084759837e+01 1.553019059539026614e+01 1.527233404272098660e+01 1.565167903029811036e+01
1.623011559643368784e+01 1.535558565581914081e+01 1.574108990426955401e+01 1.547557406735560548e+01 1.586484013567760343e+01
1.646186532007676107e+01 1.556006552720709202e+01 1.595581084017317863e+01 1.568319402567293608e+01 1.608173680724008037e+01
1.669780619734969207e+01 1.576942842500609387e+01 1.617456469796704965e+01 1.589543845466464234e+01 1.630257511199923215e+01
1.693812274025880527e+01 1.598392008132652720e+01 1.639755078337265815e+01 1.611253863228638039e+01 1.652754865432292064e+01
1.718298543983352289e+01 1.620377318478882245e+01 1.662495688882112432e+01 1.633471311981667284e+01 1.675683908535316746e+01
1.743255092180932309e+01 1.642920790381769081e+01 1.685695970956204448e+01 1.656216824517447961e+01 1.699061657456783792e+01
1.768696194524321186e+01 1.666043236855733767e+01 1.709372519084056563e+01 1.679509854628901522e+01 1.722904018533845871e+01
1.794634726770694044e+01 1.689764308961556338e+01 1.733540880241397630e+01 1.703368711320523232e+01 1.747225818751612891e+01
1.821082131492954659e+01 1.714102531089032766e+01 1.758215573180439151e+01 1.727810587705889489e+01 1.772040827458579670e+01
1.848048362413490509e+01 1.739075330281218967e+01 1.783410095891623115e+01 1.752851579886842970e+01 1.797361766145824546e+01
1.875541799884712191e+01 1.764699050208308861e+01 1.809136920869466536e+01 1.778506693879811706e+01 1.823200307308574253e+01
1.903569137517813559e+01 1.790988960057980250e+01 1.835407474939921002e+01 1.804789838885533371e+01 1.849567052253317101e+01
1.932135231562541122e+01 1.817959248097376346e+01 1.862232099495552617e+01 1.831713802677516156e+01 1.876471490772819806e+01
1.961242870627583912e+01 1.845622993868276396e+01 1.889619985582589123e+01 1.859290203111066475e+01 1.903921926461021030e+01
1.990892507583735238e+01 1.873992114524138586e+01 1.917579076586969578e+01 1.887529399259968699e+01 1.931925358137336701e+01
2.021081917113220072e+01 1.903077275339690999e+01 1.946115928832710651e+01 1.916440356886439744e+01 1.960487325403271797e+01
2.051805748081533309e+01 1.932887751653718311e+01 1.975235519177595478e+01 1.946030462050056542e+01 1.989611681747592087e+01
2.083054955469996017e+01 1.963431217882489577e+01 2.004940985089760730e+01 1.976305247648172170e+01 2.019300273125015366e+01
2.114816098013786316e+01 1.994713428254238607e+01 2.035233235968703269e+01 2.007267970282563496e+01 2.049552504621858517e+01
2.147070478277919392e+01 2.026737724183470135e+01 2.066110476205456337e+01 2.038919032748782456e+01 2.080364752175668741e+01
2.179793101062440641e+01 2.059504334123563396e+01 2.097567546310013498e+01 2.071255167359758076e+01 2.111729586799161851e+01
2.212951450385657992e+01 2.093009279976951831e+01 2.129595032195354420e+01 2.104268257233600892e+01 2.143634737330773632e+01
2.246504088541347599e+01 2.127242773463073533e+01 2.162178078901215272e+01 2.137943713663809220e+01 2.176061723466057884e+01
2.280399126820554301e+01 2.162186849918026610e+01 2.195294835993211890e+01 2.172258238035648858e+01 2.208984194857246663e+01
2.314572651881041310e+01 2.197811960224705885e+01 2.228914452904144383e+01 2.207176853453305654e+01 2.242365837395291095e+01
2.348947305862124324e+01 2.234072289131496092e+01 2.262994521830824723e+01 2.242649103826116885e+01 2.276157916278332038e+01
2.383431253274776296e+01 2.270899729781210397e+01 2.297477970807882031e+01 2.278604514457791552e+01 2.310296562155934552e+01
2.417917791076554934e+01 2.308196906740213450e+01 2.332289505949446706e+01 2.314947656587317937e+01 2.344700048734728171e+01
2.452286004556692944e+01 2.345830402481535870e+01 2.367331852916617763e+01 2.351553778279337692e+01 2.379266513354125578e+01
2.486402729141808976e+01 2.383626287193492743e+01 2.402482614432374675e+01 2.388266247781246321e+01 2.413872753681149419e+01
2.520125919230455835e+01 2.421370715462277801e+01 2.437592585435463022e+01 2.424897586910126179e+01 2.448374802335440137e+01
2.553309344944052839e+01 2.458817902904781505e+01 2.472486995525884268e+01 2.461235454027202962e+01 2.482610965388285962e+01
2.585808149634856434e+01 2.495705758279568798e+01 2.506970711778454231e+01 2.497053758861656547e+01 2.516407543799159896e+01
2.617484639647787859e+01 2.531776265350723065e+01 2.540837832041351518e+01 2.532127310744266069e+01 2.549586849869492156e+01
2.648213519648479064e+01 2.566795463685456724e+01 2.573884513554310161e+01 2.566246943963593452e+01 2.581976414946370824e+01
2.677886019191576494e+01 2.600568287912662413e+01 2.605922561662356429e+01 2.599231855694369742e+01 2.613417865134748297e+01
2.706412489129331078e+01 2.632945770882311365e+01 2.636790843444935462e+01 2.630937057625030207e+01 2.643774036829134033e+01
2.733723428801139832e+01 2.663825118485479848e+01 2.666362362487288351e+01 2.661255609926335808e+01 2.672933419320953874e+01
2.759769117648678005e+01 2.693144916303649339e+01 2.694546400708752998e+01 2.690116659542793442e+01 2.700811758084073944e+01
2.784518208583072862e+01 2.720878014982323734e+01 2.721286536420310398e+01 2.717480927861235074e+01 2.727351221640742551e+01
2.807955663944119706e+01 2.747023973593903534e+01 2.746556092970712371e+01 2.743335112033944156e+01 2.752517897538657721e+01
2.830080385377248220e+01 2.771602220912205539e+01 2.770352507310985146e+01 2.767686274882467146e+01 2.776298375915345673e+01
2.850902798582572473e+01 2.794646342970061426e+01 2.792691734384532509e+01 2.790556816398901674e+01 2.798696053228030323e+01
2.870442574488190246e+01 2.816199591144983927e+01 2.813603276288446509e+01 2.811980270565840101e+01 2.819727592072316114e+01
2.888726586087004833e+01 2.836311511063908242e+01 2.833126111358380683e+01 2.831997915524629761e+01 2.839419758161123042e+01
2.905787135759053186e+01 2.855035412447934817e+01 2.851305445170894615e+01 2.850656115901384169e+01 2.857806749961779502e+01
2.921660469202522492e+01 2.872426538871130575e+01 2.868190347231712067e+01 2.868004423901035338e+01 2.874927992851430147e+01
2.936385571452492371e+01 2.888540768892145394e+01 2.883831960892067769e+01 2.884094087260379524e+01 2.890826377375218570e+01
2.950003166760591355e+01 2.903433707973415068e+01 2.898282197407237248e+01 2.898976935342943761e+01 2.905546949768865517e+01
2.962554943447137745e+01 2.917160051490949257e+01 2.911592828105883157e+01 2.912704605848034589e+01 2.919135855051398565e+01
2.974082936921365317e+01 2.929773157634056702e+01 2.923814859303009683e+01 2.925327990041874671e+01 2.931639538316088078e+01
2.984629054793897396e+01 2.941324768454552085e+01 2.934998099617012812e+01 2.936896846554498453e+01 2.943104159419668164e+01
2.994234710928635224e+01 2.951864835112824537e+01 2.945190871355926276e+01 2.947459530356198343e+01 2.953575170353976631e+01
3.002940554126920958e+01 2.961441421447215561e+01 2.954439840743630796e+01 2.957062821808379027e+01 2.963097008185694037e+01
3.010786265568926012e+01 2.970100652204651936e+01 2.962789917638864168e+01 2.965751817249583766e+01 2.971712878025524063e+01
3.017810413937219494e+01 2.977886709777474294e+01 2.970284206034671470e+01 2.973569877059146904e+01 2.979464610695762161e+01
3.024050355880015317e+01 2.984841859515219298e+01 2.976963993921879137e+01 2.980558605853078191e+01 2.986392566508349589e+01
3.029542170807795287e+01 2.991006481282612484e+01 2.982868770416703441e+01 2.986757856722399751e+01 2.992535587660402996e+01
3.034320623430291874e+01 2.996419117483235794e+01 2.988036260995908577e+01 2.992205753888285713e+01 2.997930978636828669e+01
3.038419148201663589e+01 3.001116533642779771e+01 2.992502470864470610e+01 2.996938731216835095e+01 3.002614505103284870e+01
3.041869847428058193e+01 3.005133781373939783e+01 2.996301740244448908e+01 3.000991579129295417e+01 3.006620410259590059e+01
3.044703500183254263e+01 3.008504263519443356e+01 2.999466805751927723e+01 3.004397494118675738e+01 3.009981443972978354e+01
3.046949588659046881e+01 3.011259801017100912e+01 3.002028862693312306e+01 3.007188134116946188e+01 3.012728899815333250e+01
3.048636327700656778e+01 3.013430697886673570e+01 3.004017623708473650e+01 3.009393679553942391e+01 3.014892658596791009e+01
3.049790696884909380e+01 3.015045806902510606e+01 3.005461383473291903e+01 3.011042892608909582e+01 3.016501234127747466e+01
3.050438472399036627e+01 3.016132597379453628e+01 3.006387080739819240e+01 3.012163174731528414e+01 3.017581820160461348e+01
3.050604271073079943e+01 3.016717216006274072e+01 3.006820359156776590e+01 3.012780621287658533e+01 3.018160344063318234e+01
3.050311589883150276e+01 3.016824548899764125e+01 3.006785625764791092e+01 3.012920082601950966e+01 3.018261516740094308e+01
3.049582847979973721e+01 3.016478279190347678e+01 3.006306108575138225e+01 3.012605218102437021e+01 3.017908883779598384e+01
3.048439428244011395e+01 3.015700940183351619e+01 3.005403910335966700e+01 3.011858550725058592e+01 3.017124873532519658e+01
3.046901718766831024e+01 3.014513974334617785e+01 3.004100064668192616e+01 3.010701518887788097e+01 3.015930844299401770e+01
3.044989154025993727e+01 3.012937783087390287e+01 3.002414583115485414e+01 3.009154525144259296e+01 3.014347134618390456e+01
3.042720253834935917e+01 3.010991777455189222e+01 3.000366504995003325e+01 3.007236988591487403e+01 3.012393107969155537e+01
3.040112664285782529e+01 3.008694424193774708e+01 2.997973945781896887e+01 3.004967385216914622e+01 3.010087197616320154e+01
3.037183195737278751e+01 3.006063291751812017e+01 2.995254138526413712e+01 3.002363301461660683e+01 3.007446949369039757e+01
3.033947860609384506e+01 3.003115093961354276e+01 2.992223476790703884e+01 2.999441467418618856e+01 3.004489061386382431e+01
3.030421908894430061e+01 2.999865729524290714e+01 2.988897556999409844e+01 2.996217801636315059e+01 3.001229427807309946e+01
3.026619860807607765e+01 2.996330321799708685e+01 2.985291216266587000e+01 2.992707452518195765e+01 2.997683169267217096e+01
3.022555543312097370e+01 2.992523260735715596e+01 2.981418567784230689e+01 2.988924825714058997e+01 2.993864682928398580e+01
3.018242117893548127e+01 2.988458231021753875e+01 2.977293037316741930e+01 2.984883632425247413e+01 2.989787659586071200e+01
3.013692114353399276e+01 2.984148261679474246e+01 2.972927396949519263e+01 2.980596912100334706e+01 2.985465134575845170e+01
3.008917461395423842e+01 2.979605730879859138e+01 2.968333794859280772e+01 2.976077072526364731e+01 2.980909503141033667e+01
3.003929511481868175e+01 2.974842432010537152e+01 2.963523786681848904e+01 2.971335917351347788e+01 2.976132561690712208e+01
2.998739069784753752e+01 2.969869563244786193e+01 2.958508365951844254e+01 2.966384672443172477e+01 2.971145532036003090e+01
2.993356421232114428e+01 2.964697793147667326e+01 2.953297988691884868e+01 2.961234022418581802e+01 2.965959088238410857e+01
2.987791351826814079e+01 2.959337254715699572e+01 2.947902600644846771e+01 2.955894125183796817e+01 2.960583390326806708e+01
2.982053175498218067e+01 2.953797597788587836e+01 2.942331663514524465e+01 2.950374648191058569e+01 2.955028097828484945e+01
2.976150755376885115e+01 2.948087990827010785e+01 2.936594176311950832e+01 2.944684784428025992e+01 2.949302406297764634e+01
2.970092524203286644e+01 2.942217164898968917e+01 2.930698698659774237e+01 2.938833279577133339e+01 2.943415058145927432e+01
2.963886507488675903e+01 2.936193417551227824e+01 2.924653371344831143e+01 2.932828454067596624e+01 2.937374374029317536e+01
2.957540340685138602e+01 2.930024651374510114e+01 2.918465938213416422e+01 2.926678219625574329e+01 2.931188266384484109e+01
2.951061288149297468e+01 2.923718372408813337e+01 2.912143766828689806e+01 2.920390105906438194e+01 2.924864262580620888e+01
2.944456263062442503e+01 2.917281732137106687e+01 2.905693861353707774e+01 2.913971271620494008e+01 2.918409524276761502e+01
2.937731841644625064e+01 2.910721519352692965e+01 2.899122896252976744e+01 2.907428528624977560e+01 2.911830860873495297e+01
2.930894280448251266e+01 2.904044202133806607e+01 2.892437200797857955e+01 2.900768355343046778e+01 2.905134753886969179e+01
2.923949533184219618e+01 2.897255922995995192e+01 2.885642818559371392e+01 2.893996912947576661e+01 2.898327364457976429e+01
2.916903262688187937e+01 2.890362532087173264e+01 2.878745474097521040e+01 2.887120064438496314e+01 2.891414556943108494e+01
2.909760854732554947e+01 2.883369588654590387e+01 2.871750631670786547e+01 2.880143383601556550e+01 2.884401906517309655e+01
2.902527435291355573e+01 2.876282387240325278e+01 2.864663474162397705e+01 2.873072174690851455e+01 2.877294718300644050e+01
2.895207881092927593e+01 2.869105955425326115e+01 2.857488939152847252e+01 2.865911481072604872e+01 2.870098037597404073e+01
2.887806827522199526e+01 2.861845084288365371e+01 2.850231719000400332e+01 2.858666100608723681e+01 2.862816662796820566e+01
2.880328697439274066e+01 2.854504322465682620e+01 2.842896276876320627e+01 2.851340597192201187e+01 2.855455159828964895e+01
2.872777677151345088e+01 2.847088004022402430e+01 2.835486860902040007e+01 2.843939310291883160e+01 2.848017869076485198e+01
2.865157771661759867e+01 2.839600243768571630e+01 2.828007508334025744e+01 2.836466369486208094e+01 2.840508921780208595e+01
2.857472775101454587e+01 2.832044961825405949e+01 2.820462065646771421e+01 2.828925700526232845e+01 2.832932244732829474e+01
2.849726301135957129e+01 2.824425880782408171e+01 2.812854182766959354e+01 2.821321038795694847e+01 2.825291575075539896e+01
2.841921790075116760e+01 2.816746546672125717e+01 2.805187341526257683e+01 2.813655936410706815e+01 2.817590465762898333e+01
2.834062506255667202e+01 2.809010326903841559e+01 2.797464841556238468e+01 2.805933771538719768e+01 2.809832296942670027e+01
2.826151563790820376e+01 2.801220429496363451e+01 2.789689830617738764e+01 2.798157758381565685e+01 2.802020283600927897e+01
2.818191915185250451e+01 2.793379900499504487e+01 2.781865295682921158e+01 2.790330952445028956e+01 2.794157482463401010e+01
2.810186377328006557e+01 2.785491642105458254e+01 2.773994081518740629e+01 2.782456261296238154e+01 2.786246802665732858e+01
2.802137625015975786e+01 2.777558409620929680e+01 2.766078891892468761e+01 2.774536449131923277e+01 2.778291009045602422e+01
2.794048204496307264e+01 2.769582828266417707e+01 2.758122298787762006e+01 2.766574143886066750e+01 2.770292733062642299e+01
2.785920539988631717e+01 2.761567390348610118e+01 2.750126749761599498e+01 2.758571845826964264e+01 2.762254475878295779e+01
2.777756930476413189e+01 2.753514470289434968e+01 2.742094569833561124e+01 2.750531935857205923e+01 2.754178617471293222e+01
2.769559571730703951e+01 2.745426322495708504e+01 2.734027974591949217e+01 2.742456669802028912e+01 2.746067420616671839e+01
2.761330542934612353e+01 2.737305094379399506e+01 2.725929065775380522e+01 2.734348206343446108e+01 2.737923035777531311e+01
2.753071829184153074e+01 2.729152825190701392e+01 2.717799847830889703e+01 2.726208591181539376e+01 2.729747509752222001e+01
2.744785314319753056e+01 2.720971456934270094e+01 2.709642221423569097e+01 2.718039765192643742e+01 2.721542791603130951e+01
2.736472789843676878e+01 2.712762834180518112e+01 2.701457998906964164e+01 2.709843588506330647e+01 2.713310726546563245e+01
2.728135962204260778e+01 2.704528713138039109e+01 2.693248899951839803e+01 2.701621812211497442e+01 2.705053081930286041e+01
2.719776450274801149e+01 2.696270762209420369e+01 2.685016562560313247e+01 2.693376114224069440e+01 2.696771533334314341e+01
2.711395798597315476e+01 2.687990569487715220e+01 2.676762543126974592e+01 2.685108087661526710e+01 2.688467666461281169e+01
2.702995470725379690e+01 2.679689643952826827e+01 2.668488321837829247e+01 2.676819240894094065e+01 2.680143004389724481e+01
2.694576863300798664e+01 2.671369421579848336e+01 2.660195307246891971e+01 2.668511016323285645e+01 2.671798982733195160e+01
2.686141302297500033e+01 2.663031267066798691e+01 2.651884837022407027e+01 2.660184780300104990e+01 2.663436970347122923e+01
2.677690048154929769e+01 2.654676478770217329e+01 2.643558185607477284e+01 2.651841833065392962e+01 2.655058273470480046e+01
2.669224302107062030e+01 2.646306290810357709e+01 2.635216562023008890e+01 2.643483414251980435e+01 2.646664124518782657e+01
2.660745202666278075e+01 2.637921877053197761e+01 2.626861118888675861e+01 2.635110697317428929e+01 2.638255703643439887e+01
2.652253836667448184e+01 2.629524353453348695e+01 2.618492948970350653e+01 2.626724804479324149e+01 2.629834130261000169e+01
2.643751233786791133e+01 2.621114781256096649e+01 2.610113094093324193e+01 2.618326800062913406e+01 2.621400465532176938e+01
2.635238375819660206e+01 2.612694169487016538e+01 2.601722543117429964e+01 2.609917692957096236e+01 2.612955723915717599e+01
2.626716195423012579e+01 2.604263477501138979e+01 2.593322237815011988e+01 2.601498448851335610e+01 2.604500866545191684e+01
2.618185578529408275e+01 2.595823616486942242e+01 2.584913072531826117e+01 2.593069979803321345e+01 2.596036808359705716e+01
2.609647369510761905e+01 2.587375452897310879e+01 2.576495897476086583e+01 2.584633156524831321e+01 2.587564422789602148e+01
2.601102368591049085e+01 2.578919813149557427e+01 2.568071522105324078e+01 2.576188807065194908e+01 2.579084532199727420e+01
2.592551339381445175e+01 2.570457479298763204e+01 2.559640714590046784e+01 2.567737714737711130e+01 2.570597926204699846e+01
2.583995005591583194e+01 2.561989195728423141e+01 2.551204205668319958e+01 2.559280628626950360e+01 2.562105353447780232e+01
2.575434056715074149e+01 2.553515676110711397e+01 2.542762689806283660e+01 2.550818258392238747e+01 2.553607522057617274e+01
2.566869148071647544e+01 2.545037592177307673e+01 2.534316827440887465e+01 2.542351278601892872e+01 2.545105110159999384e+01
2.558300901704558683e+01 2.536555580751240058e+01 2.525867246407273825e+01 2.533880332716995198e+01 2.536598759401479697e+01
2.549729910654498255e+01 2.528070256457557718e+01 2.517414543722464515e+01 2.525406028651045176e+01 2.528089079268471906e+01
2.541156736614132683e+01 2.519582197063337148e+01 2.508959286636094888e+01 2.516928947909542913e+01 2.519576651715604854e+01
2.532581915546472473e+01 2.511091948465378465e+01 2.500502014550465901e+01 2.508449642055048656e+01 2.511062026432853145e+01
2.524005955439000815e+01 2.502600037196905092e+01 2.492043239850660896e+01 2.499968633732755663e+01 2.502545728600052755e+01
2.515429339822584254e+01 2.494106959443501026e+01 2.483583449549987066e+01 2.491486422670058332e+01 2.494028257128033843e+01
2.506852528441453387e+01 2.485613183954832195e+01 2.475123106549812846e+01 2.483003481145703972e+01 2.485510083784058466e+01
2.498275957404511161e+01 2.477119161067456332e+01 2.466662650802692980e+01 2.474520259233989350e+01 2.476991660094219583e+01
2.489700042473986130e+01 2.468625316993018615e+01 2.458202500404964752e+01 2.466037185366346662e+01 2.468473413569211061e+01
2.481125177288100758e+01 2.460132055955497776e+01 2.449743052630953599e+01 2.457554664330789507e+01 2.459955749805799030e+01
2.472551737336499400e+01 2.451639764759169893e+01 2.441284684947387618e+01 2.449073083247819937e+01 2.451439056484478485e+01
2.463980078519494299e+01 2.443148809717259340e+01 2.432827755998016528e+01 2.440592808705360284e+01 2.442923699310872365e+01
2.455410539304183004e+01 2.434659534977093998e+01 2.424372606538959118e+01 2.432114188606080418e+01 2.434410027419103528e+01
2.446843441177475142e+01 2.426172273291908610e+01 2.415919560301436420e+01 2.423637554971361752e+01 2.425898372811168002e+01
2.438279088318581955e+01 2.417687338972696409e+01 2.407468924813233713e+01 2.415163221170066166e+01 2.417389048807876151e+01
2.429717771930575765e+01 2.409205027874039118e+01 2.399020992196294699e+01 2.406691486628391630e+01 2.408882355297188838e+01
2.421159769129087280e+01 2.400725624995243734e+01 2.390576039914656192e+01 2.398222635343320164e+01 2.400378576187385704e+01
2.412605338627081508e+01 2.392249399915558428e+01 2.382134331488611778e+01 2.389756936047072244e+01 2.391877980427775796e+01
2.404054730613717794e+01 2.383776605336340637e+01 2.373696117181125231e+01 2.381294645509069241e+01 2.383380824942824816e+01
2.395508184195495005e+01 2.375307485250080930e+01 2.365261634640151200e+01 2.372836006407310450e+01 2.374887352325310630e+01
2.386965925107063669e+01 2.366842270294736039e+01 2.356831109516701162e+01 2.364381249503818339e+01 2.366397793561260343e+01
2.378428159963011623e+01 2.358381177436609377e+01 2.348404756052536158e+01 2.355930594512783216e+01 2.357912368470860542e+01
2.369895096138111512e+01 2.349924415168125691e+01 2.339982777633072786e+01 2.347484248698524212e+01 2.349431284274606568e+01
2.361366927966642493e+01 2.341472180967269168e+01 2.331565367310437509e+01 2.339042410142350192e+01 2.340954739211915836e+01
2.352843835169890951e+01 2.333024660017299468e+01 2.323152708319673110e+01 2.330605266294711697e+01 2.332482920920436698e+01
2.344325989795997600e+01 2.324582030704292634e+01 2.314744974557111590e+01 2.322172994690603787e+01 2.324016006819123348e+01
2.335813558491105724e+01 2.316144461908007202e+01 2.306342331032264426e+01 2.313745764688918882e+01 2.315554166433842553e+01
2.327306698037958910e+01 2.307712111900718099e+01 2.297944934300456055e+01 2.305323735047044309e+01 2.307097559720288871e+01
2.318805552834135852e+01 2.299285133134634407e+01 2.289552932878338609e+01 2.296907057995109724e+01 2.298646338637092867e+01
2.310310264900317634e+01 2.290863669988143059e+01 2.281166467635704720e+01 2.288495878261175420e+01 2.290200647868203276e+01
2.301820967605673118e+01 2.282447857332103780e+01 2.272785672165164073e+01 2.280090333717403084e+01 2.281760623544533928e+01
2.293337787179871867e+01 2.274037825255010503e+01 2.264410673141629360e+01 2.271690550102291084e+01 2.273326395777010234e+01
2.284860843346150716e+01 2.265633696846899525e+01 2.256041590672824526e+01 2.263296652949687982e+01 2.264898087373147462e+01
2.276390250867551757e+01 2.257235587305559221e+01 2.247678538598856335e+01 2.254908760333170292e+01 2.256475813759438864e+01
2.267926118879509900e+01 2.248843607196096173e+01 2.239321624796776433e+01 2.246526984767571022e+01 2.248059686011681890e+01
2.259468546290106161e+01 2.240457861337385737e+01 2.230970951483637421e+01 2.238151423877999946e+01 2.239649809397447910e+01
2.251017631531057361e+01 2.232078447862855697e+01 2.222626615495305202e+01 2.229782181194611468e+01 2.231246283264726671e+01
2.242573467173635748e+01 2.223705460585999916e+01 2.214288708544809836e+01 2.221419351843027101e+01 2.222849198824162187e+01
2.234136140395007075e+01 2.215338988563992118e+01 2.205957317470259227e+01 2.213063025892621383e+01 2.214458647457350082e+01
2.225705732600724218e+01 2.206979115253315982e+01 2.197632524473731053e+01 2.204713282545340647e+01 2.206074714840005768e+01
2.217282323099077246e+01 2.198625920125596167e+01 2.189314407349911207e+01 2.196370204354227340e+01 2.197697481796831909e+01
2.208865986626318900e+01 2.190279478709809169e+01 2.181003039701068147e+01 2.188033867172043045e+01 2.189327017843621093e+01
2.200456791825713765e+01 2.181939861756830012e+01 2.172698491140912225e+01 2.179704342471737633e+01 2.180963398299398648e+01
2.192054804978740634e+01 2.173607136430219811e+01 2.164400827489470913e+01 2.171381695057531402e+01 2.172606691697470183e+01
2.183660089372562041e+01 2.165281366632105176e+01 2.156110110959322768e+01 2.163065989831182989e+01 2.164256963015099444e+01
2.175272704465983509e+01 2.156962612185361650e+01 2.147826400331674179e+01 2.154757287011103983e+01 2.155914267559868236e+01
2.166892705597568636e+01 2.148650929686474242e+01 2.139549751123894339e+01 2.146455643476454611e+01 2.147578665036088807e+01
2.158520146340046963e+01 2.140346373030279636e+01 2.131280215748875406e+01 2.138161112570865185e+01 2.139250209543208925e+01
2.150155077119294944e+01 2.132048992623446182e+01 2.123017843663090787e+01 2.129873745658818862e+01 2.130928952386004127e+01
2.141797544803446129e+01 2.123758835972790138e+01 2.114762681506000774e+01 2.121593591285639135e+01 2.122614938552218788e+01
2.133447593697857769e+01 2.115475948344073132e+01 2.106514773230848192e+01 2.113320694459072158e+01 2.114308214296036681e+01
2.125105266471784304e+01 2.107200371689017615e+01 2.098274160347687456e+01 2.105055095557208844e+01 2.106008822077768983e+01
2.116770603183822530e+01 2.098932145371215441e+01 2.090040881874895007e+01 2.096796836103305850e+01 2.097716801993745150e+01
2.108443640611582381e+01 2.090671307365615661e+01 2.081814974569926946e+01 2.088545954145275374e+01 2.089432191361656521e+01
2.100124414682679941e+01 2.082417893342128679e+01 2.073596472950320901e+01 2.080302485086428987e+01 2.081155026002018715e+01
2.091812959038509945e+01 2.074171937170117275e+01 2.065385409472692402e+01 2.072066461676339699e+01 2.072885339761926460e+01
2.083509304984767851e+01 2.065933467666977208e+01 2.057181814609683101e+01 2.063837916049159915e+01 2.064623164735609606e+01
2.075213481532611581e+01 2.057702515351326866e+01 2.048985716977450267e+01 2.055616878106818035e+01 2.056368528264854945e+01
2.066925517003111423e+01 2.049479108594164245e+01 2.040797143397183078e+01 2.047403375010578941e+01 2.048121458211964452e+01
2.058645437780887733e+01 2.041263274183666354e+01 2.032616119007400002e+01 2.039197431647046699e+01 2.039881981056162275e+01
2.050373267911351860e+01 2.033055036399143134e+01 2.024442667312200683e+01 2.030999072903025748e+01 2.031650121294398659e+01
2.042109030659299762e+01 2.024854413618040994e+01 2.016276810279832077e+01 2.022808321482415650e+01 2.023425901045791875e+01
2.033852747869651623e+01 2.016661429848149822e+01 2.008118568414991856e+01 2.014625198344166890e+01 2.015209341486481520e+01
2.025604439846427951e+01 2.008476105279411428e+01 1.999967960832484692e+01 2.006449723043720823e+01 2.007000462850903943e+01
2.017364125061393310e+01 2.000298459006724627e+01 1.991825005324641751e+01 1.998281914187650088e+01 1.998799283937615456e+01
