1.417243029320254877e+01
5.004563107605174643e+00
2.611934730574600572e+00
1.216041224075768534e+00
5.176615790318133570e+00
1.820024844247958518e+00
5.053308667297152112e+00
1.286947718698543630e+00
1.643366218741045870e+01
6.839998007889420251e+00
1.004043831977618417e+01
5.851481882245047617e-01
2.151595390508756755e-01
3.453062340191485613e-01
1.000000000000000056e-01
0.000000000000000000e+00
1.000000000000000056e-01
0.000000000000000000e+00
1.150940621261251628e-01
9.489942310163274053e-02
7.984364880350554305e-02
2.504626249005955513e-02
7.769968723987956405e-02
3.865428657074031910e-02
6.933071702713697326e-02
1.141201392392881316e-03
9.663968874216028127e+00
4.201800807091906620e+00
7.170969367337681533e+00
4.159375746528047202e+00
7.567724201111585003e-02
1.287879394659953713e-01
2.324543433529014891e+01
5.122342511434252899e+00
3.331133968223920938e+00
2.055472130078066506e+00
3.569305116887365958e+00
1.653758140446776270e+00
4.268710450325577943e-01
3.868816654523897780e-01
