1.135087094884906556e+01 1.132388801178806226e+01 1.138169206241901854e+01 1.135371839840173180e+01 1.133753335874024160e+01
1.130690877818515361e+01 1.125381225168906951e+01 1.136875031694700411e+01 1.131338364703188404e+01 1.128099760153062725e+01
1.126809771253373071e+01 1.118975405663910649e+01 1.136111721149409881e+01 1.127891751599890924e+01 1.123035578906351262e+01
1.123442201341325131e+01 1.113169515409753885e+01 1.135873589889434854e+01 1.125024553082095125e+01 1.118557210861853157e+01
1.120586598762873365e+01 1.107961762821519969e+01 1.136154989574857765e+01 1.122729665266597010e+01 1.114661180151351871e+01
1.118241399612943354e+01 1.103350389132122267e+01 1.136950281846719690e+01 1.121000299790730104e+01 1.111344109876408837e+01
1.116405046334717355e+01 1.099333666006748622e+01 1.138253817649046340e+01 1.119829959132034602e+01 1.108602716403849442e+01
1.115075988692826847e+01 1.095909893562521376e+01 1.140059920826071860e+01 1.119212414790552756e+01 1.106433804300872126e+01
1.114252684776089453e+01 1.093077398741263728e+01 1.142362874913783344e+01 1.119141687927633377e+01 1.104834261835499731e+01
1.113933602020188118e+01 1.090834533988584454e+01 1.145156912318199183e+01 1.119612032119245626e+01 1.103801056974100447e+01
1.114117218240567730e+01 1.089179676197844415e+01 1.148436205269206312e+01 1.120617917934841934e+01 1.103331233815400125e+01
1.114802022665823067e+01 1.088111225881343280e+01 1.152194858085685425e+01 1.122154019095874133e+01 1.103421909406982770e+01
1.115986516961923236e+01 1.087627606534833014e+01 1.156426900395370261e+01 1.124215200005853532e+01 1.104070270895400441e+01
1.117669216237747420e+01 1.087727264164130325e+01 1.161126281036805175e+01 1.126796504472040183e+01 1.105273572965914042e+01
1.119848650022562175e+01 1.088408666945275627e+01 1.166286862433303106e+01 1.129893145465582727e+01 1.107029135532152253e+01
1.122523363206322067e+01 1.089670304991863503e+01 1.171902415277441101e+01 1.133500495786546480e+01 1.109334341639656252e+01
1.125691916933896586e+01 1.091510690205135603e+01 1.177966613402160334e+01 1.137614079518664667e+01 1.112186635550620295e+01
1.129352889444617603e+01 1.093928356184239092e+01 1.184473028743737011e+01 1.142229564173574730e+01 1.115583520980202614e+01
1.133504876848843956e+01 1.096921858175639741e+01 1.191415126324628027e+01 1.147342753436327634e+01 1.119522559457448807e+01
1.138146493833464845e+01 1.100489773042213137e+01 1.198786259201878401e+01 1.152949580436023069e+01 1.124001368786453803e+01
1.143276374288606689e+01 1.104630699233906910e+01 1.206579663340626141e+01 1.159046101473098922e+01 1.129017621585400022e+01
1.148893171847920769e+01 1.109343256743136585e+01 1.214788452383370121e+01 1.165628490143847529e+01 1.134569043883313810e+01
1.154995560335080462e+01 1.114626087029265733e+01 1.223405612292089906e+01 1.172693031808735675e+01 1.140653413756036016e+01
1.161582234109107326e+01 1.120477852897554882e+01 1.232423995849264742e+01 1.180236118356914687e+01 1.147268559984506808e+01
1.168651908301138143e+01 1.126897238318922767e+01 1.241836317005778589e+01 1.188254243224088924e+01 1.154412360719799047e+01
1.176203318935067799e+01 1.133882948177610395e+01 1.251635145068223132e+01 1.196743996624566897e+01 1.162082742140430014e+01
1.184235222924074904e+01 1.141433707934506714e+01 1.261812898719557552e+01 1.205702060961714928e+01 1.170277677088350643e+01
1.192746397934578262e+01 1.149548263194282782e+01 1.272361839868144884e+01 1.215125206383204848e+01 1.178995183670594926e+01
1.201735642108175739e+01 1.158225379164714397e+01 1.283274067320321876e+01 1.225010286449355945e+01 1.188233323813869902e+01
1.211201773631139922e+01 1.167463839996515418e+01 1.294541510270486206e+01 1.235354233883838049e+01 1.197990201759340678e+01
1.221143630139359537e+01 1.177262447991615169e+01 1.306155921602485925e+01 1.246154056376420804e+01 1.208263962484461729e+01
1.231560067944736048e+01 1.187620022667172037e+01 1.318108870992332804e+01 1.257406832407141906e+01 1.219052790037861200e+01
1.242449961066484576e+01 1.198535399661352230e+01 1.330391737800857577e+01 1.269109707060180803e+01 1.230354905771990737e+01
1.253812200047509684e+01 1.210007429465444062e+01 1.342995703740913704e+01 1.281259887793819807e+01 1.242168566456366818e+01
1.265645690532184275e+01 1.222034975964456116e+01 1.355911745299715143e+01 1.293854640130071587e+01 1.254492062251596352e+01
1.277949351576577364e+01 1.234616914765649653e+01 1.369130625892371000e+01 1.306891283223632350e+01 1.267323714521040401e+01
1.290722113656273962e+01 1.247752131290453015e+01 1.382642887716903068e+01 1.320367185264667853e+01 1.280661873452603849e+01
1.303962916328809740e+01 1.261439518600660215e+01 1.396438843274927599e+01 1.334279758663409865e+01 1.294504915457420680e+01
1.317670705498397155e+01 1.275677974923523017e+01 1.410508566514702089e+01 1.348626454955934229e+01 1.308851240305215491e+01
1.331844430218457731e+01 1.290466400832981897e+01 1.424841883545395937e+01 1.363404759360258289e+01 1.323699267947189462e+01
1.346483038952404065e+01 1.305803696034563899e+01 1.439428362862220467e+01 1.378612184898235427e+01 1.339047434965797478e+01
1.361585475194705808e+01 1.321688755689657135e+01 1.454257305009964796e+01 1.394246265982595645e+01 1.354894190576667157e+01
1.377150672330072112e+01 1.338120466199854874e+01 1.469317731603303301e+01 1.410304551347621782e+01 1.371237992089901425e+01
1.393177547579823106e+01 1.355097700352996526e+01 1.484598373605395594e+01 1.426784596175994579e+01 1.388077299715021695e+01
1.409664994845767083e+01 1.372619311709005174e+01 1.500087658752915409e+01 1.443683953242550189e+01 1.405410570564753669e+01
1.426611876215233821e+01 1.390684128072504322e+01 1.515773697996599267e+01 1.461000162854015194e+01 1.423236251675758268e+01
1.444017011828941399e+01 1.409290943861292256e+01 1.531644270806432573e+01 1.478730741313981945e+01 1.441552771816837186e+01
1.461879167734958074e+01 1.428438511128369015e+01 1.547686809167172761e+01 1.496873167575941821e+01 1.460358531793150050e+01
1.480197041251503087e+01 1.448125528931960915e+01 1.563888380062530459e+01 1.515424867666179409e+01 1.479651892875703645e+01
1.498969243227421977e+01 1.468350630661533707e+01 1.580235666216857737e+01 1.534383196352976597e+01 1.499431162881743340e+01
1.518194276420738653e+01 1.489112368818583221e+01 1.596714944826532090e+01 1.553745415403088437e+01 1.519694579294134051e+01
1.537870508985174745e+01 1.510409196601445814e+01 1.613312063974075983e+01 1.573508667596400734e+01 1.540440288629289078e+01
1.557996141761584674e+01 1.532239445448714932e+01 1.630012416369823924e+01 1.593669945441681080e+01 1.561666321026383031e+01
1.578569167671384577e+01 1.554601297428544804e+01 1.646800910014972885e+01 1.614226053252838966e+01 1.583370558709964371e+01
1.599587320982399952e+01 1.577492751001881288e+01 1.663661935318584639e+01 1.635173560862037334e+01 1.605550696555865287e+01
1.621048013512377040e+01 1.600911578192846108e+01 1.680579328132292360e+01 1.656508746756243156e+01 1.628204192418087004e+01
1.642948253870906683e+01 1.624855270511485728e+01 1.697536328097850244e+01 1.678227527778271622e+01 1.651328204095375796e+01
1.665284544565649583e+01 1.649320970026713340e+01 1.714515531582308583e+01 1.700325371672304797e+01 1.674919508761014697e+01
1.688052750016702319e+01 1.674305380601437321e+01 1.731498838465202894e+01 1.722797187646144224e+01 1.698974399238911914e+01
1.711247926163625266e+01 1.699804652426017171e+01 1.748467391847674079e+01 1.745637188608345625e+01 1.723488549533185932e+01
1.734864099079351263e+01 1.725814230158405138e+01 1.765401509733561269e+01 1.768838716794638444e+01 1.748456839276817831e+01
1.758893975451498903e+01 1.752328650957428025e+01 1.782280607622592683e+01 1.792394021878411792e+01 1.773873122998186247e+01
1.783328562056980005e+01 1.779341272786798811e+01 1.799083110913823091e+01 1.816293977132714232e+01 1.799729925078936787e+01
1.808156662821248872e+01 1.806843904634668974e+01 1.815786356027056314e+01 1.840527714845807594e+01 1.826018033972447441e+01
1.833364211477742955e+01 1.834826297372315196e+01 1.832366479267312087e+01 1.865082156048478979e+01 1.852725959772472564e+01
1.858933383586252930e+01 1.863275434832385002e+01 1.848798292757616579e+01 1.889941402036759044e+01 1.879839206182939293e+01
1.884841413679979283e+01 1.892174536352856506e+01 1.865055147359928611e+01 1.915085945428933201e+01 1.907339290594696379e+01
1.911059021943314917e+01 1.921501641054244303e+01 1.881108783578180166e+01 1.940491646490125177e+01 1.935202424077555960e+01
1.937548331183141315e+01 1.951227585824564059e+01 1.896929173240415523e+01 1.966128406403048245e+01 1.963397735673748912e+01
1.964260133815334797e+01 1.981313110934425126e+01 1.912484357669216806e+01 1.991958453836989307e+01 1.991884894699605013e+01
1.991130359569121566e+01 2.011704732246233363e+01 1.927740292587754567e+01 2.017934147236025311e+01 2.020610954990476316e+01
2.018075615371655829e+01 2.042328926651580900e+01 1.942660716750513927e+01 2.043995187786208234e+01 2.049506226975262990e+01
2.044987749185150250e+01 2.073084139096249245e+01 1.957207070902034829e+01 2.070065146302400549e+01 2.078478998169685354e+01
2.071727572442477694e+01 2.103830243961729352e+01 1.971338506497989584e+01 2.096047248584688205e+01 2.107409006690640396e+01
2.098118212900295276e+01 2.134375554857802726e+01 1.985012038882005214e+01 2.121819462756776886e+01 2.136139782176327273e+01
2.123939101701433430e+01 2.164462489908089537e+01 1.998182914800954535e+01 2.147229123929416517e+01 2.164470377758436115e+01
2.148922308688989347e+01 2.193754707676270854e+01 2.010805272548314804e+01 2.172087654058451633e+01 2.192147694955506410e+01
2.172753678102099073e+01 2.221830781038388380e+01 2.022833163736957118e+01 2.196166410394608803e+01 2.218861555048135159e+01
2.195081621993496057e+01 2.248191503057845964e+01 2.034221964584128273e+01 2.219195290108779162e+01 2.244245723708005968e+01
2.215535925197846367e+01 2.272288074129075852e+01 2.044930122295923880e+01 2.240866276719655303e+01 2.267888761130926767e+01
2.233756947219254130e+01 2.293574520410634676e+01 2.054921067756507469e+01 2.260844304100778146e+01 2.289358000674492644e+01
2.249432149686964877e+01 2.311578724947894159e+01 2.064165018061450141e+01 2.278787144125423225e+01 2.308237260543745606e+01
2.262333003789770913e+01 2.325975206369612280e+01 2.072640351108481482e+01 2.294374068237985398e+01 2.324173947850310284e+01
2.272343127486796632e+01 2.336636429345402988e+01 2.080334302236469313e+01 2.307339880200025206e+01 2.336925644047452622e+01
2.279469862387175993e+01 2.343644656229925261e+01 2.087242895006217580e+01 2.317507614467202259e+01 2.346393344953463966e+01
2.283836434984824137e+01 2.347261986985442661e+01 2.093370201970286004e+01 2.324811602609257832e+01 2.352631143847253625e+01
2.285658002958291490e+01 2.347872486602725317e+01 2.098727156357677615e+01 2.329304292503450569e+01 2.355829928231659309e+01
2.285209131459734522e+01 2.345917312920583697e+01 2.103330166689806902e+01 2.331144979846093435e+01 2.356281504920895387e+01
2.282790923309942954e+01 2.341839880004591379e+01 2.107199742231750861e+01 2.330574236121730891e+01 2.354334673234740904e+01
2.278703771100437336e+01 2.336048968465006581e+01 2.110359261175529610e+01 2.327881471946027858e+01 2.350354307760742145e+01
2.273228382812664350e+01 2.328899651573105345e+01 2.112833941638653457e+01 2.323373372575695228e+01 2.344690279111670606e+01
2.266614975876279914e+01 2.320687708453275988e+01 2.114650024795895433e+01 2.317348584992647176e+01 2.337658161850054839e+01
2.259078999783037034e+01 2.311652372455916904e+01 2.115834150978038863e+01 2.310080815103879814e+01 2.329530276454577020e+01
2.250801309077863621e+01 2.301983212131660750e+01 2.116412897844711338e+01 2.301809908674019667e+01 2.320534162649808607e+01
2.241930929341298651e+01 2.291828356199423311e+01 2.116412448018442660e+01 2.292739117911696667e+01 2.310855547867828008e+01
2.232589034652791327e+01 2.281302493594127156e+01 2.115858356773318150e+01 2.283036435723480295e+01 2.300643511740973679e+01
2.222873238100542181e+01 2.270493920078233074e+01 2.114775395344846132e+01 2.272838170261515955e+01 2.290016319989765137e+01
2.212861680707408851e+01 2.259470401893959846e+01 2.113187450504168297e+01 2.262253440153875772e+01 2.279067049670005929e+01
2.202616669117842818e+01 2.248283886104063356e+01 2.111117465506851332e+01 2.251368761115987382e+01 2.267868581641740633e+01
2.192187776460247761e+01 2.236974199953057152e+01 2.108587411168419834e+01 2.240252272549418322e+01 2.256477815760743155e+01
2.181614412537308922e+01 2.225571914172510191e+01 2.105618278664910648e+01 2.228957406238598793e+01 2.244939117453288802e+01
2.170927914314640006e+01 2.214100538741492841e+01 2.102230087824174021e+01 2.217525950981319127e+01 2.233287076513051517e+01
2.160153224602934330e+01 2.202578197305669150e+01 2.098441906299632365e+01 2.205990547685837555e+01 2.221548684158866394e+01
2.149310228520834798e+01 2.191018900142728398e+01 2.094271876225916884e+01 2.194376685374761138e+01 2.209745034889989412e+01
2.138414811562090989e+01 2.179433510725268164e+01 2.089737245859260284e+01 2.182704278772705209e+01 2.197892648822767825e+01
2.127479694398796539e+01 2.167830479716953818e+01 2.084854404353452750e+01 2.170988904972546152e+01 2.186004495411402004e+01
2.116515090342822702e+01 2.156216402864384207e+01 2.079638918326665120e+01 2.159242767603719670e+01 2.174090784501868256e+01
2.105529222821955315e+01 2.144596445815328778e+01 2.074105569229758572e+01 2.147475445989032394e+01 2.162159577262036336e+01
2.094528732792099390e+01 2.132974668284298048e+01 2.068268390799176260e+01 2.135694476137560116e+01 2.150217258173558577e+01
2.083518999805407645e+01 2.121354272046519540e+01 2.062140706078187335e+01 2.123905800978613456e+01 2.138268900087043889e+01
2.072504395406239297e+01 2.109737791187772515e+01 2.055735163640508389e+01 2.112114119292675340e+01 2.126318547051184282e+01
2.061488483489380030e+01 2.098127238486859980e+01 2.049063772762768920e+01 2.100323156331569052e+01 2.114369433871691939e+01
2.050474179057205859e+01 2.086524218391184959e+01 2.042137937376448065e+01 2.088535873955193267e+01 2.102424156956946533e+01
2.039463874331872617e+01 2.074930014480995055e+01 2.034968488692126343e+01 2.076754634061145666e+01 2.090484807597895411e+01
2.028459539145212887e+01 2.063345657405195155e+01 2.027565716444435751e+01 2.064981325919968924e+01 2.078553076224316243e+01
2.017462801102550429e+01 2.051771977813624304e+01 2.019939398718604906e+01 2.053217465606493164e+01 2.066630334187910734e+01
2.006475009747618898e+01 2.040209647716551800e+01 2.012098830380209691e+01 2.041464273787429917e+01 2.054717698099489454e+01
1.995497288068774822e+01 2.028659212929647992e+01 2.004052850119001761e+01 2.029722736736318112e+01 2.042816080600833217e+01
1.984530573956999788e+01 2.017121118588475426e+01 1.995809866149837930e+01 2.017993654302763318e+01 2.030926230537548705e+01
1.973575653669481866e+01 2.005595729278887163e+01 1.987377880616868708e+01 2.006277677714112784e+01 2.019048764840106358e+01
1.962633188915268079e+01 1.994083344970001548e+01 1.978764512757982530e+01 1.994575339439780493e+01 2.007184193912207704e+01
1.951703738839751168e+01 1.982584213660925343e+01 1.969977020890918951e+01 1.982887076843158169e+01 1.995332941898969636e+01
1.940787777917775969e+01 1.971098541450628616e+01 1.961022323288149138e+01 1.971213250959927521e+01 1.983495362915734006e+01
1.929885710556291301e+01 1.959626500578460551e+01 1.951907018009748285e+01 1.959554161443804432e+01 1.971671754082447947e+01
1.918997883041830121e+01 1.948168235863361986e+01 1.942637401766729965e+01 1.947910058491735086e+01 1.959862366021510738e+01
1.908124593354767384e+01 1.936723869875420334e+01 1.933219487890259813e+01 1.936281152381770454e+01 1.948067411337364518e+01
1.897266099225377900e+01 1.925293507100615287e+01 1.923659023485301489e+01 1.924667621118919314e+01 1.936287071484561295e+01
1.886422624790157698e+01 1.913877237303345424e+01 1.913961505850486944e+01 1.913069616590738775e+01 1.924521502346642876e+01
1.875594366095280563e+01 1.902475138254825993e+01 1.904132198250901453e+01 1.901487269507098077e+01 1.912770838780116023e+01
1.864781495656601962e+01 1.891087277940836842e+01 1.894176145136077594e+01 1.889920693407094987e+01 1.901035198325839914e+01
1.853984166251641597e+01 1.879713716363174569e+01 1.884098186906400940e+01 1.878369987894737392e+01 1.889314684248375187e+01
1.843202514077417575e+01 1.868354507012148957e+01 1.873902974339576843e+01 1.866835241266810641e+01 1.877609388031927296e+01
1.832436661389318999e+01 1.857009698069226289e+01 1.863594982805697597e+01 1.855316532649928263e+01 1.865919391435454600e+01
1.821686718709383968e+01 1.845679333395865029e+01 1.853178526420802896e+01 1.843813933742844213e+01 1.854244768188738846e+01
1.810952786680631732e+01 1.834363453346907136e+01 1.842657772316865561e+01 1.832327510240985191e+01 1.842585585399200099e+01
1.800234957626283716e+01 1.823062095442207919e+01 1.832036755244681814e+01 1.820857323003119532e+01 1.830941904716308954e+01
1.789533316865344048e+01 1.811775294922480128e+01 1.821319392779637880e+01 1.809403429010222197e+01 1.819313783301314302e+01
1.778847943824105826e+01 1.800503085210858245e+01 1.810509501470789928e+01 1.797965882154689155e+01 1.807701274638936084e+01
1.768178912978448380e+01 1.789245498297388082e+01 1.799610814374698720e+01 1.786544733892460002e+01 1.796104429214622300e+01
1.757526294653800392e+01 1.778002565060110740e+01 1.788627000552045487e+01 1.775140033782736282e+01 1.784523295084334649e+01
1.746890155706589454e+01 1.766774315534305728e+01 1.777561687296443438e+01 1.763751829936467885e+01 1.772957918353721496e+01
1.736270560105589666e+01 1.755560779138990313e+01 1.766418486132206311e+01 1.752380169389923381e+01 1.761408343583161695e+01
1.725667569429603532e+01 1.744361984868239190e+01 1.755201023990320763e+01 1.741025098417043893e+01 1.749874614130987638e+01
1.715081243294184077e+01 1.733177961453376170e+01 1.743912981486175440e+01 1.729686662791554141e+01 1.738356772445384735e+01
1.704511639718831262e+01 1.722008737501158393e+01 1.732558140921427281e+01 1.718364908007740155e+01 1.726854860313559925e+01
1.693958815443528465e+01 1.710854341612060381e+01 1.721140447524110328e+01 1.707059879467309571e+01 1.715368919075311283e+01
1.683422826202612654e+01 1.699714802482045073e+01 1.709664088443530972e+01 1.695771622638207177e+01 1.703898989806769038e+01
1.672903726962225335e+01 1.688590148990634177e+01 1.698133594721909745e+01 1.684500183190406730e+01 1.692445113479266894e+01
1.662401572126985272e+01 1.677480410277596334e+01 1.686553970611287667e+01 1.673245607112594868e+01 1.681007331097349677e+01
1.651916415720298303e+01 1.666385615810195731e+01 1.674930848875466083e+01 1.662007940813162321e+01 1.669585683819283517e+01
1.641448311542335858e+01 1.655305795442554384e+01 1.663270652771237934e+01 1.650787231208143169e+01 1.658180213062885855e+01
1.630997313308824204e+01 1.644240979468487751e+01 1.651580703530649075e+01 1.639583525798436980e+01 1.646790960599033937e+01
1.620563474773530643e+01 1.633191198668908228e+01 1.639869143234754745e+01 1.628396872738114354e+01 1.635417968634795471e+01
1.610146849836718630e+01 1.622156484354725237e+01 1.628144499945675960e+01 1.617227320895396758e+01 1.624061279887859754e+01
1.599747492641646396e+01 1.611136868406003941e+01 1.616414852330751728e+01 1.606074919907575094e+01 1.612720937653659092e+01
1.589365457660755254e+01 1.600132383308046258e+01 1.604686906568805327e+01 1.594939720230942193e+01 1.601396985866346512e+01
1.579000799773067421e+01 1.589143062184940902e+01 1.592965499736619250e+01 1.583821773186630288e+01 1.590089469154631274e+01
1.568653574333981204e+01 1.578168938831032797e+01 1.581253717184625529e+01 1.572721131003101114e+01 1.578798432893318804e+01
1.558323837238581788e+01 1.567210047740713641e+01 1.569553358114568553e+01 1.561637846855914979e+01 1.567523923251258466e+01
1.548011644979345469e+01 1.556266424136861914e+01 1.557865416307464557e+01 1.550571974905297701e+01 1.556265987236319148e+01
1.537717054699055907e+01 1.545338103998216006e+01 1.546190428003228057e+01 1.539523570331958524e+01 1.545024672737913818e+01
1.527440124239584129e+01 1.534425124085919911e+01 1.534528683798560067e+01 1.528492689371521784e+01 1.533800028567516271e+01
1.517180912187141750e+01 1.523527521969452003e+01 1.522880346534903317e+01 1.517479389347898078e+01 1.522592104497555177e+01
1.506939477914491121e+01 1.512645336052114509e+01 1.511245513790432859e+01 1.506483728705857850e+01 1.511400951299019724e+01
1.496715881620572652e+01 1.501778605596237348e+01 1.499624250157568106e+01 1.495505767043042766e+01 1.500226620778059683e+01
1.486510184367909737e+01 1.490927370748235248e+01 1.488016603682220307e+01 1.484545565141609913e+01 1.489069165811830864e+01
1.476322448118131092e+01 1.480091672563630567e+01 1.476422614175685766e+01 1.473603184999675619e+01 1.477928640383805003e+01
1.466152735765893311e+01 1.469271553032152688e+01 1.464842317405951633e+01 1.462678689862713455e+01 1.466805099618732022e+01
1.456001111171501172e+01 1.458467055102999055e+01 1.453275747215030833e+01 1.451772144255028074e+01 1.455698599817426242e+01
1.445867639192335297e+01 1.447678222710348628e+01 1.441722936597258631e+01 1.440883614011419667e+01 1.444609198491524538e+01
1.435752385713370494e+01 1.436905100799195445e+01 1.430183918258886600e+01 1.430013166309140971e+01 1.433536954398347163e+01
1.425655417676962244e+01 1.426147735351573864e+01 1.418658724919198910e+01 1.419160869700231231e+01 1.422481927575985239e+01
1.415576803111994053e+01 1.415406173413236779e+01 1.407147389483009903e+01 1.408326794144290517e+01 1.411444179378720243e+01
1.405516611162545360e+01 1.404680463120844536e+01 1.395649945149085802e+01 1.397511011041818207e+01 1.400423772512874443e+01
1.395474912116196897e+01 1.393970653729719444e+01 1.384166425486649210e+01 1.386713593268123468e+01 1.389420771073183758e+01
1.385451777432074927e+01 1.383276795642213841e+01 1.372696864495870095e+01 1.375934615207883915e+01 1.378435240579773868e+01
1.375447279768727249e+01 1.372598940436744819e+01 1.361241296660281819e+01 1.365174152790432416e+01 1.367467248015824310e+01
1.365461493011909511e+01 1.361937140897536302e+01 1.349799756995034450e+01 1.354432283525794212e+01 1.356516861865986101e+01
1.355494492302363341e+01 1.351291451045123360e+01 1.338372281093166016e+01 1.343709086541544018e+01 1.345584152155628566e+01
1.345546354063646888e+01 1.340661926167648232e+01 1.326958905170607572e+01 1.333004642620525004e+01 1.334669190490981627e+01
1.335617156030080821e+01 1.330048622853011864e+01 1.315559666110975456e+01 1.322319034239465907e+01 1.323772050100235198e+01
1.325706977274865039e+01 1.319451599021910759e+01 1.304174601510017695e+01 1.311652345608564296e+01 1.312892805875662994e+01
1.315815898238413162e+01 1.308870913961776239e+01 1.292803749720249940e+01 1.301004662712058391e+01 1.302031534416828507e+01
1.305944000756954715e+01 1.298306628361710224e+01 1.281447149895810611e+01 1.290376073349832176e+01 1.291188314074936905e+01
1.296091368091445162e+01 1.287758804348495545e+01 1.270104842037713233e+01 1.279766667180123463e+01 1.280363224998393790e+01
1.286258084956818060e+01 1.277227505523562101e+01 1.258776867039614444e+01 1.269176535763339508e+01 1.269556349179626409e+01
1.276444237551628547e+01 1.266712797001138746e+01 1.247463266734201603e+01 1.258605772607050177e+01 1.258767770503235006e+01
1.266649913588104681e+01 1.256214745447519654e+01 1.236164083940325220e+01 1.248054473212202886e+01 1.247997574795531150e+01
1.256875202322650686e+01 1.245733419121575558e+01 1.224879362510988123e+01 1.237522735120578155e+01 1.237245849875550618e+01
1.247120194586832476e+01 1.235268887916460478e+01 1.213609147382271836e+01 1.227010657963566587e+01 1.226512685607491626e+01
1.237384982818862689e+01 1.224821223402681625e+01 1.202353484623354518e+01 1.216518343512292333e+01 1.215798173954817507e+01
1.227669661095620768e+01 1.214390498872465862e+01 1.191112421487704331e+01 1.206045895729114292e+01 1.205102409035996303e+01
1.217974325165239335e+01 1.203976789385588653e+01 1.179886006465558879e+01 1.195593420820603647e+01 1.194425487181965195e+01
1.208299072480264513e+01 1.193580171816613777e+01 1.168674289337832306e+01 1.185161027291992752e+01 1.183767506995277508e+01
1.198644002231430328e+01 1.183200724903706380e+01 1.157477321231529821e+01 1.174748826003163948e+01 1.173128569411193034e+01
1.189009215382065676e+01 1.172838529298977583e+01 1.146295154676827721e+01 1.164356930226263742e+01 1.162508777760691281e+01
1.179394814703149486e+01 1.162493667620522508e+01 1.135127843665930492e+01 1.153985455704931162e+01 1.151908237835420934e+01
1.169800904809044617e+01 1.152166224506117054e+01 1.123975443713826827e+01 1.143634520715251135e+01 1.141327057954826962e+01
1.160227592193932900e+01 1.141856286668740417e+01 1.112838011921087045e+01 1.133304246128473203e+01 1.130765349035323908e+01
1.150674985268961059e+01 1.131563942953895108e+01 1.101715607038856071e+01 1.122994755475522233e+01 1.120223224661852868e+01
1.141143194400130767e+01 1.121289284398893571e+01 1.090608289536156050e+01 1.112706175013421728e+01 1.109700801161631389e+01
1.131632331946950210e+01 1.111032404294093467e+01 1.079516121669680295e+01 1.102438633793641287e+01 1.099198197680446931e+01
1.122142512301858908e+01 1.100793398246252153e+01 1.068439167556229563e+01 1.092192263732434121e+01 1.088715536261411110e+01
1.112673851930458824e+01 1.090572364243998038e+01 1.057377493247942901e+01 1.081967199683284875e+01 1.078252941926326969e+01
1.103226469412565791e+01 1.080369402725580841e+01 1.046331166810536040e+01 1.071763579511459241e+01 1.067810542759845305e+01
1.093800485484095120e+01 1.070184616648924880e+01 1.035300258404697438e+01 1.061581544170770641e+01 1.057388469996331715e+01
1.084396023079810512e+01 1.060018111564137477e+01 1.024284840370842709e+01 1.051421237782653861e+01 1.046986858109831431e+01
1.075013207376955826e+01 1.049869995688519531e+01 1.013284987317460484e+01 1.041282807717552750e+01 1.036605844906903506e+01
1.065652165839776089e+01 1.039740379984224106e+01 1.002300776213308531e+01 1.031166404678775272e+01 1.026245571622816222e+01
1.056313028264961318e+01 1.029629378238636583e+01 9.913322864834489323e+00 1.021072182788856608e+01 1.015906183020888598e+01
1.046995926828031642e+01 1.019537107147611721e+01 9.803796001095852475e+00 1.011000299678486769e+01 1.005587827495351227e+01
1.037700996130667974e+01 1.009463686401672788e+01 9.694428017352423765e+00 1.000950916578165639e+01 9.952906571777653255e+00
1.028428373249023942e+01 9.994092387752917972e+00 9.585219787754548193e+00 9.909241984125994662e+00 9.850148280470710560e+00
1.019178197783034889e+01 9.893738902194037621e+00 9.476172215315914471e+00 9.809203138979309955e+00 9.747605000436411871e+00
1.009950611906727680e+01 9.793577699572383111e+00 9.367286233115093452e+00 9.709394356419837280e+00 9.645278371871322420e+00
1.000745760419571084e+01 9.693610105836857116e+00 9.258562805557804865e+00 9.609817402474917003e+00 9.543170076987586015e+00
9.915637907988742228e+00 9.593837481682387036e+00 9.150002929695713050e+00 9.510474084184957988e+00 9.441281841276213171e+00
9.824048532532419387e+00 9.494261223618016388e+00 9.041607636613662180e+00 9.411366250700128333e+00 9.339615434817979178e+00
9.732691007771256508e+00 9.394882765073511166e+00 8.933377992883944074e+00 9.312495794410027727e+00 9.238172673639601484e+00
9.641566892064739491e+00 9.295703577548332319e+00 8.825315102093275854e+00 9.213864652108455289e+00 9.136955421119035137e+00
9.550677772754914585e+00 9.196725171802141219e+00 8.717420106449884187e+00 9.115474806193754276e+00 9.035965589442415791e+00
9.460025266745772043e+00 9.097949099091717784e+00 8.609694188469326548e+00 9.017328285905607643e+00 8.935205141111845606e+00
9.369611021093611214e+00 8.999376952452672995e+00 8.502138572753409562e+00 8.919427168600575939e+00 8.834676090510914293e+00
9.279436713608165022e+00 8.901010368032098441e+00 8.394754527857241300e+00 8.821773581066358005e+00 8.734380505524006466e+00
9.189504053467359768e+00 8.802851026469539875e+00 8.287543368260607224e+00 8.724369700877698364e+00 8.634320509218641249e+00
9.099814781843688749e+00 8.704900654333787458e+00 8.180506456443634278e+00 8.627217757792468689e+00 8.534498281586577306e+00
9.010370672542473258e+00 8.607161025612102279e+00 8.073645205074511111e+00 8.530320035187363814e+00 8.434916061351477978e+00
8.921173532651376803e+00 8.509633963260306189e+00 7.966961079322383732e+00 8.433678871544545430e+00 8.335576147842990835e+00
8.832225203202854757e+00 8.412321340810045456e+00 7.860455599292610174e+00 8.337296661983224055e+00 8.236480902939600668e+00
8.743527559849420427e+00 8.315225084042381809e+00 7.754130342607864712e+00 8.241175859837476025e+00 8.137632753086608162e+00
8.655082513551235479e+00 8.218347172723760252e+00 7.647986947128513791e+00 8.145318978278643485e+00 8.039034191386017270e+00
8.566892011276070917e+00 8.121689642414285260e+00 7.542027113836216934e+00 8.049728591990367832e+00 7.940687779769746157e+00
8.478958036711969015e+00 8.025254586344125585e+00 7.436252609884200560e+00 7.954407338896513302e+00 7.842596151249542125e+00
8.391282610992742974e+00 7.929044157368767998e+00 7.330665271824670093e+00 7.859357921941411362e+00 7.744762012256969363e+00
8.303867793436168654e+00 7.833060569998721689e+00 7.225267009036958399e+00 7.764583110923759968e+00 7.647188145068747112e+00
8.216715682294596590e+00 7.737306102515249862e+00 7.120059807351610814e+00 7.670085744386668125e+00 7.549877410325536609e+00
8.129828415518797868e+00 7.641783099167508198e+00 7.015045732909348963e+00 7.575868731565708281e+00 7.452832749647894772e+00
