7.000000000000000000e+00 2.067176978764034175e+03
2.100000000000000000e+01 1.668055349225249756e+03
7.900000000000000000e+01 6.157767446134648708e+03
2.000000000000000000e+02 3.052143679466394133e+02
2.190000000000000000e+02 1.881526093310694705e+03
2.570000000000000000e+02 8.959426170766936615e+06
3.280000000000000000e+02 1.596764278384814388e+05
4.380000000000000000e+02 1.578524181868104733e+03
4.450000000000000000e+02 9.561621471139784489e+02
4.480000000000000000e+02 1.607273361580752180e+03
5.860000000000000000e+02 2.205681636929666638e+03
7.240000000000000000e+02 2.151335959843446744e+03
9.050000000000000000e+02 2.373659899667075479e+03
9.430000000000000000e+02 1.529030992292936389e+03
9.860000000000000000e+02 1.942530665574369323e+03
9.920000000000000000e+02 1.880429490071198870e+03
1.035000000000000000e+03 1.639611009922824451e+03
1.209000000000000000e+03 2.561185520532227201e+03
1.238000000000000000e+03 1.830380866457022421e+03
1.255000000000000000e+03 1.722229883966974512e+03
1.299000000000000000e+03 3.263037711398872489e+03
1.303000000000000000e+03 2.705762920840263632e+03
1.304000000000000000e+03 2.519276651836710698e+03
1.317000000000000000e+03 1.120824005529274928e+03
1.463000000000000000e+03 1.943322781191811664e+05
1.536000000000000000e+03 2.153935697452337081e+03
1.707000000000000000e+03 3.572468116413571261e+04
1.860000000000000000e+03 2.863277114192213048e+03
1.959000000000000000e+03 2.148751522627048416e+03
2.012000000000000000e+03 2.297920192429701274e+03
2.066000000000000000e+03 3.492141952837441750e+03
2.230000000000000000e+03 3.856009038809829950e+07
2.322000000000000000e+03 1.867619659516859883e+03
2.324000000000000000e+03 1.123075956648232241e+05
2.336000000000000000e+03 2.967656951380957253e+03
2.367000000000000000e+03 3.378700233432501136e+03
2.390000000000000000e+03 1.918898275878467814e+02
2.394000000000000000e+03 7.417966539030458080e+03
2.408000000000000000e+03 1.085470020407448828e+04
2.530000000000000000e+03 2.834797220822653799e+03
2.567000000000000000e+03 2.238599735317871819e+03
2.723000000000000000e+03 3.123047603804711343e+03
2.735000000000000000e+03 1.908377696475795574e+03
2.783000000000000000e+03 1.510702354743305932e+03
2.829000000000000000e+03 1.117180904534351839e+03
2.846000000000000000e+03 3.729206373143220389e+03
2.854000000000000000e+03 2.048255414234262389e+03
2.902000000000000000e+03 3.609301066204900053e+03
2.909000000000000000e+03 2.224317721712997354e+03
2.911000000000000000e+03 5.275848712227612850e+03
2.942000000000000000e+03 2.395125849900400681e+03
2.986000000000000000e+03 2.145950188771731064e+03
3.018000000000000000e+03 2.038868520529647185e+03
3.049000000000000000e+03 9.060505021104903562e+02
3.139000000000000000e+03 3.158554021762739467e+03
3.309000000000000000e+03 2.229964780599262303e+04
3.313000000000000000e+03 3.198185972976453741e+03
3.314000000000000000e+03 2.132736135066054885e+03
3.394000000000000000e+03 2.086059049146045709e+03
3.413000000000000000e+03 1.586617994604498108e+03
3.561000000000000000e+03 6.954393140147954226e+07
3.583000000000000000e+03 1.242542568337996272e+03
3.687000000000000000e+03 2.799204387145703549e+03
3.739000000000000000e+03 1.668597388248052084e+03
3.751000000000000000e+03 1.200066020796964949e+03
3.762000000000000000e+03 2.628205249359903336e+09
3.775000000000000000e+03 1.916970567721111820e+03
3.790000000000000000e+03 9.294614948515785500e+02
3.827000000000000000e+03 1.733064042961184668e+03
3.925000000000000000e+03 5.462830273910383312e+02
3.945000000000000000e+03 6.994800876830890775e+04
3.966000000000000000e+03 2.070143240174214952e+03
4.020000000000000000e+03 1.572712970106377179e+04
4.050000000000000000e+03 6.951133436090496252e+04
4.058000000000000000e+03 1.875784151526550886e+03
4.059000000000000000e+03 2.507864470784299101e+03
4.132000000000000000e+03 4.042452977934815735e+07
4.198000000000000000e+03 9.846403729832116369e+03
4.200000000000000000e+03 2.025396502399915335e+03
4.245000000000000000e+03 5.381504267133256690e+03
4.260000000000000000e+03 1.811951052663134078e+03
4.281000000000000000e+03 8.797115191601117203e+02
4.284000000000000000e+03 1.915382122443770641e+03
4.319000000000000000e+03 2.310112591378398974e+03
4.321000000000000000e+03 1.777385198887111528e+03
4.370000000000000000e+03 3.487669447485278624e+02
4.391000000000000000e+03 1.656318757542202016e+06
4.408000000000000000e+03 2.162525748272084456e+03
4.495000000000000000e+03 1.012592519266801901e+03
4.573000000000000000e+03 1.660730673654583143e+03
4.727000000000000000e+03 2.462491776581321574e+03
4.813000000000000000e+03 3.578704681293700105e+03
4.874000000000000000e+03 2.474522236244212763e+03
4.925000000000000000e+03 2.130419132173816251e+03
4.946000000000000000e+03 8.542536170561206745e+02
4.968000000000000000e+03 1.952196710864341640e+03
4.982000000000000000e+03 1.537163618585066160e+03
5.015000000000000000e+03 3.024680762232711459e+03
5.021000000000000000e+03 4.955794435130760576e+02
5.042000000000000000e+03 1.898845192982159006e+03
5.048000000000000000e+03 2.474289019597553306e+03
5.080000000000000000e+03 1.922054436947555587e+03
5.109000000000000000e+03 2.589500805303623565e+03
5.183000000000000000e+03 9.865729979162669042e+04
5.206000000000000000e+03 1.434495812007216045e+03
5.224000000000000000e+03 1.043703278381935206e+03
5.258000000000000000e+03 2.407449407109687454e+05
5.277000000000000000e+03 2.230775624348069869e+03
5.305000000000000000e+03 1.831881801371087022e+03
5.358000000000000000e+03 2.804676980544042635e+03
5.425000000000000000e+03 2.923020722897340875e+03
5.446000000000000000e+03 1.512619225126170204e+05
5.452000000000000000e+03 1.952305502073501430e+03
5.454000000000000000e+03 9.343904271158229676e+03
5.554000000000000000e+03 2.137101760008023120e+03
5.580000000000000000e+03 5.040922447355706595e+02
5.636000000000000000e+03 1.780169662612279581e+03
5.653000000000000000e+03 3.429907244370206172e+03
5.682000000000000000e+03 1.676412928810560288e+03
5.742000000000000000e+03 2.011216067099799147e+03
5.844000000000000000e+03 1.254838338645621207e+03
5.864000000000000000e+03 1.912449256107739984e+03
5.890000000000000000e+03 2.284877544660078362e+06
5.917000000000000000e+03 2.993461444711443619e+03
5.946000000000000000e+03 2.313707333842496155e+03
6.012000000000000000e+03 1.788630250827762211e+03
6.271000000000000000e+03 1.334700968543762656e+03
6.279000000000000000e+03 8.936877383259364933e+02
6.294000000000000000e+03 8.481459120014595101e+03
6.301000000000000000e+03 1.274677007621530265e+03
6.357000000000000000e+03 8.315039741806010625e+02
6.383000000000000000e+03 1.809720104477443556e+03
6.400000000000000000e+03 2.996191067705296518e+03
6.411000000000000000e+03 3.964405979050548922e+03
6.447000000000000000e+03 3.466251761004356922e+03
6.481000000000000000e+03 6.815701566975826609e+02
6.487000000000000000e+03 8.418716483072283445e+05
6.495000000000000000e+03 1.588820839930203219e+05
6.566000000000000000e+03 7.495158682206892991e+02
6.583000000000000000e+03 2.314647869582437124e+03
6.666000000000000000e+03 1.790029984324622092e+03
6.915000000000000000e+03 1.839270539160415065e+05
7.013000000000000000e+03 2.526842682004660674e+03
7.199000000000000000e+03 3.749870618766232838e+03
7.279000000000000000e+03 3.821606473258365781e+02
7.393000000000000000e+03 5.874405051883179567e+02
7.433000000000000000e+03 2.752448362557220207e+03
7.448000000000000000e+03 1.414343588234214167e+03
7.462000000000000000e+03 3.366876270850729725e+03
7.479000000000000000e+03 1.898409779805605012e+03
7.504000000000000000e+03 1.392044180673715800e+03
7.543000000000000000e+03 1.525872611649668670e+03
7.547000000000000000e+03 1.791950168400495158e+03
7.572000000000000000e+03 7.966452659840162378e+05
7.580000000000000000e+03 3.067577159177737940e+03
7.581000000000000000e+03 1.815685662232494224e+03
7.696000000000000000e+03 7.049763436636899132e+05
7.697000000000000000e+03 1.207325639550927690e+03
7.704000000000000000e+03 1.096641020827328248e+03
7.734000000000000000e+03 2.998680640318711994e+03
7.775000000000000000e+03 2.872573926456089830e+05
7.852000000000000000e+03 7.996412410631086232e+02
7.927000000000000000e+03 1.328575015696522780e+06
7.937000000000000000e+03 1.792979860070339782e+03
8.056000000000000000e+03 1.062273992201511646e+03
8.085000000000000000e+03 1.107404216126153642e+03
8.108000000000000000e+03 3.178459026655667458e+03
8.234000000000000000e+03 2.075707043580569916e+03
8.262000000000000000e+03 2.187247978237999632e+03
8.269000000000000000e+03 1.786043610049481686e+03
8.320000000000000000e+03 1.471897531249529719e+08
8.351000000000000000e+03 7.629112692335211250e+03
8.363000000000000000e+03 2.111987107736796588e+03
8.488000000000000000e+03 2.631036687149021418e+03
8.498000000000000000e+03 2.031583290417161152e+03
8.509000000000000000e+03 1.542754890032801195e+05
8.592000000000000000e+03 5.194273578667856008e+07
8.613000000000000000e+03 1.464214304975557752e+03
8.620000000000000000e+03 2.055422432267901968e+03
8.647000000000000000e+03 1.840207204371264197e+03
8.648000000000000000e+03 9.839336482288241541e+02
8.722000000000000000e+03 3.266070707256859578e+02
8.806000000000000000e+03 2.228300443697757203e+02
8.824000000000000000e+03 7.496291623171288848e+03
8.837000000000000000e+03 1.040144073939838108e+03
8.846000000000000000e+03 2.729996476192483897e+03
8.871000000000000000e+03 1.769497063264147528e+03
8.922000000000000000e+03 7.655504083468553063e+02
8.963000000000000000e+03 1.394934409401368612e+03
8.975000000000000000e+03 5.924858239816258848e+07
9.159000000000000000e+03 1.511526101243172207e+03
9.179000000000000000e+03 3.292963722037597108e+03
9.180000000000000000e+03 6.789119848851822780e+02
9.357000000000000000e+03 7.341218671030170299e+03
9.385000000000000000e+03 2.623626736377361340e+03
9.442000000000000000e+03 2.153328292275948570e+03
9.533000000000000000e+03 2.201706339739094801e+03
9.797000000000000000e+03 8.854776301974357011e+02
9.908000000000000000e+03 2.351861243651821951e+03
9.930000000000000000e+03 2.140250002154835329e+03
