8.444431294853371739e-01
1.393064389334922049e-02
1.390277548266643515e-01
1.344490346671278541e-03
1.451999999999999949e-03
0.000000000000000000e+00
1.892418689058083525e-01
2.113763230804327747e-03
3.132000000000000062e-02
0.000000000000000000e+00
8.163000000000000117e-03
0.000000000000000000e+00
4.500000000000000111e-01
0.000000000000000000e+00
5.500000000000000444e-01
0.000000000000000000e+00
2.199985051457916452e+00
2.989708416709646802e-05
2.700000000000000178e+00
0.000000000000000000e+00
3.293619810651465141e+00
1.276037869706954202e-02
3.366000000000000547e+00
4.440892098500626162e-16
1.278000000000000025e+00
0.000000000000000000e+00
