7.818364634456826945e-01
1.092356082166095164e-02
1.153651123656259658e-01
8.161733008059910170e-04
1.441955503442715223e-03
1.415143496991523165e-05
1.883358467238513412e-01
7.402733465373031443e-04
3.787790549145726715e-02
2.430640767271675636e-04
8.316408550039112307e-03
2.835230986881548051e-04
5.261180913842676832e-01
1.716837562126119140e-02
5.269967871663929770e-01
1.908603252147026905e-02
1.819962736266725445e+00
1.353351745462224795e-02
2.941810348631771710e+00
1.734842333623798638e-01
3.018761910212460542e+00
1.396725865879254458e-01
3.314351802453556761e+00
2.717238923822192301e-02
1.371124716357114526e+00
4.656081303077748423e-02
