9.760340446581514229e+00 9.760295812446447172e+00 9.760137353961708229e+00 9.760280129325861864e+00 9.760223303323485311e+00
9.720858062581498871e+00 9.720768778081605888e+00 9.720453081403649165e+00 9.720737729689663098e+00 9.720624565618461332e+00
9.681553202547005910e+00 9.681419231171680906e+00 9.680947473269901238e+00 9.681373127161958081e+00 9.681204125010641093e+00
9.642425120912083258e+00 9.642246404076336930e+00 9.641619698555977891e+00 9.642185542708103796e+00 9.641961212949253124e+00
9.603472885943801884e+00 9.603249407815752647e+00 9.602468965035729553e+00 9.603174100885848219e+00 9.602894925235050394e+00
9.564695962060516976e+00 9.564427668277520667e+00 9.563494585530916581e+00 9.564338209756687803e+00 9.564004692026690790e+00
9.526093525883952751e+00 9.525780387078407685e+00 9.524695817507263129e+00 9.525677077973156770e+00 9.525289704077261277e+00
9.487664767181136938e+00 9.487306744375148426e+00 9.486071813752019466e+00 9.487189879475945276e+00 9.486749137684965305e+00
9.449408928907260474e+00 9.449005978920265392e+00 9.447621787373808644e+00 9.448875848202437311e+00 9.448382227312084325e+00
9.411325186029049661e+00 9.410877272344228217e+00 9.409344933454415028e+00 9.410734166233567066e+00 9.410188147141317572e+00
9.373412775767588911e+00 9.372919863621230974e+00 9.371240471979916720e+00 9.372764068615078159e+00 9.372166131485178298e+00
9.335670902462725351e+00 9.335132953361600983e+00 9.333307596487223634e+00 9.334964753329051845e+00 9.334315375273650517e+00
9.298098789117883456e+00 9.297515778563059996e+00 9.295545564019150220e+00 9.297335459515434053e+00 9.296635107620371485e+00
9.260695693554982455e+00 9.260067583804419300e+00 9.257953575632726029e+00 9.259875423720792753e+00 9.259124570729772685e+00
9.223460823560579058e+00 9.222787584823114670e+00 9.220530872965978730e+00 9.222583864134618281e+00 9.221782972123271804e+00
9.186393444725762691e+00 9.185675056048813403e+00 9.183276699133651633e+00 9.185460049778463087e+00 9.184609582725004273e+00
9.149492795475255846e+00 9.148729222736795563e+00 9.146190283407579003e+00 9.148503204035439040e+00 9.147603621992091760e+00
9.112758111960387097e+00 9.111949342748403069e+00 9.109270886774396558e+00 9.111712586532950908e+00 9.110764340385507865e+00
9.076188657441338847e+00 9.075334677169648145e+00 9.072517742326215995e+00 9.075087450770817910e+00 9.074090996522480523e+00
9.039784309085279190e+00 9.038884826053829258e+00 9.035930710975316416e+00 9.038631365089305092e+00 9.037584647644010261e+00
9.003782629515052705e+00 9.002834266913787076e+00 8.999755906809472350e+00 9.002581570705162406e+00 9.001479388222465516e+00
8.968185315308428329e+00 8.967192378424805099e+00 8.964006006753013622e+00 8.966939499498296939e+00 8.965787667401475147e+00
8.932992915539195167e+00 8.931957528829196136e+00 8.928677966291118651e+00 8.931707974385808768e+00 8.930504332772082776e+00
8.898206068840654126e+00 8.897128821359348905e+00 8.893770931398073287e+00 8.896888575211017169e+00 8.895629041439780949e+00
8.863825331514824768e+00 8.862708585728743316e+00 8.859287102051959906e+00 8.862485139665455591e+00 8.861164788493978151e+00
8.829849912409599710e+00 8.828697655678825029e+00 8.825228561142782979e+00 8.828492154677507031e+00 8.827109588780825078e+00
8.796281505694386382e+00 8.795090153715847237e+00 8.791595611523003839e+00 8.794911836344310174e+00 8.793464829501319358e+00
8.763115524665378686e+00 8.761892073564029104e+00 8.758386275229261386e+00 8.761743118369635042e+00 8.760230104160866560e+00
8.730356914747714470e+00 8.729099505236936452e+00 8.725602389212404830e+00 8.728984193677378656e+00 8.727405497720974736e+00
8.698001936155410618e+00 8.696715615812639300e+00 8.693243474965891338e+00 8.696638233547618668e+00 8.694988999127746254e+00
8.666048112950774041e+00 8.664734269060925698e+00 8.661307332064700049e+00 8.664701898562160665e+00 8.662979869083788032e+00
8.634490469326888018e+00 8.633153747869473094e+00 8.629794254954120447e+00 8.633172976345246497e+00 8.631375972667605367e+00
8.603335043266937987e+00 8.601973968142354821e+00 8.598702444106953280e+00 8.602053537195988753e+00 8.600178728248481619e+00
8.572574561169886920e+00 8.571194806387497422e+00 8.568028379770321834e+00 8.571339093686221489e+00 8.569382416437989036e+00
8.542209102437324120e+00 8.540816351774243032e+00 8.537773797855914282e+00 8.541026387899821160e+00 8.538986925398116767e+00
8.512239960045157261e+00 8.510828969161542190e+00 8.507934753322064836e+00 8.511115532948281270e+00 8.508989475447830131e+00
8.482655891893120526e+00 8.481234619569137934e+00 8.478509670540825383e+00 8.481600111858838886e+00 8.479386506250518707e+00
8.453458675697946845e+00 8.452029489892272096e+00 8.449494368384966592e+00 8.452481946384990508e+00 8.450178380325290561e+00
8.424650495162820718e+00 8.423213964095641160e+00 8.420887932380217933e+00 8.423755351489454313e+00 8.421358719548038607e+00
8.396218817770828124e+00 8.394780902045516413e+00 8.392685799040298988e+00 8.395419421093142986e+00 8.392924885764054821e+00
8.368180299126906974e+00 8.366743377040423368e+00 8.364899215695375645e+00 8.367484116223350199e+00 8.364890319688951692e+00
8.340549111838894802e+00 8.339117251927181229e+00 8.337547448554378349e+00 8.339962930888635384e+00 8.337269084253437157e+00
8.313335407119943454e+00 8.311911009770932779e+00 8.310640828976621819e+00 8.312870242538416221e+00 8.310071715191018171e+00
8.286551986360919386e+00 8.285138282143384103e+00 8.284191016812343378e+00 8.286216517242731783e+00 8.283311178390798446e+00
8.260212149241917601e+00 8.258813141649929079e+00 8.258215012638682850e+00 8.260024743971754901e+00 8.257006416005440386e+00
8.234331700840677115e+00 8.232949074005412982e+00 8.232725613156055999e+00 8.234298245721438647e+00 8.231170237463407702e+00
8.208924793308543855e+00 8.207563437498185621e+00 8.207739746665215108e+00 8.209052334760524872e+00 8.205811709834158307e+00
8.184006224701430909e+00 8.182667353933595678e+00 8.183269973205916870e+00 8.184306092426842483e+00 8.180952354417401651e+00
8.159593769924734730e+00 8.158277892362166384e+00 8.159335275308176705e+00 8.160073027343463181e+00 8.156602845184947270e+00
8.135700855567669976e+00 8.134416603603231266e+00 8.135951550922699838e+00 8.136372801274102784e+00 8.132781517742659005e+00
8.112350261976185806e+00 8.111095870964861732e+00 8.113136821359297812e+00 8.113219196180756043e+00 8.109504300828005441e+00
8.089556100151886753e+00 8.088332621641493247e+00 8.090911064289823429e+00 8.090633014087755370e+00 8.086796471734977843e+00
8.067331257327454708e+00 8.066143121155535667e+00 8.069292604752524412e+00 8.068628196157380472e+00 8.064673696830478633e+00
8.045704026092842298e+00 8.044548631508986247e+00 8.048295985739381209e+00 8.047232153915659936e+00 8.043152969581903733e+00
8.024680782774330723e+00 8.023570026806089217e+00 8.027943841601159036e+00 8.026453851713466037e+00 8.022249376280502275e+00
8.004290627600742170e+00 8.003218710715634288e+00 8.008263477142357090e+00 8.006315844488163691e+00 8.001984178460334718e+00
7.984550144919692727e+00 7.983519950910810792e+00 7.989266980695099107e+00 7.986845415846620000e+00 7.982389111151825922e+00
7.965480662545646240e+00 7.964499272174138333e+00 7.970984480286165130e+00 7.968055779602493338e+00 7.963467031751746639e+00
7.947104390778359395e+00 7.946170072687664288e+00 7.953426513304536982e+00 7.949977235468912440e+00 7.945250433856974048e+00
7.929443633039538142e+00 7.928554746583367674e+00 7.936625226896008911e+00 7.932619393536151975e+00 7.927756689508565380e+00
7.912519355057275661e+00 7.911674153117088437e+00 7.920599359635724035e+00 7.916015831207785958e+00 7.911014656124889299e+00
7.896350455872775953e+00 7.895554747829437225e+00 7.905386029549816840e+00 7.900177577197625034e+00 7.895042479085869758e+00
7.880969877758344566e+00 7.880232914142801803e+00 7.890975419545406488e+00 7.885135239074991809e+00 7.879881115885416065e+00
7.866394568077022420e+00 7.865701718538767651e+00 7.877411426481464751e+00 7.870909932967515843e+00 7.865524336634827307e+00
7.852644814725819877e+00 7.852000565435473867e+00 7.864721502343147819e+00 7.857533772235608893e+00 7.852014403885512195e+00
7.839755139713717291e+00 7.839156453639077426e+00 7.852922308726497214e+00 7.845006222122993478e+00 7.839376765268498026e+00
7.827743276979090226e+00 7.827183533363134771e+00 7.842047887512778814e+00 7.833359679154996869e+00 7.827629518355471383e+00
7.816636166177726608e+00 7.816106103311747155e+00 7.832103368217968153e+00 7.822633022711661610e+00 7.816796311796314178e+00
7.806443600899967805e+00 7.805949293786634158e+00 7.823125359742629570e+00 7.812829376293189299e+00 7.806891318680959202e+00
7.797187715999209345e+00 7.796739747830409684e+00 7.815126559816979679e+00 7.803985867688064459e+00 7.797937657382592036e+00
7.788904520306709323e+00 7.788482134106985200e+00 7.808151014168152493e+00 7.796112433214900328e+00 7.789969290662723367e+00
7.781599562161844119e+00 7.781232315764976981e+00 7.802191942964756599e+00 7.789255441888935039e+00 7.783005975663450648e+00
7.775326085376525143e+00 7.774971487524689806e+00 7.797302321441900830e+00 7.783406673602692116e+00 7.777081459691149945e+00
7.770069847127660800e+00 7.769752699587041178e+00 7.793466770605706806e+00 7.778619375507424216e+00 7.772186008345401298e+00
7.765881637347757049e+00 7.765573458070688773e+00 7.790724731718984941e+00 7.774869534009064331e+00 7.768375808251468229e+00
7.762755727089980518e+00 7.762464717729570474e+00 7.789078527363231252e+00 7.772197731593111669e+00 7.765637497451951532e+00
7.760744166890585660e+00 7.760443696923442047e+00 7.788574648163275604e+00 7.770641058140362212e+00 7.764025691146676955e+00
7.759826104075010278e+00 7.759518302723090954e+00 7.789227140515310843e+00 7.770194563914951225e+00 7.763526378698700547e+00
7.760057795333082709e+00 7.759728173351911451e+00 7.791041703147842945e+00 7.770875857840259471e+00 7.764180158143846100e+00
7.761425634503805959e+00 7.761075177101115052e+00 7.794031577404688882e+00 7.772716109399433471e+00 7.765991492226042681e+00
7.763953238044903671e+00 7.763581772658517899e+00 7.798210557454713587e+00 7.775728948423351383e+00 7.768983114353312125e+00
7.767664909325652012e+00 7.767235125404733154e+00 7.803607340803573322e+00 7.779901093189626415e+00 7.773159764511532899e+00
7.772584352073545588e+00 7.772082291735800119e+00 7.810208108337254984e+00 7.785291635929683096e+00 7.778544897395299529e+00
7.778711097094655358e+00 7.778131948965977038e+00 7.818012807913420126e+00 7.791870648389955356e+00 7.785153097954833790e+00
7.786023078568521605e+00 7.785392893688968918e+00 7.827064552521293628e+00 7.799635475326359924e+00 7.792983530233681400e+00
7.794578588254228890e+00 7.793839805632423179e+00 7.837358117599106500e+00 7.808628553537406702e+00 7.802023865680853376e+00
7.804353335358505284e+00 7.803497304238028676e+00 7.848884260401860047e+00 7.818854978838940539e+00 7.812329065968721231e+00
7.815397772892835881e+00 7.814396524400053501e+00 7.861659993658490997e+00 7.830308925464576575e+00 7.823884189115959842e+00
7.827652258470575219e+00 7.826521890913385349e+00 7.875710602851094144e+00 7.842993027308180487e+00 7.836692839141687905e+00
7.841161332598313827e+00 7.839868439512705400e+00 7.891002419968343951e+00 7.856906551817626649e+00 7.850759088403439279e+00
7.855917938368261133e+00 7.854417656603830622e+00 7.907547348311197766e+00 7.872059856571993919e+00 7.866079910914868023e+00
7.871907745729508576e+00 7.870257498526696871e+00 7.925344991046999077e+00 7.888450490936700810e+00 7.882640161595803718e+00
7.889156644405293406e+00 7.887291413422378383e+00 7.944361085113817111e+00 7.906047543557215285e+00 7.900464613338305853e+00
7.907639478101262220e+00 7.905540820049378858e+00 7.964576387446630434e+00 7.924860032911776209e+00 7.919523365864696629e+00
7.927341080594524136e+00 7.925007312993143316e+00 7.986053520296276353e+00 7.944899588584977579e+00 7.939801979747219463e+00
7.948233601805794635e+00 7.945690264785675971e+00 8.008730754904371807e+00 7.966123833355237771e+00 7.961322770234220414e+00
7.970357176670207267e+00 7.967535906835148118e+00 8.032594863064206336e+00 7.988585386490658635e+00 7.984048716175876415e+00
7.993679224456279542e+00 7.990566863258437458e+00 8.057649051477151048e+00 8.012197567353576133e+00 8.007969104689793838e+00
8.018196859651407493e+00 8.014799189894857179e+00 8.083866938784233014e+00 8.036965883290431378e+00 8.033091676717246443e+00
8.043897235174538807e+00 8.040133411693805243e+00 8.111250157994049914e+00 8.062882917933329452e+00 8.059389762681407277e+00
8.070745481502708429e+00 8.066592774248938724e+00 8.139725424956731459e+00 8.089939370576617605e+00 8.086807468401957522e+00
8.098696833143367968e+00 8.094186799472101512e+00 8.169299708692825845e+00 8.118057877888011475e+00 8.115369740504263518e+00
8.127775398916629257e+00 8.122865122966686613e+00 8.199927759344062039e+00 8.147265638355326800e+00 8.145043471454597395e+00
8.157963700889389713e+00 8.152588256858157578e+00 8.231615052097255969e+00 8.177539286897818727e+00 8.175809913693003139e+00
8.189234556323938818e+00 8.183348128223499884e+00 8.264382097622027246e+00 8.208861614367259918e+00 8.207606167607060854e+00
8.221524405739588204e+00 8.215150595012481460e+00 8.298136632449569561e+00 8.241175689502728829e+00 8.240481636048132330e+00
8.254823737789703131e+00 8.247935328092456331e+00 8.332884235647686211e+00 8.274469761413868696e+00 8.274332149340281717e+00
8.289102273833005796e+00 8.281694764255227881e+00 8.368547894946539500e+00 8.308703685836615449e+00 8.309170213475638889e+00
8.324340048295351124e+00 8.316372438811468371e+00 8.405154214465229146e+00 8.343868950347765434e+00 8.344974153758940361e+00
8.360497200493554715e+00 8.351969766069327505e+00 8.442608463014430242e+00 8.379926184020209945e+00 8.381664434571217015e+00
8.397549698870333756e+00 8.388437012809939475e+00 8.480914200498421707e+00 8.416847480735338394e+00 8.419252040233111245e+00
8.435463754968978378e+00 8.425752467183430738e+00 8.520024387714059344e+00 8.454598058338032018e+00 8.457688742075401223e+00
8.474214983878642471e+00 8.463877337439374315e+00 8.559936433564812930e+00 8.493156294514466964e+00 8.496936718718659520e+00
8.513768260074455085e+00 8.502780876458025716e+00 8.600597373441862814e+00 8.532487725702164738e+00 8.536977680283932557e+00
8.554090831378589499e+00 8.542433787552740299e+00 8.641978276855050822e+00 8.572558099251924801e+00 8.577772554546951866e+00
8.595139678063691946e+00 8.582795305090225924e+00 8.684039503133758942e+00 8.613327470276320952e+00 8.619290933840046520e+00
8.636887713388707866e+00 8.623837082797756182e+00 8.726747841252718629e+00 8.654753815735636735e+00 8.661496475850194443e+00
8.679295400333080224e+00 8.665527040637359235e+00 8.770089118230856684e+00 8.696809862613786635e+00 8.704350463887811529e+00
8.722330005799944885e+00 8.707824807947519119e+00 8.813991508737275993e+00 8.739467851334028481e+00 8.747813067759448558e+00
8.765974077180048951e+00 8.750703062356887330e+00 8.858437909137736099e+00 8.782689629612288940e+00 8.791861049768352032e+00
8.810170341047578901e+00 8.794137377263727018e+00 8.903401355397999595e+00 8.826434454258365037e+00 8.836458796653932524e+00
8.854880175028851497e+00 8.838071240059298006e+00 8.948837131125994659e+00 8.870681511997954516e+00 8.881564549010050769e+00
8.900075708364274973e+00 8.882480855511820650e+00 8.994712128966993347e+00 8.915398366424531318e+00 8.927153239864560774e+00
8.945735947567703406e+00 8.927330231369888125e+00 9.040981524076435960e+00 8.960548008618898663e+00 8.973178968357984786e+00
8.991806722967060850e+00 8.972600806456567213e+00 9.087636524532253901e+00 9.006091777451610270e+00 9.019625513287328644e+00
9.038267294380320394e+00 9.018239725659705996e+00 9.134633483049222846e+00 9.051998349994367032e+00 9.066434637651493489e+00
9.085075476696022889e+00 9.064222155088829780e+00 9.181937195150732478e+00 9.098235099275902016e+00 9.113582554512829503e+00
9.132205547269455437e+00 9.110515296039306321e+00 9.229519440498737737e+00 9.144759614745682441e+00 9.161033243264371961e+00
9.179624664166931680e+00 9.157089266693951402e+00 9.277337958691381559e+00 9.191551821343697526e+00 9.208750247688456625e+00
9.227294292278026333e+00 9.203903998924632290e+00 9.325367840442945422e+00 9.238584002468481771e+00 9.256716132491204618e+00
9.275186197296561019e+00 9.250940804552167052e+00 9.373572016604127199e+00 9.285811278173524030e+00 9.304879554608815440e+00
9.323268178423205654e+00 9.298160159458069174e+00 9.421921534598114434e+00 9.333208843123356857e+00 9.353223291889520397e+00
9.371505060042583324e+00 9.345518401978560874e+00 9.470390437765697556e+00 9.380743779520269499e+00 9.401706796701489566e+00
9.419869799133715915e+00 9.393009267424595521e+00 9.518937022813085846e+00 9.428386457648150198e+00 9.450299174390927703e+00
9.468315038410018758e+00 9.440595035408867020e+00 9.567537060699264018e+00 9.476097425032493859e+00 9.498971462045320280e+00
9.516829890282464177e+00 9.488231746768615693e+00 9.616152143684249864e+00 9.523864818629146356e+00 9.547692886093193110e+00
9.565372708490382792e+00 9.535908409859901624e+00 9.664769485693666340e+00 9.571651262822760131e+00 9.596437043103090758e+00
9.613919140620728498e+00 9.583592008753710090e+00 9.713341145342869964e+00 9.619426105436406971e+00 9.645171074371212683e+00
9.662436036768234260e+00 9.631246808135340842e+00 9.761850049347360780e+00 9.667160854578360940e+00 9.693858718466511704e+00
9.710898189436994343e+00 9.678841807442266187e+00 9.810267880991231593e+00 9.714826630610200908e+00 9.742478246684362020e+00
9.759270171592046239e+00 9.726355512699838002e+00 9.858567185114550213e+00 9.762402525218005778e+00 9.791001509960937099e+00
9.807528557390767787e+00 9.773761325053104798e+00 9.906714203231480553e+00 9.809855680105274089e+00 9.839394875743511903e+00
9.855640555878414588e+00 9.821029834684498638e+00 9.954682062486117644e+00 9.857158860074687112e+00 9.887634262111681949e+00
9.903581723748736465e+00 9.868134196912246026e+00 1.000244876108566849e+01 9.904284895904256203e+00 9.935690320988586066e+00
9.951323828298514584e+00 9.915046064619934540e+00 1.004998326669259789e+01 9.951206439584924013e+00 9.983533979636408873e+00
9.998838177869901145e+00 9.961741659513645430e+00 1.009725637202971882e+01 9.997898956292559092e+00 1.003113916134245187e+01
1.004610094071705717e+01 1.000819256901502818e+01 1.014424997599573963e+01 1.004433557008434974e+01 1.007847961369162881e+01
1.009308085038687253e+01 1.005437105117625585e+01 1.019092940471979603e+01 1.009049088113371972e+01 1.012552720038030252e+01
1.013975430477756134e+01 1.010025506505616555e+01 1.023727437325598544e+01 1.013633661492641913e+01 1.017225693964396527e+01
1.018609303413201239e+01 1.014581851253414868e+01 1.028325820911385513e+01 1.018184995864371345e+01 1.021864324144226011e+01
1.023207275034766717e+01 1.019103772424469234e+01 1.032885724725517740e+01 1.022700395460445222e+01 1.026465856650175468e+01
1.027766697295227871e+01 1.023589061054964766e+01 1.037404131256742623e+01 1.027177774571126889e+01 1.031027687152963424e+01
1.032284990814804182e+01 1.028034860447850640e+01 1.041878651751580520e+01 1.031614741773602795e+01 1.035547165630751998e+01
1.036759416218000318e+01 1.032438726892611847e+01 1.046306946356721390e+01 1.036008401336499674e+01 1.040021770865100237e+01
1.041187191747232710e+01 1.036798127832224559e+01 1.050686667066921665e+01 1.040356376109719783e+01 1.044449113760768100e+01
1.045566155951881804e+01 1.041110502103571989e+01 1.055015780887574905e+01 1.044656394260268506e+01 1.048826986387029869e+01
1.049894191898661511e+01 1.045373773454002730e+01 1.059290582759620669e+01 1.048906406793794233e+01 1.053152585711877443e+01
1.054168502662442464e+01 1.049585932109668640e+01 1.063509717555965395e+01 1.053103280959353683e+01 1.057423272806127734e+01
1.058387212502420738e+01 1.053743557396037822e+01 1.067670398530095532e+01 1.057244517642298298e+01 1.061636881918825281e+01
1.062546840702112227e+01 1.057845514938512466e+01 1.071769938811845257e+01 1.061328744070691243e+01 1.065790607685088354e+01
1.066645036512735878e+01 1.061888374373858568e+01 1.075805583408314625e+01 1.065352915064634232e+01 1.069882361956272554e+01
1.070679453142156135e+01 1.065869874242850379e+01 1.079775360374304327e+01 1.069314967023236917e+01 1.073909656753532715e+01
1.074647694832601807e+01 1.069788218862126072e+01 1.083678108661542261e+01 1.073212505335355971e+01 1.077869881683014874e+01
1.078547329709570057e+01 1.073639722372156058e+01 1.087510993741244469e+01 1.077042800500181308e+01 1.081759841013341195e+01
1.082376646208887117e+01 1.077424472971487113e+01 1.091271154516693187e+01 1.080803987494002882e+01 1.085579579491534297e+01
1.086133540015511123e+01 1.081139066914441571e+01 1.094956183654079318e+01 1.084494334884967870e+01 1.089324514876899563e+01
1.089814286052353864e+01 1.084780300193784086e+01 1.098564916461652352e+01 1.088110877199974347e+01 1.092993344402475131e+01
1.093418263031384363e+01 1.088346474601472735e+01 1.102094139753191904e+01 1.091652403199824839e+01 1.096583045513079391e+01
1.096941009883002316e+01 1.091837692125620229e+01 1.105541651448365315e+01 1.095115201820503792e+01 1.100092189105346030e+01
1.100381180158566252e+01 1.095248264962259732e+01 1.108905971001177093e+01 1.098497708040225085e+01 1.103519349614387224e+01
1.103736691523061886e+01 1.098578295685095974e+01 1.112183858520502078e+01 1.101798047014653648e+01 1.106860485501397839e+01
1.107007020252954277e+01 1.101824640783192066e+01 1.115373687761183241e+01 1.105014263067729097e+01 1.110113891515836571e+01
1.110189587568816627e+01 1.104986528487737019e+01 1.118473371118264303e+01 1.108143903264539176e+01 1.113276364118283190e+01
1.113279560019461201e+01 1.108060752827267414e+01 1.121481740601977073e+01 1.111184101519754996e+01 1.116347934955913068e+01
1.116276476957098573e+01 1.111045612970308838e+01 1.124395630100273813e+01 1.114134492828241640e+01 1.119324888582619337e+01
1.119178035293595030e+01 1.113939302704441481e+01 1.127213854067611543e+01 1.116993742026012981e+01 1.122205833715620038e+01
1.121983481828852014e+01 1.116740303431580550e+01 1.129936415911546987e+01 1.119756913154592226e+01 1.124990068158067835e+01
1.124690256331825999e+01 1.119446400364968852e+01 1.132558065759616994e+01 1.122424270754206788e+01 1.127674431357959506e+01
1.127296625693296761e+01 1.122054303940155506e+01 1.135080550065442218e+01 1.124994679926073893e+01 1.130256587006602764e+01
1.129799529733860375e+01 1.124564027048281467e+01 1.137497713725445792e+01 1.127465872828150317e+01 1.132737766724340744e+01
1.132200418799109443e+01 1.126972667485190094e+01 1.139810678337263106e+01 1.129835366197492874e+01 1.135112422430924894e+01
1.134494142378243708e+01 1.129281494500861882e+01 1.142017816713874545e+01 1.132102652970123380e+01 1.137382520259526508e+01
1.136681174948317086e+01 1.131486380501150713e+01 1.144117914791385893e+01 1.134264874335779538e+01 1.139543228827654353e+01
1.138758730732443780e+01 1.133586793924953540e+01 1.146108611625138707e+01 1.136321771097923694e+01 1.141593855628785903e+01
1.140724768107287268e+01 1.135580675677960194e+01 1.147988775391217153e+01 1.138271731992512059e+01 1.143531956771035674e+01
1.142581688391484995e+01 1.137466992970956348e+01 1.149759612607967973e+01 1.140113098733577246e+01 1.145358900707370786e+01
1.144325337634108486e+01 1.139243564151395383e+01 1.151416584369048834e+01 1.141845313883650981e+01 1.147073278758192849e+01
1.145955673621391924e+01 1.140910705940059877e+01 1.152958789337933432e+01 1.143466637817251375e+01 1.148672194794222534e+01
1.147471451775008511e+01 1.142469951428594399e+01 1.154388185025771207e+01 1.144976899640382406e+01 1.150155853423604313e+01
1.148874046396053572e+01 1.143914805359918496e+01 1.155702257913159592e+01 1.146374529008648757e+01 1.151523728235029864e+01
1.150157445913185050e+01 1.145247173916425609e+01 1.156901182178594389e+01 1.147658364070810499e+01 1.152775218353034958e+01
1.151322898852539645e+01 1.146465683129011559e+01 1.157982799338306457e+01 1.148827767328300453e+01 1.153909247749710154e+01
1.152370839139947911e+01 1.147570687085811869e+01 1.158948561074413774e+01 1.149886023283016279e+01 1.154923879997388525e+01
1.153302922928152618e+01 1.148562099399464032e+01 1.159797876316786258e+01 1.150827510874524151e+01 1.155822270957484932e+01
1.154116389132829390e+01 1.149439508404954147e+01 1.160534441635291714e+01 1.151657248114888965e+01 1.156600644514310794e+01
1.154815361245131200e+01 1.150200878970344220e+01 1.161150793788558921e+01 1.152371499906983665e+01 1.157258378198733695e+01
1.155392773209151791e+01 1.150848110203853203e+01 1.161649737654333769e+01 1.152970279953404464e+01 1.157798397355773190e+01
1.155851309830986295e+01 1.151380684224404938e+01 1.162032449788440225e+01 1.153454702299365486e+01 1.158222721336216843e+01
1.156193838624539261e+01 1.151798699927550196e+01 1.162297986314535336e+01 1.153820749359036846e+01 1.158530477682958093e+01
1.156418382971765801e+01 1.152101222208276710e+01 1.162446799422720112e+01 1.154072706409840166e+01 1.158719617809271263e+01
1.156525773373596877e+01 1.152288728507553373e+01 1.162482165813930735e+01 1.154211003569553640e+01 1.158792026660957220e+01
1.156517010942059365e+01 1.152367042303972333e+01 1.162403152554437646e+01 1.154236274260692596e+01 1.158747929315517844e+01
1.156392675356851285e+01 1.152329787995937060e+01 1.162210392113697566e+01 1.154147432343809854e+01 1.158588681607439597e+01
1.156153833830691724e+01 1.152181128355304374e+01 1.161903087372423116e+01 1.153946394281229182e+01 1.158314822266589594e+01
1.155801668334808063e+01 1.151920496961686524e+01 1.161486710334396122e+01 1.153638366997043718e+01 1.157927546225153392e+01
1.155337523588231718e+01 1.151550186162308975e+01 1.160959251889586596e+01 1.153217029235235280e+01 1.157428227211455507e+01
1.154762858872304143e+01 1.151070161436758887e+01 1.160322760823242838e+01 1.152687421055385109e+01 1.156816140076992205e+01
1.154079660361497162e+01 1.150480700723320915e+01 1.159577827366844893e+01 1.152050057804314598e+01 1.156092216088165614e+01
1.153287139212779522e+01 1.149787576450030890e+01 1.158731910562643286e+01 1.151306051388881890e+01 1.155262670504564326e+01
1.152387153623556770e+01 1.148989982509682051e+01 1.157780247780153537e+01 1.150458459221767349e+01 1.154328212658242769e+01
1.151384467139534351e+01 1.148087851697946071e+01 1.156719230130631004e+01 1.149505542032004968e+01 1.153288515945863146e+01
1.150276724488146307e+01 1.147081120987012781e+01 1.155561298317597618e+01 1.148453454921302530e+01 1.152143505034250737e+01
1.149071582568859817e+01 1.145978284979047324e+01 1.154303040049477680e+01 1.147299234264088597e+01 1.150901804258794492e+01
1.147766295362751165e+01 1.144775950970432454e+01 1.152950847580902050e+01 1.146048987046600232e+01 1.149560701109481720e+01
1.146360433284332636e+01 1.143479885642825522e+01 1.151499489154806355e+01 1.144702139325128343e+01 1.148120344141885241e+01
1.144863426317665045e+01 1.142090698896783429e+01 1.149948248829058173e+01 1.143255044093466033e+01 1.146577903140513754e+01
1.143269649690627787e+01 1.140605760097777832e+01 1.148316490973120096e+01 1.141724289193012076e+01 1.144951912218268575e+01
1.141586195400193837e+01 1.139029710946047302e+01 1.146589961722311024e+01 1.140102832796972976e+01 1.143234519085443956e+01
1.139814729114576863e+01 1.137366538783441960e+01 1.144780824057338897e+01 1.138387397475785079e+01 1.141421746232193257e+01
1.137962534799525116e+01 1.135610464015206134e+01 1.142878883976922566e+01 1.136591055260526417e+01 1.139528111482874806e+01
1.136022284329532717e+01 1.133775400185388627e+01 1.140902488664746350e+01 1.134715984990771176e+01 1.137555359178209002e+01
1.134002225678670506e+01 1.131851297997640771e+01 1.138842926703473601e+01 1.132757850935262134e+01 1.135498727370789851e+01
1.131907309568442166e+01 1.129855869002020796e+01 1.136712630913126709e+01 1.130718259979001239e+01 1.133359688015411848e+01
1.129730488988782788e+01 1.127782187513698275e+01 1.134506007111096615e+01 1.128601487472052867e+01 1.131152275275674768e+01
1.127479853173121427e+01 1.125634841762473393e+01 1.132227423237456598e+01 1.126415986994611096e+01 1.128873477910836698e+01
1.125155700779708212e+01 1.123414007122273439e+01 1.129877821340717503e+01 1.124157603695948104e+01 1.126515219545851032e+01
1.122760062266139158e+01 1.121122124029887068e+01 1.127459769068037154e+01 1.121828941627738807e+01 1.124092074824391574e+01
1.120296692402867578e+01 1.118763161236598513e+01 1.124976031001610544e+01 1.119433880157809824e+01 1.121606291368829744e+01
1.117774230039425021e+01 1.116336093386086681e+01 1.122432513729876469e+01 1.116971277453895794e+01 1.119051730866896577e+01
1.115187421861245731e+01 1.113850144414498189e+01 1.119824666337916419e+01 1.114449754714646978e+01 1.116436709401090432e+01
1.112535296065807344e+01 1.111300715178692933e+01 1.117160927279211968e+01 1.111864991006617309e+01 1.113763959400734294e+01
1.109829924893559117e+01 1.108696052920688047e+01 1.114442493213692309e+01 1.109225380018667551e+01 1.111033899382777612e+01
1.107072332008325510e+01 1.106036845672476865e+01 1.111669321994878246e+01 1.106531057730183321e+01 1.108246755303631659e+01
1.104260935898655482e+01 1.103323443720918107e+01 1.108844777743923160e+01 1.103781723033589124e+01 1.105406057320518798e+01
1.101398840147349745e+01 1.100555109124169739e+01 1.105971479946244784e+01 1.100981852068082567e+01 1.102517652019924377e+01
1.098489749872341470e+01 1.097739190438497303e+01 1.103051408121486965e+01 1.098135314256622586e+01 1.099581648302718229e+01
1.095535960756372162e+01 1.094874350259082796e+01 1.100085488703800074e+01 1.095239621903626848e+01 1.096600625089885206e+01
1.092538170557593524e+01 1.091965744353543855e+01 1.097075707323119609e+01 1.092301848569052325e+01 1.093575574812242124e+01
1.089498531311986795e+01 1.089013932540126106e+01 1.094025028180193182e+01 1.089321249883765930e+01 1.090510284043809008e+01
1.086419480477703203e+01 1.086021319260441764e+01 1.090937164556381767e+01 1.086301184771424033e+01 1.087405970707624547e+01
1.083302140405969993e+01 1.082990097159625265e+01 1.087813211375658540e+01 1.083243025457645814e+01 1.084266614271136397e+01
1.080149663462825416e+01 1.079921342928732031e+01 1.084654149374777532e+01 1.080150526812132128e+01 1.081091843219316573e+01
1.076964612572218272e+01 1.076818210840974288e+01 1.081463210970721533e+01 1.077023234725915835e+01 1.077881792242296299e+01
1.073749223654583140e+01 1.073681649213021316e+01 1.078240559451034564e+01 1.073861272783114984e+01 1.074642345447610836e+01
1.070504531847700846e+01 1.070514407995874429e+01 1.074989195097651162e+01 1.070670502180849049e+01 1.071374561592807773e+01
1.067230702252660279e+01 1.067317749547141048e+01 1.071709952793537646e+01 1.067452085604073098e+01 1.068079706108349569e+01
1.063929869713047971e+01 1.064093304458315359e+01 1.068406190236461484e+01 1.064206933298998159e+01 1.064758254794340964e+01
1.060605538813286053e+01 1.060843528842335459e+01 1.065079003610172848e+01 1.060934827594016205e+01 1.061412994444404490e+01
1.057258491701413128e+01 1.057569724016428125e+01 1.061730440421943200e+01 1.057640511312567355e+01 1.058045709560410685e+01
1.053890413256816849e+01 1.054274480398673219e+01 1.058361405806000377e+01 1.054324703274547126e+01 1.054658174981532071e+01
1.050503100924253630e+01 1.050957651213966138e+01 1.054973526096353531e+01 1.050989467949763068e+01 1.051251552932586009e+01
1.047097940572809449e+01 1.047621298398680523e+01 1.051568429874412303e+01 1.047634913793683076e+01 1.047827695629814215e+01
1.043676133223171831e+01 1.044266287049384800e+01 1.048147153067511539e+01 1.044263013158249365e+01 1.044388183276989501e+01
1.040240392905220546e+01 1.040896376474659490e+01 1.044711339868463718e+01 1.040875623107278436e+01 1.040933037164227137e+01
1.036791347527480589e+01 1.037511381703394342e+01 1.041262883064628042e+01 1.037473102721118856e+01 1.037465855505345935e+01
1.033330058180148825e+01 1.034113164915446426e+01 1.037802935506116064e+01 1.034058823787037440e+01 1.033987477489146301e+01
1.029858006528134418e+01 1.030703088823112701e+01 1.034332896611200603e+01 1.030633256524027175e+01 1.030498779523579600e+01
1.026376818914750366e+01 1.027282372990719317e+01 1.030853574335185208e+01 1.027197397505902288e+01 1.027000445076767576e+01
1.022886988109975626e+01 1.023852122810267318e+01 1.027366661519526581e+01 1.023752866974361986e+01 1.023494487817931820e+01
1.019390356204351455e+01 1.020413739292525790e+01 1.023873031540328782e+01 1.020300621013783804e+01 1.019982246604482334e+01
1.015887665896270597e+01 1.016968272177173738e+01 1.020373935800194154e+01 1.016842140062185962e+01 1.016464592275305279e+01
1.012380025207375134e+01 1.013516964065399328e+01 1.016870515831563004e+01 1.013378227334339954e+01 1.012942389038722091e+01
1.008869953301294764e+01 1.010061182461195628e+01 1.013364319942688141e+01 1.009910354401013244e+01 1.009417809235017671e+01
1.005357425317912856e+01 1.006601957355163002e+01 1.009855717929344010e+01 1.006439783955432965e+01 1.005890970027889786e+01
1.001843729849445275e+01 1.003139973673277119e+01 1.006346063811216496e+01 1.002966780630918642e+01 1.002363544254502692e+01
9.983293186545623144e+00 9.996770850397378894e+00 1.002836250802236862e+01 9.994927420159342546e+00 9.988357347013012699e+00
9.948154635400699775e+00 9.962134993054345244e+00 9.993272535484299723e+00 9.960188383031800541e+00 9.953088231709916300e+00
9.913029371841389548e+00 9.927505019986631041e+00 9.958203154534128743e+00 9.925458546586519049e+00 9.917840710213400968e+00
9.877931131394861453e+00 9.892883948670952776e+00 9.923157977162249566e+00 9.890744662920941010e+00 9.882617496204206375e+00
9.842866446430740268e+00 9.858289235136391326e+00 9.888151993990653921e+00 9.856060593569250017e+00 9.847433338139339298e+00
9.807842992487618261e+00 9.823730994449833887e+00 9.853187845973620185e+00 9.821415454186139371e+00 9.812296275374315258e+00
9.772871236677060480e+00 9.789209681167813315e+00 9.818278037532682134e+00 9.786812674731919515e+00 9.777211317590921880e+00
9.737963452481658067e+00 9.754739327887872236e+00 9.783431651735087442e+00 9.752266104582297146e+00 9.742188834774900386e+00
9.703118121439519683e+00 9.720332067433826495e+00 9.748654414876366303e+00 9.717782672336804595e+00 9.707237993281182753e+00
9.668349468900110821e+00 9.685986759973006954e+00 9.713955331710655727e+00 9.683370035201800619e+00 9.672364842589340483e+00
9.633663803360921207e+00 9.651715622628580959e+00 9.679348284012389669e+00 9.649035172733569254e+00 9.637584572195569521e+00
9.599075233808481045e+00 9.617533591986045849e+00 9.644827806420337879e+00 9.614793782288398205e+00 9.602891939199620808e+00
9.564580091938047701e+00 9.583436882030930803e+00 9.610414646475083700e+00 9.580642028920410169e+00 9.568301805738400390e+00
9.530190491027843436e+00 9.549438738125621384e+00 9.576111089505126017e+00 9.546593395384048719e+00 9.533820652565635712e+00
9.495916168972138749e+00 9.515550624308488636e+00 9.541919285258014582e+00 9.512653099937988799e+00 9.499456032734965305e+00
9.461761027170686233e+00 9.481776113878819245e+00 9.507850019364823879e+00 9.478835916389490635e+00 9.465216697537194079e+00
9.427734709219873110e+00 9.448124138499018443e+00 9.473912485907048264e+00 9.445138513948851511e+00 9.431110449441897359e+00
