7.627032450697027066e+00 7.616200329961420934e+00 7.620701328039229061e+00 7.630570051994905789e+00 7.623243626411206009e+00
7.751328576325762221e+00 7.729899343709504045e+00 7.738801337107320322e+00 7.758321314443493932e+00 7.743834288706525903e+00
7.872925851184019663e+00 7.841129999150424190e+00 7.854334736924552196e+00 7.883293558844801652e+00 7.861807497171100501e+00
7.991887079491327484e+00 7.949945602789820320e+00 7.967359418169504437e+00 8.005551429273625175e+00 7.977223563210001700e+00
8.108267670784039538e+00 8.056406377827890708e+00 8.077933419603297693e+00 8.125149923205890801e+00 8.090138935347344074e+00
8.222118449623206260e+00 8.160548270839317553e+00 8.186098583128169182e+00 8.242145649216082504e+00 8.200598897367381568e+00
8.333489312257137627e+00 8.262423340371894298e+00 8.291906469496304055e+00 8.356587261349483597e+00 8.308654410482613883e+00
8.442438467798160318e+00 8.362082542933723772e+00 8.395411233471314461e+00 8.468535534386555597e+00 8.414361167534794461e+00
8.549018952249973324e+00 8.459573208265913635e+00 8.496662504842323216e+00 8.578045637895721498e+00 8.517770006003464900e+00
8.653282914964604444e+00 8.554945305432886116e+00 8.595711401589428036e+00 8.685170536702166544e+00 8.618932446348685161e+00
8.755280351767110503e+00 8.648241963235461682e+00 8.692603781014412334e+00 8.789962998210484102e+00 8.717895835808345595e+00
8.855064155300896189e+00 8.739512275445388667e+00 8.787390934437858903e+00 8.892475993182880956e+00 8.814712458802906880e+00
8.952677921218738177e+00 8.828800223761293253e+00 8.880115670672982020e+00 8.992756148550986595e+00 8.909424263868501725e+00
9.048174024256445236e+00 8.916146602059068726e+00 8.970824538080336197e+00 9.090856882300283104e+00 9.002081064487454043e+00
9.141595136816375700e+00 9.001598767896130227e+00 9.059563251126878214e+00 9.186820550243416150e+00 9.092727133401114159e+00
9.232987839024168863e+00 9.085191918374675879e+00 9.146370806678408627e+00 9.280698055659820866e+00 9.181404148063146309e+00
9.322396858345651793e+00 9.166970699056555816e+00 9.231293784345089293e+00 9.372532314719959956e+00 9.268158423104615906e+00
9.409862989091175578e+00 9.246976492828817840e+00 9.314368865399385911e+00 9.462368484516314737e+00 9.353027170815346736e+00
9.495432080364034633e+00 9.325245388309337358e+00 9.395638791869943773e+00 9.550252522598388083e+00 9.436055209301445146e+00
9.579165941780637183e+00 9.401823599422007405e+00 9.475156820757442588e+00 9.636304953255033112e+00 9.517328150786003249e+00
9.665535145431901398e+00 9.481098085967790468e+00 9.557399426403430098e+00 9.724958634491398968e+00 9.601252756140587152e+00
9.754587554001417971e+00 9.563161232785194699e+00 9.642286445328046796e+00 9.816178424205917352e+00 9.687798203098813232e+00
9.846363691634675064e+00 9.647975110413886668e+00 9.729891691690434996e+00 9.910063035704100187e+00 9.776980717135296928e+00
9.940818155827612301e+00 9.735537117351704239e+00 9.820275264372030577e+00 1.000667044508643322e+01 9.868857657015553286e+00
1.003799987597221843e+01 9.825863161293099779e+00 9.913418171284799740e+00 1.010593089771132824e+01 9.963440593816040192e+00
1.013791452880637145e+01 9.918920858146444530e+00 1.000930347466284331e+01 1.020785538171372231e+01 1.006074696583916150e+01
1.024052691168791540e+01 1.001476374589818441e+01 1.010795668036752382e+01 1.031250304344839464e+01 1.016076076795849659e+01
1.034586266532742549e+01 1.011336596087944351e+01 1.020932310065242277e+01 1.041982477435242060e+01 1.026348510647476964e+01
1.045397851239800779e+01 1.021478171439427918e+01 1.031349653649501796e+01 1.052982481719449304e+01 1.036888858530727298e+01
1.056480995098896258e+01 1.031892309650777051e+01 1.042044767090183299e+01 1.064257483226331402e+01 1.047701302529808309e+01
1.067838204068975294e+01 1.042588556049480175e+01 1.053014279193618741e+01 1.075794580057092986e+01 1.058787770854480748e+01
1.079475729674548568e+01 1.053565389040990397e+01 1.064259527818049733e+01 1.087606850274773329e+01 1.070143949320014976e+01
1.091380746380066746e+01 1.064828107820102154e+01 1.075788353474615278e+01 1.099684799420539072e+01 1.081776350777424511e+01
1.103569727239931630e+01 1.076367642746192743e+01 1.087591830601103737e+01 1.112045027982765255e+01 1.093682756974129511e+01
1.116034405130464968e+01 1.088190019993115065e+01 1.099677829156687103e+01 1.124672819058937456e+01 1.105861556225043252e+01
1.128781916425128706e+01 1.100298464688259514e+01 1.112042053752121618e+01 1.137583500138222803e+01 1.118314808375947500e+01
1.141804105826915183e+01 1.112682666123673592e+01 1.124701968495406845e+01 1.150766253016166374e+01 1.131054217471415768e+01
1.155110125681146371e+01 1.125360652594358335e+01 1.137636878281285036e+01 1.164230065263395986e+01 1.144063748601729102e+01
1.168695987791943658e+01 1.138320972286248356e+01 1.150853377532937927e+01 1.177969139848759461e+01 1.157351277266885248e+01
1.182561989559518878e+01 1.151571169487934831e+01 1.164355152862475151e+01 1.191984428091213921e+01 1.170921065798092187e+01
1.196703705120142835e+01 1.165105073498063248e+01 1.178134643618389532e+01 1.206273294248662076e+01 1.184765130720097304e+01
1.211126733685457779e+01 1.178913684841614362e+01 1.192189675805254367e+01 1.220839256469929701e+01 1.198875645810095136e+01
1.225822755282767496e+01 1.193003114674137954e+01 1.206525048385739751e+01 1.235672507454128066e+01 1.213274887170880056e+01
1.240785053450851017e+01 1.207369662726251569e+01 1.221132822024097209e+01 1.250768897423525594e+01 1.227930336830361746e+01
1.256014588482257999e+01 1.222006124263045912e+01 1.236006256098058209e+01 1.266128006841643838e+01 1.242854331209145435e+01
1.271512222022212768e+01 1.236912952885435502e+01 1.251145434991716598e+01 1.281748395063713986e+01 1.258031335939758222e+01
1.287266129837925277e+01 1.252080286557891142e+01 1.266559708442230203e+01 1.297620374480706928e+01 1.273469313456081231e+01
1.303270961733159261e+01 1.267522051486100665e+01 1.282228885844395094e+01 1.313740416080257312e+01 1.289157958938065995e+01
1.319525246495912540e+01 1.283214130909494877e+01 1.298145832780124920e+01 1.330103185220402295e+01 1.305099378960450807e+01
1.336025350170675274e+01 1.299158849447668906e+01 1.314322233473478363e+01 1.346712438604848217e+01 1.321278241542278131e+01
1.352774313923710814e+01 1.315352274746054917e+01 1.330736598299558793e+01 1.363551852973432510e+01 1.337694452378914534e+01
1.369755298521591413e+01 1.331788155303121890e+01 1.347403458682109800e+01 1.380623471613623998e+01 1.354349976399421074e+01
1.386969444359407255e+01 1.348469400437724630e+01 1.364298843159496677e+01 1.397919211304178333e+01 1.371231492606189306e+01
1.404405253627550820e+01 1.365396150752431481e+01 1.381428982213956580e+01 1.415439163592799865e+01 1.388346272214821653e+01
1.422075811431418302e+01 1.382547475263381997e+01 1.398786628755351380e+01 1.433177776537936232e+01 1.405673934357219146e+01
1.439949029623186405e+01 1.399931617969996900e+01 1.416372615851921779e+01 1.451120652808830691e+01 1.423228043314006541e+01
1.458039945145581484e+01 1.417540997701905425e+01 1.434175580674367900e+01 1.469277158669247285e+01 1.440984430839014507e+01
1.476333328743256779e+01 1.435370312283187921e+01 1.452193332918925961e+01 1.487625165829296137e+01 1.458948245898089802e+01
1.494832779299243697e+01 1.453413373762715288e+01 1.470422156907021716e+01 1.506173743496171014e+01 1.477123100784662668e+01
1.513524153613611745e+01 1.471680199617031448e+01 1.488854827438761141e+01 1.524909293170185087e+01 1.495486271524332267e+01
1.532423690648449899e+01 1.490146501307654958e+01 1.507489463710525257e+01 1.543841446094352321e+01 1.514044390572690268e+01
1.551497778805441641e+01 1.508813334908366421e+01 1.526313462383808961e+01 1.562947901522272254e+01 1.532784129557331099e+01
1.570742360525056114e+01 1.527682611198170726e+01 1.545327911675622090e+01 1.582210382908819035e+01 1.551713346172246588e+01
1.590172991328549479e+01 1.546735271595493622e+01 1.564526781316662074e+01 1.601638451381790418e+01 1.570810445927310184e+01
1.609752650931085682e+01 1.565975216561627548e+01 1.583895480924369714e+01 1.621223804582114880e+01 1.590062827308908311e+01
1.629489937700290270e+01 1.585388727333271319e+01 1.603440041806511118e+01 1.640949290081795198e+01 1.609484380834130945e+01
1.649374957821305898e+01 1.604979043681523265e+01 1.623142906492321202e+01 1.660818726599552164e+01 1.629046582982968516e+01
1.669393990879002843e+01 1.624730125596458663e+01 1.642993732609627955e+01 1.680812286696962587e+01 1.648757250087129123e+01
1.689543587935606794e+01 1.644630544854067722e+01 1.662977039829492654e+01 1.700937871557956882e+01 1.668592744180118714e+01
1.709804528174841920e+01 1.664662684695484174e+01 1.683101688150539132e+01 1.721163309354796311e+01 1.688564944583119143e+01
1.730177780075547744e+01 1.684834117727621106e+01 1.703342352712305185e+01 1.741497583941184146e+01 1.708647106593328857e+01
1.750650561689113260e+01 1.705123833638625541e+01 1.723706628597260249e+01 1.761907106785414001e+01 1.728838080815388878e+01
1.771196506030828033e+01 1.725540161854759802e+01 1.744164418833963737e+01 1.782389328833001585e+01 1.749103009792975172e+01
1.791822301861381561e+01 1.746052062335044397e+01 1.764712886033342798e+01 1.802928712783830534e+01 1.769447540970216792e+01
1.812504772833891664e+01 1.766656999119917515e+01 1.785327569164786965e+01 1.823518549286756851e+01 1.789876391606903283e+01
1.833229102771267449e+01 1.787328267993926545e+01 1.806012847814133693e+01 1.844144152572437534e+01 1.810336200247770932e+01
1.853983690026703357e+01 1.808059823036130354e+01 1.826741985016357361e+01 1.864783636452011351e+01 1.830835835846169246e+01
1.874753791732417696e+01 1.828840210647914333e+01 1.847507794061475650e+01 1.885427231225421352e+01 1.851363640980542158e+01
1.895522630882613413e+01 1.849651904989959661e+01 1.868294190901089280e+01 1.906056420657080963e+01 1.871898634472465872e+01
1.916273098817743303e+01 1.870480030023703932e+01 1.889078032319672218e+01 1.926655236871406984e+01 1.892423675837907027e+01
1.936995642977294807e+01 1.891309021444052973e+01 1.909851495194504167e+01 1.947201567154688107e+01 1.912925329296948007e+01
1.957669750672458520e+01 1.912124871023333839e+01 1.930588638617884101e+01 1.967685243852841026e+01 1.933384801621647497e+01
1.978257713929244943e+01 1.932903231122261900e+01 1.951274164121276300e+01 1.988080707430401262e+01 1.953782836791152278e+01
1.998753604962656283e+01 1.953627960081199078e+01 1.971888390097380750e+01 2.008375235233893008e+01 1.974100105879647771e+01
2.019132838929071028e+01 1.974281855795326734e+01 1.992413466293572100e+01 2.028548972923306692e+01 1.994325209405333155e+01
2.039377800089952331e+01 1.994845151294074626e+01 2.012827964750682241e+01 2.048574805026263235e+01 2.014427594820290679e+01
2.059468003988198248e+01 2.015304908583651766e+01 2.033117914560983763e+01 2.068431814850268680e+01 2.034393989550824955e+01
2.079381641871204778e+01 2.035626137406834957e+01 2.053255601107422024e+01 2.088100987821788834e+01 2.054199992290766374e+01
2.099096606705577983e+01 2.055791811497099530e+01 2.073216550353781074e+01 2.107556248292605616e+01 2.073820075773658900e+01
2.118590173575187663e+01 2.075779613448618122e+01 2.092981442069502407e+01 2.126780059093522368e+01 2.093234533636165651e+01
2.137847578868160880e+01 2.095566565096803657e+01 2.112528461551359271e+01 2.145752960757326377e+01 2.112422799507332982e+01
2.156835097074624841e+01 2.115136440963726017e+01 2.131833239618627474e+01 2.164446494007017563e+01 2.131360327425807810e+01
2.175529164770787816e+01 2.134456274480765003e+01 2.150873685583275119e+01 2.182833568938390556e+01 2.150031825088544934e+01
2.193910783388885122e+01 2.153505988353675704e+01 2.169624948375762230e+01 2.200895118094564751e+01 2.168404948377143171e+01
2.211952584847887948e+01 2.172267160863735214e+01 2.188064213730689644e+01 2.218609626035946647e+01 2.186458338036234750e+01
2.229631394839341851e+01 2.190710997396132953e+01 2.206164633640038986e+01 2.235950035611998743e+01 2.204165351157261554e+01
2.246918047160559340e+01 2.208811175404633431e+01 2.223908081484868404e+01 2.252892997939252240e+01 2.221509878010265027e+01
2.263797622108534213e+01 2.226543799786434263e+01 2.241264094755526060e+01 2.269414967042639120e+01 2.238462490481768086e+01
2.280241244222320773e+01 2.243879453424913706e+01 2.258207587009868789e+01 2.285492321171421182e+01 2.255000582214900362e+01
2.296224109122493218e+01 2.260802735049876588e+01 2.274718829278859644e+01 2.301100429151763649e+01 2.271099715906607841e+01
2.311726696592405972e+01 2.277287212137736105e+01 2.290771529363050618e+01 2.316212656925962321e+01 2.286742094562552907e+01
2.326723135275613785e+01 2.293306463469242473e+01 2.306336559877416192e+01 2.330817877164193774e+01 2.301900764045470993e+01
2.341195651571988279e+01 2.308838265700204317e+01 2.321398657174770719e+01 2.344889237700868634e+01 2.316548268490297247e+01
2.355116805697940308e+01 2.323857974518695713e+01 2.335928993762111361e+01 2.358400276546405294e+01 2.330671679701226751e+01
2.368452911246841097e+01 2.338344132630304273e+01 2.349913459621993539e+01 2.371336448109208916e+01 2.344248869635810451e+01
2.381207460422207234e+01 2.352269405187007223e+01 2.363324478228745917e+01 2.383671500283171341e+01 2.357243230407365431e+01
2.393349302090394204e+01 2.365612315321161674e+01 2.376132832130547357e+01 2.395400752350845153e+01 2.369654139297298556e+01
2.404857385851276774e+01 2.378357086577564417e+01 2.388337861136541562e+01 2.406491414846145105e+01 2.381451470610396726e+01
2.415726710999138405e+01 2.390480088385595181e+01 2.399909324469212990e+01 2.416929395251485246e+01 2.392613050289545384e+01
2.425937391485066641e+01 2.401967600587459017e+01 2.410828391799016757e+01 2.426700313383890517e+01 2.403142310568843953e+01
2.435454680795195515e+01 2.412799661943425633e+01 2.421077075096036069e+01 2.435796017756913301e+01 2.413014971087487837e+01
2.444281195172848342e+01 2.422950667951218051e+01 2.430645626360091427e+01 2.444193316612378908e+01 2.422207866598417425e+01
2.452401165793093440e+01 2.432409167021021545e+01 2.439512435756793707e+01 2.451888534789030771e+01 2.430709152546825891e+01
2.459804332909293834e+01 2.441163578675504198e+01 2.447662098231680261e+01 2.458863225316709844e+01 2.438512718164505344e+01
2.466478212770845957e+01 2.449205098918187318e+01 2.455096153938595904e+01 2.465123984238904598e+01 2.445604552014954436e+01
2.472423942408293129e+01 2.456502312066811200e+01 2.461794953681292242e+01 2.470653083045881360e+01 2.451975395253217727e+01
2.477626428490819066e+01 2.463070796609958890e+01 2.467762223126488763e+01 2.475444793036569635e+01 2.457616780553134106e+01
2.482076969438683278e+01 2.468894219130818257e+01 2.472982803052243383e+01 2.479485387994031242e+01 2.462531538508854112e+01
2.485776139225385606e+01 2.473949269170188714e+01 2.477435890766199478e+01 2.482778343869632209e+01 2.466698425190136135e+01
2.488725023938994241e+01 2.478246845878002347e+01 2.481131515563580692e+01 2.485326685957807058e+01 2.470117418573598300e+01
2.490914631252244149e+01 2.481770686950057225e+01 2.484054003544265754e+01 2.487127011659918097e+01 2.472776535900739603e+01
2.492332031712242468e+01 2.484548496752433167e+01 2.486221096746131565e+01 2.488186072505428470e+01 2.474694961849347763e+01
2.493015289797979861e+01 2.486558016610263167e+01 2.487624128200638296e+01 2.488490675461180501e+01 2.475864876000242276e+01
2.492946277236956831e+01 2.487792605329180518e+01 2.488271590907099196e+01 2.488049608615366992e+01 2.476303159989357638e+01
2.492130517145330160e+01 2.488264250260930766e+01 2.488162786280250671e+01 2.486884749089032098e+01 2.475996191407284286e+01
2.490583998010384192e+01 2.487981647900988946e+01 2.487300167102386439e+01 2.484987470880660254e+01 2.474956668142091232e+01
2.488295718324702577e+01 2.486936157924152724e+01 2.485689098046474399e+01 2.482371241877380896e+01 2.473167497517239255e+01
2.485290233089002143e+01 2.485143171733996681e+01 2.483333694489867582e+01 2.479041305690443053e+01 2.470666149956634428e+01
2.481569365097182711e+01 2.482601392525061357e+01 2.480257637788673364e+01 2.475019209171859202e+01 2.467461073602176569e+01
2.477153343112683714e+01 2.479322343520584937e+01 2.476455333618587318e+01 2.470314821017680984e+01 2.463555159143378148e+01
2.472058555328986884e+01 2.475325857485673353e+01 2.471945525036739966e+01 2.464913109718457562e+01 2.458955196650035191e+01
2.466288063369506744e+01 2.470620097318015951e+01 2.466739053119290048e+01 2.458855276069172291e+01 2.453672888650473283e+01
2.459843989898904226e+01 2.465222685678735104e+01 2.460832868158725262e+01 2.452147178392143090e+01 2.447724301463591701e+01
2.452751418191164845e+01 2.459134470462798561e+01 2.454279358569998593e+01 2.444793111726504620e+01 2.441106554872969525e+01
2.445044510632194701e+01 2.452374431645543496e+01 2.447051058091222586e+01 2.436835940651956633e+01 2.433875475714431147e+01
2.436711222185641290e+01 2.444976195799396379e+01 2.439180623383607482e+01 2.428290036648816752e+01 2.426000376133650249e+01
2.427782335021025162e+01 2.436919731704502112e+01 2.430704317434266315e+01 2.419160519516344365e+01 2.417533960941351268e+01
2.418270275000614333e+01 2.428248108319670706e+01 2.421630968044969734e+01 2.409455124979398377e+01 2.408493893150732035e+01
2.408198086653301928e+01 2.418973523067553444e+01 2.411969208309861301e+01 2.399208535658809183e+01 2.398878556230276260e+01
2.397592759635407944e+01 2.409107954455553724e+01 2.401736785599440083e+01 2.388419280244828613e+01 2.388703552059179813e+01
2.386462848554185712e+01 2.398682471291283136e+01 2.390961612803186043e+01 2.377136880009792108e+01 2.378008711973926737e+01
2.374827718474438853e+01 2.387713329332196466e+01 2.379658719453882654e+01 2.365365441364157917e+01 2.366794788478265232e+01
2.362706127216777574e+01 2.376220449224360820e+01 2.367854437753047492e+01 2.353131522050966495e+01 2.355086162752225221e+01
2.350132705352748630e+01 2.364214583044421403e+01 2.355561198474163476e+01 2.340420274774216836e+01 2.342909769406751863e+01
2.337092687025643301e+01 2.351734594993827088e+01 2.342807261081741999e+01 2.327301430579246144e+01 2.330271958761286655e+01
2.323651484618261520e+01 2.338771546534031032e+01 2.329597081109896806e+01 2.313770321126104434e+01 2.317206549797991855e+01
2.309804597832772899e+01 2.325378889901421786e+01 2.315970098885249939e+01 2.299855117492693779e+01 2.303716845982007655e+01
2.295572770312958255e+01 2.311552585222962719e+01 2.301930694931126453e+01 2.285561472961309093e+01 2.289837008660135353e+01
2.280968065776972864e+01 2.297339816613698815e+01 2.287512054813597118e+01 2.270920458310924772e+01 2.275579336736974767e+01
2.266030662120225969e+01 2.282734521136038452e+01 2.272722919336216663e+01 2.255938805881222109e+01 2.260971592137264707e+01
2.250764469876711615e+01 2.267771912058446659e+01 2.257585501811805528e+01 2.240653128504904501e+01 2.246019534410160290e+01
2.235200989292731677e+01 2.252458558739276029e+01 2.242130566282646242e+01 2.225062500448100877e+01 2.230758642211367970e+01
2.219359438613327740e+01 2.236821569399553411e+01 2.226370864077468070e+01 2.209206303051180242e+01 2.215199790262012769e+01
2.203230759806126571e+01 2.220888918311857907e+01 2.210328148699395712e+01 2.193101989060877699e+01 2.199365405668389784e+01
2.186876875108240270e+01 2.204678823541557975e+01 2.194013502567144158e+01 2.176753316893075763e+01 2.183273763046532068e+01
2.170283128698411090e+01 2.188220764510927197e+01 2.177455018717847324e+01 2.160188401084034382e+01 2.166938601632753603e+01
2.153473713577519888e+01 2.171504340992086668e+01 2.160665927049152657e+01 2.143411762131729859e+01 2.150383589308069787e+01
2.136465076834364751e+01 2.154568306215085016e+01 2.143668173276860145e+01 2.126460395180871998e+01 2.133611057621842377e+01
2.119282740858654535e+01 2.137424489539597516e+01 2.126473313595476000e+01 2.109335725149757224e+01 2.116668004757175581e+01
2.101952008994404864e+01 2.120092582512528168e+01 2.109103235791835473e+01 2.092056654372348135e+01 2.099546140001272576e+01
2.084488827903016528e+01 2.102578305777066348e+01 2.091577446973829524e+01 2.074641597799407222e+01 2.082262729142829727e+01
2.066887973408467616e+01 2.084918826520453550e+01 2.073910850146044282e+01 2.057107668605014794e+01 2.064845508198121138e+01
2.049176517784384544e+01 2.067135994188457460e+01 2.056115312771429871e+01 2.039474529495264576e+01 2.047310666335022589e+01
2.031365430190146881e+01 2.049220545656905301e+01 2.038205203153648171e+01 2.021752735792159683e+01 2.029679286478020472e+01
2.013471071394689460e+01 2.031197752937331913e+01 2.020203619677585749e+01 2.003945708492679856e+01 2.011945912170567752e+01
1.995509836271548565e+01 2.013084601337831003e+01 2.002128554861367959e+01 1.986076228392472487e+01 1.994132520904803485e+01
1.977493501729541592e+01 1.994877953622760103e+01 1.983985045583393614e+01 1.968159803283702658e+01 1.976254921799319675e+01
1.959435185835339510e+01 1.976618359703588723e+01 1.965788281231857937e+01 1.950208536469574128e+01 1.958323783355623604e+01
1.941348903710364127e+01 1.958318865791405727e+01 1.947555303887962808e+01 1.932232245097359780e+01 1.940358772196519155e+01
1.923232045115829436e+01 1.939980986093912918e+01 1.929298138689422615e+01 1.914239593162827546e+01 1.922367312837040387e+01
1.905120505933941644e+01 1.921628240512348640e+01 1.911026704702480217e+01 1.896249942351828111e+01 1.904358315216702380e+01
1.887025365493778750e+01 1.903266604798369599e+01 1.892741239873933523e+01 1.878273471260736471e+01 1.886342720007028362e+01
1.868947064694409477e+01 1.884911421100284556e+01 1.874476979554215461e+01 1.860318422684897754e+01 1.868347429043559771e+01
1.850896801565849259e+01 1.866564286016883045e+01 1.856232973051370649e+01 1.842398766679294653e+01 1.850373144610018983e+01
1.832879364278894840e+01 1.848234979041311021e+01 1.838025334727655391e+01 1.824514900820395624e+01 1.832435401947447673e+01
1.814915201028028946e+01 1.829943033306790312e+01 1.819855506946204571e+01 1.806686294568040907e+01 1.814539135519161661e+01
1.797011635157651455e+01 1.811707535544781322e+01 1.801743282603391094e+01 1.788916237721344160e+01 1.796693298001195060e+01
1.779170207278500371e+01 1.793531564683027923e+01 1.783691747832656915e+01 1.771217146925371821e+01 1.778908782399270905e+01
1.761404284080178684e+01 1.775415049536363554e+01 1.765711813598220559e+01 1.753595398740859679e+01 1.761188232889990246e+01
1.743724265647112048e+01 1.757376950326111498e+01 1.747813474092112429e+01 1.736056675541707861e+01 1.743546771659254802e+01
1.726131480552826147e+01 1.739419847326373514e+01 1.730001192453459424e+01 1.718614033404335117e+01 1.725992793549659510e+01
1.708639352678419243e+01 1.721556594822263619e+01 1.712283359488366230e+01 1.701270652939946260e+01 1.708532820118590934e+01
1.691251616368444033e+01 1.703795606369140003e+01 1.694670985259144302e+01 1.684030175324719991e+01 1.691177252172748879e+01
1.673971701936289236e+01 1.686139090065346124e+01 1.677169562032939609e+01 1.666911509024030025e+01 1.673927396844727156e+01
1.656818999196311282e+01 1.668596159463832862e+01 1.659784497926258595e+01 1.649910452150439966e+01 1.656791212223836851e+01
1.639789822282591203e+01 1.651172134099742550e+01 1.642524163828731787e+01 1.633038721663198345e+01 1.639778309266191769e+01
1.622895821245394998e+01 1.633874266947466225e+01 1.625397377746684668e+01 1.616305862696216522e+01 1.622897799660548301e+01
1.606145007985417550e+01 1.616714209406430669e+01 1.608406076475455038e+01 1.599715383652490885e+01 1.606151205226750989e+01
1.589536005409618902e+01 1.599692181602371122e+01 1.591557659809094716e+01 1.583270064743662786e+01 1.589540379396989422e+01
1.573076090977613717e+01 1.582818356522778735e+01 1.574857156664411129e+01 1.566970154217252720e+01 1.573073302103371063e+01
1.556769835532020174e+01 1.566095553734444223e+01 1.558310898494493912e+01 1.550829587899984574e+01 1.556760589139596540e+01
1.540624409645778137e+01 1.549527979238251341e+01 1.541924085565481484e+01 1.534847955761865634e+01 1.540603816002261262e+01
1.524641733034170876e+01 1.533121798168962080e+01 1.525701095274926011e+01 1.519027609415068447e+01 1.524605224272404058e+01
1.508828176906915530e+01 1.516881604944968132e+01 1.509646332943623648e+01 1.503378985245389288e+01 1.508772279721507914e+01
1.493187650531761967e+01 1.500811636618353795e+01 1.493763830389031710e+01 1.487901907452287809e+01 1.493106780770110120e+01
1.477721592122878569e+01 1.484915946259741659e+01 1.478057571736570353e+01 1.472599686301608735e+01 1.477616579510099903e+01
1.462433389070090151e+01 1.469198394898026905e+01 1.462531215516400529e+01 1.457477454584656407e+01 1.462301538942591783e+01
1.447327924147761458e+01 1.453662679726790330e+01 1.447188356951740928e+01 1.442537392636259774e+01 1.447165843855530731e+01
1.432407924495807450e+01 1.438312479042946812e+01 1.432032350190428360e+01 1.427785416026616083e+01 1.432216428645665651e+01
1.417678909393642606e+01 1.423151152804787678e+01 1.417064171022291141e+01 1.413218467914730780e+01 1.417453111773469843e+01
1.403138963336981071e+01 1.408182003716485475e+01 1.402287283793558181e+01 1.398843950735994213e+01 1.402878475921592560e+01
1.388794625878592370e+01 1.393408044336793772e+01 1.387705726929504735e+01 1.384669025761958494e+01 1.388497886554685046e+01
1.374650879876884346e+01 1.378832295144884768e+01 1.373326843292556987e+01 1.370691176555804702e+01 1.374313096105239218e+01
1.360706691691655301e+01 1.364457560108327705e+01 1.359148665235224662e+01 1.356911434234831582e+01 1.360326051185718654e+01
1.346966073073814130e+01 1.350286537393139596e+01 1.345172915440215533e+01 1.343337426794996148e+01 1.346539611653765256e+01
1.333428043050863820e+01 1.336321755263513822e+01 1.331401134535173902e+01 1.329966569520495767e+01 1.332953052056878995e+01
1.320097079953763775e+01 1.322565532642022568e+01 1.317838912154248376e+01 1.316798736493142563e+01 1.319570888610162740e+01
1.306977333417484566e+01 1.309015003029234769e+01 1.304489726959230467e+01 1.303840735118914118e+01 1.306395964275125188e+01
1.294067598362937765e+01 1.295676347356975455e+01 1.291349314318836150e+01 1.291091518534284432e+01 1.293431361719052219e+01
1.281368077526654936e+01 1.282553040635080599e+01 1.278424503033274107e+01 1.278556648233114679e+01 1.280676290066476497e+01
1.268883749718921372e+01 1.269645317249245764e+01 1.265714388979749394e+01 1.266234556618497464e+01 1.268135510508402852e+01
1.256614421892437505e+01 1.256953218830087771e+01 1.253223989701990426e+01 1.254129169973800373e+01 1.255807884746791991e+01
1.244563612275836917e+01 1.244482610419964530e+01 1.240951853513735514e+01 1.242242307957867986e+01 1.243697378775999418e+01
1.232731666512558988e+01 1.232231897104490059e+01 1.228901529859726516e+01 1.230572234806519738e+01 1.231805716780064230e+01
1.221118066227617049e+01 1.220204574717326551e+01 1.217073266875241622e+01 1.219121746432681519e+01 1.220131276578283952e+01
1.209725778975630206e+01 1.208400910978141063e+01 1.205466719257360531e+01 1.207892226420230664e+01 1.208676843956858349e+01
1.198557466143440919e+01 1.196820667358759671e+01 1.194084647484947759e+01 1.196885913594949713e+01 1.197443855096493692e+01
1.187612956081927251e+01 1.185466347788296204e+01 1.182929375247399761e+01 1.186103058400516908e+01 1.186434431228882502e+01
1.176893423928280136e+01 1.174339820046652072e+01 1.172000796595792416e+01 1.175543719013263555e+01 1.175648761203887815e+01
1.166399647858031940e+01 1.163441469178456522e+01 1.161299954878293228e+01 1.165209846766926738e+01 1.165087246295015611e+01
1.156132334300029285e+01 1.152771699225780111e+01 1.150827821329300527e+01 1.155101844280567214e+01 1.154751625264252368e+01
1.146091952626289512e+01 1.142331567463128650e+01 1.140585222279347377e+01 1.145220656797029690e+01 1.144641967684523820e+01
1.136280734277275606e+01 1.132122740035907604e+01 1.130572232911757524e+01 1.135566578010888428e+01 1.134759574376405489e+01
1.126697357254742649e+01 1.122144198863723652e+01 1.120789314188424157e+01 1.126143968845199872e+01 1.125104537419493589e+01
1.117343635246090017e+01 1.112397496558874543e+01 1.111238610810442573e+01 1.116949163923030852e+01 1.115678075891664456e+01
1.108220163480187104e+01 1.102883204265092942e+01 1.101920392702267293e+01 1.107984360693410153e+01 1.106480944391747023e+01
1.099327315046157771e+01 1.093602539449024569e+01 1.092835849184159613e+01 1.099248049537167837e+01 1.097513348735398964e+01
1.090667322833547637e+01 1.084556069326807659e+01 1.083986320989392205e+01 1.090743296814542518e+01 1.088777252115293592e+01
1.082238565953978515e+01 1.075744670373873291e+01 1.075372186195437152e+01 1.082472645087670315e+01 1.080271021545905796e+01
1.074044969233728075e+01 1.067166412040138290e+01 1.066987947353396216e+01 1.074429526042959715e+01 1.071998390351514985e+01
1.066081818802062564e+01 1.058826820328369500e+01 1.058840658467781992e+01 1.066621243500062910e+01 1.063962450197179521e+01
1.058351423727386553e+01 1.050721531292274946e+01 1.050927538602222633e+01 1.059044567577718432e+01 1.056155118974704088e+01
1.050856339369885362e+01 1.042852266094778280e+01 1.043250715859048583e+01 1.051697766483255059e+01 1.048577328145796983e+01
1.043594737896539471e+01 1.035222405796604406e+01 1.035809163476501560e+01 1.044586262809780486e+01 1.041233323800150146e+01
1.036568073663149114e+01 1.027829118523061602e+01 1.028603198030798183e+01 1.037709081804318956e+01 1.034122619702885260e+01
1.029776124253214142e+01 1.020670383209044907e+01 1.021636822060260386e+01 1.031065961056203228e+01 1.027248560984785186e+01
1.023219000346209739e+01 1.013749626704935736e+01 1.014907691072551188e+01 1.024656755323026402e+01 1.020607834732597397e+01
1.016897385736296044e+01 1.007066875541733353e+01 1.008417077897729897e+01 1.018483941318251418e+01 1.014201549755002674e+01
1.010812422120234544e+01 1.000621528054391440e+01 1.002161656463055728e+01 1.012545159906407832e+01 1.008029232845710155e+01
1.004962682823448894e+01 9.944145402976287684e+00 9.961432548426762068e+00 1.006841982875508101e+01 1.002093360702173186e+01
9.993514831757398298e+00 9.884473908833960820e+00 9.903616740206622637e+00 1.001370298277579174e+01 9.963922504042944439e+00
9.939716883811602344e+00 9.827189593194809447e+00 9.848192957128830471e+00 9.961351775598485503e+00 9.909253166690303871e+00
9.888315248716008199e+00 9.772261565886633861e+00 9.795113554083094698e+00 9.911413906570754051e+00 9.856943173407422876e+00
9.839285923291866354e+00 9.719784014865812338e+00 9.744465496449675967e+00 9.863802660819480650e+00 9.807004682607047386e+00
9.792641240508663358e+00 9.669673407231357487e+00 9.696228588673209359e+00 9.818544429246690797e+00 9.759408917509592385e+00
9.748353238193891102e+00 9.621962183198316865e+00 9.650366838849754103e+00 9.775695450092232619e+00 9.714209381280490163e+00
9.706414925585429287e+00 9.576681762623465488e+00 9.606872177028298765e+00 9.735204671931553477e+00 9.671384667415241054e+00
9.666830461026744814e+00 9.533790043181502583e+00 9.565752200265485783e+00 9.697088728651017675e+00 9.630903154928558862e+00
9.629653919036609722e+00 9.493254041520001962e+00 9.527064175866916784e+00 9.661334426748998894e+00 9.592795249257436652e+00
9.594881510099831701e+00 9.455123651980178678e+00 9.490794733930115967e+00 9.627935370998255138e+00 9.557050419266783337e+00
9.562512679874163979e+00 9.419454544996314738e+00 9.456947235667948704e+00 9.596887927162232046e+00 9.523675385478220790e+00
9.532498736654375193e+00 9.386162337556639201e+00 9.425436387379434677e+00 9.568252064942333490e+00 9.492656482505667626e+00
9.504860339807363445e+00 9.355313155145866588e+00 9.396380157766257568e+00 9.541964530437310188e+00 9.464027597942498815e+00
9.479575673808900760e+00 9.326821750390321242e+00 9.369695329620808977e+00 9.518073178142419266e+00 9.437749933098116273e+00
9.456724584444154758e+00 9.300756725574068184e+00 9.345419946963259505e+00 9.496503547759779451e+00 9.413843098312300484e+00
9.436296255855465276e+00 9.277123133909972452e+00 9.323522621638971941e+00 9.477355768378906475e+00 9.392275885468507113e+00
9.418205770781305830e+00 9.255849396375007032e+00 9.304044773056059370e+00 9.460547566793874097e+00 9.373113415214172406e+00
9.402509071992149359e+00 9.236973876782879955e+00 9.287014426106660281e+00 9.446117559889209758e+00 9.356318147406165409e+00
9.389189360664229156e+00 9.220602001633340095e+00 9.272325450743615249e+00 9.434071915852381807e+00 9.341935610406276069e+00
9.378267765493511376e+00 9.206581562403597374e+00 9.260010614529521789e+00 9.424434101867538160e+00 9.329909875153179044e+00
9.369707926651813068e+00 9.194945068572025093e+00 9.250161983066803373e+00 9.417169025756859213e+00 9.320253249439890197e+00
9.363617380387859512e+00 9.185762904373730109e+00 9.242739925929379652e+00 9.412269440994906589e+00 9.312943161048274021e+00
9.359892324036021449e+00 9.178973219487394530e+00 9.237709696999075959e+00 9.409738303823191430e+00 9.308019042657077691e+00
9.358557132886865304e+00 9.174650794997960546e+00 9.235143449647409852e+00 9.409601989126855415e+00 9.305515659184303345e+00
9.359630577953765851e+00 9.172782780190106067e+00 9.234934903710222187e+00 9.411827295650565972e+00 9.305427790505055086e+00
9.363101898518850774e+00 9.173295706590392840e+00 9.237159814301998395e+00 9.416439926307001329e+00 9.307700038307768153e+00
9.368932010397069021e+00 9.176233085688453528e+00 9.241812155738369228e+00 9.423454645749885117e+00 9.312353354184693899e+00
9.377181879027476796e+00 9.181607395575177577e+00 9.248877491663870742e+00 9.432879267943299340e+00 9.319406014381963033e+00
9.387871349029408563e+00 9.189423696748209025e+00 9.258384027623520751e+00 9.444679636779243381e+00 9.328809856181802473e+00
9.400942960271356341e+00 9.199640608224109783e+00 9.270277919870110850e+00 9.458829436941657676e+00 9.340572857022211295e+00
9.416425682645254369e+00 9.212265377298759716e+00 9.284628459204496309e+00 9.475383034982076680e+00 9.354772519394098040e+00
9.434311426754856456e+00 9.227371624552432650e+00 9.301419940999284819e+00 9.494329526399864605e+00 9.371366641243925599e+00
9.454684474684480477e+00 9.244946619109287056e+00 9.320625145701093572e+00 9.515676184571079332e+00 9.390394702170111074e+00
9.477435627494813275e+00 9.264960824524516525e+00 9.342270550080591818e+00 9.539402408397531730e+00 9.411779887490940411e+00
9.502590940747911219e+00 9.287424860994548226e+00 9.366324399665968414e+00 9.565527087025717634e+00 9.435569460988714852e+00
9.530151353552001936e+00 9.312330827279989620e+00 9.392826709931089368e+00 9.594074036482403756e+00 9.461771001108134627e+00
9.560064823630955999e+00 9.339691869936388002e+00 9.421737499633453083e+00 9.624972131860028313e+00 9.490312631872154014e+00
9.592479836002786087e+00 9.369451010082238795e+00 9.453072808114459491e+00 9.658242165657897615e+00 9.521305717650848877e+00
9.627289828793772486e+00 9.401740029838716595e+00 9.486925433817607001e+00 9.693983124004189378e+00 9.554745934383479522e+00
9.664540833600058889e+00 9.436419111324124032e+00 9.523200754047751460e+00 9.732145602095799930e+00 9.590549979667086333e+00
9.704252057174960200e+00 9.473570730120034256e+00 9.561905324471545953e+00 9.772677187360503837e+00 9.628795877912313728e+00
9.746364673039391135e+00 9.513191531379550980e+00 9.603064616289616495e+00 9.815643896846738770e+00 9.669415592218710387e+00
