1.525915115196400684e+01 1.526050119589327814e+01 1.525436912550815549e+01 1.525845908601678858e+01 1.526751645893309828e+01
1.698026134466076797e+01 1.698276837776750625e+01 1.697068482685034141e+01 1.697872858511863825e+01 1.699668842409226954e+01
1.866408212436442327e+01 1.866756096423526756e+01 1.864970158858834637e+01 1.866156696921751745e+01 1.868827669270360303e+01
2.031139664496194897e+01 2.031566923483516973e+01 2.029220509232687064e+01 2.030776361431092170e+01 2.034307296443093804e+01
2.192299887931439883e+01 2.192789489653701906e+01 2.189899203773875414e+01 2.191811924009466850e+01 2.196188051363271043e+01
2.349966174354673498e+01 2.350501759843985994e+01 2.347083785933027400e+01 2.349341268878797706e+01 2.354548015027272356e+01
2.504216123030727204e+01 2.504782163287815422e+01 2.500852167136089932e+01 2.503442726049460276e+01 2.509465759266012341e+01
2.655121985521062911e+01 2.655703310103359982e+01 2.651276634706619006e+01 2.654188828195073668e+01 2.661014086373448606e+01
2.802759788219458059e+01 2.803342097046513359e+01 2.798433550666330660e+01 2.801656370620914061e+01 2.809270031938667245e+01
2.947197193533709125e+01 2.947766855728926672e+01 2.942390892112882028e+01 2.945913627939745894e+01 2.954301955091607468e+01
3.088506882664234254e+01 3.089050614784333604e+01 3.083221258431004941e+01 3.087033511468405678e+01 3.096183228946206611e+01
3.226753766430967829e+01 3.227259150349380690e+01 3.220990062854208702e+01 3.225081757799453896e+01 3.234979537974632535e+01
3.362006565208029940e+01 3.362461389609305229e+01 3.355765827767297793e+01 3.360127170369802485e+01 3.370760214484512574e+01
3.494328107325631549e+01 3.494721119782641949e+01 3.487611998210680042e+01 3.492233514544897588e+01 3.503588864397337233e+01
3.623783464172418434e+01 3.624103438661738608e+01 3.616593283654653845e+01 3.621465750850826737e+01 3.633531087559999406e+01
3.750433510146218907e+01 3.750670315278050992e+01 3.742771337011254928e+01 3.747885850615092806e+01 3.760648547617070392e+01
3.874339809668752821e+01 3.874483112291109421e+01 3.866207141076503007e+01 3.871555017706512558e+01 3.885003247869538257e+01
3.995561434271630930e+01 3.995602180275189852e+01 3.986960762064473585e+01 3.992533636466904312e+01 4.006655070269136587e+01
4.114158504373278902e+01 4.114085129300851662e+01 4.105089431050685533e+01 4.110879128950386985e+01 4.125664589632806667e+01
4.230185874379061062e+01 4.229987236211101020e+01 4.220644881100181323e+01 4.226641613222867022e+01 4.242087420179898061e+01
4.342894369757401307e+01 4.342570040523723662e+01 4.332862528814938230e+01 4.339086075058183667e+01 4.355105657573562183e+01
4.452368068095088205e+01 4.451852069787455690e+01 4.441770452343949671e+01 4.448241683919980005e+01 4.464807333731290839e+01
4.558680754274167413e+01 4.557925229482296459e+01 4.547460561550342817e+01 4.554200569892729078e+01 4.571266924111572649e+01
4.661904793157546578e+01 4.660873109151325622e+01 4.650000882550882864e+01 4.657049480905651961e+01 4.674560950247803959e+01
4.762112466739866790e+01 4.760769657826219969e+01 4.749476338018918398e+01 4.756840528890828779e+01 4.774760420337133837e+01
4.859367351703890137e+01 4.857684413191282857e+01 4.845955884668105540e+01 4.853654419418304400e+01 4.871938785598990052e+01
4.953746262626282260e+01 4.951686968133480349e+01 4.939509863666600609e+01 4.947559703945545095e+01 4.966161945445493586e+01
5.045311695409409225e+01 5.042842226139924122e+01 5.030199825060352481e+01 5.038621432666826649e+01 5.057505091267245234e+01
5.134132577091035188e+01 5.131219601333972946e+01 5.118103913007451666e+01 5.126909811602182288e+01 5.146025224632868600e+01
5.220265278730004610e+01 5.216882674383457186e+01 5.203276019985230505e+01 5.212488324835734232e+01 5.231814004239351590e+01
5.303773016312771205e+01 5.299908342167228170e+01 5.285801201835626983e+01 5.295417679714319092e+01 5.314916723684235222e+01
5.384706228739521805e+01 5.380338067717197958e+01 5.365726379332446072e+01 5.375778140062401889e+01 5.395374167279937438e+01
5.463157647663664562e+01 5.458241286144212268e+01 5.443089826411060272e+01 5.453611230139775046e+01 5.473291965926146929e+01
5.539158582807372255e+01 5.533659570788366722e+01 5.517986238337479676e+01 5.528956276241000012e+01 5.548712573918852797e+01
5.612769441429538375e+01 5.606677342954156984e+01 5.590467987181573761e+01 5.601893577132972979e+01 5.621686737068752393e+01
5.684058183789257157e+01 5.677355568652583884e+01 5.660564803262989386e+01 5.672490928688149836e+01 5.692277957897752572e+01
5.753074800895613805e+01 5.745732765697117372e+01 5.728375266508906094e+01 5.740793913664555248e+01 5.760545356876705370e+01
5.819868789956528587e+01 5.811862671935141123e+01 5.793940629039442314e+01 5.806855574619213911e+01 5.826525361283579230e+01
5.884481969240103894e+01 5.875788028912615601e+01 5.857267760336965523e+01 5.870708793470083720e+01 5.890258844860102982e+01
5.946992701086053046e+01 5.937579041536565683e+01 5.918465490417156616e+01 5.932441365480316620e+01 5.951844186820221694e+01
6.006504844488860329e+01 5.996391796095407045e+01 5.976623102001083510e+01 5.991160414922389066e+01 6.010355497028196936e+01
6.062177575549109321e+01 6.051366268650173197e+01 6.030963328602485518e+01 6.045979583285385672e+01 6.064939300481275808e+01
6.113282286727753956e+01 6.101750360423086050e+01 6.080675800234669026e+01 6.096114565500487714e+01 6.114795674455294261e+01
6.159105173028002156e+01 6.146846699469838882e+01 6.125073012416414997e+01 6.140895519622248599e+01 6.159262837410842195e+01
6.199161916438626463e+01 6.186222839745056490e+01 6.163758589565316015e+01 6.179797490528074633e+01 6.197829857559511169e+01
6.233085348814734772e+01 6.219482797003368546e+01 6.196297720268950826e+01 6.212450250745099822e+01 6.230116705094945218e+01
6.260637173460751370e+01 6.246420036279402410e+01 6.222513455935682458e+01 6.238611658707321084e+01 6.255865377109626735e+01
6.281684937119558043e+01 6.266935937978401938e+01 6.242272029155189017e+01 6.258177860769032463e+01 6.275020590334730031e+01
6.296233934522543763e+01 6.280983914883031360e+01 6.255565537250109998e+01 6.271087606511836299e+01 6.287553687363449484e+01
6.304313713869922964e+01 6.288650880665609577e+01 6.262444496281599982e+01 6.277412927766371098e+01 6.293515315517264241e+01
6.306092154366958624e+01 6.290087963617460787e+01 6.263099741121836672e+01 6.277382730469221883e+01 6.293086753856727000e+01
6.301774092565941032e+01 6.285484685101337732e+01 6.257673328173151361e+01 6.271136797469467439e+01 6.286450592936587611e+01
6.291519043310228909e+01 6.275043629657741207e+01 6.246414496687324203e+01 6.258929107155902472e+01 6.273858436738715483e+01
6.275632008916313254e+01 6.259057542494067405e+01 6.229593477648481326e+01 6.241043968127194574e+01 6.255591032562299603e+01
6.254404446528242545e+01 6.237757664451837769e+01 6.207499797688582532e+01 6.217772591608130028e+01 6.231928133227497568e+01
6.228088904397258574e+01 6.211507066918828457e+01 6.180423610477225793e+01 6.189425302887294578e+01 6.203231324460583096e+01
6.197029061531250704e+01 6.180560194032013754e+01 6.148681812397531132e+01 6.156280211533921687e+01 6.169784904440372486e+01
6.161523149362861318e+01 6.145268452016614447e+01 6.112589604219868988e+01 6.118744823704756897e+01 6.131895469911054164e+01
6.121908478436450451e+01 6.105907700203687938e+01 6.072458319540361771e+01 6.077076861538669306e+01 6.089929206320382349e+01
6.078471109700889485e+01 6.062793586299434878e+01 6.028546396582650857e+01 6.031643595153305171e+01 6.044162107057354660e+01
6.031507192195655875e+01 6.016190427398829144e+01 5.981197950136556329e+01 5.982735993643926520e+01 5.994937764466772023e+01
5.981307866021635533e+01 5.966408193293051454e+01 5.930723399654062433e+01 5.930595436788054542e+01 5.942497779910040379e+01
5.928192269394355662e+01 5.913692961381092772e+01 5.877315718714778114e+01 5.875605441237411242e+01 5.887210114976861774e+01
5.872389249418520762e+01 5.858363406567934817e+01 5.821306626808824092e+01 5.817984365301750671e+01 5.829314167483967424e+01
5.814187224268867027e+01 5.800648211588362102e+01 5.762956766931417718e+01 5.758012678705262033e+01 5.769071788825547742e+01
5.753811635010765002e+01 5.740791721942886738e+01 5.702511284278489967e+01 5.695926087670858351e+01 5.706729595897272134e+01
5.691493446278960988e+01 5.678971337100743710e+01 5.640152888143179410e+01 5.631979136271553443e+01 5.642499866542590325e+01
5.627461149317559830e+01 5.615463895182585929e+01 5.576082389277247842e+01 5.566386990818076441e+01 5.576637689020872557e+01
5.561881788034447283e+01 5.550431529752491855e+01 5.510563679844514695e+01 5.499347180950510250e+01 5.509349070777190605e+01
5.494979978885104543e+01 5.484109933886264088e+01 5.443713477730923955e+01 5.431043342279382102e+01 5.440816021421569815e+01
5.426963340855404994e+01 5.416628514106626113e+01 5.375800768929256890e+01 5.361700937332372519e+01 5.371197130673601094e+01
5.357933335871200597e+01 5.348144933344355678e+01 5.306932384012402082e+01 5.291448453605580937e+01 5.300676903853789668e+01
5.288106269688489647e+01 5.278870249103398038e+01 5.237286825309848126e+01 5.220449533195003511e+01 5.229454363900973135e+01
5.217593351838571891e+01 5.208922302301009211e+01 5.167005420522297499e+01 5.148857364815828674e+01 5.157627078120363251e+01
5.146539174809578299e+01 5.138424597495716029e+01 5.096219504246014509e+01 5.076838256054150378e+01 5.085362370807999355e+01
5.075113807870186378e+01 5.067494442596008497e+01 5.025051088431473545e+01 5.004435946249427758e+01 5.012800998506275363e+01
5.003366282768923412e+01 4.996239286028510662e+01 4.953614378673714214e+01 4.931820595987805689e+01 4.939999762364226399e+01
4.931418530091223573e+01 4.924846068425868850e+01 4.882015831370382841e+01 4.859103350765606422e+01 4.867113552043608138e+01
4.859398793146306872e+01 4.853332855441087901e+01 4.810354140107762078e+01 4.786350061267066280e+01 4.794175656851377454e+01
4.787402549685350550e+01 4.781819175924278653e+01 4.738703762775749340e+01 4.713677543794795355e+01 4.721311815825556124e+01
4.715486103731587519e+01 4.710374216148350257e+01 4.667183400750995759e+01 4.641185851187202616e+01 4.648610045956426262e+01
4.643763053127378271e+01 4.639093504233817100e+01 4.595830591540975263e+01 4.568911688870743859e+01 4.576156428192856396e+01
4.572260145886500737e+01 4.568025557872050513e+01 4.524738774681171094e+01 4.496943540273564821e+01 4.504018022205827521e+01
4.501055768362458309e+01 4.497249810820777327e+01 4.453981016554610761e+01 4.425338303305960608e+01 4.432243672597176243e+01
4.430219169312425720e+01 4.426826362687863536e+01 4.383612177276756938e+01 4.354144025375085647e+01 4.360889694817905848e+01
4.359819666634096791e+01 4.356828687327817562e+01 4.313634580297441090e+01 4.283439874403502756e+01 4.290001400923772223e+01
4.289873404699664405e+01 4.287308012986316186e+01 4.244121227139714136e+01 4.213248958837839098e+01 4.219636457102869542e+01
4.220439552574821107e+01 4.218249870708835658e+01 4.175136525891338835e+01 4.143617474331341555e+01 4.149860813402525395e+01
4.151558422687694616e+01 4.149726302020121693e+01 4.106727268701577316e+01 4.074597423820003428e+01 4.080673155627309256e+01
4.083265860235545119e+01 4.081793078641708661e+01 4.038910263670616274e+01 4.006174302845585089e+01 4.012142364878351231e+01
4.015620118895360946e+01 4.014469386990374744e+01 3.971724851277627266e+01 3.938437946501000653e+01 3.944289553096617595e+01
3.948619305334143093e+01 3.947787211584149958e+01 3.905205387340783574e+01 3.871387182098256829e+01 3.877136716637271263e+01
3.882276420708202380e+01 3.881784976012755095e+01 3.839374588158760560e+01 3.805086155360498168e+01 3.810707693879537317e+01
3.816642738435399451e+01 3.816479631965404451e+01 3.774231693258649045e+01 3.739544698573067905e+01 3.745031851597741479e+01
3.751738010268069701e+01 3.751873052792429775e+01 3.709829502840243265e+01 3.674742282619251910e+01 3.680119019135068470e+01
3.687582708521303232e+01 3.688010090503855309e+01 3.646168106471480996e+01 3.610718800139168394e+01 3.615992194981481589e+01
3.624195533396460434e+01 3.624878262304825682e+01 3.583275319330871156e+01 3.547490976719727485e+01 3.552640367881112837e+01
3.561574702755746813e+01 3.562516143856596074e+01 3.521148731699557288e+01 3.485082786105225949e+01 3.490109809034208155e+01
3.499754984815249514e+01 3.500938531255803809e+01 3.459820403592561178e+01 3.423471696407099785e+01 3.428397965744886733e+01
3.438707830283663469e+01 3.440155341227704611e+01 3.399264373125821237e+01 3.362672162556121691e+01 3.367525578174478085e+01
3.378456739832680711e+01 3.380150499107678286e+01 3.339503268899007082e+01 3.302723577781221564e+01 3.307475075672873288e+01
3.319038816479729093e+01 3.320940680138821222e+01 3.280573109631280460e+01 3.243621091349491792e+01 3.248272151898531490e+01
3.260443519889506803e+01 3.262543206225571168e+01 3.222465548453692463e+01 3.185346819296246679e+01 3.189906961108223626e+01
3.202677648339592764e+01 3.204954142641627612e+01 3.165183767570367124e+01 3.127900647219508912e+01 3.132379639555834672e+01
3.145728414135882289e+01 3.148165599281846028e+01 3.108716433184876138e+01 3.071314819795350104e+01 3.075707814894736458e+01
3.089596886717005830e+01 3.092206376258687683e+01 3.053063793091100209e+01 3.015571337471562430e+01 3.019875032503154699e+01
3.034285341769214739e+01 3.037068630228084487e+01 2.998228616876035346e+01 2.960666389590588565e+01 2.964889898466281082e+01
2.979812399296928405e+01 2.982744640721741547e+01 2.944228773556456602e+01 2.906613376531330672e+01 2.910754004064067502e+01
2.926156148182293393e+01 2.929240876120727677e+01 2.891046235986446789e+01 2.853398402887323826e+01 2.857455142389802560e+01
2.873307794612112431e+01 2.876540760430554400e+01 2.838674620678576588e+01 2.801018965485249268e+01 2.804993480241271442e+01
2.821291543793244117e+01 2.824655858210222092e+01 2.787125352198294692e+01 2.749469041226239696e+01 2.753362701399632684e+01
2.770089312862548425e+01 2.773578772605545595e+01 2.736377087343214143e+01 2.698745211612516215e+01 2.702561875390417967e+01
2.719692105079702671e+01 2.723303742844852238e+01 2.686440084537829875e+01 2.648844858025622528e+01 2.652587230417823605e+01
2.670099518329859833e+01 2.673816779158019230e+01 2.637301913905579198e+01 2.599763237567365337e+01 2.603433658295411135e+01
2.621308418421609332e+01 2.625130632791683283e+01 2.588960621348271118e+01 2.551494462918531525e+01 2.555088522524197003e+01
2.573313670596655456e+01 2.577227383508628122e+01 2.541411236259930462e+01 2.504025710064782118e+01 2.507551311522972881e+01
2.526102532725833072e+01 2.530116484540876698e+01 2.494643373262625730e+01 2.457355206653357271e+01 2.460815685127685626e+01
2.479674114847865951e+01 2.483780462433053060e+01 2.448653875438585814e+01 2.411476572281859987e+01 2.414869630191481065e+01
2.434022524452461766e+01 2.438216884708592147e+01 2.403436417665514924e+01 2.366381665534450462e+01 2.369707213725793338e+01
2.389140056378851895e+01 2.393409919428103194e+01 2.358983216543736816e+01 2.322057245259308189e+01 2.325322124958372072e+01
2.345013532757497998e+01 2.349360385993978539e+01 2.315286060592500661e+01 2.278496312010422997e+01 2.281700475950202645e+01
2.301637225753319882e+01 2.306056094926797684e+01 2.272336236441078228e+01 2.235696565725364948e+01 2.238840187220847611e+01
2.259004261449770468e+01 2.263491761879098974e+01 2.230124481829676952e+01 2.193652553949511486e+01 2.196737196350061083e+01
2.217110704350612238e+01 2.221656157447033664e+01 2.188640903586106390e+01 2.152341252968561491e+01 2.155368932146007310e+01
2.175950809458432289e+01 2.180544393192170816e+01 2.147881492285166871e+01 2.111760674902077284e+01 2.114734393478848418e+01
2.135502235903734558e+01 2.140153626819441257e+01 2.107840593350078251e+01 2.071898914054444418e+01 2.074820400975598034e+01
2.095766120173987446e+01 2.100460481577513150e+01 2.068495099832822604e+01 2.032751265389185491e+01 2.035619189235074344e+01
2.056728680476224369e+01 2.061464771807015595e+01 2.029854135775047652e+01 1.994307778603038983e+01 1.997127262461499697e+01
2.018383786060568141e+01 2.023157807530332164e+01 1.991899446768899651e+01 1.956556107041282289e+01 1.959324710687100435e+01
1.980722509229337192e+01 1.985537297857993977e+01 1.954627196911377496e+01 1.919490520212290008e+01 1.922211764914576548e+01
1.943732609613897822e+01 1.948583923006430751e+01 1.918021264880382759e+01 1.883098582402613985e+01 1.885770515460344043e+01
1.907409383260136693e+01 1.912292761112627915e+01 1.882077778054227934e+01 1.847376081363976041e+01 1.849997502528431070e+01
1.871740266838735423e+01 1.876654594796582742e+01 1.846783592944503738e+01 1.812311372100066720e+01 1.814882625760619561e+01
1.836723478396382347e+01 1.841663695214856133e+01 1.812133937326498057e+01 1.777887564918306751e+01 1.780414103055520769e+01
1.802340441970699914e+01 1.807305143028203531e+01 1.778121947727197139e+01 1.744103343269934570e+01 1.746583471560900236e+01
1.768590639521815078e+01 1.773574911560894307e+01 1.744730669129975453e+01 1.710952065227507291e+01 1.713383464147466384e+01
1.735459425086455454e+01 1.740463476358239348e+01 1.711955325010043794e+01 1.678416585339443756e+01 1.680807649414303739e+01
1.702939923713589465e+01 1.707959902204039793e+01 1.679789408467194889e+01 1.646488177317781165e+01 1.648838872296160574e+01
1.671025978642968823e+01 1.676055724447353512e+01 1.648217123554220720e+01 1.615159508848796222e+01 1.617467977762246178e+01
1.639702940423722310e+01 1.644747542806696217e+01 1.617230877476890072e+01 1.584424904517843125e+01 1.586693585986889055e+01
1.608964618348661801e+01 1.614019884307075259e+01 1.586829698630570995e+01 1.554274278237007678e+01 1.556500878093585882e+01
1.578802303509226235e+01 1.583868990106724972e+01 1.556999438845678441e+01 1.524697667810242763e+01 1.526882576453372131e+01
1.549208139759283043e+01 1.554281363063484811e+01 1.527732401977854870e+01 1.495684811051902408e+01 1.497829648960025217e+01
1.520173888218109326e+01 1.525251694125506674e+01 1.499020550378853045e+01 1.467228826092082805e+01 1.469336231888289568e+01
1.491689079435322007e+01 1.496770603278110556e+01 1.470854370123218935e+01 1.439319997227635461e+01 1.441389664162195672e+01
1.463745562746072615e+01 1.468833255162415874e+01 1.443224388455831964e+01 1.411951047916859103e+01 1.413982973225219730e+01
1.436333514056964766e+01 1.441425657422224127e+01 1.416125877542372713e+01 1.385109299139303118e+01 1.387108077291609831e+01
1.409448349903305164e+01 1.414540863297539630e+01 1.389546719246022377e+01 1.358790184684637126e+01 1.360755123643542142e+01
1.383078420178434698e+01 1.388170897222970623e+01 1.363481348650128844e+01 1.332984861689172718e+01 1.334916742064085682e+01
1.357218300714868775e+01 1.362310287316244661e+01 1.337922585419405053e+01 1.307685337522986480e+01 1.309584314987870712e+01
1.331862160512412530e+01 1.336951957786461342e+01 1.312859019899132207e+01 1.282882710864547882e+01 1.284747311714283491e+01
1.306998408257814859e+01 1.312084394441853341e+01 1.288287586620724312e+01 1.258569570503658674e+01 1.260402620642411087e+01
1.282620434571253476e+01 1.287705152674142539e+01 1.264198144476500119e+01 1.234738438164148988e+01 1.236538392962231825e+01
1.258721782760477836e+01 1.263803762028328848e+01 1.240583884131314818e+01 1.211381414824369607e+01 1.213150424658674176e+01
1.235292570576427806e+01 1.240373769375794666e+01 1.217435281333479757e+01 1.188489027911599116e+01 1.190229368697248091e+01
1.212327494100792080e+01 1.217405852122948318e+01 1.194746523628737656e+01 1.166056005258889350e+01 1.167766801992181414e+01
1.189819884978638775e+01 1.194892013126542807e+01 1.172509534471484471e+01 1.144075957708387747e+01 1.145756809393743048e+01
1.167760313214705192e+01 1.172828383742020364e+01 1.150718656558762554e+01 1.122539775991094047e+01 1.124191089495001883e+01
1.146143758106860844e+01 1.151206254114784144e+01 1.129365161199149092e+01 1.101440543164466312e+01 1.103062786800739659e+01
1.124962959416162889e+01 1.130019074809998791e+01 1.108442938323197602e+01 1.080772169661204352e+01 1.082365593662305159e+01
1.104209898995985561e+01 1.109260657432027131e+01 1.087946159981997418e+01 1.060527930227569549e+01 1.062092868139049884e+01
1.083878892345366829e+01 1.088923462760241634e+01 1.067867328366836688e+01 1.040700569735059489e+01 1.042237432508558115e+01
1.063963298113594824e+01 1.069002372936350476e+01 1.048199858263086703e+01 1.021283193362653208e+01 1.022792221164179338e+01
1.044456439214565080e+01 1.049490602900673508e+01 1.028937932291639257e+01 1.002269313445844112e+01 1.003750697836699324e+01
1.025351968162770966e+01 1.030381164830412999e+01 1.010075471452149820e+01 9.836529857407235511e+00 9.851069162288180081e+00
1.006644161418247663e+01 1.011668478207028876e+01 9.916060857047350297e+00 9.654270024918208293e+00 9.668536592820764497e+00
9.883263874248923386e+00 9.933460438980420193e+00 9.735223446615272280e+00 9.475862235250016141e+00 9.489858694698536823e+00
9.703933017984262221e+00 9.754079255975256046e+00 9.558201629824395695e+00 9.301240323044448033e+00 9.314973654128804625e+00
9.528384145491418877e+00 9.578489171125616153e+00 9.384933117994810559e+00 9.130350718437016511e+00 9.143815428995718975e+00
9.356564899313791983e+00 9.406628514997878554e+00 9.215354436675962546e+00 8.963130777631057811e+00 8.976328152940338256e+00
9.188413164012796841e+00 9.238446185480547967e+00 9.049411278692996774e+00 8.799524969278026632e+00 8.812458283887309562e+00
9.023878089169391714e+00 9.073883795196277191e+00 8.887050447282938137e+00 8.639476551282415429e+00 8.652147640244967519e+00
8.862903020122274711e+00 8.912887309575564743e+00 8.728216520888311791e+00 8.482931392117702529e+00 8.495342274925087978e+00
8.705435482837401651e+00 8.755403896024278154e+00 8.572855189499620110e+00 8.329838608864880811e+00 8.341986136663424034e+00
8.551427281637604239e+00 8.601380982956548849e+00 8.420918979526764048e+00 8.180145721176593554e+00 8.192026182383253641e+00
8.400828529779408527e+00 8.450768121486515128e+00 8.272357468010852699e+00 8.033799547438716715e+00 8.045413647039937999e+00
8.253573500629652671e+00 8.303521207400178739e+00 8.127108682380566052e+00 7.890746070746548213e+00 7.902095075303146032e+00
8.109629306166326046e+00 8.159588572150081376e+00 7.985132311308074549e+00 7.750939947461042756e+00 7.762014549101417415e+00
7.968938329669448706e+00 8.018918595712154485e+00 7.846394146950385284e+00 7.614317059577648372e+00 7.625140201426259701e+00
7.831445502217549759e+00 7.881463257830811031e+00 7.710825418043513402e+00 7.480829385122376607e+00 7.491416184049978000e+00
7.697123838917062422e+00 7.747177511941965911e+00 7.578375257685806332e+00 7.350440003984115123e+00 7.360787361558537967e+00
7.565919484138855289e+00 7.616010439962046519e+00 7.448995029331888063e+00 7.223112667116775576e+00 7.233217217870481441e+00
7.437778205509671281e+00 7.487930783695773584e+00 7.322654484171714273e+00 7.098786647576947217e+00 7.108641610324837323e+00
7.312669236390534344e+00 7.362876079526243345e+00 7.199323128616753387e+00 6.977428254222525439e+00 6.987040124582519773e+00
7.190531104879158697e+00 7.240825214820945099e+00 7.078940380341139260e+00 6.858990612603462544e+00 6.868361017426680704e+00
7.071347592542409188e+00 7.121716188856559882e+00 6.961484905525377798e+00 6.743421234877819970e+00 6.752556150032078541e+00
6.955070725688409006e+00 7.005537048476949025e+00 6.846903696168295639e+00 6.630689839560847787e+00 6.639600934182973369e+00
6.841656276281685933e+00 6.892240993847040365e+00 6.735153332479760557e+00 6.520740128223653898e+00 6.529419494176353034e+00
6.731037823024493605e+00 6.781741119742089374e+00 6.626165660505333399e+00 6.413559999406558632e+00 6.421970409055943740e+00
6.623176936384870928e+00 6.674020346812834958e+00 6.519904463322659716e+00 6.309106842588606767e+00 6.317239830916338228e+00
6.518070122100974473e+00 6.569107238796788373e+00 6.416365019328826413e+00 6.207291035845074134e+00 6.215180988917190952e+00
6.415668826814767911e+00 6.466881025690883078e+00 6.315500200193760350e+00 6.108081025562728250e+00 6.115741003454558289e+00
6.315932193009713203e+00 6.367321262221273592e+00 6.217267693563046649e+00 6.011494671793551348e+00 6.018941934603867061e+00
6.218817415665933268e+00 6.270427822970791709e+00 6.121628329954633685e+00 5.917493867318443179e+00 5.924734550689673362e+00
6.124321594422154291e+00 6.176153976395793777e+00 6.028574991623955270e+00 5.825998025768348576e+00 5.833037618045531225e+00
6.032411691597049597e+00 6.084410562034636705e+00 5.938077626864298963e+00 5.736977509959653609e+00 5.743819451591380520e+00
5.942977450602615619e+00 5.995214378472258687e+00 5.850027857085375871e+00 5.650405285892420082e+00 5.657039308441893510e+00
5.856045101814780551e+00 5.908544335008617310e+00 5.764448730672465437e+00 5.566285648767310690e+00 5.572677694604014853e+00
5.771584393901992627e+00 5.824319997580287733e+00 5.681311279888621613e+00 5.484516892001463084e+00 5.490757720779119389e+00
5.689536477178420704e+00 5.742587011448184953e+00 5.600559918397182813e+00 5.405141724176245610e+00 5.411160557006609473e+00
5.609875669264290821e+00 5.663216260833918270e+00 5.522165799034940648e+00 5.328049126003675084e+00 5.333907203738013081e+00
5.532582046353874183e+00 5.586211467554454302e+00 5.446107219361170593e+00 5.253272492585464803e+00 5.258940793795666480e+00
5.457625300086945686e+00 5.511577988476187961e+00 5.372354365220114225e+00 5.180737291252623500e+00 5.186265715302049273e+00
5.384959541189775045e+00 5.439270706738760452e+00 5.300862113024262356e+00 5.110421486499854282e+00 5.115801590453294523e+00
5.314570897488814616e+00 5.369250300310230095e+00 5.231618293703864886e+00 5.042339941186474661e+00 5.047544911931292511e+00
5.246452427092313187e+00 5.301487981722950771e+00 5.164612202243164418e+00 4.976413984060926943e+00 4.981464608760728829e+00
5.180546973283679080e+00 5.235983174730087342e+00 5.099790578223959869e+00 4.912646310673337346e+00 4.917559012334058011e+00
5.116837061233104222e+00 5.172672801464645254e+00 5.037133325472655798e+00 4.850974397508318603e+00 4.855765653250394109e+00
5.055310059952360824e+00 5.111555049738123024e+00 4.976629571398869523e+00 4.791393467943656503e+00 4.796083156265051883e+00
4.995911211605096547e+00 5.052595433963865901e+00 4.918219967263720349e+00 4.733886037057709828e+00 4.738474787042952663e+00
4.938633478439887980e+00 4.995779805252074546e+00 4.861901854315020977e+00 4.678431269538620541e+00 4.682928908804494306e+00
4.883445842590659502e+00 4.941064869154661920e+00 4.807643515651043309e+00 4.624974962220824715e+00 4.629401618794497963e+00
4.830340724042610390e+00 4.888446375281978895e+00 4.755433146244374853e+00 4.573545862261565453e+00 4.577883675018096454e+00
4.779283245206459974e+00 4.837898496637080825e+00 4.705239673507739973e+00 4.524060740920732293e+00 4.528347581248557852e+00
4.730264168912261091e+00 4.789396711451754385e+00 4.657052124235656620e+00 4.476530309404741281e+00 4.480775360070306412e+00
4.683252184381640149e+00 4.742932993167118916e+00 4.610838044359645949e+00 4.430908802302711891e+00 4.435142850478567489e+00
4.638235105928109725e+00 4.698475828148295008e+00 4.566585570913266778e+00 4.387210082028640379e+00 4.391451654285590145e+00
4.595176715814331736e+00 4.655995602805171885e+00 4.524258908782139876e+00 4.345413224541059272e+00 4.349652117172353449e+00
4.554074331263305631e+00 4.615458951561477896e+00 4.483874176025307356e+00 4.305486983607258900e+00 4.309752124068508827e+00
4.514884342915168602e+00 4.576879684427408002e+00 4.445360944625745603e+00 4.267424938125249589e+00 4.271714277205052035e+00
4.477590834469524772e+00 4.540244848992634807e+00 4.408722319649084120e+00 4.231155908596600845e+00 4.235521578158207845e+00
4.442217182467167014e+00 4.505505126696830231e+00 4.373968821867628698e+00 4.196715051345753622e+00 4.201161028906317263e+00
4.408716894101274875e+00 4.472662222233892315e+00 4.341057081633016068e+00 4.164077964487026051e+00 4.168624149468724838e+00
4.377086870546639474e+00 4.441696286045038633e+00 4.309970009141685487e+00 4.133199668189690534e+00 4.137874462153073196e+00
4.347296463801619382e+00 4.412593689410345910e+00 4.280685838980107683e+00 4.104087855690734088e+00 4.108899605677857281e+00
4.319332553356234783e+00 4.385341045965008178e+00 4.253206381923504864e+00 4.076706840000510645e+00 4.081689094423484043e+00
4.293207223902363978e+00 4.359957896613810391e+00 4.227526589949301083e+00 4.051061998726603441e+00 4.056244727334695099e+00
4.268872584505971624e+00 4.336381508062297385e+00 4.203606880796596279e+00 4.027140319142878511e+00 4.032549834717371162e+00
4.246326530208150096e+00 4.314607881624485053e+00 4.181444767265136697e+00 4.004928230658550525e+00 4.010564985446254838e+00
4.225589593584600401e+00 4.294641884767773199e+00 4.161023957951257124e+00 3.984432737322512796e+00 3.990333695652618751e+00
4.206613317667490470e+00 4.276438902331761938e+00 4.142349857632314780e+00 3.965605908448365469e+00 3.971769821291646352e+00
4.189404576016346304e+00 4.260035785812632980e+00 4.125410154054433676e+00 3.948454917399638386e+00 3.954937566841119079e+00
4.173921691194338202e+00 4.245384847568630882e+00 4.110171410382886137e+00 3.932937767947073837e+00 3.939758699660925956e+00
4.160210079644382830e+00 4.232480030377221425e+00 4.096635650779891336e+00 3.919102274143702047e+00 3.926279758173551127e+00
4.148213615800476539e+00 4.221321799423177978e+00 4.084794604084973635e+00 3.906877629755486137e+00 3.914463797635064690e+00
4.137957819958614891e+00 4.211915363125211975e+00 4.074645224294486390e+00 3.896307687505512263e+00 3.904309502443329638e+00
4.129400627250164213e+00 4.204247301799391323e+00 4.066165725968437172e+00 3.887359781015859550e+00 3.895817127498589105e+00
4.122537040309041778e+00 4.198305942444296335e+00 4.059372755056633864e+00 3.880009227012322537e+00 3.888951295018296950e+00
4.117376988495321299e+00 4.194073645298804109e+00 4.054238043817916193e+00 3.874290786745743009e+00 3.883722152884733880e+00
4.113912503979928914e+00 4.191537097328703609e+00 4.050745036137447741e+00 3.870178688696851665e+00 3.880138761240468970e+00
4.112127105427165752e+00 4.190702429605439150e+00 4.048908629931349701e+00 3.867657571625425561e+00 3.878190978488567975e+00
4.112034724038997169e+00 4.191568659717368028e+00 4.048721031283160521e+00 3.866729524562307674e+00 3.877866618897250373e+00
4.113614065493478300e+00 4.194111663401130841e+00 4.050173234667611588e+00 3.867405860051910338e+00 3.879144606814371787e+00
4.116875479429297435e+00 4.198354591763889587e+00 4.053249516075517533e+00 3.869652582451807099e+00 3.882036375804991835e+00
4.121809411628458264e+00 4.204291006485884274e+00 4.057961328789851940e+00 3.873474523130213232e+00 3.886536204225366831e+00
4.128424591096790053e+00 4.211917420509637466e+00 4.064306971012940473e+00 3.878870288694006518e+00 3.892665608360702301e+00
4.136698973414035585e+00 4.221221030602730018e+00 4.072278461968797281e+00 3.885835060210567793e+00 3.900413014932734512e+00
4.146646111574700200e+00 4.232217225019026863e+00 4.081877202147870420e+00 3.894361931407588351e+00 3.909770506252481681e+00
4.158268764615160151e+00 4.244885058461042249e+00 4.093108934916737773e+00 3.904468202733151649e+00 3.920752190302732920e+00
4.171555815731990080e+00 4.259240841542080602e+00 4.105955643856336934e+00 3.916148445794453536e+00 3.933323028185760517e+00
4.186507335786317618e+00 4.275285550981737792e+00 4.120431325571862757e+00 3.929405506915446100e+00 3.947509994437913949e+00
4.203124127943326016e+00 4.293013204594503307e+00 4.136522568155819535e+00 3.944216722486608262e+00 3.963307173063514988e+00
4.221408404838713047e+00 4.312416043153823431e+00 4.154249687229107479e+00 3.960624825635279400e+00 3.980717915218679792e+00
4.241385270485373837e+00 4.333513242622898609e+00 4.173586926214724713e+00 3.978597970425340691e+00 3.999772997732055746e+00
4.263023040698372235e+00 4.356301103833062349e+00 4.194574227447818160e+00 3.998141831898770260e+00 4.020422069367566742e+00
4.286353861186980474e+00 4.380775340629625703e+00 4.217193810724952918e+00 4.019242938344405935e+00 4.042694531953841874e+00
4.311352530219346946e+00 4.406931720610692160e+00 4.241462047188972129e+00 4.041932365440477071e+00 4.066611413037124478e+00
4.338050480106521611e+00 4.434807728180011566e+00 4.267348507598764940e+00 4.066179676524383169e+00 4.092155253282633076e+00
4.366442002372107112e+00 4.464394224062646188e+00 4.294873144297245204e+00 4.092044784740793695e+00 4.119334445883040985e+00
4.396517790301906814e+00 4.495676390806645273e+00 4.324054381397322899e+00 4.119503112015348911e+00 4.148140004941968328e+00
4.428318276290683642e+00 4.528707148314432551e+00 4.354887953863512351e+00 4.148543982293247723e+00 4.178619629294392901e+00
4.461812755684155363e+00 4.563446189881394055e+00 4.387379507636808285e+00 4.179215681074881950e+00 4.210755230183417908e+00
4.497048497110385235e+00 4.599917441416788932e+00 4.421557940212740512e+00 4.211465173480926083e+00 4.244562466449624871e+00
4.534004143424970046e+00 4.638130418195128613e+00 4.457421932308498924e+00 4.245323489228442604e+00 4.280049259612487056e+00
4.572691379250337640e+00 4.678094309149389396e+00 4.494953228262140499e+00 4.280802993804694090e+00 4.317213784345083738e+00
4.613122717543290285e+00 4.719822124428422860e+00 4.534167262130668341e+00 4.317920926889726729e+00 4.356065492535733163e+00
4.655307955560473054e+00 4.763294925523475776e+00 4.575100667376013064e+00 4.356678252934921503e+00 4.396618562817580234e+00
4.699284351436594953e+00 4.808543877516914478e+00 4.617711689612182369e+00 4.397097149671547633e+00 4.438895652471292586e+00
4.745004116041004139e+00 4.855582531272256475e+00 4.662049724719259380e+00 4.439161013830077884e+00 4.482889281223616962e+00
4.792490322421000926e+00 4.904416217095642239e+00 4.708137291689954651e+00 4.482926241907674303e+00 4.528604680229919133e+00
4.841799168962931610e+00 4.955044139956162219e+00 4.755950075890654993e+00 4.528337386096191075e+00 4.576090265242394928e+00
4.892914439199111065e+00 5.007503801606394411e+00 4.805513952609275385e+00 4.575448191106699980e+00 4.625332919256085695e+00
4.945869264270725374e+00 5.061831065124645868e+00 4.856854525827262847e+00 4.624269963561751240e+00 4.676333163220742328e+00
5.000641801602867531e+00 5.117969330404815054e+00 4.909985392603582355e+00 4.674805972429686207e+00 4.729139260583324678e+00
5.057276631280960721e+00 5.175930180843058004e+00 4.964891745950003710e+00 4.727043042147716534e+00 4.783730026842438754e+00
5.115779439207726043e+00 5.235795238877481772e+00 5.021573858454893013e+00 4.781030674524864743e+00 4.840143143636150391e+00
5.176163534795708010e+00 5.297547281961282550e+00 5.080094859829373810e+00 4.836792302094516494e+00 4.898367697053669367e+00
5.238410942013937088e+00 5.361208184590696035e+00 5.140416995729727212e+00 4.894288203441298890e+00 4.958452693704578529e+00
5.302582973787059117e+00 5.426756927560579591e+00 5.202574212427273359e+00 4.953553238260949954e+00 5.020398336298766750e+00
5.368661898559380141e+00 5.494267784410825861e+00 5.266589240833615904e+00 5.014632668450295760e+00 5.084213740335463250e+00
5.436676297159103832e+00 5.563702666657543539e+00 5.332507675630446364e+00 5.077514973203276050e+00 5.149928713193073548e+00
5.506641998570619201e+00 5.635115161315210841e+00 5.400321337251698495e+00 5.142236329907875714e+00 5.217532998983472226e+00
