1.282774760605113329e+01
9.058865268781264746e+00
4.201905352022864193e+00
8.374049579041310531e-01
4.132737739480292660e+00
2.628073445825356291e+00
4.390434712698620956e+00
3.735398482271758525e+00
8.013315907477760902e+00
7.129523469699098115e+00
7.613993819508695360e+00
1.140157424285325849e+00
6.537785291759438344e+00
2.863493447620457211e+00
1.873519286931848882e+00
2.892226207525154524e-02
1.000000000000000056e-01
0.000000000000000000e+00
2.144058150600099688e-01
1.339640742297092402e-01
1.592132034030395785e-02
2.984260209296193955e-02
8.488154705135456113e-02
1.272610954719486515e-02
4.999997078652310023e+00
5.842695379598695010e-06
1.090530902803296343e+01
3.217325483615091741e+00
1.139116146718571443e+01
4.608914441235967274e+00
1.438867373535554495e-02
1.340673698830959458e-02
1.723287944419601558e+01
7.539665655519193876e+00
6.033123943414361534e+00
1.186444382726977498e+00
3.300369486829207055e+00
6.401241344012708057e-01
1.115498630538269524e-02
9.645338725367578331e-03
