7.325751389755719600e+00 4.678486464888920615e+00 9.586712021399758754e+00 4.534113736642148673e+00 5.646774683496547098e+00
7.843122068935597824e+00 4.875433872192929563e+00 9.613646839978052583e+00 5.812418952607778522e+00 6.276263108243369082e+00
8.353400611692750388e+00 5.072003224877091654e+00 9.639839404883472795e+00 7.053379557747595285e+00 6.889677158583787708e+00
8.856650809762683707e+00 5.268251485280954327e+00 9.665304846566412422e+00 8.262322489120110802e+00 7.487377791926391524e+00
9.352936539751603107e+00 5.463759731339074222e+00 9.690058168851129139e+00 9.434282256577924741e+00 8.069719400688196487e+00
9.842322047085334091e+00 5.657867940778067428e+00 9.714114089771822336e+00 1.056584256888140949e+01 8.637050461010723268e+00
1.032487184141965209e+01 5.849932100826026549e+00 9.737487240890262186e+00 1.165684385383552524e+01 9.189713319221739951e+00
1.080065062963353739e+01 6.039456540247086558e+00 9.760192008555771181e+00 1.270821070474222125e+01 9.728044190180614947e+00
1.126972328876578366e+01 6.226111098882356032e+00 9.782242702603449303e+00 1.372113885017785861e+01 1.025237322201822465e+01
1.173215476380755362e+01 6.409698243587897082e+00 9.803653379868157103e+00 1.469687624020488315e+01 1.076302457500408494e+01
1.218801018043500584e+01 6.590111990829610633e+00 9.824437925612246048e+00 1.563666456221949908e+01 1.126031648727842871e+01
1.263735473856511859e+01 6.767305414991576562e+00 9.844610054254856024e+00 1.654172067671305157e+01 1.174456130411459398e+01
1.308025361864446090e+01 6.941269963810261956e+00 9.864183299397963012e+00 1.741322847718004851e+01 1.221606557114394143e+01
1.351677215930427778e+01 7.112019017851581637e+00 9.883171015088825229e+00 1.825233789610980040e+01 1.267513006559401134e+01
1.394697569775274992e+01 7.279580353412283600e+00 9.901586372326450558e+00 1.906016524703141357e+01 1.312204986297910025e+01
1.437092940311859657e+01 7.443991099151878288e+00 9.919442333546934165e+00 1.983779380967368056e+01 1.355711444939556465e+01
1.478869878771661028e+01 7.605293188043982688e+00 9.936751692806359060e+00 2.058627363348565353e+01 1.398060762821343772e+01
1.520034888433666431e+01 7.763531736429567509e+00 9.953527070348817674e+00 2.130662271607104685e+01 1.439280777054747951e+01
1.560594498674732655e+01 7.918753890548444474e+00 9.969780902148972501e+00 2.199982775539695368e+01 1.479398774235686354e+01
1.600555226282057575e+01 8.071007801799899184e+00 9.985525311891544575e+00 2.266684506117320907e+01 1.518441489452945348e+01
1.639923554925283966e+01 8.220342093705202302e+00 1.000077238100928056e+01 2.330860117166316314e+01 1.556435150855122806e+01
1.678705990482332666e+01 8.366805251078032413e+00 1.001553396087527226e+01 2.392599337223167666e+01 1.593405429063812484e+01
1.716908996927052300e+01 8.510445672397105810e+00 1.002982169917865996e+01 2.451989052472744390e+01 1.629377506621449001e+01
1.754539040414587348e+01 8.651311596885230770e+00 1.004364694845104644e+01 2.509113387652951133e+01 1.664376035316976754e+01
1.791602571725037762e+01 8.789450936006565129e+00 1.005702100701389412e+01 2.564053780983124042e+01 1.698425169549802050e+01
1.828106008472165200e+01 8.924911143832732208e+00 1.006995493241795536e+01 2.616889049878811235e+01 1.731548566139341006e+01
1.864055772369059127e+01 9.057739137567226706e+00 1.008245957556069783e+01 2.667695476944538058e+01 1.763769386293546404e+01
1.899458244577019883e+01 9.187981340659638008e+00 1.009454556849948936e+01 2.716546852119950017e+01 1.795110305777837212e+01
1.934319796119607915e+01 9.315683440097522805e+00 1.010622339078160792e+01 2.763514575660344974e+01 1.825593522853396777e+01
1.968646777782645785e+01 9.440890576831488801e+00 1.011750331084549792e+01 2.808667678884842189e+01 1.855240762461111004e+01
2.002445499751322444e+01 9.563647291512923587e+00 1.012839541926205911e+01 2.852072930064337797e+01 1.884073284633034362e+01
2.035722268783499800e+01 9.683997622652956494e+00 1.013890961689757830e+01 2.893794865671749861e+01 1.912111896055685989e+01
2.068483346817350466e+01 9.801985001475213011e+00 1.014905558993257806e+01 2.933895873729782977e+01 1.939376944909680844e+01
2.100734975933013615e+01 9.917652272196995966e+00 1.015884284070645904e+01 2.972436246242336466e+01 1.965888334308549545e+01
2.132483373716429043e+01 1.003104160107396403e+01 1.016828073994283166e+01 3.009474242535421951e+01 1.991665539161234477e+01
2.163734711863616766e+01 1.014219468819062797e+01 1.017737843733934255e+01 3.045066152813855709e+01 2.016727605032847137e+01
2.194495150228781455e+01 1.025115246599630758e+01 1.018614487123663004e+01 3.079266342731702011e+01 2.041093140365250491e+01
2.224770802027505567e+01 1.035795542106057709e+01 1.019458880672002010e+01 3.112127327675665356e+01 2.064780339805877318e+01
2.254567752106952483e+01 1.046264337488322482e+01 1.020271892817918058e+01 3.143699806967491739e+01 2.087807005852908304e+01
2.283892056582820018e+01 1.056525554650574961e+01 1.021054363333674431e+01 3.174032736947116362e+01 2.110190523894380021e+01
2.312749722373650130e+01 1.066583059438426417e+01 1.021807115462515192e+01 3.203173365288979824e+01 2.131947882285928486e+01
2.341146736800080319e+01 1.076440659503174757e+01 1.022530955720591095e+01 3.231167297683676054e+01 2.153095682604856620e+01
2.369089039049041290e+01 1.086102101450572732e+01 1.023226685200410735e+01 3.258058535740228479e+01 2.173650150879306153e+01
2.396582533228630041e+01 1.095571080470890912e+01 1.023895072030104814e+01 3.283889535311472940e+01 2.193627130411093162e+01
2.423633090835707904e+01 1.104851229545448277e+01 1.024536871913602987e+01 3.308701247847989890e+01 2.213042098768088550e+01
2.450246531631836433e+01 1.113946128223567733e+01 1.025152826007589191e+01 3.332533170660094868e+01 2.231910169817152223e+01
2.476428649247402092e+01 1.122859301807074139e+01 1.025743667903546452e+01 3.355423391821624790e+01 2.250246097525321076e+01
2.502185187948186140e+01 1.131594216289058963e+01 1.026310100059479602e+01 3.377408631192889032e+01 2.268064294106800816e+01
2.527521851672613806e+01 1.140154288718260389e+01 1.026852813196512493e+01 3.398524290695151251e+01 2.285378827339361507e+01
2.552444308217704361e+01 1.148542875671579289e+01 1.027372487316132776e+01 3.418804485499823187e+01 2.302203422798781673e+01
2.576958172151904947e+01 1.156763285380691997e+01 1.027869790814393980e+01 3.438282098456593872e+01 2.318551475905784542e+01
2.601069026187338906e+01 1.164818769398669929e+01 1.028345364452475685e+01 3.456988805500392914e+01 2.334436064584087589e+01
2.624782402887813504e+01 1.172712527186615006e+01 1.028799837567724040e+01 3.474955128600493026e+01 2.349869947177097274e+01
2.648103790569106764e+01 1.180447708533728779e+01 1.029233833369851681e+01 3.492210460587632781e+01 2.364865562206999172e+01
2.671038638201934390e+01 1.188027406904863525e+01 1.029647957378755585e+01 3.508783113833025880e+01 2.379435050050150835e+01
2.693592340676076446e+01 1.195454674037457110e+01 1.030042792888971448e+01 3.524700345623963926e+01 2.393590252057316903e+01
2.715770256317221509e+01 1.202732501391018971e+01 1.030418911584857966e+01 3.539988401807724472e+01 2.407342715363796870e+01
2.737577693062515749e+01 1.209863830450144562e+01 1.030776884190454012e+01 3.554672543804719709e+01 2.420703690693668264e+01
2.759019912003578767e+01 1.216851557879800794e+01 1.031117255835244251e+01 3.568777086076804750e+01 2.433684158575904277e+01
2.780102131894824424e+01 1.223698538141616865e+01 1.031440556612475667e+01 3.582325426234708488e+01 2.446294821015248999e+01
2.800829517630433685e+01 1.230407561046929565e+01 1.031747304307473101e+01 3.595340074987156243e+01 2.458546107211524756e+01
2.821207193554961279e+01 1.236981371664482765e+01 1.032038021343938539e+01 3.607842690724709911e+01 2.470448175583263506e+01
2.841240233209751764e+01 1.243422681665449581e+01 1.032313195140735473e+01 3.619854101290760440e+01 2.482010937127506978e+01
2.860933661363202773e+01 1.249734147724596056e+01 1.032573306765416632e+01 3.631394342615047321e+01 2.493244046660228719e+01
2.880292458349749651e+01 1.255918375220667116e+01 1.032818825769711246e+01 3.642482674955261501e+01 2.504156903244534149e+01
2.899321551398351815e+01 1.261977926837770703e+01 1.033050220701284694e+01 3.653137621011954650e+01 2.514758664219766615e+01
2.918025823722068779e+01 1.267915330385938155e+01 1.033267933666335026e+01 3.663376981328667625e+01 2.525058257290227104e+01
2.936410108033544475e+01 1.273733058332240731e+01 1.033472399937543962e+01 3.673217869264355784e+01 2.535064375872462961e+01
2.954479187478576208e+01 1.279433543315767530e+01 1.033664043785500475e+01 3.682676726804015743e+01 2.544785472484391065e+01
2.972237798712679790e+01 1.285019174691836952e+01 1.033843283210925179e+01 3.691769355626406934e+01 2.554229790143567058e+01
2.989690625759996223e+01 1.290492298744232968e+01 1.034010519556444763e+01 3.700510934271810726e+01 2.563405354297227490e+01
3.006842306883729776e+01 1.295855220956614673e+01 1.034166145767301082e+01 3.708916044478018392e+01 2.572319976550091525e+01
3.023697430855004598e+01 1.301110205180814994e+01 1.034310544475960292e+01 3.716998690690021334e+01 2.580981247274817036e+01
3.040260537475478841e+01 1.306259472448566861e+01 1.034444087175058691e+01 3.724772320802001246e+01 2.589396571191446483e+01
3.056536114152707029e+01 1.311305203882455217e+01 1.034567136826721523e+01 3.732249848978863582e+01 2.597573150219748328e+01
3.072528603448128592e+01 1.316249541703869497e+01 1.034680046312882240e+01 3.739443670118514262e+01 2.605517988922940020e+01
3.088242397619267265e+01 1.321094588126767810e+01 1.034783158990462226e+01 3.746365686171183995e+01 2.613237895631352714e+01
3.103681839579196478e+01 1.325842406072675850e+01 1.034876807052520498e+01 3.753027316001565339e+01 2.620739507061012574e+01
3.118851221604071000e+01 1.330495020415930796e+01 1.034961315730808806e+01 3.759439521594216416e+01 2.628029276056220453e+01
3.133754788868385077e+01 1.335054418007362820e+01 1.035037000552022945e+01 3.765612817270339008e+01 2.635113470904881439e+01
3.148396736646540361e+01 1.339522549100082749e+01 1.035104168273448622e+01 3.771557293597876281e+01 2.641998189777368111e+01
3.162781211669423342e+01 1.343901328972996190e+01 1.035163116875370193e+01 3.777282626916593955e+01 2.648689370323729264e+01
3.176912312712769904e+01 1.348192633771672710e+01 1.035214136189098255e+01 3.782798100448928835e+01 2.655192784445915777e+01
3.190794087843073612e+01 1.352398304978503418e+01 1.035257507781138209e+01 3.788112614772580855e+01 2.661514029870714637e+01
3.204430536812689212e+01 1.356520148855857855e+01 1.035293505222957045e+01 3.793234705598347745e+01 2.667658562221712515e+01
3.217825612450523209e+01 1.360559936953011828e+01 1.035322393883590131e+01 3.798172555852340082e+01 2.673631683772028467e+01
3.230983220318169202e+01 1.364519408925754007e+01 1.035344432031795314e+01 3.802934009562531514e+01 2.679438546817191380e+01
3.243907214598408473e+01 1.368400271222119358e+01 1.035359870358370848e+01 3.807526586230384424e+01 2.685084145516171006e+01
3.256601402455144978e+01 1.372204193939123229e+01 1.035368952347627136e+01 3.811957490250044600e+01 2.690573349980439843e+01
3.269069545457576709e+01 1.375932816336485232e+01 1.035371914476209909e+01 3.816233627947326568e+01 2.695910888056324239e+01
3.281315357483502027e+01 1.379587745723038239e+01 1.035368986411925896e+01 3.820361613503420983e+01 2.701101349404925145e+01
3.293342502920319248e+01 1.383170557975681270e+01 1.035360389831757288e+01 3.824347786163012586e+01 2.706149186576775278e+01
3.305154599852468777e+01 1.386682798807987105e+01 1.035346339822299377e+01 3.828198215560470175e+01 2.711058737024803023e+01
3.316755221471490245e+01 1.390125983085030370e+01 1.035327047250678767e+01 3.831918717420935394e+01 2.715834210608651844e+01
3.328147893329531826e+01 1.393501595535487780e+01 1.035302715826039055e+01 3.835514859070487859e+01 2.720479687952201076e+01
3.339336093830406327e+01 1.396811091831101947e+01 1.035273543345272351e+01 3.838991973247308920e+01 2.724999134274562707e+01
3.350323255647867882e+01 1.400055898860663106e+01 1.035239721887354847e+01 3.842355164231042153e+01 2.729396406059075275e+01
3.361112767355812281e+01 1.403237415252645448e+01 1.035201438007684516e+01 3.845609317631765123e+01 2.733675246233095280e+01
3.371707970498020757e+01 1.406357006736672410e+01 1.035158863881605384e+01 3.848759109715281568e+01 2.737839275609119127e+01
3.382112161311727050e+01 1.409416017293206558e+01 1.035112178181977072e+01 3.851809021746862527e+01 2.741892022216065428e+01
3.392328591126364756e+01 1.412415762999065194e+01 1.035061550554644327e+01 3.854763330818272493e+01 2.745836908963533318e+01
3.402360468595407639e+01 1.415357532927000150e+01 1.035007145246808591e+01 3.857626141899019245e+01 2.749677256800166347e+01
3.412210955794002132e+01 1.418242590220993016e+01 1.034949121642682357e+01 3.860401386248427968e+01 2.753416277611887963e+01
3.421883171274220103e+01 1.421072172266629430e+01 1.034887634438992166e+01 3.863092800685372907e+01 2.757057102636596824e+01
3.431380189885274490e+01 1.423847483101289058e+01 1.034822829707503544e+01 3.865703986877390008e+01 2.760602766451386714e+01
3.440705045021977071e+01 1.426569713536990669e+01 1.034754846780179172e+01 3.868238381893995381e+01 2.764056209705190170e+01
3.449860724642739740e+01 1.429240025797468228e+01 1.034683829494901275e+01 3.870699257996903242e+01 2.767420280455358039e+01
3.458850174674663691e+01 1.431859558303957591e+01 1.034609913110471879e+01 3.873089763628437510e+01 2.770697751620026139e+01
3.467676298841783478e+01 1.434429426149909226e+01 1.034533228703816476e+01 3.875412900222931256e+01 2.773891310281277001e+01
3.476341960280281995e+01 1.436950719878490190e+01 1.034453903321470314e+01 3.877671533095933398e+01 2.777003555542789570e+01
3.484849978536089310e+01 1.439424502055262778e+01 1.034372060131063442e+01 3.879868411060085265e+01 2.780037010814388410e+01
3.493203132441960435e+01 1.441851822465576838e+01 1.034287810389923834e+01 3.882006153342891963e+01 2.782994127777574178e+01
3.501404160179973957e+01 1.444233705291042114e+01 1.034201271331812855e+01 3.884087265564959068e+01 2.785877282596464255e+01
3.509455760166002136e+01 1.446571153357076867e+01 1.034112554409853146e+01 3.886114147521082174e+01 2.788688768118508676e+01
3.517360589344863797e+01 1.448865148578629736e+01 1.034021766660885611e+01 3.888089084089242675e+01 2.791430818804795422e+01
3.525121265243063817e+01 1.451116649436955264e+01 1.033929011687970423e+01 3.890014267033175344e+01 2.794105598818395109e+01
3.532740366262795817e+01 1.453326592410913953e+01 1.033834389792291830e+01 3.891891790985451394e+01 2.796715204925291332e+01
3.540220432066304568e+01 1.455495900325784220e+01 1.033737996068414766e+01 3.893723646478174771e+01 2.799261660950562458e+01
3.547563962885316613e+01 1.457625473689535411e+01 1.033639919950782193e+01 3.895511747994852669e+01 2.801746939674957915e+01
3.554773420887981672e+01 1.459716193954228203e+01 1.033540254212986120e+01 3.897257919856394892e+01 2.804172950027109579e+01
3.561851231034471965e+01 1.461768923935112241e+01 1.033439085782812050e+01 3.898963896696130860e+01 2.806541538764677668e+01
3.568799780674010691e+01 1.463784503562083472e+01 1.033336498718267826e+01 3.900631345461160038e+01 2.808854492007143122e+01
3.575621419167575965e+01 1.465763756638969895e+01 1.033232574324733832e+01 3.902261852868321768e+01 2.811113547993947748e+01
3.582318459384707410e+01 1.467707492724538554e+01 1.033127391272109641e+01 3.903856932561006232e+01 2.813320388805614769e+01
3.588893177693104519e+01 1.469616501930566521e+01 1.033021020371697496e+01 3.905418034349515466e+01 2.815476638167969980e+01
3.595347814315282875e+01 1.471491557439005859e+01 1.032913535511472425e+01 3.906946539372103899e+01 2.817583871670373341e+01
3.601684576499980750e+01 1.473333415893792164e+01 1.032805007794942398e+01 3.908443768397768991e+01 2.819643618665691420e+01
3.607905634272580642e+01 1.475142810776682190e+01 1.032695504989307622e+01 3.909910985213709012e+01 2.821657359634006568e+01
3.614013121730927480e+01 1.476920466178589919e+01 1.032585092586069031e+01 3.911349387408235856e+01 2.823626519627583420e+01
3.620009139296126222e+01 1.478667090563682862e+01 1.032473833903944183e+01 3.912760127212264649e+01 2.825552488210257707e+01
3.625895753209125871e+01 1.480383375725238260e+01 1.032361788575926553e+01 3.914144302965427613e+01 2.827436608968418952e+01
3.631674995897226665e+01 1.482069998451507331e+01 1.032249010437032410e+01 3.915502957813435359e+01 2.829280182061537019e+01
3.637348870503387133e+01 1.483727620887979626e+01 1.032135558800463748e+01 3.916837094049034818e+01 2.831084460203298292e+01
3.642919343087110207e+01 1.485356881563477494e+01 1.032021487807636717e+01 3.918147665841389937e+01 2.832850664581742706e+01
3.648388347410713806e+01 1.486958416756326962e+01 1.031906849708275686e+01 3.919435580543719055e+01 2.834579975267116225e+01
3.653757785785488466e+01 1.488532844685761525e+01 1.031791694948108429e+01 3.920701709191439477e+01 2.836273532149898813e+01
3.659029528776671469e+01 1.490080769814650630e+01 1.031676072256560950e+01 3.921946880225195997e+01 2.837932436498795497e+01
3.664205415585679049e+01 1.491602783336363913e+01 1.031560023997145414e+01 3.923171883885109423e+01 2.839557759734514519e+01
3.669287258680226671e+01 1.493099462390044785e+01 1.031443595049693585e+01 3.924377477031551109e+01 2.841150537446382884e+01
3.674276834877421294e+01 1.494571364838699168e+01 1.031326829496052078e+01 3.925564378578631164e+01 2.842711767419444513e+01
3.679175892456026276e+01 1.496019046111314310e+01 1.031209768566665730e+01 3.926733276498392655e+01 2.844242417688753477e+01
3.683986150266450466e+01 1.497443045377865545e+01 1.031092451990068248e+01 3.927884828633648340e+01 2.845743427088235578e+01
3.688709297910721574e+01 1.498843889809219476e+01 1.030974918066398693e+01 3.929019658883787969e+01 2.847215703593882807e+01
3.693346996088527590e+01 1.500222094881058688e+01 1.030857202869261435e+01 3.930138366723237198e+01 2.848660119156404846e+01
3.697900875864349501e+01 1.501578162297077768e+01 1.030739337478044426e+01 3.931241523450476194e+01 2.850077524854595623e+01
3.702372541823391572e+01 1.502912579413750471e+01 1.030621357968807494e+01 3.932329671459152109e+01 2.851468742292711056e+01
3.706763570227051474e+01 1.504225829698413541e+01 1.030503296528220147e+01 3.933403332153434917e+01 2.852834565733334671e+01
3.711075510015829337e+01 1.505518382701455771e+01 1.030385184106171792e+01 3.934463001712715169e+01 2.854175759354923514e+01
3.715309883201611996e+01 1.506790697427683234e+01 1.030267050477762325e+01 3.935509152304497604e+01 2.855493068277047897e+01
3.719468184751575279e+01 1.508043222613770951e+01 1.030148924305292191e+01 3.936542237293982538e+01 2.856787211748728339e+01
3.723551880740084385e+01 1.509276393286065066e+01 1.030030830407111253e+01 3.937562687581473853e+01 2.858058883425085739e+01
3.727562415629036252e+01 1.510490634903663398e+01 1.029912794428966549e+01 3.938570914492415653e+01 2.859308752835089606e+01
3.731501206695756423e+01 1.511686367518423957e+01 1.029794842264554688e+01 3.939567312317682735e+01 2.860537471454994218e+01
3.735369646089586837e+01 1.512863999415409566e+01 1.029676997744963884e+01 3.940552255357387423e+01 2.861745668248089558e+01
3.739169101212623758e+01 1.514023929640007182e+01 1.029559283749247811e+01 3.941526102379880570e+01 2.862933949144857948e+01
3.742900914308516747e+01 1.515166548250046219e+01 1.029441722256932579e+01 3.942489196421840347e+01 2.864102901751487451e+01
3.746566401969669613e+01 1.516292231435398463e+01 1.029324334000052055e+01 3.943441862966729872e+01 2.865253095413056528e+01
3.750166860250556766e+01 1.517401350621703493e+01 1.029207135557602726e+01 3.944384415111979081e+01 2.866385080680025510e+01
3.753703560522306759e+01 1.518494270021607662e+01 1.029090147869070115e+01 3.945317151381861009e+01 2.867499384005703789e+01
3.757177751169270152e+01 1.519571344128914703e+01 1.028973389000172567e+01 3.946240355624848206e+01 2.868596521175176051e+01
3.760590657959564709e+01 1.520632919360599722e+01 1.028856876248488561e+01 3.947154300912705338e+01 2.869676989071622231e+01
3.763943482960397802e+01 1.521679334284541518e+01 1.028740626187332907e+01 3.948059247342953171e+01 2.870741267704048738e+01
3.767237405323979971e+01 1.522710913388269738e+01 1.028624654709633290e+01 3.948955442859999465e+01 2.871789818621470403e+01
3.770473585719994958e+01 1.523727981073619198e+01 1.028508975039120266e+01 3.949843125851534609e+01 2.872823091798804640e+01
3.773653162072849199e+01 1.524730852453921770e+01 1.028393600606700886e+01 3.950722522090458710e+01 2.873841521348217753e+01
3.776777251362587151e+01 1.525719834908680284e+01 1.028278545863294902e+01 3.951593848100504403e+01 2.874845525526494328e+01
3.779846949982680826e+01 1.526695228773336765e+01 1.028163823592046455e+01 3.952457312512860454e+01 2.875835507975947891e+01
3.782863331884044555e+01 1.527657327095892192e+01 1.028049445990975919e+01 3.953313115201923722e+01 2.876811861416506133e+01
3.785827451259770982e+01 1.528606410470851351e+01 1.027935424708930690e+01 3.954161444830098304e+01 2.877774964827846205e+01
3.788740345191012437e+01 1.529542761043638777e+01 1.027821770757830144e+01 3.955002481128848757e+01 2.878725182574391894e+01
3.791603030051137324e+01 1.530466651349397900e+01 1.027708491635859289e+01 3.955836401780938161e+01 2.879662868304096790e+01
3.794416503209313163e+01 1.531378347612929680e+01 1.027595598699252477e+01 3.956663376099299256e+01 2.880588364543066149e+01
3.797181743373843688e+01 1.532278109932319765e+01 1.027483101113436703e+01 3.957483563631591039e+01 2.881502002271827578e+01
3.799899707717776920e+01 1.533166191116924182e+01 1.027371007572986805e+01 3.958297109383980228e+01 2.882404098399533865e+01
3.802571337168194532e+01 1.534042834932325405e+01 1.027259326330868738e+01 3.959104165950417809e+01 2.883294962889335267e+01
3.805197556482035992e+01 1.534908285318040200e+01 1.027148065227681606e+01 3.959904875423444537e+01 2.884174894485441953e+01
3.807779271702863610e+01 1.535762778119292449e+01 1.027037230541604096e+01 3.960699373772824572e+01 2.885044181655047879e+01
3.810317371692536881e+01 1.536606543702816019e+01 1.026926828273267311e+01 3.961487782328254070e+01 2.885903101564317197e+01
3.812812728458068534e+01 1.537439807121070423e+01 1.026816865538618373e+01 3.962270229232316865e+01 2.886751924775322564e+01
3.815266192114176391e+01 1.538262786063593168e+01 1.026707348267404640e+01 3.963046833699755211e+01 2.887590912218112749e+01
3.817678601260104188e+01 1.539075692393067563e+01 1.026598282039610233e+01 3.963817710504257974e+01 2.888420315140862371e+01
3.820050778709013173e+01 1.539878736742440957e+01 1.026489672109333462e+01 3.964582964722399794e+01 2.889240376117410491e+01
3.822383530309876676e+01 1.540672123045847819e+01 1.026381523428664622e+01 3.965342702818263376e+01 2.890051331284985991e+01
3.824677646366791350e+01 1.541456050492094398e+01 1.026273838549734485e+01 3.966097025750128324e+01 2.890853408538668035e+01
3.826933901943521477e+01 1.542230713670978304e+01 1.026166622592322497e+01 3.966846030574195225e+01 2.891646826651981783e+01
3.829153052080051367e+01 1.542996299682509864e+01 1.026059879361042171e+01 3.967589810284449214e+01 2.892431798330615678e+01
3.831335842886355181e+01 1.543752992843677418e+01 1.025953612350928879e+01 3.968328455020340328e+01 2.893208529600883594e+01
3.833483004590677012e+01 1.544500974789272618e+01 1.025847824803446606e+01 3.969062052077246960e+01 2.893977219537727663e+01
3.835595252725705961e+01 1.545240421752431281e+01 1.025742519725945634e+01 3.969790685929374519e+01 2.894738058767028477e+01
3.837673288848240105e+01 1.545971505864043749e+01 1.025637699204786912e+01 3.970514431998881122e+01 2.895491233869336511e+01
3.839717800770029044e+01 1.546694395282623624e+01 1.025533364868720909e+01 3.971233364183037651e+01 2.896236924715036665e+01
3.841729457157179439e+01 1.547409250543711678e+01 1.025429519453973448e+01 3.971947560639565467e+01 2.896975305012383117e+01
3.843708921041663729e+01 1.548116232223374489e+01 1.025326164835304610e+01 3.972657094433166236e+01 2.897706541762820720e+01
3.845656839550244399e+01 1.548815496752494703e+01 1.025223302691308191e+01 3.973362037068639552e+01 2.898430798085578530e+01
3.847573847026804117e+01 1.549507196364973005e+01 1.025120934520043470e+01 3.974062458798515962e+01 2.899148231372057438e+01
3.849460565301719583e+01 1.550191479755262947e+01 1.025019061654667851e+01 3.974758428930688581e+01 2.899858993222105497e+01
3.851317603302725701e+01 1.550868492140991961e+01 1.024917683865172435e+01 3.975449976954592302e+01 2.900563230180387819e+01
3.853145552823735898e+01 1.551538371211813150e+01 1.024816802508312108e+01 3.976137182447205021e+01 2.901261084959645586e+01
3.854945001379699931e+01 1.552201256935489226e+01 1.024716418319790101e+01 3.976820107018045292e+01 2.901952695417427464e+01
3.856716521840273515e+01 1.552857283943922972e+01 1.024616531774534067e+01 3.977498810095490001e+01 2.902638193890717488e+01
3.858460675634559323e+01 1.553506583719918943e+01 1.024517143208805159e+01 3.978173350496371086e+01 2.903317709299272309e+01
3.860178013000767550e+01 1.554149284698591593e+01 1.024418252832581722e+01 3.978843786678140759e+01 2.903991366576205735e+01
3.861869071901161021e+01 1.554785511765801864e+01 1.024319860348414934e+01 3.979510167368368911e+01 2.904659286546222674e+01
3.863534375790298725e+01 1.555415384380238741e+01 1.024221964972178434e+01 3.980172524116991895e+01 2.905321584984651651e+01
3.865174444154511235e+01 1.556039023260009024e+01 1.024124566871633135e+01 3.980830916748274007e+01 2.905978375396404800e+01
3.866789783294813532e+01 1.556656544685922405e+01 1.024027665611886739e+01 3.981485390717713102e+01 2.906629767308047008e+01
3.868380889286906665e+01 1.557268062230236438e+01 1.023931260653405495e+01 3.982135989429679057e+01 2.907275866584216928e+01
3.869948248210664588e+01 1.557873686845926109e+01 1.023835351361789137e+01 3.982782757845772181e+01 2.907916775133352516e+01
3.871492334483058784e+01 1.558473525848254759e+01 1.023739937017544577e+01 3.983425738529117410e+01 2.908552592642534051e+01
3.873013610936905593e+01 1.559067683052673559e+01 1.023645015903690947e+01 3.984064969432634484e+01 2.909183415415381901e+01
3.874512535931933854e+01 1.559656262542304361e+01 1.023550587237528475e+01 3.984700488523758821e+01 2.909809336310732419e+01
3.875989556283477100e+01 1.560239364779817528e+01 1.023456650020264114e+01 3.985332332240168540e+01 2.910430445269584609e+01
3.877445109694590286e+01 1.560817087902010236e+01 1.023363203035329683e+01 3.985960545661140486e+01 2.911046829977915351e+01
3.878879624966860717e+01 1.561389527798163890e+01 1.023270244992498235e+01 3.986585163654052621e+01 2.911658575277267147e+01
3.880293519811163350e+01 1.561956776626756671e+01 1.023177774535304252e+01 3.987206221552643370e+01 2.912265762720784679e+01
3.881687203066156400e+01 1.562518924802795794e+01 1.023085790187020550e+01 3.987823755355316990e+01 2.912868471940926085e+01
3.883061078572529112e+01 1.563076062051367288e+01 1.022994290303841680e+01 3.988437800302830283e+01 2.913466780197981976e+01
3.884415540156509650e+01 1.563628275219394936e+01 1.022903273436278937e+01 3.989048386966958759e+01 2.914060762282336370e+01
3.885750973552197962e+01 1.564175649159309245e+01 1.022812737985275966e+01 3.989655551209522599e+01 2.914650489322692550e+01
3.887067756595213552e+01 1.564718266797634705e+01 1.022722682314671339e+01 3.990259326513274374e+01 2.915236032189854498e+01
3.888366256419991629e+01 1.565256207246545195e+01 1.022633104758100053e+01 3.990859746120431595e+01 2.915817459139395851e+01
3.889646833835451645e+01 1.565789549449707430e+01 1.022544003625895570e+01 3.991456840593873778e+01 2.916394836556412784e+01
3.890909844243417126e+01 1.566318370757398171e+01 1.022455376309415698e+01 3.992050636896204452e+01 2.916968229071737539e+01
3.892155634368892692e+01 1.566842746312040191e+01 1.022367221026911643e+01 3.992641168012862352e+01 2.917537698148439418e+01
3.893384543768510753e+01 1.567362749547942791e+01 1.022279536032044689e+01 3.993228463763924907e+01 2.918103302580916392e+01
3.894596905007605869e+01 1.567878452251189003e+01 1.022192319335114163e+01 3.993812553493629736e+01 2.918665102822876989e+01
3.895793040196865320e+01 1.568389922327020969e+01 1.022105568916804685e+01 3.994393462234243231e+01 2.919223156414622977e+01
3.896973267624633763e+01 1.568897228898344309e+01 1.022019282732510348e+01 3.994971215550499011e+01 2.919777519527799825e+01
3.898137899654243910e+01 1.569400438668334807e+01 1.021933458573904829e+01 3.995545840630835244e+01 2.920328247070549921e+01
3.899287241210141275e+01 1.569899616730060821e+01 1.021848093734569929e+01 3.996117362370846848e+01 2.920875386895543002e+01
3.900421590876330669e+01 1.570394826715498482e+01 1.021763186339334339e+01 3.996685804784897300e+01 2.921418990246093017e+01
3.901541241057271492e+01 1.570886130636779754e+01 1.021678734124211374e+01 3.997251197963808522e+01 2.921959108211061107e+01
3.902646473970497709e+01 1.571373587420050200e+01 1.021594734796570059e+01 3.997813564503390893e+01 2.922495789192286963e+01
3.903737570334165241e+01 1.571857257147466314e+01 1.021511186037828089e+01 3.998372928004498306e+01 2.923029080440163696e+01
3.904814804303141074e+01 1.572337197586369584e+01 1.021428085506141414e+01 3.998929312252746371e+01 2.923559027873918126e+01
3.905878443777953635e+01 1.572813465210183459e+01 1.021345431142031934e+01 3.999482740634884692e+01 2.924085670744755205e+01
3.906928751060275573e+01 1.573286115243782035e+01 1.021263220645100667e+01 4.000033235599420323e+01 2.924609054847295297e+01
