1.247092891078466881e+00 1.201475619251667792e+00 1.298912879389448660e+00 1.219029789340104308e+00 1.266753033000237672e+00
1.492414217697827006e+00 1.400958332579651078e+00 1.597586295880016438e+00 1.437369560376846378e+00 1.531413895908769751e+00
1.736071051125517517e+00 1.598629840913905253e+00 1.896032132998363373e+00 1.655061173840334243e+00 1.794122195556456356e+00
1.978160652709850531e+00 1.794646810487979804e+00 2.194261362889907030e+00 1.872142707710744869e+00 2.055003018380579416e+00
2.218771223395425984e+00 1.989145451700201850e+00 2.492284092939363038e+00 2.088648736228980951e+00 2.314168871974306985e+00
2.457983270094608486e+00 2.182245032327806200e+00 2.790109665443271769e+00 2.304610822063368758e+00 2.571721367071693187e+00
2.695870539585135006e+00 2.374050614057467978e+00 3.087746737864813351e+00 2.520057893323067510e+00 2.827752752473980724e+00
2.932500686649726518e+00 2.564655336338089953e+00 3.385203330071824723e+00 2.735016474297643274e+00 3.082346921858441835e+00
3.167935900632246060e+00 2.754142167580123868e+00 3.682486880780454275e+00 2.949510955751333707e+00 3.335580334409689929e+00
3.402233575286070177e+00 2.942585280622495247e+00 3.979604299910961540e+00 3.163563825768988202e+00 3.587522896625786384e+00
3.635446807381542023e+00 3.130051360464809473e+00 4.276562006698014784e+00 3.377195849056748411e+00 3.838238666342667749e+00
3.867624765508783646e+00 3.316600633540587317e+00 4.573365967783103336e+00 3.590426232423199693e+00 4.087786486573315337e+00
4.098813061824258419e+00 3.502287635857975978e+00 4.870021729353505968e+00 3.803272771473696690e+00 4.336220419970896245e+00
4.329054102505662804e+00 3.687161877104394136e+00 5.166534451550234053e+00 4.015751986462257506e+00 4.583590137863351011e+00
4.558387380424468560e+00 3.871268440151633516e+00 5.462908915739586035e+00 4.227879179156480483e+00 4.829941282860405138e+00
4.786849762668384578e+00 4.054648544133329757e+00 5.759149564674840960e+00 4.439668594522091283e+00 5.075315772124806557e+00
5.014475677583960511e+00 4.237339976199447023e+00 6.055260521984116906e+00 4.651133503433988459e+00 5.319752025845239096e+00
5.241297321763552119e+00 4.419377521612623205e+00 6.351245604400650890e+00 4.862286260570859220e+00 5.563285126868189323e+00
5.467344845584388047e+00 4.600793080915810407e+00 6.647108332291956856e+00 5.073138358452548680e+00 5.805946922985669723e+00
5.692646504058625823e+00 4.781615945459992467e+00 6.942851943479986687e+00 5.283700493054718450e+00 6.047766078577959448e+00
5.917228801486415612e+00 4.961873162022569339e+00 7.238479405450848780e+00 5.493982622758750267e+00 6.288768074064374325e+00
6.141116624343728070e+00 5.141589742676151431e+00 7.533993420885739312e+00 5.703994005806533707e+00 6.528975154230705513e+00
6.364333353715962538e+00 5.320788795766324242e+00 7.829396437245784490e+00 5.913743246647817919e+00 6.768406201838756076e+00
6.586900966786162215e+00 5.499491643569725419e+00 8.124690646107515235e+00 6.123238327887083443e+00 7.007076545737672468e+00
6.808840113322603749e+00 5.677717943900478126e+00 8.419877984642537783e+00 6.332486611840510982e+00 7.244997694352877105e+00
7.030170200279995285e+00 5.855485801730215378e+00 8.714960140770173780e+00 6.541494910219729064e+00 7.482176988087563707e+00
7.250909460328830214e+00 6.032811857689377888e+00 9.009938536887185379e+00 6.750269430464274301e+00 7.718617160100697205e+00
7.471075012446886099e+00 6.209711347317099950e+00 9.304814332740486194e+00 6.958815828330267905e+00 7.954315794100018877e+00
7.690682908586135014e+00 6.386198135522936248e+00 9.599588413650916863e+00 7.167139194337245556e+00 8.189264667227462269e+00
7.909748177064087393e+00 6.562284735241307843e+00 9.894261375603260689e+00 7.375244045180678221e+00 8.423448964002949069e+00
8.128284856544187420e+00 6.737982308217672411e+00 1.018883351249898439e+01 7.583134323360662066e+00 8.656846345279969768e+00
8.346306021438696376e+00 6.913300647679509581e+00 1.048330479503028911e+01 7.790813366938492912e+00 8.889425871686615466e+00
8.563823793259084383e+00 7.088248133400249174e+00 1.077767483832498741e+01 7.998283864571929414e+00 9.121146738397523990e+00
8.780849349062531672e+00 7.262831658010364677e+00 1.107194287838340152e+01 8.205547842573849948e+00 9.351956825899785386e+00
8.997392917189932504e+00 7.437056523103144912e+00 1.136610772656293733e+01 8.412606562334417504e+00 9.581791051100996270e+00
9.213463763400120854e+00 7.610926300492047325e+00 1.166016771559660903e+01 8.619460465011608008e+00 9.810569503082366083e+00
9.429070155293702626e+00 7.784442651860380202e+00 1.195412065487467501e+01 8.826109083765372176e+00 1.003819535874876756e+01
9.644219318350732095e+00 7.957605098588052428e+00 1.224796374491620199e+01 9.032550868602402971e+00 1.026455257889191586e+01
9.858917371872582436e+00 8.130410732029059062e+00 1.254169348058210254e+01 9.238783088151931722e+00 1.048950339543317334e+01
1.007316924663040858e+01 8.302853852004414392e+00 1.283530557070766953e+01 9.444801583904149922e+00 1.071288561472909429e+01
1.028697855942279915e+01 8.474925519795869278e+00 1.312879477190188737e+01 9.650600463698697951e+00 1.093450977941741975e+01
1.050034746454564605e+01 8.646613011997667186e+00 1.342215473960109584e+01 9.856171918466008819e+00 1.115415626538105087e+01
1.071327645966691477e+01 8.817899139382271656e+00 1.371537778661373785e+01 1.006150560602012511e+01 1.137157239046464419e+01
1.092576414823010644e+01 8.988761419680765030e+00 1.400845462306804379e+01 1.026658831403829097e+01 1.158646968523492404e+01
1.113780689218774356e+01 9.159171062590063528e+00 1.430137402841580396e+01 1.047140302806391610e+01 1.179852150367031527e+01
1.134939839630666647e+01 9.329091730257685455e+00 1.459412241124775633e+01 1.067592808723882314e+01 1.200736118234987693e+01
1.156052916504454231e+01 9.498478024867567981e+00 1.488668323386545467e+01 1.088013602875364683e+01 1.221258101530237283e+01
1.177118588778470354e+01 9.667273647060330433e+00 1.517903626569439979e+01 1.108399200823891562e+01 1.241373234738211906e+01
1.198135033474025057e+01 9.835409158968131393e+00 1.547115660036438278e+01 1.128745170215049853e+01 1.261032705634708684e+01
1.219099818047510198e+01 1.000279927570603711e+01 1.576301335914873647e+01 1.149045873080555147e+01 1.280184073425659363e+01
1.240009739756553309e+01 1.016933959991998293e+01 1.605456793426460393e+01 1.169294056924390546e+01 1.298771876570646455e+01
1.260860605289464864e+01 1.033490269289991836e+01 1.634577142085933232e+01 1.189480387390398874e+01 1.316738354126280619e+01
1.281646928540422259e+01 1.049933345886392466e+01 1.663656133630328071e+01 1.209592807600390785e+01 1.334024459112209193e+01
1.302361519067186713e+01 1.066244363060751432e+01 1.692685685812567797e+01 1.229615662924221198e+01 1.350571124892350738e+01
1.322994918167862544e+01 1.082400540176952397e+01 1.721655206987787423e+01 1.249528543238825762e+01 1.366320747355464071e+01
1.343534644547082202e+01 1.098374417367501721e+01 1.750550621919874317e+01 1.269304770569976171e+01 1.381218799800027597e+01
1.363964051806005884e+01 1.114133049462948399e+01 1.779352990797978507e+01 1.288909463733017446e+01 1.395215534525972068e+01
1.384260851243293367e+01 1.129637143331638072e+01 1.808036418689427549e+01 1.308297093118374121e+01 1.408267665513609579e+01
1.404395046748903297e+01 1.144840184656240112e+01 1.836565114430158019e+01 1.327408526978914338e+01 1.420339921175925468e+01
1.424326097014650649e+01 1.159687631449294010e+01 1.864889209557309258e+01 1.346167690026298125e+01 1.431406343191211050e+01
1.443999107647014668e+01 1.174116282410071932e+01 1.892938858675457325e+01 1.364478144902791890e+01 1.441451230413795415e+01
1.463340025277077494e+01 1.188053965343680929e+01 1.920616517993357064e+01 1.382220301269138929e+01 1.450469679540937840e+01
1.482249814981805969e+01 1.201419947783002407e+01 1.947787577948842852e+01 1.399250389301561270e+01 1.458467645681741587e+01
1.500598231215250955e+01 1.214125965298423182e+01 1.974270581226490506e+01 1.415402596789622081e+01 1.465461547642461859e+01
1.518218514781663941e+01 1.226078340640107456e+01 1.999829913864746800e+01 1.430496382971850799e+01 1.471477451548622462e+01
1.534905459982480203e+01 1.237181411205612669e+01 2.024175639207432909e+01 1.444349669712390138e+01 1.476549932823466627e+01
1.550420159315774171e+01 1.247342193976262159e+01 2.046976263525473883e+01 1.456797654277720078e+01 1.480720675585226154e+01
1.564505042037411542e+01 1.256476023260001007e+01 2.067888942119582296e+01 1.467714373883444878e+01 1.484036943705109124e+01
1.576910709170891778e+01 1.264512792213004388e+01 2.086606030936556877e+01 1.477031664959839574e+01 1.486550021672901956e+01
1.587431548605844611e+01 1.271402865907267987e+01 2.102908090399566987e+01 1.484749944555665557e+01 1.488313712083998652e+01
1.595941327577003932e+01 1.277121830938596503e+01 2.116706006957534214e+01 1.490937269604008364e+01 1.489382957147871878e+01
1.602416881592714049e+01 1.281672969431549980e+01 2.128055950875152291e+01 1.495717267147908203e+01 1.489812637104064130e+01
1.606940636313910531e+01 1.285087234512633891e+01 2.137141857699551295e+01 1.499250130044754847e+01 1.489656571048240252e+01
1.609682181793624167e+01 1.287420639239622311e+01 2.144234538069675367e+01 1.501712221920826806e+01 1.488966716351028019e+01
1.610866365712811543e+01 1.288749357985663835e+01 2.149643799934945321e+01 1.503278793820810044e+01 1.487792573543912056e+01
1.610739282197686961e+01 1.289163656367246524e+01 2.153677903776689462e+01 1.504112000564204266e+01 1.486180772391566052e+01
1.609540749666666315e+01 1.288761501547044297e+01 2.156616991494302127e+01 1.504354326890832816e+01 1.484174815996048480e+01
1.607486845152094190e+01 1.287642718019544574e+01 2.158700304880547094e+01 1.504126321186248560e+01 1.481814951662484958e+01
1.604761819415287150e+01 1.285904248902021330e+01 2.160123490051898898e+01 1.503527190206731490e+01 1.479138151952131253e+01
1.601516773993337850e+01 1.283636738874404948e+01 2.161041814784153203e+01 1.502636955276977204e+01 1.476178176316020796e+01
1.597872274276681814e+01 1.280922420493460656e+01 2.161575998142219746e+01 1.501519244622145699e+01 1.472965691569380020e+01
1.593922695070760831e+01 1.277834107931707130e+01 2.161818625827736540e+01 1.500224148896824694e+01 1.469528432128909223e+01
1.589740978190132736e+01 1.274435033841412768e+01 2.161840120652029995e+01 1.498790853434790726e+01 1.465891387928865441e+01
1.585383053619038662e+01 1.270779264101414974e+01 2.161693771241387196e+01 1.497249882895947870e+01 1.462077006225105968e+01
1.580891580412167841e+01 1.266912460422856590e+01 2.161419811459825624e+01 1.495624955767197406e+01 1.458105397797902825e+01
1.576299019888034714e+01 1.262872816101102735e+01 2.161048583303418624e+01 1.493934490118511604e+01 1.453994540821752679e+01
1.571630057964815208e+01 1.258692036706982265e+01 2.160603010908478439e+01 1.492192788615597898e+01 1.449760479536304203e+01
1.566903477738280515e+01 1.254396291298296617e+01 2.160100426066925294e+01 1.490410968893717403e+01 1.445417512453641073e+01
1.562133592762957690e+01 1.250007092411209619e+01 2.159553976563739397e+01 1.488597689491781395e+01 1.440978368151358602e+01
1.557331335085142321e+01 1.245542071399375317e+01 2.158973656761997262e+01 1.486759703563827983e+01 1.436454367240456520e+01
1.552505076408124829e+01 1.241015646579235288e+01 2.158367093709540185e+01 1.484902290397826441e+01 1.431855574359633643e+01
1.547661245841000266e+01 1.236439593260894654e+01 2.157740124343700927e+01 1.483029590110695750e+01 1.427190930727538287e+01
1.542804795219892533e+01 1.231823524645590773e+01 2.157097232725768876e+01 1.481144855817137085e+01 1.422468378080005280e+01
1.537939560834218078e+01 1.227175290461810242e+01 2.156441875782375561e+01 1.479250650462427075e+01 1.417694970378782671e+01
1.533068521418252850e+01 1.222501302095990461e+01 2.155776727829494632e+01 1.477349000555028624e+01 1.412876973229345090e+01
1.528193995253848492e+01 1.217806800938113554e+01 2.155103865432255361e+01 1.475441511942673856e+01 1.408019952597980939e+01
1.523317790763021762e+01 1.213096077321993072e+01 2.154424903888372000e+01 1.473529460591999118e+01 1.403128856123240098e+01
1.518441329574920040e+01 1.208372648076843170e+01 2.153741107427521939e+01 1.471613863236000874e+01 1.398208080344220328e+01
1.513565733692402482e+01 1.203639401599811443e+01 2.153053472560350912e+01 1.469695531592492266e+01 1.393261535208858959e+01
1.508691890042377715e+01 1.198898714557153511e+01 2.152362785169896853e+01 1.467775117431147436e+01 1.388292699659614193e+01
1.503820502763001166e+01 1.194152546536304982e+01 2.151669663651071573e+01 1.465853146414444375e+01 1.383304670632191602e+01
1.498952132997439968e+01 1.189402517096663203e+01 2.150974595322202276e+01 1.463930043018414828e+01 1.378300207541096434e+01
1.494087229307086240e+01 1.184649968069692605e+01 2.150277967920689193e+01 1.462006149695609381e+01 1.373281770006396663e+01
1.489226159836498375e+01 1.179896013952116540e+01 2.149580092328083580e+01 1.460081741464903615e+01 1.368251551751613349e+01
1.484369221504910819e+01 1.175141583049856564e+01 2.148881217845815073e+01 1.458157042238243228e+01 1.363211511206074178e+01
1.479516654346569027e+01 1.170387450083774006e+01 2.148181544089019468e+01 1.456232235135180630e+01 1.358163398121855181e+01
1.474668654489372699e+01 1.165634263293579842e+01 2.147481230671863983e+01 1.454307470165442595e+01 1.353108776894606713e+01
1.469825382865793806e+01 1.160882572307918537e+01 2.146780407034754390e+01 1.452382870278322713e+01 1.348049048153636598e+01
1.464986973026875994e+01 1.156132839537822043e+01 2.146079175746765699e+01 1.450458536224459571e+01 1.342985466091904279e+01
1.460153537486693942e+01 1.151385455830336646e+01 2.145377625435681068e+01 1.448534550307771340e+01 1.337919155201643129e+01
1.455325171337632462e+01 1.146640753039032568e+01 2.144675824105034678e+01 1.446610981259732043e+01 1.332851124680475863e+01
1.450501955504302032e+01 1.141899014129483980e+01 2.143973830568205585e+01 1.444687884166396152e+01 1.327782281096886940e+01
1.445683959541715602e+01 1.137160481495168263e+01 2.143271691298359372e+01 1.442765308619163633e+01 1.322713439761916376e+01
1.440871242931581264e+01 1.132425364452899075e+01 2.142569443541468743e+01 1.440843292190708702e+01 1.317645334709551186e+01
1.436063857681396527e+01 1.127693844368690890e+01 2.141867118553364335e+01 1.438921870262652369e+01 1.312578627299531853e+01
1.431261850252339762e+01 1.122966079266481465e+01 2.141164741386318227e+01 1.437001069114999474e+01 1.307513914030185553e+01
1.426465261502935356e+01 1.118242207452240855e+01 2.140462332907058496e+01 1.435080912718769852e+01 1.302451732792382977e+01
1.421674130120393009e+01 1.113522350225395918e+01 2.139759911054020236e+01 1.433161419920690527e+01 1.297392571746330070e+01
1.416888489430756159e+01 1.108806615076897906e+01 2.139057490209759393e+01 1.431242607013823509e+01 1.292336870735468501e+01
1.412108372474941120e+01 1.104095097036919348e+01 2.138355083050795002e+01 1.429324487875761918e+01 1.287285032268702345e+01
1.407333807636215894e+01 1.099387883111558217e+01 2.137652699623033925e+01 1.427407074159927092e+01 1.282237418463648204e+01
1.402564823175557684e+01 1.094685048989118847e+01 2.136950348371450659e+01 1.425490376412454196e+01 1.277194361334849937e+01
1.397801444450034758e+01 1.089986668331397723e+01 2.136248036361862290e+01 1.423574403236919572e+01 1.272156160884921761e+01
1.393043696271082332e+01 1.085292803354457902e+01 2.135545769443914565e+01 1.421659162604127324e+01 1.267123091160219772e+01
1.388291602161558025e+01 1.080603516911117623e+01 2.134843552565376967e+01 1.419744660995177732e+01 1.262095402208267458e+01
1.383545184965919894e+01 1.075918862452560987e+01 2.134141389987460258e+01 1.417830904286078564e+01 1.257073321849672176e+01
1.378804466934848527e+01 1.071238893276355419e+01 2.133439285230971194e+01 1.415917897474591136e+01 1.252057060043544645e+01
1.374069469842621771e+01 1.066563657026230416e+01 2.132737241419584251e+01 1.414005645007159195e+01 1.247046808038328614e+01
1.369340214963742675e+01 1.061893199900110929e+01 2.132035261074883437e+01 1.412094150854257357e+01 1.242042743314282127e+01
1.364616723311392654e+01 1.057227565225511157e+01 2.131333346380957749e+01 1.410183418544990452e+01 1.237045027684749599e+01
1.359899015435028957e+01 1.052566794917362714e+01 2.130631499168378795e+01 1.408273451348509475e+01 1.232053811938342136e+01
1.355187111730596961e+01 1.047910928904374472e+01 2.129929720995888687e+01 1.406364252154468808e+01 1.227069234050213353e+01
1.350481032283535399e+01 1.043260006513209426e+01 2.129228013201806391e+01 1.404455823681100135e+01 1.222091422704404451e+01
1.345780797065558687e+01 1.038614065175251255e+01 2.128526376943640841e+01 1.402548168358491765e+01 1.217120496553048881e+01
1.341086425912497049e+01 1.033973142170464321e+01 2.127824813203018550e+01 1.400641288461041079e+01 1.212156566269148250e+01
1.336397938563636423e+01 1.029337273266650321e+01 2.127123322843950604e+01 1.398735186087300697e+01 1.207199734790181367e+01
1.331715354725789169e+01 1.024706493990886358e+01 2.126421906565663633e+01 1.396829863204942868e+01 1.202250098201174566e+01
1.327038694023555720e+01 1.020080838997249906e+01 2.125720565049490318e+01 1.394925321675920671e+01 1.197307746622127311e+01
1.322367976080583318e+01 1.015460342586684561e+01 2.125019298771519516e+01 1.393021563260766271e+01 1.192372764185727085e+01
1.317703220464536606e+01 1.010845038625693526e+01 2.124318108264614224e+01 1.391118589655074800e+01 1.187445230452041578e+01
1.313044446742503268e+01 1.006234960736078499e+01 2.123616993962995636e+01 1.389216402470238876e+01 1.182525219860225718e+01
1.308391674464134269e+01 1.001630142251910272e+01 2.122915956175990715e+01 1.387315003270309788e+01 1.177612803095064464e+01
1.303744923180569693e+01 9.970306164396809834e+00 2.122214995302269003e+01 1.385414393557487855e+01 1.172708046685261252e+01
1.299104212456533602e+01 9.924364163327775046e+00 2.121514111552732373e+01 1.383514574792181051e+01 1.167811013996795921e+01
1.294469561873279240e+01 9.878475749821149066e+00 2.120813305209369304e+01 1.381615548396128546e+01 1.162921765051848233e+01
1.289840991034209949e+01 9.832641253024316796e+00 2.120112576481992051e+01 1.379717315757516438e+01 1.158040357207749871e+01
1.285218519579835039e+01 9.786861002368642204e+00 2.119411925543541031e+01 1.377819878238223339e+01 1.153166845118908945e+01
1.280602167168746774e+01 9.741135327069315508e+00 2.118711352563073902e+01 1.375923237171478775e+01 1.148301281041360333e+01
1.275991953508334831e+01 9.695464556803187861e+00 2.118010857683491821e+01 1.374027393883175385e+01 1.143443715101620661e+01
1.271387898326834254e+01 9.649849021787664682e+00 2.117310441037190571e+01 1.372132349670262030e+01 1.138594195935869813e+01
1.266790021399555144e+01 9.604289053146167987e+00 2.116610102739626598e+01 1.370238105815747431e+01 1.133752769402263993e+01
1.262198342534400375e+01 9.558784982899869220e+00 2.115909842899259274e+01 1.368344663615026668e+01 1.128919480793461361e+01
1.257612881582189601e+01 9.513337144391730504e+00 2.115209661620023596e+01 1.366452024309829838e+01 1.124094374111830064e+01
1.253033658435681197e+01 9.467945872114158945e+00 2.114509558981726300e+01 1.364560189169838011e+01 1.119277490442588174e+01
1.248460693031255175e+01 9.422611502099069725e+00 2.113809535075565904e+01 1.362669159451735190e+01 1.114468871459802735e+01
1.243894005349417675e+01 9.377334371812114711e+00 2.113109589971188029e+01 1.360778936380810755e+01 1.109668557172817493e+01
1.239333615417771206e+01 9.332114820377301001e+00 2.112409723736904965e+01 1.358889521202929984e+01 1.104876585679542522e+01
1.234779543307126559e+01 9.286953188613658483e+00 2.111709936436506041e+01 1.357000915148484665e+01 1.100092995302255972e+01
1.230231809137280052e+01 9.241849819140357525e+00 2.111010228125547172e+01 1.355113119440749436e+01 1.095317822989579604e+01
1.225690433071670071e+01 9.196805056453420946e+00 2.110310598857018860e+01 1.353226135305406075e+01 1.090551104717354569e+01
1.221155435322148541e+01 9.151819247011893310e+00 2.109611048680953616e+01 1.351339963963243918e+01 1.085792876149978525e+01
1.216626836145657720e+01 9.106892739276311488e+00 2.108911577643845447e+01 1.349454606634331455e+01 1.081043172052396706e+01
1.212104655847705459e+01 9.062025883800796322e+00 2.108212185789812310e+01 1.347570064538158618e+01 1.076302026672212264e+01
1.207588914780647649e+01 9.017219033250331250e+00 2.107512873160766986e+01 1.345686338891061062e+01 1.071569473852115451e+01
1.203079633342117027e+01 8.972472542471310319e+00 2.106813639798281201e+01 1.343803430912858410e+01 1.066845546692293745e+01
1.198576831980371793e+01 8.927786768483782609e+00 2.106114485738934761e+01 1.341921341821489122e+01 1.062130278115796855e+01
1.194080531189664285e+01 8.883162070589827763e+00 2.105415411021045102e+01 1.340040072832650786e+01 1.057423700636234720e+01
1.189590751507986255e+01 8.838598810477590106e+00 2.104716415679861186e+01 1.338159625166723288e+01 1.052725846109504459e+01
1.185107513525461087e+01 8.794097352007707258e+00 2.104017499748783848e+01 1.336280000040894222e+01 1.048036746401400165e+01
1.180630837876799610e+01 8.749658061496775829e+00 2.103318663261115162e+01 1.334401198673744382e+01 1.043356432952729840e+01
1.176160745240343886e+01 8.705281307820543546e+00 2.102619906248338921e+01 1.332523222285490760e+01 1.038684936762492761e+01
1.171697256345014182e+01 8.660967462050047416e+00 2.101921228741262482e+01 1.330646072095866295e+01 1.034022288795325117e+01
1.167240391963908586e+01 8.616716897775932082e+00 2.101222630769962763e+01 1.328769749326313132e+01 1.029368519668460813e+01
1.162790172914537301e+01 8.572529991267844096e+00 2.100524112363886786e+01 1.326894255199204409e+01 1.024723659754136484e+01
1.158346620061965915e+01 8.528407121108106281e+00 2.099825673551877969e+01 1.325019590938322622e+01 1.020087739316301345e+01
1.153909754315578873e+01 8.484348668421192841e+00 2.099127314362188557e+01 1.323145757768778097e+01 1.015460788369916401e+01
1.149479596629319822e+01 8.440355017037299845e+00 2.098429034822986239e+01 1.321272756917011826e+01 1.010842836797455035e+01
1.145056168002488661e+01 8.396426553269277449e+00 2.097730834961559410e+01 1.319400589611097807e+01 1.006233914367471804e+01
1.140639489478211921e+01 8.352563666027952749e+00 2.097032714805131803e+01 1.317529257081058525e+01 1.001634050633523998e+01
1.136229582143348615e+01 8.308766746919811652e+00 2.096334674380603147e+01 1.315658760557545470e+01 9.970432751144905126e+00
1.131826467129022440e+01 8.265036190170475194e+00 2.095636713714257482e+01 1.313789101273815696e+01 9.924616172053555729e+00
1.127430165608922863e+01 8.221372392677585239e+00 2.094938832832394837e+01 1.311920280464537925e+01 9.878891061331344758e+00
1.123040698799309034e+01 8.177775754060535363e+00 2.094241031760905258e+01 1.310052299365613848e+01 9.833257711201042639e+00
1.118658087959660818e+01 8.134246676632878703e+00 2.093543310525501155e+01 1.308185159215204685e+01 9.787716412741513494e+00
1.114282354390623020e+01 8.090785565433179727e+00 2.092845669151699894e+01 1.306318861253024899e+01 9.742267455921219010e+00
1.109913519434232043e+01 8.047392828289543942e+00 2.092148107664875667e+01 1.304453406720546482e+01 9.696911130584979333e+00
1.105551604474278093e+01 8.004068875769609903e+00 2.091450626090257003e+01 1.302588796861119569e+01 9.651647725638994757e+00
1.101196630934477128e+01 7.960814121204323079e+00 2.090753224452904391e+01 1.300725032919956980e+01 9.606477529378080860e+00
1.096848620278688280e+01 7.917628980776848735e+00 2.090055902777845276e+01 1.298862116144139556e+01 9.561400829835889681e+00
1.092507594010857197e+01 7.874513873457463120e+00 2.089358661089949720e+01 1.297000047782655763e+01 9.516417914325428384e+00
1.088173573673574523e+01 7.831469221024930150e+00 2.088661499413982270e+01 1.295138829086348942e+01 9.471529069871849060e+00
1.083846580848202557e+01 7.788495448146740330e+00 2.087964417774675496e+01 1.293278461308095650e+01 9.426734583201838547e+00
1.079526637154559410e+01 7.745592982331942267e+00 2.087267416196551295e+01 1.291418945702646326e+01 9.382034740427018349e+00
1.075213764249572534e+01 7.702762253950480087e+00 2.086570494704208301e+01 1.289560283526638962e+01 9.337429827620521650e+00
1.070907983827481402e+01 7.660003696287196462e+00 2.085873653322179777e+01 1.287702476038793620e+01 9.292920130503755871e+00
1.066609317619350428e+01 7.617317745519837757e+00 2.085176892074866117e+01 1.285845524499674575e+01 9.248505934344191104e+00
1.062317787391607204e+01 7.574704840732604971e+00 2.084480210986553672e+01 1.283989430171857116e+01 9.204187524407801746e+00
1.058033414946454442e+01 7.532165423959386708e+00 2.083783610081708204e+01 1.282134194319909604e+01 9.159965185631747886e+00
1.053756222121168129e+01 7.489699940168804915e+00 2.083087089384726553e+01 1.280279818210351372e+01 9.115839202648237105e+00
1.049486230786574481e+01 7.447308837269521753e+00 2.082390648919734133e+01 1.278426303111713835e+01 9.071809860050459307e+00
1.045223462847621221e+01 7.404992566162364120e+00 2.081694288710990648e+01 1.276573650294522899e+01 9.027877442135547881e+00
1.040967940242438594e+01 7.362751580717061373e+00 2.080998008782820463e+01 1.274721861031314063e+01 8.984042233017845547e+00
1.036719684940855934e+01 7.320586337771706198e+00 2.080301809159492521e+01 1.272870936596637215e+01 8.940304516717473504e+00
1.032478718945045415e+01 7.278497297195248628e+00 2.079605689864993678e+01 1.271020878267033183e+01 8.896664576984193218e+00
1.028245064288372213e+01 7.236484921856416008e+00 2.078909650923598917e+01 1.269171687321080633e+01 8.853122697466378810e+00
1.024018743033941092e+01 7.194549677620878825e+00 2.078213692359475573e+01 1.267323365039408323e+01 8.809679161669290437e+00
1.019799777275336439e+01 7.152692033415108952e+00 2.077517814196762203e+01 1.265475912704684269e+01 8.766334252840456642e+00
1.015588189135250730e+01 7.110912461194426548e+00 2.076822016459529507e+01 1.263629331601518579e+01 8.723088254165189070e+00
1.011384000764006075e+01 7.069211435937977406e+00 2.076126299171921019e+01 1.261783623016592770e+01 8.679941448619450384e+00
1.007187234340480764e+01 7.027589435710584809e+00 2.075430662358043321e+01 1.259938788238710572e+01 8.636894118899236972e+00
1.002997912070430786e+01 6.986046941631736118e+00 2.074735106041993404e+01 1.258094828558700229e+01 8.593946547702440597e+00
9.988160561851067598e+00 6.944584437865648496e+00 2.074039630247863286e+01 1.256251745269338116e+01 8.551099017537325153e+00
9.946416889421538343e+00 6.903202411685914974e+00 2.073344234999749958e+01 1.254409539665440043e+01 8.508351810767187828e+00
9.904748326238363987e+00 6.861901353441655083e+00 2.072648920321748278e+01 1.252568213044001944e+01 8.465705209066143766e+00
9.863155095356679780e+00 6.820681756540602159e+00 2.071953686237936409e+01 1.250727766704025079e+01 8.423159494556262672e+00
9.821637420072631741e+00 6.779544117521697721e+00 2.071258532772410987e+01 1.248888201946514620e+01 8.380714948989968605e+00
9.780195523904890109e+00 6.738488936014846331e+00 2.070563459949272200e+01 1.247049520074493678e+01 8.338371853959229085e+00
9.738829630581207653e+00 6.697516714717007602e+00 2.069868467792618816e+01 1.245211722393143816e+01 8.296130490306074634e+00
9.697539964046166361e+00 6.656627959473440548e+00 2.069173556326517627e+01 1.243374810209666137e+01 8.253991139045412595e+00
9.656326748440889673e+00 6.615823179230666540e+00 2.068478725575083388e+01 1.241538784833311304e+01 8.211954081058149058e+00
9.615190208084490209e+00 6.575102886006034986e+00 2.067783975562421972e+01 1.239703647575373324e+01 8.170019596888105085e+00
9.574130567497784128e+00 6.534467594976134386e+00 2.067089306312633568e+01 1.237869399749243726e+01 8.128187966557621991e+00
9.533148051373654397e+00 6.493917824422620555e+00 2.066394717849808416e+01 1.236036042670366264e+01 8.086459469724280424e+00
9.492242884574901396e+00 6.453454095650991817e+00 2.065700210198065179e+01 1.234203577656251483e+01 8.044834386102403201e+00
9.451415292089569320e+00 6.413076933190803075e+00 2.065005783381518611e+01 1.232372006026476363e+01 8.003312994932686664e+00
9.410665499067222939e+00 6.372786864667923545e+00 2.064311437424281337e+01 1.230541329102692671e+01 7.961895575061939567e+00
9.369993730823658495e+00 6.332584420840634998e+00 2.063617172350473439e+01 1.228711548208623761e+01 7.920582404781561614e+00
9.329400212796498337e+00 6.292470135480501270e+00 2.062922988184222106e+01 1.226882664670064571e+01 7.879373762299263895e+00
9.288885170543021985e+00 6.252444545379264085e+00 2.062228884949657370e+01 1.225054679814869019e+01 7.838269925322247644e+00
9.248448829642008207e+00 6.212508190697190180e+00 2.061534862670917789e+01 1.223227594972988896e+01 7.797271171148368651e+00
9.208091415894534393e+00 6.172661614618379922e+00 2.060840921372145118e+01 1.221401411476446697e+01 7.756377776485423148e+00
9.167813155154602711e+00 6.132905363454916881e+00 2.060147061077488573e+01 1.219576130659341651e+01 7.715590017778554355e+00
9.127614273362324226e+00 6.093239986171276712e+00 2.059453281811104119e+01 1.217751753857821662e+01 7.674908170942753571e+00
9.087494996484434040e+00 6.053666035227938558e+00 2.058759583597151277e+01 1.215928282410151340e+01 7.634332511410164557e+00
9.047455550546427361e+00 6.014184066176080812e+00 2.058065966459800578e+01 1.214105717656664041e+01 7.593863313970536488e+00
9.007496161681709523e+00 5.974794637590226998e+00 2.057372430423228238e+01 1.212284060939773767e+01 7.553500852974721624e+00
8.967617056039681955e+00 5.935498311028811536e+00 2.056678975511615448e+01 1.210463313603952962e+01 7.513245402249246752e+00
