2.018900587151337689e+00 2.026819097583058671e+00 2.001880810175714842e+00 2.025548539942626292e+00 2.017089939889137096e+00
2.038227244466125576e+00 2.054110799821671218e+00 2.003848114340563313e+00 2.051464117758758032e+00 2.034610142031386015e+00
2.057957680204042905e+00 2.081842106782506363e+00 2.005898600072382187e+00 2.077717980575622736e+00 2.052528679995775818e+00
2.078071470017855304e+00 2.109982390362889593e+00 2.008029353055779342e+00 2.104283586908701764e+00 2.070816285256344091e+00
2.098549764521758565e+00 2.138503320400739760e+00 2.010237834329311912e+00 2.131136504808705645e+00 2.089446169325150482e+00
2.119375341020675929e+00 2.167378720358832389e+00 2.012521865494867779e+00 2.158254321783084073e+00 2.108393938544318669e+00
2.140532523645795937e+00 2.196584461259686982e+00 2.014879609699295138e+00 2.185616555382571047e+00 2.127637500952795246e+00
2.162007063085720215e+00 2.226098375179747624e+00 2.017309555391153530e+00 2.213204573949732801e+00 2.147156962998027385e+00
2.183786084621569756e+00 2.255900151153178879e+00 2.019810503484821940e+00 2.241001519774854511e+00 2.166934539299872231e+00
2.205858046161586206e+00 2.285971250578038738e+00 2.022381553370517171e+00 2.268992237147343438e+00 2.186954474596776610e+00
2.228212679741057300e+00 2.316294822584165747e+00 2.025022089397503500e+00 2.297163206160119930e+00 2.207202971754021359e+00
2.250840937710262502e+00 2.346855624002015972e+00 2.027731768324369188e+00 2.325502480913511416e+00 2.227668124661210225e+00
2.273734948558003399e+00 2.377639950706373906e+00 2.030510507884360827e+00 2.353999632095258754e+00 2.248339857411083997e+00
2.296887979080076914e+00 2.408635577627466606e+00 2.033358475917780517e+00 2.382645694785973323e+00 2.269209870170449506e+00
2.320294395634445284e+00 2.439831687682481931e+00 2.036276081139829053e+00 2.411433120896871340e+00 2.290271594171422009e+00
2.343949645902072998e+00 2.471218809502695901e+00 2.039263964304501187e+00 2.440355736590371638e+00 2.311520152203594858e+00
2.367850225364398042e+00 2.502788770485947722e+00 2.042322989712402670e+00 2.469408704732832138e+00 2.332952326712673941e+00
2.391993659558441454e+00 2.534534657434062144e+00 2.045454237928800101e+00 2.498588492335391376e+00 2.354566536471907501e+00
2.416378491238146076e+00 2.566450781500125178e+00 2.048658999157100702e+00 2.527892844231641511e+00 2.376362821257917979e+00
2.441004256840928477e+00 2.598532644327931518e+00 2.051938767375788064e+00 2.557320761069010739e+00 2.398342835302627929e+00
2.465871498449068611e+00 2.630776913354850421e+00 2.055295235517268004e+00 2.586872482853320498e+00 2.420509850089246129e+00
2.490981759095475923e+00 2.663181410777639258e+00 2.058730291389875067e+00 2.616549480544563711e+00 2.442868767172607036e+00
2.516337595830413054e+00 2.695745090420784251e+00 2.062246014363618762e+00 2.646354454276135026e+00 2.465426142038472879e+00
2.541942595979506336e+00 2.728468057863564056e+00 2.065844672974746832e+00 2.676291338301168388e+00 2.488190219848927409e+00
2.567801395354226024e+00 2.761351565137596609e+00 2.069528723459397312e+00 2.706365313019468921e+00 2.511170982691044440e+00
2.593919703446669889e+00 2.794398033633963774e+00 2.073300809202876405e+00 2.736582826010742320e+00 2.534380213076897093e+00
2.620304345821272918e+00 2.827611126884014059e+00 2.077163761121600949e+00 2.766951622623761153e+00 2.557831571973371521e+00
2.646963309354611660e+00 2.860995732934371816e+00 2.081120599339483235e+00 2.797480786066916192e+00 2.581540694537209468e+00
2.673905794094402655e+00 2.894558106520909835e+00 2.085174535733069767e+00 2.828180790343860274e+00 2.605525305324234875e+00
2.701142277979217798e+00 2.928305895160645544e+00 2.089328977745152471e+00 2.859063564895969467e+00 2.629805355291582103e+00
2.728684597889675434e+00 2.962248255918086937e+00 2.093587533478054485e+00 2.890142573186942787e+00 2.654403183247873166e+00
2.756546035557490448e+00 2.996396022843148987e+00 2.097954018254486463e+00 2.921432907265731682e+00 2.679343704804893367e+00
2.784741409081938013e+00 3.030761764067815278e+00 2.102432462308525096e+00 2.952951400109149471e+00 2.704654637081558288e+00
2.813287198814355961e+00 3.065360087512318810e+00 2.107027120720228908e+00 2.984716757951058064e+00 2.730366741960108534e+00
2.842201674964708769e+00 3.100207762459939342e+00 2.111742484735842140e+00 3.016749715156621381e+00 2.756514128887406212e+00
2.871505040168629286e+00 3.135324012125173532e+00 2.116583295155311628e+00 3.049073215083092592e+00 2.783134589513643675e+00
2.901219590938203918e+00 3.170730894736808025e+00 2.121554557930603657e+00 3.081712618251834179e+00 2.810269983412065908e+00
2.931369913831712637e+00 3.206453444001625463e+00 2.126661562309494879e+00 3.114695944199831423e+00 2.837966677362231405e+00
2.961983088129669817e+00 3.242520358775640599e+00 2.131909901313844280e+00 3.148054151635125031e+00 2.866276043062618850e+00
2.993088897784867086e+00 3.278964379528073181e+00 2.137305495709602265e+00 3.181821458425071025e+00 2.895255017480903970e+00
3.024720102997605409e+00 3.315822884588131902e+00 2.142854621389705283e+00 3.216035709135629084e+00 2.924966728628292323e+00
3.056912712792077436e+00 3.353138525866889541e+00 2.148563940376263748e+00 3.250738795192291697e+00 2.955481196611174255e+00
3.089706278925708816e+00 3.390960026680194250e+00 2.154440536309883747e+00 3.285977133462291366e+00 2.986876068143672569e+00
3.123144214911792726e+00 3.429343104392615249e+00 2.160491954991683006e+00 3.321802209024880881e+00 3.019237425021712884e+00
3.157274161351598440e+00 3.468351516673676915e+00 2.166726250509712681e+00 3.358271187899042776e+00 3.052660621122103457e+00
3.192148338214632730e+00 3.508058266771810096e+00 2.173152037103928347e+00 3.395447602515389018e+00 3.087251100907780543e+00
3.227823904479943273e+00 3.548546918660995697e+00 2.179778550185226038e+00 3.433402106813645993e+00 3.123125152026530849e+00
3.264363352446967514e+00 3.589913135819969625e+00 2.186615714383385978e+00 3.472213314518912242e+00 3.160410497561811471e+00
3.301834846749405639e+00 3.632266307710267927e+00 2.193674221821193093e+00 3.511968688363559465e+00 3.199246592691117996e+00
3.340312522755755520e+00 3.675731299189851864e+00 2.200965621542525508e+00 3.552765471109954110e+00 3.239784491878592299e+00
3.379876803581728151e+00 3.720450248057460829e+00 2.208502418497718889e+00 3.594711621478716257e+00 3.282185918664973112e+00
3.420614678848994838e+00 3.766584458075973529e+00 2.216298241013451520e+00 3.637927046460179170e+00 3.326621671469757846e+00
3.462622770194866195e+00 3.814319720002882885e+00 2.224368310325711473e+00 3.682547909671568309e+00 3.373271465653927326e+00
3.506009936724133524e+00 3.863870902408325758e+00 2.232729946579226965e+00 3.728730536976345267e+00 3.422322429901896168e+00
3.550896492994672027e+00 3.915480708519648800e+00 2.241402704831195081e+00 3.776651505687962374e+00 3.473961982142136584e+00
3.597412672997422511e+00 3.969415969910888631e+00 2.250408525026964757e+00 3.826506428162912865e+00 3.528368299006818365e+00
3.645696600624116712e+00 4.025960676723399523e+00 2.259771931865803385e+00 3.878507815632451727e+00 3.585698883921901725e+00
3.695891607247923094e+00 4.085404588826820671e+00 2.269520267530079849e+00 3.932881237194351787e+00 3.646077969220921311e+00
3.748142401794839262e+00 4.148026611220836379e+00 2.279683985283294856e+00 3.989859465370366287e+00 3.709584095422366001e+00
3.802590717294979772e+00 4.214073005861991739e+00 2.290297015890985222e+00 4.049674042552327435e+00 3.776239795155669654e+00
3.859369685364190783e+00 4.283732215690370992e+00 2.301397205689394987e+00 4.112544050355529279e+00 3.846005424899815228e+00
3.918597510237323167e+00 4.357110279184700730e+00 2.313026847432425814e+00 4.178662360079894889e+00 3.918778683923080042e+00
3.980370582445856176e+00 4.434212593592280705e+00 2.325233322548160508e+00 4.248180317091318159e+00 3.994400296139239970e+00
4.044756603354122682e+00 4.514937722820611121e+00 2.338069869085175334e+00 4.321192725380368138e+00 4.072664927380584388e+00
4.111788421003693017e+00 4.599086363212251172e+00 2.351596504550951039e+00 4.397725680509408264e+00 4.153335416166004990e+00
4.181459378000829119e+00 4.686383713906350224e+00 2.365881126779953991e+00 4.477729933732828016e+00 4.236157494734897000e+00
4.253720920150311890e+00 4.776509432199717686e+00 2.381000816672786957e+00 4.561081701974351255e+00 4.320873015540585449e+00
4.328482966428403245e+00 4.869127631544607482e+00 2.397043373949237388e+00 4.647591258568812833e+00 4.407230237343698676e+00
4.405617149065324867e+00 4.963911200668717605e+00 2.414109114814561696e+00 4.737017778912053778e+00 4.494990718793944851e+00
4.484962561492202404e+00 5.060557606864832358e+00 2.432312935183662983e+00 4.829087586965091994e+00 4.583933193415343332e+00
4.566333287974960520e+00 5.158796735467507943e+00 2.451786612817835387e+00 4.923512448616840231e+00 4.673855138996561465e+00
4.649526761686239240e+00 5.258392557142904877e+00 2.472681312480969229e+00 5.020005404689241502e+00 4.764572812451005390e+00
4.734332000299159127e+00 5.359141099982557499e+00 2.495170112893406511e+00 5.118292587525937520e+00 4.855920390353436922e+00
4.820536961726970659e+00 5.460866601635225415e+00 2.519450265459497018e+00 5.218120754643266856e+00 4.947748667441451254e+00
4.907934538152038506e+00 5.563417179450268257e+00 2.545744670641359342e+00 5.319261053784881454e+00 5.039923579125686004e+00
4.996327002916877369e+00 5.666660715627259037e+00 2.574301682102208222e+00 5.421509935634180266e+00 5.132324711720674060e+00
5.085528960064751303e+00 5.770481292054561173e+00 2.605392018351008421e+00 5.524688175698094561e+00 5.224843881333776530e+00
5.175369000254154805e+00 5.874776249720173205e+00 2.639301104928625463e+00 5.628638819660013226e+00 5.317383817303408478e+00
5.265690329490171351e+00 5.979453837217614698e+00 2.676314266233463357e+00 5.733224652372586938e+00 5.409856970226699424e+00
5.356350650102935873e+00 6.084431363265307091e+00 2.716694694182798742e+00 5.838325583140391295e+00 5.502184446228623571e+00
5.447221544086302103e+00 6.189633756715722690e+00 2.760652939442314935e+00 5.943836175999670957e+00 5.594295064995895572e+00
5.538187556521408261e+00 6.294992446954769783e+00 2.808311967650419572e+00 6.049663442025287274e+00 5.686124531348886180e+00
5.629145130530452512e+00 6.400444473311091897e+00 2.859675568999248796e+00 6.155724927907093580e+00 5.777614711476054765e+00
5.720001497499142218e+00 6.505931811443688595e+00 2.914610149156003693e+00 6.261947101371222679e+00 5.868713001255255968e+00
5.810673583592986802e+00 6.611400820110585386e+00 2.972849072116023006e+00 6.368263999307261614e+00 5.959371773869393429e+00
5.901087045172657142e+00 6.716801832298212815e+00 3.034021140001199157e+00 6.474616188608786516e+00 6.049547936572810869e+00
5.991175183985536279e+00 6.822088687529244133e+00 3.097693753845426556e+00 6.580949669297285531e+00 6.139202399341545657e+00
6.080878238205262853e+00 6.927218538484554600e+00 3.163420084077924077e+00 6.687215315198298704e+00 6.228299827998863947e+00
6.170142561325163477e+00 7.032151553520297860e+00 3.230777908200577198e+00 6.793368198224369436e+00 6.316808271892888627e+00
6.258920088133965720e+00 7.136850669920499435e+00 3.299393429018402379e+00 6.899367034274657584e+00 6.404698843559954113e+00
6.347167617532800676e+00 7.241281462493908805e+00 3.368952157598372743e+00 7.005173853892205926e+00 6.491945536582122145e+00
6.434846353891781945e+00 7.345411931274070660e+00 3.439198584285852345e+00 7.110753615541624661e+00 6.578524955724613044e+00
6.521921491266611248e+00 7.449212337880296353e+00 3.509930290721800628e+00 7.216073886677500937e+00 6.664416094032072024e+00
6.608361803372082122e+00 7.552655078322708881e+00 3.580989842083629693e+00 7.321104619936162905e+00 6.749600165857111200e+00
6.694139264658132582e+00 7.655714569108242884e+00 3.652256032451060008e+00 7.425817968266276381e+00 6.834060455120005706e+00
6.779228784192303792e+00 7.758367112154889611e+00 3.723635947097232002e+00 7.530188088773141608e+00 6.917782147518327207e+00
6.863607952575244475e+00 7.860590770796714644e+00 3.795058659774713128e+00 7.634190962460897900e+00 7.000752175976812985e+00
6.947256794413613434e+00 7.962365278967568294e+00 3.866470025379068698e+00 7.737804266335536418e+00 7.082959096623619111e+00
7.030157552977772006e+00 8.063671952312395419e+00 3.937828595013554978e+00 7.841007270590470313e+00 7.164392987422327330e+00
7.112294502760986070e+00 8.164493593940251870e+00 4.009102498544271143e+00 7.943780733947138017e+00 7.245045337547484365e+00
7.193653782871262337e+00 8.264814406250092560e+00 4.080267123366565940e+00 8.046106797858023185e+00 7.324908940675479485e+00
7.274223249581654116e+00 8.364619906704648500e+00 4.151303367738560013e+00 8.147968895807187195e+00 7.403977798401402133e+00
7.353992343142836674e+00 8.463896854101026435e+00 4.222196294810331985e+00 8.249351681430750816e+00 7.482247037905034759e+00
7.432951967137153559e+00 8.562633178662911959e+00 4.292934156640386689e+00 8.350240935228400829e+00 7.559712826386597584e+00
7.511094367254373516e+00 8.660817911862695340e+00 4.363507659443452091e+00 8.450623524127230723e+00 7.636372297142414389e+00
7.588413029401934295e+00 8.758441124648079779e+00 4.433909397040558531e+00 8.550487331687106618e+00 7.712223490438423923e+00
7.664902586053556455e+00 8.855493867909540739e+00 4.504133435901828797e+00 8.649821196606072959e+00 7.787265279852126021e+00
7.740558731367982226e+00 8.951968111812572459e+00 4.574174999437033762e+00 8.748614865530829121e+00 7.861497311545463162e+00
7.815378141416096547e+00 9.047856691334962065e+00 4.644030226760882840e+00 8.846858936916516924e+00 7.934919947607235180e+00
7.889358402218761057e+00 9.143153253647927414e+00 4.713695979915801360e+00 8.944544815019700224e+00 8.007534211702788340e+00
7.962497940474557723e+00 9.237852212045655875e+00 4.783169697871965553e+00 9.041664661861471330e+00 8.079341740538804828e+00
8.034795960456943220e+00 9.331948699035208961e+00 4.852449287986065229e+00 9.138211362190714837e+00 8.150344733775016337e+00
8.106252386535704346e+00 9.425438522273099196e+00 4.921533057741543260e+00 9.234178481742150169e+00 8.220545916385200158e+00
8.176867809010232691e+00 9.518318123524142749e+00 4.990419645930898263e+00 9.329560229190244414e+00 8.289948494615659413e+00
8.246643433896556630e+00 9.610584540210741267e+00 5.059107958142941008e+00 9.424351422658350685e+00 8.358556117317775147e+00
8.315581035867944948e+00 9.702235372163631411e+00 5.127597123640883048e+00 9.518547455822544023e+00 8.426372840195936575e+00
8.383682915150476589e+00 9.793268732267748078e+00 5.195886463368458941e+00 9.612144271327030864e+00 8.493403093097851908e+00
8.450951856625419367e+00 9.883683240142548954e+00 5.263975464679830907e+00 9.705138316132849496e+00 8.559651648224905429e+00
8.517391091958684157e+00 9.973477945927779587e+00 5.331863760332355540e+00 9.797526534614505067e+00 8.625123589301805893e+00
8.583004264266492100e+00 1.006265236329328516e+01 5.399551112062291658e+00 9.889306317030943205e+00 8.689824286180861890e+00
8.647795397881509416e+00 1.015120637067386156e+01 5.467037388462447467e+00 9.980475489361422703e+00 8.753759368296819332e+00
8.711768859420745414e+00 1.023914025770210579e+01 5.534322563609016754e+00 1.007103229637954556e+01 8.816934704077583618e+00
8.774929341853031417e+00 1.032645463641978800e+01 5.601406683692950139e+00 1.016097534886618448e+01 8.879356367460593091e+00
8.837281815730319678e+00 1.041315046985303105e+01 5.668289888589859160e+00 1.025030364999772559e+01 8.941030634068441785e+00
8.898831532620349094e+00 1.049922901048622847e+01 5.734972373038124793e+00 1.033901652056600717e+01 9.001963936723683446e+00
8.959583972192847412e+00 1.058469180722902614e+01 5.801454410051703370e+00 1.042711363001043345e+01 9.062162873171816457e+00
9.019544847969767076e+00 1.066954066444243310e+01 5.867736323125671838e+00 1.051459493443763549e+01 9.121634170196978530e+00
9.078720065945249829e+00 1.075377763993732572e+01 5.933818494427610446e+00 1.060146069374334488e+01 9.180384676180311843e+00
9.137115718542320408e+00 1.083740501324760253e+01 5.999701352949598387e+00 1.068771142479843839e+01 9.238421349594215570e+00
9.194738059123965357e+00 1.092042528101723775e+01 6.065385371569500528e+00 1.077334790939644726e+01 9.295751233959103743e+00
9.251593484695366243e+00 1.100284113326532776e+01 6.130871064859886310e+00 1.085837116214645626e+01 9.352381458972665484e+00
9.307688527195093542e+00 1.108465544350195842e+01 6.196158982009163374e+00 1.094278242429267323e+01 9.408319213521496138e+00
9.363029826536278577e+00 1.116587125407968983e+01 6.261249709078706260e+00 1.102658315157058766e+01 9.463571747215512531e+00
9.417624131706389790e+00 1.124649176121232230e+01 6.326143861151122039e+00 1.110977499112677691e+01 9.518146347226192461e+00
9.471478273386802371e+00 1.132652030659851228e+01 6.390842084891754205e+00 1.119235978603835413e+01 9.572050341591594957e+00
9.524599165254864275e+00 1.140596036086020071e+01 6.455345052641446202e+00 1.127433954296869878e+01 9.625291075125051776e+00
9.576993781656057081e+00 1.148481551849287285e+01 6.519653462496703966e+00 1.135571644280030768e+01 9.677875918405828060e+00
9.628669155857453532e+00 1.156308948065480635e+01 6.583768035309369715e+00 1.143649280842836724e+01 9.729812241128534822e+00
9.679632363916498505e+00 1.164078605258893262e+01 6.647689512791283839e+00 1.151667111565345714e+01 9.781107424246279436e+00
9.729890519434643892e+00 1.171790912737459500e+01 6.711418656506564773e+00 1.159625396386316964e+01 9.831768834711976268e+00
9.779450763570315175e+00 1.179446268625078531e+01 6.774956245155287604e+00 1.167524408281011006e+01 9.881803836419759790e+00
9.828320256153119772e+00 1.187045078058574177e+01 6.838303074611279619e+00 1.175364431306751811e+01 9.931219768855658714e+00
9.876506171977688098e+00 1.194587753480634973e+01 6.901459955148635750e+00 1.183145760392971368e+01 9.980023954881719561e+00
9.924015688081114561e+00 1.202074712921771571e+01 6.964427711525206455e+00 1.190868700536311664e+01 1.002822368389278651e+01
9.970855984424995100e+00 1.209506380320865304e+01 7.027207180836808398e+00 1.198533565583479366e+01 1.007582621914444054e+01
1.001703423124853032e+01 1.216883183953114944e+01 7.089799211999199713e+00 1.206140678385339449e+01 1.012283878242375756e+01
1.006255758962634772e+01 1.224205556751967272e+01 7.152204664511542909e+00 1.213690369080570974e+01 1.016926855945814090e+01
1.010743320123790134e+01 1.231473934882445143e+01 7.214424407326424316e+00 1.221182975641448287e+01 1.021512268988869288e+01
1.015166818790723013e+01 1.238688758093917919e+01 7.276459318361368389e+00 1.228618842062977734e+01 1.026040826819167506e+01
1.019526964402057878e+01 1.245850468381670773e+01 7.338310283067984940e+00 1.235998319012830748e+01 1.030513233870440004e+01
1.023824463471483703e+01 1.252959510385688091e+01 7.399978194303543866e+00 1.243321762137377640e+01 1.034930189336917472e+01
1.028060019113187096e+01 1.260016330143177044e+01 7.461463950971074510e+00 1.250589532565170714e+01 1.039292387007115082e+01
1.032234330687109214e+01 1.267021375494366708e+01 7.522768457860633973e+00 1.257801995688716445e+01 1.043600514882041708e+01
1.036348093632339484e+01 1.273975094953488885e+01 7.583892624600447441e+00 1.264959521130451670e+01 1.047855255208178882e+01
1.040401998919246296e+01 1.280877938082478451e+01 7.644837365277510344e+00 1.272062482234608538e+01 1.052057284013827498e+01
1.044396733109594955e+01 1.287730354494669882e+01 7.705603597797746396e+00 1.279111255463118013e+01 1.056207271284960925e+01
1.048332977793521081e+01 1.294532794187160007e+01 7.766192243235313875e+00 1.286106220428903590e+01 1.060305880456920491e+01
1.052211409666906050e+01 1.301285706667729336e+01 7.826604225568009277e+00 1.293047758976406314e+01 1.064353768685007395e+01
1.056032700072203667e+01 1.307989541238039344e+01 7.886840470871770314e+00 1.299936255489479109e+01 1.068351586330602743e+01
1.059797515036268578e+01 1.314644746265267905e+01 7.946901907232453155e+00 1.306772095874677220e+01 1.072299977273723748e+01
1.063506514935726521e+01 1.321251769368569917e+01 8.006789463997346701e+00 1.313555667967626839e+01 1.076199578434014548e+01
1.067160354471699790e+01 1.327811056876153550e+01 8.066504071659762687e+00 1.320287360555458278e+01 1.080051020085994828e+01
1.070759682472478858e+01 1.334323053886174115e+01 8.126046661392338777e+00 1.326967563717197152e+01 1.083854925434533101e+01
1.074305141784019924e+01 1.340788203896493158e+01 8.185418164690965170e+00 1.333596668098843807e+01 1.087611910917940605e+01
1.077797369221558910e+01 1.347206948767435541e+01 8.244619512659360439e+00 1.340175064959445805e+01 1.091322585839255588e+01
1.081236995375049226e+01 1.353579728484942812e+01 8.303651636970618810e+00 1.346703145854137951e+01 1.094987552653979535e+01
1.084624644761313839e+01 1.359906981056170139e+01 8.362515467632047006e+00 1.353181302342065528e+01 1.098607406657926333e+01
1.087960935365664561e+01 1.366189142371832155e+01 8.421211933901306068e+00 1.359609925990851664e+01 1.102182736238296634e+01
1.091246478834102618e+01 1.372426646059768807e+01 8.479741965037884910e+00 1.365989407893243168e+01 1.105714122653572318e+01
1.094481880681898112e+01 1.378619923420230720e+01 8.538106487434726333e+00 1.372320138842660242e+01 1.109202140202663145e+01
1.097667739378700524e+01 1.384769403254981057e+01 8.596306426660126121e+00 1.378602508779131242e+01 1.112647356122337960e+01
1.100804647271297299e+01 1.390875511856307867e+01 8.654342706900436610e+00 1.384836907034697617e+01 1.116050330669244239e+01
1.103893190404100011e+01 1.396938672824044936e+01 8.712216249501059551e+00 1.391023721789969159e+01 1.119411617112067070e+01
1.106933947646884242e+01 1.402959307093174779e+01 8.769927974444955865e+00 1.397163340297130318e+01 1.122731761757587243e+01
1.109927491928712584e+01 1.408937832748497598e+01 8.827478799105385576e+00 1.403256148458825336e+01 1.126011304004060598e+01
1.112874389471815029e+01 1.414874665078382954e+01 8.884869638245492141e+00 1.409302530899780237e+01 1.129250776336419548e+01
1.115775199716560628e+01 1.420770216394616803e+01 8.942101404497043049e+00 1.415302870776363342e+01 1.132450704417601273e+01
1.118630476012080877e+01 1.426624896102738127e+01 8.999175007271746907e+00 1.421257549647314811e+01 1.135611607069355600e+01
1.121440764855552352e+01 1.432439110532085458e+01 9.056091353266022992e+00 1.427166947474760050e+01 1.138733996385437841e+01
1.124206606298436384e+01 1.438213263015961552e+01 9.112851346408749720e+00 1.433031442379067499e+01 1.141818377709184418e+01
1.126928534090174772e+01 1.443947753750510543e+01 9.169455887119278614e+00 1.438851410743385983e+01 1.144865249756892389e+01
1.129607075297088770e+01 1.449642979906618123e+01 9.225905872957978815e+00 1.444627226922336938e+01 1.147875104599894414e+01
1.132242750619672833e+01 1.455299335355582535e+01 9.282202198186933373e+00 1.450359263391261599e+01 1.150848427789903461e+01
1.134836074441471965e+01 1.460917210801470212e+01 9.338345753411825712e+00 1.456047890455426774e+01 1.153785698354901790e+01
1.137387554595190586e+01 1.466496994011702171e+01 9.394337426273025926e+00 1.461693476395733882e+01 1.156687388942042283e+01
1.139897692723147848e+01 1.472039069130604361e+01 9.450178100524249558e+00 1.467296387232823562e+01 1.159553965755883453e+01
1.142366984224647908e+01 1.477543817125692804e+01 9.505868656408928530e+00 1.472856986798632839e+01 1.162385888672903889e+01
1.144795918084681929e+01 1.483011616241104313e+01 9.561409970781513223e+00 1.478375636628438805e+01 1.165183611467985791e+01
1.147184977261932204e+01 1.488442840849260129e+01 9.616802916510174271e+00 1.483852695952161937e+01 1.167947581538614443e+01
1.149534638500073669e+01 1.493837862188069998e+01 9.672048362855404591e+00 1.489288521670326482e+01 1.170678240171625362e+01
1.151845372395862022e+01 1.499197048709530833e+01 9.727147175356240183e+00 1.494683468136424942e+01 1.173376022799084240e+01
1.154117643636259061e+01 1.504520765119168146e+01 9.782100215542460120e+00 1.500037887290437943e+01 1.176041358704852868e+01
1.156351910794758275e+01 1.509809372988107690e+01 9.836908341258391530e+00 1.505352128895576413e+01 1.178674671226076498e+01
1.158548626533219661e+01 1.515063230860248034e+01 9.891572406354880442e+00 1.510626539737140384e+01 1.181276377965854785e+01
1.160708237673821408e+01 1.520282693848044886e+01 9.946093260684603976e+00 1.515861464100661671e+01 1.183846890734782953e+01
1.162831185143023660e+01 1.525468113849378149e+01 1.000047175034934810e+01 1.521057244348094351e+01 1.186386615562524582e+01
1.164917904116639846e+01 1.530619839649790848e+01 1.005470871725611026e+01 1.526214219644378645e+01 1.188895952884326412e+01
1.166968824079790146e+01 1.535738216754205077e+01 1.010880499937921151e+01 1.531332726606619410e+01 1.191375297581613069e+01
1.168984368803444873e+01 1.540823587440636011e+01 1.016276143077535110e+01 1.536413099534626348e+01 1.193825039001777100e+01
1.170964956493382658e+01 1.545876290883407833e+01 1.021657884131085758e+01 1.541455670157629676e+01 1.196245561069393659e+01
1.172910999815013078e+01 1.550896663054173530e+01 1.027025805690489513e+01 1.546460767274673032e+01 1.198637242340574005e+01
1.174822905917820925e+01 1.555885036717343972e+01 1.032379989942140597e+01 1.551428717206631447e+01 1.201000456078554812e+01
1.176701076571780469e+01 1.560841741594967225e+01 1.037720518657942037e+01 1.556359843852739466e+01 1.203335570315586800e+01
1.178545908162755929e+01 1.565767104299708379e+01 1.043047473214482856e+01 1.561254468190751687e+01 1.205642947908759766e+01
1.180357791769375275e+01 1.570661448262354831e+01 1.048360934571497438e+01 1.566112908627573042e+01 1.207922946635322070e+01
1.182137113255539518e+01 1.575525093908985497e+01 1.053660983281827690e+01 1.570935481098844733e+01 1.210175919242191611e+01
1.183884253284368526e+01 1.580358358643831451e+01 1.058947699498073369e+01 1.575722498717926001e+01 1.212402213526818606e+01
1.185599587406576205e+01 1.585161556767011426e+01 1.064221162955583821e+01 1.580474271977972478e+01 1.214602172391924562e+01
1.187283486119603459e+01 1.589934999612917643e+01 1.069481452986442882e+01 1.585191108810016125e+01 1.216776133922144254e+01
1.188936314918552384e+01 1.594678995564710178e+01 1.074728648518351370e+01 1.589873314499210899e+01 1.218924431427283395e+01
1.190558434362188933e+01 1.599393849990416605e+01 1.079962828065780478e+01 1.594521191608207467e+01 1.221047393538382231e+01
1.192150200131207427e+01 1.604079865342734124e+01 1.085184069743248791e+01 1.599135040134403418e+01 1.223145344270281498e+01
1.193711963091711681e+01 1.608737341183504554e+01 1.090392451257457829e+01 1.603715157600457886e+01 1.225218603053619226e+01
1.195244069348709637e+01 1.613366574151188360e+01 1.095588049908341866e+01 1.608261838720482118e+01 1.227267484818764487e+01
1.196746860309902338e+01 1.617967858030654682e+01 1.100770942598327551e+01 1.612775375659627741e+01 1.229292300089458578e+01
1.198220672748264271e+01 1.622541483794372752e+01 1.105941205821411444e+01 1.617256058158309884e+01 1.231293354993299971e+01
1.199665838847274557e+01 1.627087739564457891e+01 1.111098915671967724e+01 1.621704173213230504e+01 1.233270951318333175e+01
1.201082686276744127e+01 1.631606910682985756e+01 1.116244147846859036e+01 1.626120005299308957e+01 1.235225386653479340e+01
1.202471538244491711e+01 1.636099279758128944e+01 1.121376977639743622e+01 1.630503836399910611e+01 1.237156954378043849e+01
1.203832713537457977e+01 1.640565126626808379e+01 1.126497479949195224e+01 1.634855945953490064e+01 1.239065943696058270e+01
1.205166526611132127e+01 1.645004728422199847e+01 1.131605729277655925e+01 1.639176610830999792e+01 1.240952639799743373e+01
1.206473287623534674e+01 1.649418359617260776e+01 1.136701799730344931e+01 1.643466105424727886e+01 1.242817323855400069e+01
1.207753302483008540e+01 1.653806292000616196e+01 1.141785765025306532e+01 1.647724701670341929e+01 1.244660273015726837e+01
1.209006872938094723e+01 1.658168794734871909e+01 1.146857698483035826e+01 1.651952668967171078e+01 1.246481760601672839e+01
1.210234296590635772e+01 1.662506134386412526e+01 1.151917673033240064e+01 1.656150274263227828e+01 1.248282056080703839e+01
1.211435866963036467e+01 1.666818574933011732e+01 1.156965761215412236e+01 1.660317782121246211e+01 1.250061425082299138e+01
1.212611873598370948e+01 1.671106377800221665e+01 1.162002035194954530e+01 1.664455454602667928e+01 1.251820129551104621e+01
1.213762602079359709e+01 1.675369801887417864e+01 1.167026566740733351e+01 1.668563551368951536e+01 1.253558427758959759e+01
1.214888334050522900e+01 1.679609103591761610e+01 1.172039427234380149e+01 1.672642329716611087e+01 1.255276574312517290e+01
1.215989347210264881e+01 1.683824536834890040e+01 1.177040687675895114e+01 1.676692044550460992e+01 1.256974820261806869e+01
1.217065915619371452e+01 1.688016353086839061e+01 1.182030418699511287e+01 1.680712948389610872e+01 1.258653413166381796e+01
1.218118309545495848e+01 1.692184801394398264e+01 1.187008690555542856e+01 1.684705291426836737e+01 1.260312597085119179e+01
1.219146795554041418e+01 1.696330128407247173e+01 1.191975573106880759e+01 1.688669321552706037e+01 1.261952612645045768e+01
1.220151636344530566e+01 1.700452578399447390e+01 1.196931135845917993e+01 1.692605284309512825e+01 1.263573697154283160e+01
1.221133091309361518e+01 1.704552393297845114e+01 1.201875447900100902e+01 1.696513422959835893e+01 1.265176084578330240e+01
1.222091416206156822e+01 1.708629812710283247e+01 1.206808578028761403e+01 1.700393978522638250e+01 1.266760005575390124e+01
1.223026863309565648e+01 1.712685073944181013e+01 1.211730594609976031e+01 1.704247189731370327e+01 1.268325687644212607e+01
