4.153321493541776732e+01 1.097292077759254703e+01 3.314946978151410151e-01 8.931189173862014741e+01 7.868200886918158687e+01
4.143186922211526024e+01 1.091642743860247222e+01 3.755371336706556096e-01 8.925635965035488084e+01 7.859378777802652394e+01
4.133066914381138446e+01 1.086001354021396637e+01 4.187677027562409227e-01 8.920084228198535925e+01 7.850556507686903274e+01
4.122961415255175410e+01 1.080367958095401804e+01 4.611960085886100957e-01 8.914534021088660154e+01 7.841734129664001784e+01
4.112870366920265752e+01 1.074742608144241807e+01 5.028314081229260379e-01 8.908985397589201227e+01 7.832911694902607280e+01
4.102793710321009257e+01 1.069125356941991889e+01 5.436829828860740843e-01 8.903438407955312073e+01 7.824089252132185379e+01
4.092731384738219447e+01 1.063516257551423294e+01 5.837595788479612580e-01 8.897893099481063928e+01 7.815266848342882611e+01
4.082683327662036987e+01 1.057915363560084110e+01 6.230698448554226054e-01 8.892349516411135824e+01 7.806444529077592165e+01
4.072649474829136551e+01 1.052322730043812449e+01 6.616222405056781941e-01 8.886807700456111547e+01 7.797622338334417691e+01
4.062629760312776028e+01 1.046738411386521683e+01 6.994250491375462175e-01 8.881267691020450172e+01 7.788800318560620894e+01
4.052624116512259178e+01 1.041162465069895227e+01 7.364863680603626062e-01 8.875729525177236212e+01 7.779978510771080380e+01
4.042632475051288310e+01 1.035594946580116726e+01 7.728141580837371016e-01 8.870193237701037958e+01 7.771156954642749781e+01
4.032654766056307238e+01 1.030035915526666734e+01 8.084161895324878389e-01 8.864658861297959902e+01 7.762335688466860972e+01
4.022690918439801067e+01 1.024485428736771553e+01 8.433001395560715263e-01 8.859126426805030974e+01 7.753514749352763147e+01
4.012740860238668716e+01 1.018943547672423477e+01 8.774735074019879288e-01 8.853595963384050549e+01 7.744694173195065900e+01
4.002804518368994735e+01 1.013410330711553975e+01 9.109437174246876046e-01 8.848067498592021707e+01 7.735873994685314869e+01
3.992881819135272536e+01 1.007885842258811415e+01 9.437180432900492688e-01 8.842541058453606695e+01 7.727054247423997424e+01
3.982972688036734610e+01 1.002370142090923011e+01 9.758036847682938220e-01 8.837016667576419593e+01 7.718234963929383241e+01
3.973077050327327697e+01 9.968632912224842713e+00 1.007207720887897340e+00 8.831494349262838739e+01 7.709416175649475633e+01
3.963194830700544458e+01 9.913653547544353017e+00 1.037937154797443862e+00 8.825974125430579420e+01 7.700597913056327570e+01
3.953325953656171521e+01 9.858763976149111485e+00 1.067998895508989854e+00 8.820456017028149631e+01 7.691780205764288780e+01
3.943470343606560391e+01 9.803964822243562693e+00 1.097399775740221628e+00 8.814940043486186028e+01 7.682963082274750377e+01
3.933627924753477600e+01 9.749256732290881189e+00 1.126146557371884072e+00 8.809426223663592737e+01 7.674146570087987129e+01
3.923798621479723892e+01 9.694640399469268033e+00 1.154245925936035588e+00 8.803914574976454332e+01 7.665330696176211234e+01
3.913982358670993733e+01 9.640116474570531224e+00 1.181704517304437818e+00 8.798405114310547503e+01 7.656515486291664274e+01
3.904179061104624537e+01 9.585685631719169209e+00 1.208528890677925460e+00 8.792897857508260984e+01 7.647700965674899010e+01
3.894388653493852104e+01 9.531348557630046514e+00 1.234725572971503871e+00 8.787392819650008846e+01 7.638887158716926251e+01
3.884611061632980977e+01 9.477105945845627488e+00 1.260301017507474031e+00 8.781890015138839090e+01 7.630074089061554332e+01
3.874846211688041109e+01 9.422958493112339795e+00 1.285261654112084262e+00 8.776389457525772286e+01 7.621261779698424732e+01
3.865094030309568041e+01 9.368906904995649043e+00 1.309613849204391833e+00 8.770891159772999401e+01 7.612450252891021307e+01
3.855354445403440877e+01 9.314951886026863193e+00 1.333363948340111849e+00 8.765395134131003374e+01 7.603639530199781404e+01
3.845627385572728940e+01 9.261094157485606715e+00 1.356518244143891438e+00 8.759901392235204298e+01 7.594829632571816092e+01
3.835912780257233834e+01 9.207334444351106484e+00 1.379083010151515909e+00 8.754409945150368344e+01 7.586020580291227589e+01
3.826210560248159709e+01 9.153673472689641599e+00 1.401064476480585519e+00 8.748920803388291745e+01 7.577212393051021877e+01
3.816520656993461813e+01 9.100111975292797695e+00 1.422468855217422945e+00 8.743433976944763231e+01 7.568405090002002567e+01
3.806843003355191968e+01 9.046650696033600170e+00 1.443302323610816451e+00 8.737949475341378047e+01 7.559598689667703297e+01
3.797177533271752026e+01 8.993290382375384695e+00 1.463571041337446088e+00 8.732467307600295214e+01 7.550793210039734049e+01
3.787524181929149591e+01 8.940031782087851653e+00 1.483281140874556092e+00 8.726987482274708441e+01 7.541988668679182695e+01
3.777882885893905041e+01 8.886875655640542604e+00 1.502438737156099879e+00 8.721510007612242532e+01 7.533185082539974076e+01
3.768253583131748030e+01 8.833822767153685973e+00 1.521049924565210265e+00 8.716034891509097804e+01 7.524382468119802070e+01
3.758636213035126872e+01 8.780873884520111972e+00 1.539120779726963484e+00 8.710562141455937990e+01 7.515580841470789153e+01
3.749030716526803531e+01 8.728029781336628545e+00 1.556657364323498438e+00 8.705091764420276945e+01 7.506780218181810937e+01
3.739437036046968643e+01 8.675291238718441988e+00 1.573665721991546418e+00 8.699623767265320851e+01 7.497980613415505502e+01
3.729855115437670321e+01 8.622659042312719180e+00 1.590151885949712351e+00 8.694158156382775360e+01 7.489182041884522789e+01
3.720284900443427034e+01 8.570133979411782121e+00 1.606121871380113753e+00 8.688694937867080625e+01 7.480384517898725960e+01
3.710726338508333555e+01 8.517716847224255261e+00 1.621581685575822718e+00 8.683234117521527651e+01 7.471588055411648099e+01
3.701179377946727556e+01 8.465408446864888248e+00 1.636537319357255438e+00 8.677775700910737555e+01 7.462792667966111537e+01
3.691643969610762355e+01 8.413209580887006211e+00 1.650994756045788270e+00 8.672319693280876152e+01 7.453998368690827192e+01
3.682120066018082838e+01 8.361121057008856994e+00 1.664959964812463999e+00 8.666866099659274880e+01 7.445205170430411101e+01
3.672607620991155386e+01 8.309143691837290291e+00 1.678438907619300480e+00 8.661414924850403452e+01 7.436413085661030209e+01
3.663106589801505919e+01 8.257278305498610749e+00 1.691437532536705257e+00 8.655966173436910083e+01 7.427622126471167974e+01
3.653616930247124372e+01 8.205525723387516734e+00 1.703961778397234506e+00 8.650519849743996303e+01 7.418832304686711154e+01
3.644138601618492856e+01 8.153886776217969867e+00 1.716017576328950023e+00 8.645075957951604551e+01 7.410043631805551456e+01
3.634671564094033158e+01 8.102362283463827808e+00 1.727610843538379681e+00 8.639634502017995032e+01 7.401256118992851896e+01
3.625215780529417486e+01 8.050953086504897271e+00 1.738747488889689441e+00 8.634195485682531057e+01 7.392469777147229593e+01
3.615771215234851610e+01 7.999660029207353418e+00 1.749433412176624625e+00 8.628758912547741033e+01 7.383684616885643948e+01
3.606337833978712126e+01 7.948483958088123025e+00 1.759674501836715477e+00 8.623324786010333298e+01 7.374900648532214120e+01
3.596915604260362898e+01 7.897425724356732957e+00 1.769476635676844101e+00 8.617893109310982425e+01 7.366117882147111118e+01
3.587504495461583076e+01 7.846486181963558515e+00 1.778845680950180919e+00 8.612463885531725793e+01 7.357336327553007038e+01
3.578104478522011789e+01 7.795666170378966697e+00 1.787787495656311121e+00 8.607037117604200205e+01 7.348555994309606376e+01
3.568715525815344591e+01 7.744966560367351427e+00 1.796307923429914188e+00 8.601612808315016423e+01 7.339776891714761575e+01
3.559337611630856912e+01 7.694388216020176863e+00 1.804412797118706058e+00 8.596190960303940187e+01 7.330999028868292555e+01
3.549970711804694190e+01 7.643932005122976214e+00 1.812107939130686463e+00 8.590771576084274841e+01 7.322222414633672827e+01
3.540614803529307153e+01 7.593598799088575824e+00 1.819399155788489653e+00 8.585354658054878030e+01 7.313447057620703617e+01
3.531269865713402822e+01 7.543389469277702375e+00 1.826292242019721623e+00 8.579940208500225651e+01 7.304672966267060019e+01
3.521935878855291691e+01 7.493304886629671202e+00 1.832792979396061783e+00 8.574528229580701577e+01 7.295900148795416840e+01
3.512612824847260384e+01 7.443345934532827002e+00 1.838907132563956992e+00 8.569118723251048664e+01 7.287128613203717009e+01
3.503300686876509218e+01 7.393513495103060329e+00 1.844640453223712173e+00 8.563711691509526247e+01 7.278358367317434841e+01
3.493999449841331284e+01 7.343808453213126697e+00 1.849998677046681639e+00 8.558307136214799016e+01 7.269589418775146328e+01
3.484709099969359869e+01 7.294231696387125652e+00 1.854987522077689022e+00 8.552905059143886035e+01 7.260821775020404800e+01
3.475429624614672974e+01 7.244784114835388422e+00 1.859612690844434812e+00 8.547505461902535728e+01 7.252055443320416828e+01
3.466161012695028631e+01 7.195466601143072793e+00 1.863879867865805950e+00 8.542108346024213006e+01 7.243290430783383727e+01
3.456903254376902623e+01 7.146280050157781893e+00 1.867794718232182127e+00 8.536713713003312876e+01 7.234526744343212101e+01
3.447656341025896154e+01 7.097225359022321101e+00 1.871362889316987799e+00 8.531321564217749653e+01 7.225764390761918321e+01
3.438420265195390613e+01 7.048303427014690925e+00 1.874590008206588720e+00 8.525931900949520070e+01 7.217003376663566883e+01
3.429195020710409381e+01 6.999515155443383208e+00 1.877481680544549780e+00 8.520544724414220639e+01 7.208243708515627191e+01
3.419980602513012968e+01 6.950861449894847333e+00 1.880043491850960757e+00 8.515160035743603828e+01 7.199485392620316304e+01
3.410777006590075189e+01 6.902343215146090394e+00 1.882281005006442687e+00 8.509777836026550801e+01 7.190728435158885645e+01
3.401584230077695992e+01 6.853961358448637853e+00 1.884199759548033315e+00 8.504398126252705481e+01 7.181972842169714966e+01
3.392402271128900537e+01 6.805716788962410391e+00 1.885805272110374409e+00 8.499020907356630516e+01 7.173218619541378871e+01
3.383231128852195013e+01 6.757610417480893972e+00 1.887103034488088804e+00 8.493646180210429009e+01 7.164465773045016306e+01
3.374070803337421154e+01 6.709643156196723801e+00 1.888098513122196564e+00 8.488273945628777994e+01 7.155714308325914885e+01
3.364921295633914156e+01 6.661815917934871933e+00 1.888797148770088086e+00 8.482904204372576373e+01 7.146964230897654602e+01
3.355782607672925622e+01 6.614129618052658088e+00 1.889204355168652150e+00 8.477536957124695505e+01 7.138215546154229685e+01
3.346654742247660153e+01 6.566585172634916923e+00 1.889325518475844845e+00 8.472172204486074065e+01 7.129468259381827977e+01
3.337537702915764726e+01 6.519183498871046645e+00 1.889165996593699104e+00 8.466809947071546105e+01 7.120722375748496802e+01
3.328431493998343171e+01 6.471925514955473524e+00 1.888731118108766038e+00 8.461450185431785087e+01 7.111977900305795686e+01
3.319336120666167034e+01 6.424812138698483110e+00 1.888026181699693495e+00 8.456092920079929343e+01 7.103234838010412489e+01
3.310251588759092556e+01 6.377844287912345145e+00 1.887056455333215421e+00 8.450738151495889383e+01 7.094493193712553136e+01
3.301177904795989093e+01 6.331022883578404148e+00 1.885827175332043248e+00 8.445385880013292024e+01 7.085752972151388462e+01
3.292115075941685376e+01 6.284348845942083095e+00 1.884343545736795189e+00 8.440036105989402415e+01 7.077014177981338605e+01
3.283063109975064009e+01 6.237823095590503186e+00 1.882610737451816174e+00 8.434688829763136653e+01 7.068276815759583087e+01
3.274022015239030736e+01 6.191446553341038772e+00 1.880633887503350810e+00 8.429344051609774624e+01 7.059540889942242359e+01
3.264991800618529538e+01 6.145220138246398456e+00 1.878418098175479889e+00 8.424001771730975463e+01 7.050806404903653402e+01
3.255972475501485519e+01 6.099144770563811768e+00 1.875968436289460861e+00 8.418661990319773736e+01 7.042073364931910362e+01
3.246964049757797710e+01 6.053221371008343787e+00 1.873289932589175644e+00 8.413324707517085699e+01 7.033341774225236520e+01
3.237966533909317235e+01 6.007450859362768902e+00 1.870387580631319713e+00 8.407989923429273915e+01 7.024611636899555833e+01
3.228979938669122873e+01 5.961834154943146835e+00 1.867266336276792948e+00 8.402657638155079667e+01 7.015882956996219377e+01
3.220004275223848111e+01 5.916372176477517009e+00 1.863931117087993972e+00 8.397327851722289438e+01 7.007155738475466933e+01
3.211039555171717552e+01 5.871065840184634510e+00 1.860386801102149379e+00 8.392000564138611196e+01 6.998429985217410376e+01
3.202085790557488565e+01 5.825916063623385099e+00 1.856638226491577504e+00 8.386675775385806730e+01 6.989705701036189112e+01
3.193142993602137025e+01 5.780923762616981598e+00 1.852690190913619528e+00 8.381353485422113181e+01 6.980982889672475267e+01
3.184211176874980254e+01 5.736089851771725812e+00 1.848547450268069436e+00 8.376033694169615273e+01 6.972261554790679838e+01
3.175290353284117373e+01 5.691415244409022023e+00 1.844214718505401640e+00 8.370716401529298878e+01 6.963541699995779766e+01
3.166380535996771783e+01 5.646900852078129418e+00 1.839696666882900233e+00 8.365401607361823721e+01 6.954823328825457907e+01
3.157481738344083411e+01 5.602547583421781496e+00 1.834997922764084466e+00 8.360089311507938703e+01 6.946106444747969988e+01
3.148593973888090147e+01 5.558356347558941479e+00 1.830123069605468222e+00 8.354779513793856438e+01 6.937391051174117251e+01
3.139717256493840836e+01 5.514328050841194262e+00 1.825076646034815786e+00 8.349472214018942395e+01 6.928677151454775185e+01
3.130851600104567112e+01 5.470463597601158412e+00 1.819863144772939645e+00 8.344167411933938183e+01 6.919964748878682315e+01
3.121997018806294832e+01 5.426763890017893388e+00 1.814487012837193936e+00 8.338865107290071421e+01 6.911253846677229262e+01
3.113153526831588636e+01 5.383229826692343956e+00 1.808952650310729382e+00 8.333565299812163119e+01 6.902544448029530599e+01
3.104321138690918147e+01 5.339862303463373649e+00 1.803264409530242141e+00 8.328267989201042099e+01 6.893836556056834297e+01
3.095499868802454557e+01 5.296662215481658720e+00 1.797426595518385906e+00 8.322973175129622803e+01 6.885130173822780364e+01
3.086689731722669094e+01 5.253630454106400727e+00 1.791443464279055098e+00 8.317680857257474258e+01 6.876425304349494638e+01
3.077890742113900657e+01 5.210767907724703107e+00 1.785319222453895183e+00 8.312391035221273228e+01 6.867721950607494819e+01
3.069102914792850356e+01 5.168075461606537857e+00 1.779058027975103151e+00 8.307103708639159834e+01 6.859020115520716843e+01
3.060326264463101253e+01 5.125553995106243654e+00 1.772663987684520270e+00 8.301818877112566497e+01 6.850319801954287868e+01
3.051560805903929463e+01 5.083204386243819428e+00 1.766141157775794168e+00 8.296536540221981681e+01 6.841621012722818307e+01
3.042806553986303442e+01 5.041027509782828986e+00 1.759493544358110340e+00 8.291256697531854059e+01 6.832923750620254566e+01
3.034063523592712386e+01 4.999024235983092090e+00 1.752725100725105456e+00 8.285979348589563642e+01 6.824228018389285921e+01
3.025331729517744606e+01 4.957195431081715675e+00 1.745839728400818025e+00 8.280704492926609817e+01 6.815533818732939153e+01
3.016611186567168801e+01 4.915541957113321203e+00 1.738841277515159378e+00 8.275432130059859048e+01 6.806841154289406859e+01
3.007901909631311810e+01 4.874064667878884372e+00 1.731733544058428942e+00 8.270162259491469570e+01 6.798150027662484263e+01
2.999203913477309058e+01 4.832764417669180190e+00 1.724520271288625839e+00 8.264894880695982238e+01 6.789460441442123795e+01
2.990517212822481952e+01 4.791642054070104351e+00 1.717205149928517471e+00 8.259629993146049287e+01 6.780772398169416704e+01
2.981841822345734627e+01 4.750698419682203522e+00 1.709791815528265868e+00 8.254367596301632659e+01 6.772085900350484167e+01
2.973177756784964387e+01 4.709934351950051834e+00 1.702283850226852024e+00 8.249107689608825922e+01 6.763400950429469560e+01
2.964525030671669725e+01 4.669350682187150881e+00 1.694684782626373787e+00 8.243850272502501753e+01 6.754717550831752249e+01
2.955883658504209421e+01 4.628948234161200048e+00 1.686998085456419050e+00 8.238595344407085008e+01 6.746035703960622243e+01
2.947253654725797745e+01 4.588727829482317944e+00 1.679227177653009884e+00 8.233342904698220366e+01 6.737355412178582981e+01
2.938635033760354531e+01 4.548690282274721497e+00 1.671375423753916234e+00 8.228092952767947565e+01 6.728676677816835650e+01
2.930027809837927677e+01 4.508836400482555185e+00 1.663446132089719365e+00 8.222845488013223303e+01 6.719999503156461174e+01
2.921431997124032875e+01 4.469166985686822358e+00 1.655442557116138635e+00 8.217600509808852394e+01 6.711323890464767317e+01
2.912847609734760823e+01 4.429682831213129113e+00 1.647367898174628698e+00 8.212358017520890030e+01 6.702649841980418444e+01
2.904274661686299197e+01 4.390384723703651737e+00 1.639225298450321278e+00 8.207118010507318218e+01 6.693977359910169866e+01
2.895713166831523111e+01 4.351273444731225126e+00 1.631017847468495985e+00 8.201880488078896292e+01 6.685306446433170890e+01
2.887163138930687012e+01 4.312349767576264981e+00 1.622748579079609677e+00 8.196645449545157192e+01 6.676637103687738772e+01
2.878624591702755708e+01 4.273614458069279642e+00 1.614420471420717318e+00 8.191412894250638033e+01 6.667969333800614606e+01
2.870097538691872074e+01 4.235068274395565879e+00 1.606036449465444882e+00 8.186182821507600238e+01 6.659303138869589134e+01
2.861581993319293460e+01 4.196711964166979669e+00 1.597599382124161638e+00 8.180955230620438101e+01 6.650638520966678868e+01
2.853077968894008265e+01 4.158546269440487109e+00 1.589112083427453914e+00 8.175730120886156271e+01 6.641975482139837084e+01
2.844585478674839507e+01 4.120571923901839462e+00 1.580577314962477331e+00 8.170507491574730352e+01 6.633314024397874675e+01
2.836104535710487795e+01 4.082789652161993743e+00 1.571997782111464570e+00 8.165287341934131859e+01 6.624654149746093879e+01
2.827635152948820263e+01 4.045200170038947718e+00 1.563376136674706318e+00 8.160069671251429213e+01 6.615995860160592201e+01
2.819177343224381360e+01 4.007804184203147102e+00 1.554714978391112501e+00 8.154854478784602634e+01 6.607339157595959023e+01
2.810731119280682222e+01 3.970602389068720761e+00 1.546016851738237330e+00 8.149641763784318016e+01 6.598684043984519576e+01
2.802296493675433453e+01 3.933595473683467070e+00 1.537284248656088925e+00 8.144431525494229618e+01 6.590030521223572180e+01
2.793873478854867187e+01 3.896784115774025281e+00 1.528519609705657700e+00 8.139223763146434010e+01 6.581378591209960405e+01
2.785462087162563094e+01 3.860168983088467787e+00 1.519725321440199561e+00 8.134018475953502048e+01 6.572728255813829890e+01
2.777062330815085645e+01 3.823750733177979644e+00 1.510903719136627243e+00 8.128815663145269355e+01 6.564079516886496890e+01
2.768674221870881524e+01 3.787530012467238194e+00 1.502057087548564596e+00 8.123615323935051435e+01 6.555432376258464444e+01
2.760297772269396788e+01 3.751507455538308999e+00 1.493187658950759111e+00 8.118417457529837122e+01 6.546786835732234522e+01
2.751932993859183085e+01 3.715683688457048550e+00 1.484297615786078550e+00 8.113222063130545791e+01 6.538142897107935880e+01
2.743579898331410760e+01 3.680059325077618126e+00 1.475389091003065811e+00 8.108029139931551299e+01 6.529500562162766641e+01
2.735238497248559497e+01 3.644634967840914452e+00 1.466464166832302407e+00 8.102838687114807215e+01 6.520859832657387756e+01
2.726908802051739045e+01 3.609411207547207123e+00 1.457524877265196972e+00 8.097650703866911215e+01 6.512220710333488682e+01
2.718590824092485647e+01 3.574388622153391371e+00 1.448573208001752821e+00 8.092465189365147182e+01 6.503583196911813502e+01
2.710284574557015702e+01 3.539567777779615287e+00 1.439611095967914256e+00 8.087282142781693040e+01 6.494947294107366531e+01
2.701990064521179136e+01 3.504949228977510600e+00 1.430640431556682302e+00 8.082101563283836754e+01 6.486313003616324124e+01
2.693707304945714398e+01 3.470533517187535555e+00 1.421663058246963596e+00 8.076923450034217922e+01 6.477680327120445725e+01
2.685436306688162134e+01 3.436321170984883100e+00 1.412680772818364794e+00 8.071747802178991549e+01 6.469049266284324062e+01
2.677177080461622438e+01 3.402312705845870422e+00 1.403695327304343987e+00 8.066574618875557690e+01 6.460419822756679764e+01
2.668929636870310063e+01 3.368508623227924659e+00 1.394708428374889619e+00 8.061403899271530804e+01 6.451791998179039922e+01
2.660693986414280587e+01 3.334909411721805661e+00 1.385721738154016558e+00 8.056235642510085881e+01 6.443165794177302530e+01
2.652470139480924516e+01 3.301515545985196365e+00 1.376736875856793052e+00 8.051069847730420292e+01 6.434541212364895557e+01
2.644258106333648328e+01 3.268327486519867264e+00 1.367755417055158018e+00 8.045906514067947057e+01 6.425918254339289604e+01
2.636057897130005045e+01 3.235345679520871709e+00 1.358778894978817320e+00 8.040745640641172542e+01 6.417296921686025257e+01
2.627869521933850194e+01 3.202570556675215840e+00 1.349808801722564011e+00 8.035587226578941511e+01 6.408677215983384201e+01
2.619692990691297396e+01 3.170002535235299401e+00 1.340846587751653107e+00 8.030431271004925975e+01 6.400059138796353864e+01
2.611528313243513466e+01 3.137642016958971602e+00 1.331893663296451313e+00 8.025277773037208817e+01 6.391442691679158372e+01
2.603375499332046417e+01 3.105489388557227670e+00 1.322951399220273938e+00 8.020126731790439578e+01 6.382827876170984638e+01
2.595234558621942611e+01 3.073545021271105515e+00 1.314021126966217423e+00 8.014978146375990775e+01 6.374214693802736065e+01
2.587105500648191381e+01 3.041809270636671059e+00 1.305104139786718909e+00 8.009832015893810819e+01 6.365603146097910781e+01
2.578988334858452447e+01 3.010282477547043811e+00 1.296201693536680688e+00 8.004688339446506973e+01 6.356993234568743389e+01
2.570883070603996501e+01 2.978964967793536367e+00 1.287315006616593926e+00 7.999547116136528757e+01 6.348384960718199466e+01
2.562789717141134105e+01 2.947857047348624082e+00 1.278445261149398382e+00 7.994408345060459453e+01 6.339778326035373368e+01
2.554708283645279110e+01 2.916959007147385652e+00 1.269593603503229806e+00 7.989272025311881009e+01 6.331173332004176046e+01
2.546638779258789853e+01 2.886271121277794727e+00 1.260761145778504844e+00 7.984138155981494833e+01 6.322569980100704612e+01
2.538581212943923404e+01 2.855793646742215142e+00 1.251948965086553844e+00 7.979006736153870349e+01 6.313968271791754461e+01
2.530535593612968270e+01 2.825526823218899697e+00 1.243158104752997595e+00 7.973877764911418353e+01 6.305368208536175700e+01
2.522501930093734401e+01 2.795470872823487607e+00 1.234389575179593690e+00 7.968751241337510294e+01 6.296769791780343439e+01
2.514480231131155819e+01 2.765625999870504170e+00 1.225644354572382078e+00 7.963627164510846512e+01 6.288173022967802694e+01
2.506470505415592598e+01 2.735992399280875897e+00 1.216923389888464380e+00 7.958505533507583607e+01 6.279577903534074323e+01
2.498472761614004867e+01 2.706570248916648325e+00 1.208227596331709730e+00 7.953386347401445278e+01 6.270984434907157379e+01
2.490487008211714226e+01 2.677359691708301348e+00 1.199557859034149132e+00 7.948269605262257187e+01 6.262392618508306441e+01
2.482513253666757080e+01 2.648360860966581409e+00 1.190915033440681059e+00 7.943155306156400286e+01 6.253802455747518962e+01
2.474551506367076215e+01 2.619573871282656619e+00 1.182299945029370081e+00 7.938043449151659559e+01 6.245213948033977402e+01
2.466601774632453825e+01 2.590998818299651063e+00 1.173713391602238865e+00 7.932934033311956057e+01 6.236627096768862089e+01
2.458664066738326071e+01 2.562635778484177340e+00 1.165156143189387539e+00 7.927827057699126101e+01 6.228041903347363473e+01
2.450738390915135767e+01 2.534484808897869090e+00 1.156628942552075268e+00 7.922722521373005122e+01 6.219458369158762423e+01
2.442824755280620863e+01 2.506545946968916194e+00 1.148132505202833720e+00 7.917620423390592066e+01 6.210876495583006118e+01
2.434923167918320175e+01 2.478819221300435416e+00 1.139667519199684120e+00 7.912520762804567198e+01 6.202296283999677939e+01
2.427033636856120324e+01 2.451304641966019382e+00 1.131234649733711350e+00 7.907423538670337848e+01 6.193717735781415001e+01
2.419156170068390921e+01 2.424002183585610037e+00 1.122834536249695647e+00 7.902328750039626470e+01 6.185140852295950253e+01
2.411290775476128090e+01 2.396911809422666906e+00 1.114467794052140359e+00 7.897236395962447375e+01 6.176565634905789182e+01
2.403437460950765470e+01 2.370033463078540237e+00 1.106135011932498191e+00 7.892146475487189150e+01 6.167992084966089550e+01
2.395596234319326712e+01 2.343367068342865789e+00 1.097836758102628041e+00 7.887058987660182652e+01 6.159420203831657403e+01
2.387767103362233811e+01 2.316912533033548716e+00 1.089573578123659070e+00 7.881973931521451959e+01 6.150849992851566839e+01
2.379950075816858401e+01 2.290669744080568559e+00 1.081345995233930157e+00 7.876891306116660019e+01 6.142281453370894440e+01
2.372145159379642010e+01 2.264638564507638563e+00 1.073154510049928234e+00 7.871811110487168150e+01 6.133714586730131657e+01
2.364352361685845239e+01 2.238818839452743958e+00 1.064999600079178155e+00 7.866733343672893852e+01 6.125149394264276737e+01
2.356571690341300140e+01 2.213210393838750178e+00 1.056881726121647658e+00 7.861658004712376169e+01 6.116585877307873886e+01
2.348803152933692218e+01 2.187813032247961864e+00 1.048801327548493978e+00 7.856585092642843904e+01 6.108024037190879341e+01
2.341046757005779710e+01 2.162626541794353319e+00 1.040758824343791966e+00 7.851514606495565829e+01 6.099463875240071076e+01
2.333302510068161695e+01 2.137650687584538467e+00 1.032754613937985733e+00 7.846446545306653775e+01 6.090905392778267924e+01
2.325570419601271510e+01 2.112885212361612641e+00 1.024789078512221119e+00 7.841380908108831704e+01 6.082348591124451076e+01
2.317850493029524017e+01 2.088329839472029548e+00 1.016862581870736193e+00 7.836317693933489181e+01 6.073793471597046079e+01
2.310142737769755072e+01 2.063984271519510028e+00 1.008975469878872655e+00 7.831256901810844795e+01 6.065240035510944239e+01
2.302447161222615080e+01 2.039848190255268090e+00 1.001128070071795495e+00 7.826198530769987372e+01 6.056688284178612491e+01
2.294763770756120280e+01 2.015921265502203852e+00 9.933206913664176518e-01 7.821142579836840980e+01 6.048138218908100328e+01
2.287092573716190103e+01 1.992203139725695848e+00 9.855536299362875896e-01 7.816089048038470821e+01 6.039589841005287241e+01
2.279433577428508073e+01 1.968693431890601309e+00 9.778271647188084836e-01 7.811037934400667382e+01 6.031043151776971456e+01
2.271786789172175247e+01 1.945391742941624535e+00 9.701415593100054524e-01 7.805989237947895276e+01 6.022498152526722492e+01
2.264152216235890336e+01 1.922297653019642949e+00 9.624970583897145548e-01 7.800942957703659886e+01 6.013954844556500490e+01
2.256529865892338549e+01 1.899410721392970958e+00 9.548938957230168612e-01 7.795899092690548571e+01 6.005413229166835265e+01
2.248919745394717395e+01 1.876730501204967760e+00 9.473322902780009214e-01 7.790857641929180488e+01 5.996873307657007501e+01
2.241321861983663766e+01 1.854256511555636866e+00 9.398124468415460786e-01 7.785818604440093793e+01 5.988335081324790110e+01
2.233736222889004353e+01 1.831988250224355630e+00 9.323345553812885100e-01 7.780781979243405999e+01 5.979798551452122268e+01
2.226162835295378883e+01 1.809925197752186188e+00 9.248987909044155131e-01 7.775747765358072172e+01 5.971263719342222487e+01
2.218601706420795594e+01 1.788066814338492572e+00 9.175053191803480557e-01 7.770715961802297045e+01 5.962730586288743240e+01
2.211052843466496398e+01 1.766412539831974327e+00 9.101542921202673275e-01 7.765686567593573386e+01 5.954199153584684723e+01
2.203516253625200960e+01 1.744961809837970224e+00 9.028458496212798945e-01 7.760659581747451341e+01 5.945669422522565384e+01
2.195991944085756487e+01 1.723714022942943291e+00 8.955801160225309587e-01 7.755635003279027728e+01 5.937141394394586058e+01
2.188479922034764158e+01 1.702668560329722469e+00 8.883572079833146340e-01 7.750612831204131226e+01 5.928615070492801209e+01
2.180980194608823197e+01 1.681824785723116333e+00 8.811772303137848095e-01 7.745593064537179373e+01 5.920090452097254285e+01
2.173492769009079950e+01 1.661182043308602418e+00 8.740402767547941210e-01 7.740575702291987170e+01 5.911567540493077644e+01
2.166017652413611572e+01 1.640739657781594918e+00 8.669464292950399553e-01 7.735560743481792656e+01 5.903046336976638742e+01
2.158554852002562185e+01 1.620496949868488690e+00 8.598957582558828250e-01 7.730548187118598946e+01 5.894526842837213820e+01
2.151104374959791699e+01 1.600453202906907846e+00 8.528883270238245551e-01 7.725538032213364659e+01 5.886009059364259599e+01
2.143666228470673829e+01 1.580607686385133714e+00 8.459241881177659295e-01 7.720530277778151174e+01 5.877492987847553962e+01
2.136240419683218050e+01 1.560959652231208361e+00 8.390033847579904114e-01 7.715524922823770737e+01 5.868978629577333805e+01
2.128826955814854927e+01 1.541508333874515468e+00 8.321259476823010814e-01 7.710521966360549584e+01 5.860465985843075032e+01
2.121425844066629551e+01 1.522252946345482805e+00 8.252919022721958431e-01 7.705521407398371991e+01 5.851955057917887615e+01
2.114037091648566147e+01 1.503192702785556945e+00 8.185012645330318470e-01 7.700523244946315060e+01 5.843445847102473323e+01
2.106660705780992515e+01 1.484326777214079351e+00 8.117540419723274780e-01 7.695527478012033384e+01 5.834938354687243134e+01
2.099296693688665982e+01 1.465654333783361851e+00 8.050502328678309505e-01 7.690534105604659487e+01 5.826432581963341306e+01
2.091945062577102377e+01 1.447174519499366818e+00 7.983898265265119143e-01 7.685543126732140706e+01 5.817928530222763328e+01
