1.039618433134398945e+00 1.034991488611569199e+00 1.021112324100770241e+00 1.138600082981387596e+00 1.174461599701591696e+00
1.079041601604282530e+00 1.069623641305277539e+00 1.042063415783517577e+00 1.276959385044287520e+00 1.348774094483577102e+00
1.118283091928229167e+00 1.103898549821680453e+00 1.062855824434466578e+00 1.415093108411408229e+00 1.522941986398386849e+00
1.157355064597604288e+00 1.137818155408010012e+00 1.083492033536423094e+00 1.553014975947502263e+00 1.696969543603240593e+00
1.196268418122466093e+00 1.171384239382544434e+00 1.103974463165443343e+00 1.690737414051568521e+00 1.870860811926597922e+00
1.235033015552544855e+00 1.204598421087740290e+00 1.124305471812008683e+00 1.828271723529528492e+00 2.044619629336358546e+00
1.273657794956295053e+00 1.237462162794640941e+00 1.144487358619614259e+00 1.965628181640260985e+00 2.218249637212878600e+00
1.312150864531311134e+00 1.269976767933478357e+00 1.164522365465541220e+00 2.102816179218991444e+00 2.391754289943040845e+00
1.350519626292052466e+00 1.302143380184389354e+00 1.184412678900616189e+00 2.239844328914779581e+00 2.565136865001890865e+00
1.388770846648549773e+00 1.333962982401065256e+00 1.204160431065915304e+00 2.376720523851409084e+00 2.738400472117296314e+00
1.426910727733407436e+00 1.365436395127890057e+00 1.223767702540299318e+00 2.513452018120892362e+00 2.911548061048964353e+00
1.464944972364519371e+00 1.396564274989631871e+00 1.243236524094912809e+00 2.650045491738953984e+00 3.084582428584373481e+00
1.502878838267670325e+00 1.427347112710731336e+00 1.262568877708035942e+00 2.786507106598782535e+00 3.257506225296470603e+00
1.540717181878174635e+00 1.457785230709766067e+00 1.281766697902310570e+00 2.922842548752796699e+00 3.430321961081213900e+00
1.578464497116792042e+00 1.487878780284324964e+00 1.300831873467846789e+00 3.059057071535516759e+00 3.603032010767702076e+00
1.616124950973947261e+00 1.517627738325881381e+00 1.319766248738950321e+00 3.195155537831297909e+00 3.775638618721731454e+00
1.653702413921362080e+00 1.547031902130131975e+00 1.338571625205496440e+00 3.331142452238918583e+00 3.948143902980932207e+00
1.691200491085045776e+00 1.576090891135686345e+00 1.357249762701089768e+00 3.467021985980853760e+00 4.120549858859400949e+00
1.728622541993035444e+00 1.604804136256944513e+00 1.375802380306811790e+00 3.602798000987016191e+00 4.292858361815639512e+00
1.765971701214806844e+00 1.633170877187807957e+00 1.394231157280581224e+00 3.738474073013831500e+00 4.465071170095153974e+00
1.803250897436005751e+00 1.661190155419105308e+00 1.412537734402448120e+00 3.874053512746440830e+00 4.637189926635219450e+00
1.840462870384072636e+00 1.688860808954250503e+00 1.430723714999286633e+00 4.009539380981912871e+00 4.809216160571237353e+00
1.877610183796502463e+00 1.716181467271844729e+00 1.448790665895934637e+00 4.144934506810913355e+00 4.981151287795966276e+00
1.914695239646349911e+00 1.743150543370671768e+00 1.466740118322784614e+00 4.280241497483746826e+00 5.152996611368712010e+00
1.951720288740688813e+00 1.769766225173447616e+00 1.484573568577092884e+00 4.415462747782972208e+00 5.324753321243989923e+00
1.988687441433384828e+00 1.796026466762343121e+00 1.502292478805101972e+00 4.550600451967786064e+00 5.496422493270403109e+00
2.025598673923172388e+00 1.821928978978482494e+00 1.519898277721525748e+00 4.685656609755098678e+00 5.668005087566261757e+00
2.062455836285260968e+00 1.847471219323764346e+00 1.537392361235829119e+00 4.820633032543729435e+00 5.839501946148479838e+00
2.099260658315697192e+00 1.872650380983149399e+00 1.554776093030721951e+00 4.955531348117670376e+00 6.010913789402276386e+00
2.136014754572153507e+00 1.897463380364615704e+00 1.572050805025283937e+00 5.090353005540548814e+00 6.182241212150059617e+00
2.172719627258841157e+00 1.921906843659393349e+00 1.589217797748561978e+00 5.225099273588406312e+00 6.353484678543796171e+00
2.209376668822019329e+00 1.945977092557478638e+00 1.606278340653208847e+00 5.359771241546126497e+00 6.524644515807423772e+00
2.245987163183112756e+00 1.969670128271624909e+00 1.623233672323219468e+00 5.494369818980255005e+00 6.695720907136882616e+00
2.282552285623193011e+00 1.992981614566493587e+00 1.640085000571904095e+00 5.628895729845474705e+00 6.866713882372153854e+00
2.319073100516210850e+00 2.015906859130971007e+00 1.656833502433892713e+00 5.763349507712496766e+00 7.037623307669908179e+00
2.355550558378255666e+00 2.038440793188340372e+00 1.673480323958792981e+00 5.897731489743496702e+00 7.208448873151675151e+00
2.391985491228884708e+00 2.060577949531532393e+00 1.690026579876101831e+00 6.032041805559531511e+00 7.379190078182575441e+00
2.428378605682989910e+00 2.082312438539480670e+00 1.706473353052446296e+00 6.166280364113196910e+00 7.549846215047661069e+00
2.464730473094901342e+00 2.103637921717999681e+00 1.722821693694812195e+00 6.300446839743925054e+00 7.720416348212093105e+00
2.501041517795072000e+00 2.124547583431079634e+00 1.739072618345518517e+00 6.434540653525267828e+00 7.890899291093116830e+00
2.537312002994069893e+00 2.145034099913474268e+00 1.755227108430142957e+00 6.568560947969366737e+00 8.061293578535316584e+00
2.573542011851424061e+00 2.165089605320904553e+00 1.771286108452642782e+00 6.702506559743809156e+00 8.231597433944296327e+00
2.609731423843294706e+00 2.184705655986222794e+00 1.787250523663552082e+00 6.836375991347463099e+00 8.401808732269110180e+00
2.645879886540992043e+00 2.203873189512669750e+00 1.803121217066962600e+00 6.970167363865339638e+00 8.571924953486229626e+00
2.681986783457982693e+00 2.222582482034422213e+00 1.818899005685159276e+00 7.103878369596746900e+00 8.741943128682821751e+00
2.718051190805359063e+00 2.240823101411428819e+00 1.834584655859383462e+00 7.237506222848253401e+00 8.911859775693780961e+00
2.754071825694836217e+00 2.258583855349441283e+00 1.850178877036271485e+00 7.371047579488070767e+00 9.081670821499180590e+00
2.790046983124161439e+00 2.275852739341903241e+00 1.865682314101719141e+00 7.504498451361766520e+00 9.251371511473839959e+00
2.825974465639710775e+00 2.292616877934580355e+00 1.881095537493616909e+00 7.637854115770309704e+00 9.420956295636340627e+00
2.861851485792089367e+00 2.308862460811203388e+00 1.896419030214028689e+00 7.771108979969896247e+00 9.590418690066956131e+00
2.897674551592974268e+00 2.324574676414164820e+00 1.911653172182809168e+00 7.904256418839350928e+00 9.759751109618891363e+00
2.933439323045486713e+00 2.339737642101453297e+00 1.926798217989647233e+00 8.037288598366123082e+00 9.928944658190275163e+00
2.969140453772018962e+00 2.354334331937282698e+00 1.941854269621432039e+00 8.170196244392464280e+00 1.009798887439469972e+01
3.004771361422521547e+00 2.368346502528625219e+00 1.956821238476297520e+00 8.302968317694766398e+00 1.026687141115995239e+01
3.040323960697517869e+00 2.381754618493732156e+00 1.971698792691693791e+00 8.435591700592434350e+00 1.043557761848963494e+01
3.075788316855717408e+00 2.394537781210718030e+00 1.986486291371395430e+00 8.568050637963608551e+00 1.060409002636675524e+01
3.111152266011159906e+00 2.406673663596035517e+00 2.001182692107845718e+00 8.700326162558450704e+00 1.077238766988353724e+01
3.146400835040148447e+00 2.418138458274191382e+00 2.015786421341174695e+00 8.832395341635780994e+00 1.094044529472130556e+01
3.181515571611976512e+00 2.428906836384500334e+00 2.030295194011263238e+00 8.964230260853973675e+00 1.110823206432590027e+01
3.216473742004790193e+00 2.438951941882796959e+00 2.044705761727845683e+00 9.095796680674617107e+00 1.127571012118462335e+01
3.251247069077645158e+00 2.448245425303578582e+00 2.059013564357612847e+00 9.227052270483309115e+00 1.144283259067855063e+01
3.285800347374859598e+00 2.456757527002869423e+00 2.073212198179821275e+00 9.357944262482638109e+00 1.160954081545808947e+01
3.320089620981324430e+00 2.464457221275865084e+00 2.087292717506999740e+00 9.488406293382821488e+00 1.177576055684722434e+01
3.354059741595977417e+00 2.471312513866736449e+00 2.101242616286841169e+00 9.618354251334139349e+00 1.194139676634202729e+01
3.387641175309660468e+00 2.477290804628272891e+00 2.115044416335355670e+00 9.747680191788878901e+00 1.210632628081785356e+01
3.420745909671319307e+00 2.482359408679899460e+00 2.128673747708488939e+00 9.876244275721511201e+00 1.227038771382856375e+01
3.453262180107318002e+00 2.486486273026294658e+00 2.142096825835269058e+00 1.000386408694717133e+01 1.243336640082405609e+01
3.485047377299003379e+00 2.489640888214619707e+00 2.155267250940051227e+00 1.013029973353694757e+01 1.259497409083024877e+01
3.515919653266759148e+00 2.491795389224007451e+00 2.168122149403882037e+00 1.025523334784372942e+01 1.275482077588224961e+01
3.545647317694041067e+00 2.492925828963136414e+00 2.180577890898861781e+00 1.037824321952759732e+01 1.291237535729478658e+01
3.573936183192060856e+00 2.493013560525068950e+00 2.192525685984108019e+00 1.049877155467606116e+01 1.306691641483989663e+01
3.600415917818989620e+00 2.492046648087180571e+00 2.203827824663551205e+00 1.061608789047242674e+01 1.321747512157840454e+01
3.624626915362926471e+00 2.490021159160823228e+00 2.214315606816128046e+00 1.072925548926625083e+01 1.336278156581702348e+01
3.646010972421994456e+00 2.486942167211648957e+00 2.223790439069350811e+00 1.083711448107433384e+01 1.350123966712910217e+01
3.663911937025388976e+00 2.482824306935249137e+00 2.232029755533550652e+00 1.093830393337940166e+01 1.363096829784412023e+01
3.677593275949218921e+00 2.477691858459693197e+00 2.238799112919255485e+00 1.103135089284801928e+01 1.374994885401727984e+01
3.686279443254170118e+00 2.471578233603914043e+00 2.243870669548229113e+00 1.111483629799401207e+01 1.385629229709262056e+01
3.689225521022418075e+00 2.464524941793134083e+00 2.247046286454351449e+00 1.118762352654883152e+01 1.394857847699172027e+01
3.685808196769562173e+00 2.456580178057984121e+00 2.248181217568407497e+00 1.124908341666356293e+01 1.402615663799855739e+01
3.675620133686903657e+00 2.447797166411112002e+00 2.247202937269723755e+00 1.129923056489633737e+01 1.408927938956071735e+01
3.658540732278702912e+00 2.438232450300547693e+00 2.244120141254538847e+00 1.133871187479497777e+01 1.413901961172276245e+01
3.634758676658639942e+00 2.427944256425131897e+00 2.239019632388310921e+00 1.136865702491474117e+01 1.417701508021028367e+01
3.604738399277019223e+00 2.416991057584969571e+00 2.232052456110698024e+00 1.139045874979922246e+01 1.420515648361458716e+01
3.569143844253106490e+00 2.405430381918524319e+00 2.223413522835666623e+00 1.140556242035389189e+01 1.422532002460372880e+01
3.528743582390950539e+00 2.393317888679823646e+00 2.213319821553996203e+00 1.141531450856593644e+01 1.423919818695584460e+01
3.484323314336394084e+00 2.380706697061625299e+00 2.201991389178466374e+00 1.142088103883312478e+01 1.424821957306385123e+01
3.436621432933453679e+00 2.367646945700139671e+00 2.189637242225571878e+00 1.142322205523637990e+01 1.425353774253001582e+01
3.386292289181192405e+00 2.354185533291771382e+00 2.176446667464827733e+00 1.142310105902858730e+01 1.425605588934083379e+01
3.333889636860707828e+00 2.340366015317444592e+00 2.162585101820061251e+00 1.142111115880782535e+01 1.425646695257616337e+01
3.279868952005202232e+00 2.326228609905420797e+00 2.148193358883519366e+00 1.141770607622405542e+01 1.425529552712471926e+01
3.224595653116359095e+00 2.311810279932984713e+00 2.133388958249538003e+00 1.141322966390502103e+01 1.425293576941022522e+01
3.168358666031258597e+00 2.297144865193923469e+00 2.118268575430226619e+00 1.140794119883220503e+01 1.424968250576068129e+01
3.111384090191027685e+00 2.282263264899824673e+00 2.102910903765575323e+00 1.140203566721537776e+01 1.424575586751122991e+01
3.053847634530538091e+00 2.267193637497070924e+00 2.087379529156208946e+00 1.139565974318031749e+01 1.424132027006822554e+01
2.995885372473876984e+00 2.251961601574696825e+00 2.071725590543604500e+00 1.138892388831170344e+01 1.423649868505197524e+01
2.937602604233437553e+00 2.236590430845165844e+00 2.055990088536474580e+00 1.138191151904075760e+01 1.423138333989716919e+01
2.879080913284546295e+00 2.221101249767809982e+00 2.040205821101595873e+00 1.137468583009778555e+01 1.422604357176724932e+01
2.820383629549930937e+00 2.205513223616305751e+00 2.024399016661138528e+00 1.136729486916531862e+01 1.422053172615518157e+01
2.761560148424403671e+00 2.189843735984284834e+00 2.008590652979727054e+00 1.135977533070812662e+01 1.421488744367302637e+01
2.702649192144786827e+00 2.174108551808107581e+00 1.992797515596583358e+00 1.135215534680355276e+01 1.420914087051603580e+01
2.643681349274949355e+00 2.158321967592559343e+00 1.977033056353190155e+00 1.134445658691815595e+01 1.420331502307582028e+01
2.584680977887848119e+00 2.142496950072013906e+00 1.961308067323638049e+00 1.133669581665640713e+01 1.419742754000718854e+01
2.525667696551185504e+00 2.126645263144060660e+00 1.945631224275989002e+00 1.132888604799644661e+01 1.419149198584793936e+01
2.466657496336896127e+00 2.110777582952603204e+00 1.930009513783586206e+00 1.132103744514301091e+01 1.418551883387540258e+01
2.407663615802295709e+00 2.094903601881121347e+00 1.914448571409454125e+00 1.131315800513246117e+01 1.417951623829874386e+01
2.348697200825245357e+00 2.079032122623843293e+00 1.898952953818380918e+00 1.130525402575481131e+01 1.417349056104636240e+01
2.289767825258071987e+00 2.063171143271940178e+00 1.883526349950290557e+00 1.129733046756328285e+01 1.416744675690956434e+01
2.230883886489464896e+00 2.047327934080468648e+00 1.868171749492377076e+00 1.128939126162530293e+01 1.416138869642958120e+01
2.172052929795936116e+00 2.031509106573877954e+00 1.852891582671885695e+00 1.128143954941269733e+01 1.415531942888352468e+01
2.113281911948170055e+00 2.015720674252168720e+00 1.837687830801929101e+00 1.127347785216304388e+01 1.414924137265464488e+01
2.054577395409047824e+00 1.999968111121793513e+00 1.822562110489464482e+00 1.126550819503205147e+01 1.414315644814685413e+01
1.995945705838728435e+00 1.984256398328170912e+00 1.807515734706264254e+00 1.125753220532862997e+01 1.413706618035394058e+01
1.937393075603578207e+00 1.968590080202163195e+00 1.792549769715391372e+00 1.124955120188650248e+01 1.413097177664466386e+01
1.878925773141606248e+00 1.952973294665640847e+00 1.777665084294848485e+00 1.124156625195850800e+01 1.412487421019991807e+01
1.820550214228789931e+00 1.937409809173484820e+00 1.762862386233615242e+00 1.123357824200280319e+01 1.411877426709864380e+01
1.762273060306527306e+00 1.921903061463727580e+00 1.748142250067231451e+00 1.122558789845037452e+01 1.411267257249609486e+01
1.704101312822347003e+00 1.906456180920307109e+00 1.733505139411765317e+00 1.121759580871324502e+01 1.410656965954943942e+01
1.646042410924478228e+00 1.891072020078187199e+00 1.718951425833989299e+00 1.120960246051173037e+01 1.410046593642765878e+01
1.588104329486915267e+00 1.875753180299718048e+00 1.704481404379981413e+00 1.120160825262658477e+01 1.409436173765064382e+01
1.530295692831090903e+00 1.860502033380115661e+00 1.690095304904042361e+00 1.119361351422408291e+01 1.408825733625043775e+01
1.472625867089379259e+00 1.845320739005399169e+00 1.675793307356670203e+00 1.118561851975333710e+01 1.408215295204191619e+01
1.415105126528599877e+00 1.830211265454262159e+00 1.661575545215013383e+00 1.117762350231179447e+01 1.407604876611589617e+01
1.357744745693152844e+00 1.815175404808202941e+00 1.647442116900462494e+00 1.116962865606615729e+01 1.406994493141311509e+01
1.300557220741886288e+00 1.800214786137066758e+00 1.633393090373776779e+00 1.116163414336390147e+01 1.406384157313585348e+01
1.243556439226496391e+00 1.785330890690199457e+00 1.619428499832893609e+00 1.115364010186506860e+01 1.405773879388236658e+01
1.186757872591117424e+00 1.770525064547442629e+00 1.605548362665140560e+00 1.114564664619379464e+01 1.405163668017844003e+01
1.130178912510736433e+00 1.755798527905407802e+00 1.591752668594077713e+00 1.113765387361633330e+01 1.404553530153230412e+01
1.073839184960079907e+00 1.741152385966633798e+00 1.578041392582560709e+00 1.112966186672500157e+01 1.403943471623309946e+01
1.017760945962592922e+00 1.726587639337658464e+00 1.564414493060790834e+00 1.112167069667778208e+01 1.403333497301628263e+01
9.619695368831570059e-01 1.712105189966674823e+00 1.550871914963483977e+00 1.111368042391624122e+01 1.402723611309777318e+01
9.064939785722632148e-01 1.697705849919975973e+00 1.537413592428018783e+00 1.110569110018142247e+01 1.402113817077927393e+01
8.513677044398334504e-01 1.683390348979663997e+00 1.524039447192269803e+00 1.109770277014430562e+01 1.401504117551202100e+01
7.966294362465358159e-01 1.669159339489722615e+00 1.510749393133587359e+00 1.108971547180927075e+01 1.400894515162794818e+01
7.423244220835800711e-01 1.655013401359051617e+00 1.497543333274401256e+00 1.108172923779765817e+01 1.400285011960281167e+01
6.885058246042096153e-01 1.640953052716183080e+00 1.484421163396456356e+00 1.107374409712247143e+01 1.399675609679370325e+01
6.352365276786758885e-01 1.626978745287272821e+00 1.471382770990577793e+00 1.106576007354972546e+01 1.399066309789959028e+01
5.825915232686107448e-01 1.613090881534507304e+00 1.458428036674765504e+00 1.105777719018698768e+01 1.398457113543976860e+01
5.306609989329137411e-01 1.599289807597567670e+00 1.445556834602814478e+00 1.104979546482945452e+01 1.397848022018912850e+01
4.795542656895546152e-01 1.585575821161073540e+00 1.432769032606967086e+00 1.104181491520611935e+01 1.397239036132764767e+01
4.294051508919147775e-01 1.571949178431937932e+00 1.420064493002280992e+00 1.103383555582208686e+01 1.396630156648294019e+01
3.803787865606776397e-01 1.558410087015052570e+00 1.407443072283907748e+00 1.102585739941402743e+01 1.396021384274805399e+01
3.326805013649836162e-01 1.544958721880417052e+00 1.394904621809584855e+00 1.101788045772839730e+01 1.395412719537427826e+01
2.865673978431874658e-01 1.531595215390612719e+00 1.382448987702698862e+00 1.100990474042368916e+01 1.394804163004340758e+01
2.423625225775403458e-01 1.518319670365188001e+00 1.370076011114259806e+00 1.100193025660257007e+01 1.394195715083165155e+01
2.004709614865033407e-01 1.505132154540331779e+00 1.357785528474165782e+00 1.099395701408268877e+01 1.393587376170560432e+01
1.613946330585308009e-01 1.492032708930727924e+00 1.345577371512267195e+00 1.098598502009393307e+01 1.392979146621580711e+01
1.257363462952915956e-01 1.479021344523020698e+00 1.333451367496781836e+00 1.097801428096849996e+01 1.392371026699325398e+01
9.417463950403148765e-02 1.466098048301482271e+00 1.321407339282361093e+00 1.097004480278076066e+01 1.391763016683285947e+01
6.737782461175963189e-02 1.453262782303035072e+00 1.309445105425935951e+00 1.096207659063948192e+01 1.391155116778727852e+01
4.583285584420883352e-02 1.440515485456737688e+00 1.297564480287688227e+00 1.095410964965234513e+01 1.390547327187679194e+01
2.961968633233866971e-02 1.427856076667803009e+00 1.285765274038076944e+00 1.094614398413983025e+01 1.389939648080874690e+01
1.826797239625778391e-02 1.415284452968571527e+00 1.274047292819303623e+00 1.093817959824170671e+01 1.389332079615791216e+01
1.084880476181919809e-02 1.402800494556518451e+00 1.262410338721641878e+00 1.093021649570738774e+01 1.388724621930383307e+01
6.269279046024594723e-03 1.390404062103888005e+00 1.250854209896874902e+00 1.092225467996478550e+01 1.388117275155170383e+01
3.558415400452439540e-03 1.378095001353976334e+00 1.239378700597719929e+00 1.091429415423457527e+01 1.387510039408671680e+01
1.997596147965989208e-03 1.365873140981267442e+00 1.227983601285215443e+00 1.090633492149872907e+01 1.386902914793668096e+01
1.114175291639641491e-03 1.353738296295450727e+00 1.216668698521113035e+00 1.089837698456886095e+01 1.386295901414077036e+01
6.192129981254485644e-04 1.341690267870719877e+00 1.205433775272564123e+00 1.089042034607232878e+01 1.385688999353645023e+01
3.434618276410959401e-04 1.329728843813575256e+00 1.194278610769154980e+00 1.088246500854025989e+01 1.385082208698219830e+01
1.903268341126776030e-04 1.317853799875073673e+00 1.183202980488424760e+00 1.087451097430309410e+01 1.384475529521885839e+01
1.054357214104900166e-04 1.306064899967334769e+00 1.172206656472844610e+00 1.086655824565813511e+01 1.383868961895311855e+01
5.841664106790760499e-05 1.294361897631822966e+00 1.161289407062537693e+00 1.085860682471779270e+01 1.383262505884441929e+01
3.238739496118528502e-05 1.282744535385818896e+00 1.150450997108213080e+00 1.085065671355939720e+01 1.382656161551602558e+01
1.798461203005207850e-05 1.271212546776519847e+00 1.139691188010957257e+00 1.084270791414226842e+01 1.382049928955752449e+01
1.000861046729856148e-05 1.259765655386340333e+00 1.129009737662895141e+00 1.083476042836175601e+01 1.381443808153189146e+01
5.591276723447227144e-06 1.248403576820635408e+00 1.118406400592495631e+00 1.082681425804664421e+01 1.380837799198792482e+01
3.144781895867980937e-06 1.237126017797224309e+00 1.107880927953132977e+00 1.081886940496764815e+01 1.380231902143124145e+01
1.785470097285865090e-06 1.225932677834088436e+00 1.097433067577421317e+00 1.081092587084623524e+01 1.379626117037376076e+01
1.029744871846579463e-06 1.214823248327374650e+00 1.087062564011908039e+00 1.080298365735589172e+01 1.379020443928459905e+01
6.084116388367525539e-07 1.203797414158248813e+00 1.076769158568817275e+00 1.079504276613744018e+01 1.378414882863328472e+01
3.718721162994474883e-07 1.192854854233360129e+00 1.066552589358897629e+00 1.078710319878271306e+01 1.377809433886798196e+01
2.381642925404226787e-07 1.181995240464024821e+00 1.056412591334436435e+00 1.077916495686563181e+01 1.377204097042466380e+01
1.613712356039016970e-07 1.171218237924031680e+00 1.046348896324979849e+00 1.077122804191501260e+01 1.376598872372982818e+01
1.165377642322532299e-07 1.160523508750980648e+00 1.036361233088502365e+00 1.076329245544504687e+01 1.375993759920138793e+01
8.964538996158736515e-08 1.149910709336025683e+00 1.026449327344962192e+00 1.075535819893694800e+01 1.375388759724934395e+01
7.280729193998533192e-08 1.139379487049130502e+00 1.016612901818946701e+00 1.074742527385571478e+01 1.374783871827592385e+01
6.174998747179625267e-08 1.128929489525681618e+00 1.006851676281204533e+00 1.073949368164432272e+01 1.374179096268076705e+01
5.412612408531808603e-08 1.118560358869849614e+00 9.971653676069612837e-01 1.073156342373022731e+01 1.373574433085288682e+01
4.864243471393556902e-08 1.108271730496841467e+00 9.875536897910967005e-01 1.072363450152497677e+01 1.372969882318152379e+01
4.462693410002350552e-08 1.098063237246065471e+00 9.780163540137953859e-01 1.071570691642668827e+01 1.372365444004821455e+01
4.118872480766679702e-08 1.087934508969019554e+00 9.685530686898731201e-01 1.070778066982216359e+01 1.371761118183108508e+01
3.815547284553691314e-08 1.077885170981248697e+00 9.591635394852402463e-01 1.069985576308518205e+01 1.371156904890522199e+01
3.546418417497884686e-08 1.067914844412640507e+00 9.498474693955657466e-01 1.069193219758227897e+01 1.370552804164173644e+01
3.297886565192308381e-08 1.058023148562816429e+00 9.406045587706823863e-01 1.068400997466806146e+01 1.369948816040944983e+01
3.058091189506555436e-08 1.048209699270945761e+00 9.314345053611511327e-01 1.067608909569173292e+01 1.369344940557472867e+01
2.815268498480233258e-08 1.038474108710057964e+00 9.223370043836662813e-01 1.066816956199320643e+01 1.368741177750201032e+01
2.556603120823132270e-08 1.028815987340397919e+00 9.133117485392667767e-01 1.066025137490758290e+01 1.368137527655341756e+01
2.336198242651628902e-08 1.019234942914911013e+00 9.043584280818510734e-01 1.065233453576309230e+01 1.367533990309022052e+01
2.147302164189450770e-08 1.009730580263400235e+00 8.954767308622832989e-01 1.064441904588398380e+01 1.366930565747151327e+01
1.921822570485858223e-08 1.000302502314013964e+00 8.866663423616962802e-01 1.063650490658930003e+01 1.366327254005534009e+01
1.321429217454795587e-08 9.909503102268112373e-01 8.779269457648967157e-01 1.062859211919468905e+01 1.365724055119863323e+01
1.429795872916329321e-08 9.816736028401629177e-01 8.692582219835613966e-01 1.062068068501148232e+01 1.365120969125680084e+01
1.926562242784105382e-08 9.724719766428048251e-01 8.606598497167852191e-01 1.061277060534805194e+01 1.364517996058469329e+01
2.270598999717338000e-08 9.633450273249060114e-01 8.521315055097511415e-01 1.060486188151183562e+01 1.363915135953597613e+01
1.678122511676061859e-08 9.542923487350000178e-01 8.436728637793889929e-01 1.059695451480682848e+01 1.363312388846371626e+01
5.929756563866150349e-09 9.453135322965691145e-01 8.352835968857366122e-01 1.058904850653209095e+01 1.362709754772012438e+01
-5.286272676419685754e-09 9.364081690685750470e-01 8.269633751733974636e-01 1.058114385799088097e+01 1.362107233765699554e+01
-7.344688653560818751e-09 9.275758485534711939e-01 8.187118670148415545e-01 1.057324057048418808e+01 1.361504825862567714e+01
1.125791975668488396e-11 9.188161587343373071e-01 8.105287388784268021e-01 1.056533864530407918e+01 1.360902531097664969e+01
1.399638384391350992e-08 9.101286866257842778e-01 8.024136553578363751e-01 1.055743808375090609e+01 1.360300349506014150e+01
2.278023200291529617e-08 9.015130184273126845e-01 7.943662792359902358e-01 1.054953888712229215e+01 1.359698281122649988e+01
1.840285279234401873e-08 8.929687392832581505e-01 7.863862715364570155e-01 1.054164105671123330e+01 1.359096325982546993e+01
1.102639094228680415e-08 8.844954333497352383e-01 7.784732915634007266e-01 1.053374459381262085e+01 1.358494484120559420e+01
1.055030226035411229e-08 8.760926843488644478e-01 7.706269969651774465e-01 1.052584949972238881e+01 1.357892755571654853e+01
3.584640375798902467e-09 8.677600752983318788e-01 7.628470437774885760e-01 1.051795577573486540e+01 1.357291140370749716e+01
-8.577872371429329514e-10 8.594971882475925806e-01 7.551330864750243066e-01 1.051006342314352970e+01 1.356689638552631294e+01
3.285535654589529395e-09 8.513036052083908789e-01 7.474847780291746790e-01 1.050217244324363186e+01 1.356088250152170893e+01
1.269122180513307642e-08 8.431789076790928705e-01 7.399017699499161882e-01 1.049428283733010581e+01 1.355486975204211575e+01
1.782458348332515757e-08 8.351226765867578727e-01 7.323837123437111352e-01 1.048639460669772205e+01 1.354885813743555900e+01
1.922191057291867547e-08 8.271344926480196369e-01 7.249302539637325626e-01 1.047850775264247325e+01 1.354284765804981205e+01
8.783402099959728643e-10 8.192139365316051247e-01 7.175410422583696768e-01 1.047062227646084764e+01 1.353683831423287032e+01
-2.112663413467413280e-08 8.113605886376658027e-01 7.102157234257254759e-01 1.046273817944926598e+01 1.353083010633250893e+01
-1.971611148894537645e-08 8.035740290979731526e-01 7.029539424629033251e-01 1.045485546290561096e+01 1.352482303469630942e+01
-1.959160429440320227e-08 7.958538383047273346e-01 6.957553432177167041e-01 1.044697412812869430e+01 1.351881709967193501e+01
-2.042235389138343606e-08 7.881995966224635275e-01 6.886195684391700489e-01 1.043909417641761550e+01 1.351281230160697611e+01
-5.014158465641448858e-09 7.806108842717082164e-01 6.815462598300455754e-01 1.043121560907222189e+01 1.350680864084888455e+01
1.542083075141736180e-08 7.730872818944718450e-01 6.745350580952328423e-01 1.042333842739414429e+01 1.350080611774516370e+01
3.187673132568564237e-08 7.656283702841721883e-01 6.675856029939707392e-01 1.041546263268565653e+01 1.349480473264332936e+01
3.426379624719289016e-08 7.582337303988442301e-01 6.606975333917939341e-01 1.040758822624936641e+01 1.348880448589082626e+01
1.604958149453692739e-08 7.509029435364396043e-01 6.538704873000253937e-01 1.039971520938989791e+01 1.348280537783497834e+01
-9.769716912644616912e-09 7.436355914589666272e-01 6.471041019458733112e-01 1.039184358341275782e+01 1.347680740882329786e+01
-2.951659234471179841e-08 7.364312562885857449e-01 6.403980138117891796e-01 1.038397334962420793e+01 1.347081057920325087e+01
-2.124442152159505391e-08 7.292895205017875249e-01 6.337518586879126170e-01 1.037610450933212114e+01 1.346481488932211690e+01
-1.304057316548627809e-08 7.222099672677060322e-01 6.271652716838937991e-01 1.036823706384552146e+01 1.345882033952738688e+01
-7.951732775043773837e-09 7.151921802849473542e-01 6.206378873596415380e-01 1.036037101447461772e+01 1.345282693016650377e+01
9.457890887631936935e-09 7.082357436823650820e-01 6.141693397189884607e-01 1.035250636253094214e+01 1.344683466158688212e+01
2.539493964213391095e-08 7.013402424331520724e-01 6.077592622722464144e-01 1.034464310932744802e+01 1.344084353413595601e+01
3.594967905176532129e-08 6.945052621704183027e-01 6.014072880093512818e-01 1.033678125617838894e+01 1.343485354816120925e+01
3.425080316554141948e-08 6.877303891863508767e-01 5.951130496087332356e-01 1.032892080439927440e+01 1.342886470401013277e+01
2.140203673302112826e-08 6.810152105558462399e-01 5.888761793722651072e-01 1.032106175530724101e+01 1.342287700203022993e+01
8.261788877797001968e-09 6.743593142523232054e-01 5.826963093011565675e-01 1.031320411022080563e+01 1.341689044256904673e+01
-9.267602142404947961e-10 6.677622890603908123e-01 5.765730710479910481e-01 1.030534787045965039e+01 1.341090502597415934e+01
-4.122103829012070033e-09 6.612237245698043830e-01 5.705060961648605877e-01 1.029749303734523735e+01 1.340492075259315463e+01
-1.912631339180060541e-09 6.547432114297520034e-01 5.644950160078555657e-01 1.028963961220043899e+01 1.339893762277367273e+01
-4.865977228499073384e-09 6.483203412303969460e-01 5.585394618192041083e-01 1.028178759634946537e+01 1.339295563686339108e+01
-8.062528302326135433e-09 6.419547064498143385e-01 5.526390646696116571e-01 1.027393699111811820e+01 1.338697479521001021e+01
-5.982582031404220959e-09 6.356459007205024214e-01 5.467934557211605595e-01 1.026608779783376413e+01 1.338099509816125554e+01
