2.062579604816574275e+01
6.015918786873661439e+00
3.193701107623498459e+00
1.188718004486441826e+00
5.475514197141479578e+00
3.410918192030150564e+00
5.128555622796787006e+00
3.733291240056425764e+00
9.826860957196611679e+00
1.012388228088793518e+01
1.038756652491012744e+01
2.191487872628564981e-01
1.425177464781296255e+00
1.019880568744767402e+00
1.852464037625539017e+00
3.183195459666952054e-01
1.000000000000000056e-01
0.000000000000000000e+00
1.128113994632386347e-01
1.243504580043430924e-01
2.362007645710253317e-02
3.148555324784611115e-02
9.444797277697228322e-02
1.110405444605543253e-02
4.333519460911203325e+00
7.539189111521716891e-01
1.041790383541392728e+01
4.031651944235784768e+00
9.375484818793069053e+00
3.510194576484042095e+00
6.349319904317229576e-03
7.678163725853756442e-03
9.361374995786588826e+00
4.710882685362857814e+00
4.972973574575201283e+00
2.482606201460704654e+00
2.311335074240241205e+00
6.690430490668650698e-01
2.955724571355850538e-01
2.540581312087660248e-01
