9.894577343528794255e-01 1.095685689827213372e+00 1.018322785350345150e+00 1.108221176912493666e+00 1.101248742652566115e+00
9.790043610923193640e-01 1.187373346498403981e+00 1.036141754427662542e+00 1.201107109177728560e+00 1.199129583056503634e+00
9.686395165591072942e-01 1.275170250786511028e+00 1.053464298165549318e+00 1.279508219577770722e+00 1.293673992483507895e+00
9.583628232269516545e-01 1.359193212978499155e+00 1.070297586431128156e+00 1.344627586585320778e+00 1.384921850656795961e+00
9.481738967841067955e-01 1.439565413014704420e+00 1.086648581868925989e+00 1.397879916110017273e+00 1.472920708014381130e+00
9.380723482280430847e-01 1.516413802445289338e+00 1.102524052973058666e+00 1.440758745496901305e+00 1.557724961461438129e+00
9.280577845771074141e-01 1.589867033430418131e+00 1.117930585912844776e+00 1.474730532163784913e+00 1.639394984827996948e+00
9.181298091628679048e-01 1.660053844549301383e+00 1.132874595936161910e+00 1.501162293998115072e+00 1.717996249046902291e+00
9.082880217822518754e-01 1.727101825050976425e+00 1.147362337809511690e+00 1.521280629699070852e+00 1.793598460183381649e+00
8.985320187997456465e-01 1.791136484214957525e+00 1.161399915661388782e+00 1.536155437116752509e+00 1.866274736488388930e+00
8.888613932307953824e-01 1.852280562723481960e+00 1.174993292181678806e+00 1.546700603563142318e+00 1.936100839300727072e+00
8.792757348179232046e-01 1.910653534191238512e+00 1.188148297190161573e+00 1.553684881235794180e+00 2.003154467158695162e+00
8.697746301040825134e-01 1.966371255321240685e+00 1.200870635697497413e+00 1.557747843677518285e+00 2.067514617994333115e+00
8.603576625051087001e-01 2.019545731901469132e+00 1.213165895477650968e+00 1.559417501777018877e+00 2.129261020824920969e+00
8.510244123820615014e-01 2.070284974902068864e+00 1.225039554134635056e+00 1.559127518035826609e+00 2.188473635769394132e+00
8.417744571137993903e-01 2.118692926611999372e+00 1.236496985758603895e+00 1.557232927422173896e+00 2.245232219432776510e+00
8.326073711699324420e-01 2.164869440995410788e+00 1.247543467159904163e+00 1.554023902919453581e+00 2.299615951509226264e+00
8.235227261842036350e-01 2.208910305927819895e+00 1.258184183740138629e+00 1.549737479607477875e+00 2.351703117787290687e+00
8.145200910283121321e-01 2.250907297554081143e+00 1.268424234991066601e+00 1.544567354280569127e+00 2.401570844405586769e+00
8.055990318861665500e-01 2.290948259049065516e+00 1.278268639680925300e+00 1.538671971896400592e+00 2.449294878172509904e+00
7.967591123285429067e-01 2.329117197657449623e+00 1.287722340715963476e+00 1.532181140265991726e+00 2.494949407882514070e+00
7.879998933881222634e-01 2.365494395129398963e+00 1.296790209724582921e+00 1.525201409526779628e+00 2.538606921826982887e+00
7.793209336348760896e-01 2.400156527656022387e+00 1.305477051359333673e+00 1.517820431073453769e+00 2.580338097018128440e+00
7.707217892517672642e-01 2.433176792190979487e+00 1.313787607352254749e+00 1.510110482244972685e+00 2.620211716014361425e+00
7.622020141107305191e-01 2.464625036669683578e+00 1.321726560323870148e+00 1.502131313905757271e+00 2.658294607613983285e+00
7.537611598489029063e-01 2.494567892138715326e+00 1.329298537371091715e+00 1.493932451107705450e+00 2.694651608059228209e+00
7.453987759450649841e-01 2.523068905227442205e+00 1.336508113440528334e+00 1.485555053021882399e+00 2.729345539756314221e+00
7.371144097962610831e-01 2.550188669702384114e+00 1.343359814501767335e+00 1.477033418533552300e+00 2.762437204859565565e+00
7.289076067945647885e-01 2.575984956136522452e+00 1.349858120533948602e+00 1.468396206878621602e+00 2.793985391338304147e+00
7.207779104039528928e-01 2.600512838933480175e+00 1.356007468329914589e+00 1.459667429135041994e+00 2.824046889563232465e+00
7.127248622372558406e-01 2.623824820130402191e+00 1.361812254138170974e+00 1.450867255281767632e+00 2.852676517504538989e+00
7.047480021331495870e-01 2.645970949550588092e+00 1.367276836138008766e+00 1.442012672612032143e+00 2.879927153051961231e+00
6.968468682331561137e-01 2.666998940995897183e+00 1.372405536771721390e+00 1.433118024148090308e+00 2.905849772070721926e+00
6.890209970586187449e-01 2.686954284268914694e+00 1.377202644926750930e+00 1.424195450001254137e+00 2.930493491032109876e+00
6.812699235876176207e-01 2.705880352893932805e+00 1.381672417989009638e+00 1.415255250065444947e+00 2.953905613205534575e+00
6.735931813317960204e-01 2.723818507470902706e+00 1.385819083761614667e+00 1.406306182809056171e+00 2.976131677547410703e+00
6.659903024130612303e-01 2.740808194648675755e+00 1.389646842267399984e+00 1.397355712037446906e+00 2.997215509547474621e+00
6.584608176401308688e-01 2.756887041745592626e+00 1.393159867430586951e+00 1.388410211189859744e+00 3.017199273402946691e+00
6.510042565848905838e-01 2.772090947078973411e+00 1.396362308652463913e+00 1.379475132888449807e+00 3.036123524987195843e+00
6.436201476585342585e-01 2.786454166089569640e+00 1.399258292278962479e+00 1.370555150027001234e+00 3.054027265163345550e+00
6.363080181874530838e-01 2.800009393369001565e+00 1.401851922971042663e+00 1.361654273388472447e+00 3.070947993065986648e+00
6.290673944888494074e-01 2.812787840711328258e+00 1.404147284978404908e+00 1.352775950011317674e+00 3.086921759037312363e+00
6.218978019460307261e-01 2.824819311321533188e+00 1.406148443323522512e+00 1.343923145607769820e+00 3.101983216958484224e+00
6.147987650833768303e-01 2.836132270320972815e+00 1.407859444899485668e+00 1.335098413809331364e+00 3.116165675764269949e+00
6.077698076409300265e-01 2.846753911694548389e+00 1.409284319484527925e+00 1.326303954489861381e+00 3.129501149969521556e+00
6.008104526485945618e-01 2.856710221826798346e+00 1.410427080679965917e+00 1.317541663022805398e+00 3.142020409070962916e+00
5.939202224999071689e-01 2.866026039774713485e+00 1.411291726770470767e+00 1.308813172003300496e+00 3.153753025717635605e+00
5.870986390253604137e-01 2.874725114424242278e+00 1.411882241515970637e+00 1.300119886695030313e+00 3.164727422568915483e+00
5.803452235652484248e-01 2.882830158675428578e+00 1.412202594871759365e+00 1.291463015249101121e+00 3.174970917780755908e+00
5.736594970420055839e-01 2.890362900798428392e+00 1.412256743646629786e+00 1.282843594555466371e+00 3.184509769079313823e+00
5.670409800320195259e-01 2.897344133098282981e+00 1.412048632095415091e+00 1.274262512443037787e+00 3.193369216396706456e+00
5.604891928368884724e-01 2.903793758023386129e+00 1.411582192454708728e+00 1.265720526816479286e+00 3.201573523056818082e+00
5.540036555541023588e-01 2.909730831847009647e+00 1.410861345418933155e+00 1.257218282216099769e+00 3.209146015510067507e+00
5.475838881471211117e-01 2.915173606046922217e+00 1.409890000564089085e+00 1.248756324200097412e+00 3.216109121625204015e+00
5.412294105148295342e-01 2.920139566503083373e+00 1.408672056717393595e+00 1.240335111876239127e+00 3.222484407553424912e+00
5.349397425603470424e-01 2.924645470628350452e+00 1.407211402278557344e+00 1.231955028851912326e+00 3.228292613181836579e+00
5.287144042591691573e-01 2.928707382542039106e+00 1.405511915492151598e+00 1.223616392821323506e+00 3.233553686230092872e+00
5.225529157266202152e-01 2.932340706391151297e+00 1.403577464675088704e+00 1.215319463983240089e+00 3.238286814972396233e+00
5.164547972845988655e-01 2.935560217919073622e+00 1.401411908400102213e+00 1.207064452404250643e+00 3.242510459646272380e+00
5.104195695275961508e-01 2.938380094376694007e+00 1.399019095637390242e+00 1.198851524506237665e+00 3.246242382607076316e+00
5.044467533879665178e-01 2.940813942865395880e+00 1.396402865856904318e+00 1.190680808740706587e+00 3.249499677221947991e+00
4.985358702004351605e-01 2.942874827193525888e+00 1.393567049091505972e+00 1.182552400563449346e+00 3.252298795571496814e+00
4.926864417658244899e-01 2.944575293358081769e+00 1.390515465965086905e+00 1.174466366784151949e+00 3.254655574989582245e+00
4.868979904139824622e-01 2.945927393663865690e+00 1.387251927684223229e+00 1.166422749362739264e+00 3.256585263481949877e+00
4.811700390658958382e-01 2.946942709605859356e+00 1.383780235998328223e+00 1.158421568715984229e+00 3.258102544066173056e+00
4.755021112949762707e-01 2.947632373586005716e+00 1.380104183126447781e+00 1.150462826591287291e+00 3.259221558071268010e+00
4.698937313875140576e-01 2.948007089492326038e+00 1.376227551655330839e+00 1.142546508558841767e+00 3.259955927437707235e+00
4.643444244022374434e-01 2.948077152231396436e+00 1.372154114407283299e+00 1.134672586168538500e+00 3.260318776056768897e+00
4.588537162289608173e-01 2.947852466261145388e+00 1.367887634281789833e+00 1.126841018813170114e+00 3.260322750187299778e+00
4.534211336467411924e-01 2.947342563179492725e+00 1.363431864069908128e+00 1.119051755335277232e+00 3.259980037987937784e+00
4.480462043805493733e-01 2.946556618423166629e+00 1.358790546244698083e+00 1.111304735410851174e+00 3.259302388201121836e+00
4.427284571571241112e-01 2.945503467122996710e+00 1.353967412727286046e+00 1.103599890739512590e+00 3.258301128024232884e+00
4.374674217604293536e-01 2.944191619162712215e+00 1.348966184631021914e+00 1.095937146067268664e+00 3.256987180202751020e+00
4.322626290858015974e-01 2.942629273484927754e+00 1.343790571984013082e+00 1.088316420064510348e+00 3.255371079378529764e+00
4.271136111931218005e-01 2.940824331684896986e+00 1.338444273431633302e+00 1.080737626080958247e+00 3.253462987725491473e+00
4.220199013591644510e-01 2.938784410930772584e+00 1.332930975920025629e+00 1.073200672792341992e+00 3.251272709903823444e+00
4.169810341290410283e-01 2.936516856246812246e+00 1.327254354361315336e+00 1.065705464755247078e+00 3.248809707362620536e+00
4.119965453665303534e-01 2.934028752193911682e+00 1.321418071282303153e+00 1.058251902885133378e+00 3.246083112019786387e+00
4.070659723036275102e-01 2.931326933979860438e+00 1.315425776456534468e+00 1.050839884865817808e+00 3.243101739346863077e+00
4.021888535890099647e-01 2.928417998029892999e+00 1.309281106522052429e+00 1.043469305502164879e+00 3.239874100885361763e+00
3.973647293355690446e-01 2.925308312046364101e+00 1.302987684584334227e+00 1.036140057023498207e+00 3.236408416220085460e+00
3.925931411669721371e-01 2.922004024584726523e+00 1.296549119806747585e+00 1.028852029345196595e+00 3.232712624433853321e+00
3.878736322632352906e-01 2.918511074171460606e+00 1.289969006988086475e+00 1.021605110294460772e+00 3.228794395067021927e+00
3.832057474053224277e-01 2.914835197988151716e+00 1.283250926129247294e+00 1.014399185805513026e+00 3.224661138604181243e+00
3.785890330187592911e-01 2.910981940144530711e+00 1.276398441988834120e+00 1.007234140088691499e+00 3.220320016509434335e+00
3.740230372162632322e-01 2.906956659561974909e+00 1.269415103629415897e+00 1.000109855777211676e+00 3.215777950830725818e+00
3.695073098393864552e-01 2.902764537487973584e+00 1.262304443954479050e+00 9.930262140548380412e-01 3.211041633392773154e+00
3.650414024991739947e-01 2.898410584660441991e+00 1.255069979237452005e+00 9.859830947672224566e-01 3.206117534597289431e+00
3.606248686158349814e-01 2.893899648140134673e+00 1.247715208643108475e+00 9.789803765192531815e-01 3.201011911848316238e+00
3.562572634574288077e-01 2.889236417828351833e+00 1.240243613742387341e+00 9.720179367604219189e-01 3.195730817619711228e+00
3.519381441775665809e-01 2.884425432685942425e+00 1.232658658021186904e+00 9.650956518599054235e-01 3.190280107181020508e+00
3.476670698521303615e-01 2.879471086668887292e+00 1.224963786383861164e+00 9.582133971728191701e-01 3.184665445997249655e+00
3.434436015150114097e-01 2.874377634394861047e+00 1.217162424652191044e+00 9.513710470988889778e-01 3.178892316817298891e+00
3.392673021928707122e-01 2.869149196554376058e+00 1.209257979060303967e+00 9.445684751345957419e-01 3.172966026465182665e+00
3.351377369389254013e-01 2.863789765079362670e+00 1.201253835746455945e+00 9.378055539197022172e-01 3.166891712347457588e+00
3.310544728657632274e-01 2.858303208081345304e+00 1.193153360242009686e+00 9.310821552789342315e-01 3.160674348689691104e+00
3.270170791771909724e-01 2.852693274570688331e+00 1.184959896958514891e+00 9.243981502594823541e-01 3.154318752514169599e+00
3.230251271991199102e-01 2.846963598967779951e+00 1.176676768673250217e+00 9.177534091648918979e-01 3.147829589370513492e+00
3.190781904094948107e-01 2.841117705416435602e+00 1.168307276014000085e+00 9.111478015858294199e-01 3.141211378830283785e+00
3.151758444672696502e-01 2.835159011909221149e+00 1.159854696943516172e+00 9.045811964281426087e-01 3.134468499756158266e+00
3.113176672404379119e-01 2.829090834233906282e+00 1.151322286244293558e+00 8.980534619385766026e-01 3.127605195355771972e+00
3.075032388331227495e-01 2.822916389749726473e+00 1.142713275004189732e+00 8.915644657284563790e-01 3.120625578029817326e+00
3.037321416117335082e-01 2.816638801001783765e+00 1.134030870103403421e+00 8.851140747956010024e-01 3.113533634023563312e+00
3.000039602301963759e-01 2.810261099181229127e+00 1.125278253703380749e+00 8.787021555447004362e-01 3.106333227890529347e+00
2.963182816542645481e-01 2.803786227438712864e+00 1.116458582738107497e+00 8.723285738063558670e-01 3.099028106776614777e+00
2.926746951849182321e-01 2.797217044058127655e+00 1.107574988408329686e+00 8.659931948549512981e-01 3.091621904532626530e+00
2.890727924808596527e-01 2.790556325497216772e+00 1.098630575679180765e+00 8.596958834255115089e-01 3.084118145662745114e+00
2.855121675801132186e-01 2.783806769300871675e+00 1.089628422781649064e+00 8.534365037296681722e-01 3.076520249116139194e+00
2.819924169207388420e-01 2.776970996891626076e+00 1.080571580718475477e+00 8.472149194708512576e-01 3.068831531928568168e+00
2.785131393606667394e-01 2.770051556255466174e+00 1.071463072774716974e+00 8.410309938588010903e-01 3.061055212717438412e+00
2.750739361966632601e-01 2.763050924505311201e+00 1.062305894033753084e+00 8.348845896234844410e-01 3.053194415048042565e+00
2.716744111824377916e-01 2.755971510341486574e+00 1.053103010898744474e+00 8.287755690284890342e-01 3.045252170668037106e+00
2.683141705458984005e-01 2.748815656413695407e+00 1.043857360620474406e+00 8.227037938839601994e-01 3.037231422598629216e+00
2.649928230055626499e-01 2.741585641592900746e+00 1.034571850831438322e+00 8.166691255591348453e-01 3.029135028123193241e+00
2.617099797861286992e-01 2.734283683146891519e+00 1.025249359087174295e+00 8.106714249945221606e-01 3.020965761658783055e+00
2.584652546333012779e-01 2.726911938830312909e+00 1.015892732414638289e+00 8.047105527137698999e-01 3.012726317513698238e+00
2.552582638277084981e-01 2.719472508890238949e+00 1.006504786868609003e+00 7.987863688352548897e-01 3.004419312540829168e+00
2.520886261980502252e-01 2.711967437993229257e+00 9.970883070959331018e-01 7.928987330834440517e-01 2.996047288690057986e+00
2.489559631334486156e-01 2.704398717079948611e+00 9.876460459085161236e-01 7.870475048000258322e-01 2.987612715463316526e+00
2.458598985950792570e-01 2.696768285142229882e+00 9.781807238649596892e-01 7.812325429548505618e-01 2.979117992278371485e+00
2.428000591269824093e-01 2.689078030933355734e+00 9.686950288615739924e-01 7.754537061567055023e-01 2.970565450744002245e+00
2.397760738661395830e-01 2.681329794612763884e+00 9.591916157328643777e-01 7.697108526639504511e-01 2.961957356847847223e+00
2.367875745517880048e-01 2.673525369327620194e+00 9.496731058619332089e-01 7.640038403950081269e-01 2.953295913064549971e+00
2.338341955340157707e-01 2.665666502732194409e+00 9.401420868012120291e-01 7.583325269387346523e-01 2.944583260387426016e+00
2.309155737816465659e-01 2.657754898449836478e+00 9.306011119035486612e-01 7.526967695646912260e-01 2.935821480281755935e+00
2.280313488894020191e-01 2.649792217482223933e+00 9.210526999645016755e-01 7.470964252333123223e-01 2.927012596567634350e+00
2.251811630843640055e-01 2.641780079562103367e+00 9.114993348753792635e-01 7.415313506059910686e-01 2.918158577236583007e+00
2.223646612316276805e-01 2.633720064456501309e+00 9.019434652882843961e-01 7.360014020550846858e-01 2.909261336198426307e+00
2.195814908395932186e-01 2.625613713222333612e+00 8.923875042923743450e-01 7.305064356738483200e-01 2.900322734965708804e+00
2.168313020645328548e-01 2.617462529414885886e+00 8.828338291027387763e-01 7.250463072863057024e-01 2.891344584280330920e+00
2.141137477142249501e-01 2.609267980250991048e+00 8.732847807610522040e-01 7.196208724570565263e-01 2.882328645678171153e+00
2.114284832510908985e-01 2.601031497729765718e+00 8.637426638493503894e-01 7.142299865010315330e-01 2.873276632998561730e+00
2.087751667946229350e-01 2.592754479714042937e+00 8.542097462161473143e-01 7.088735044931946394e-01 2.864190213842567889e+00
2.061534591234381875e-01 2.584438290970270558e+00 8.446882587161009814e-01 7.035512812781956615e-01 2.855071010976865331e+00
2.035630236765192114e-01 2.576084264171445870e+00 8.351803949626005474e-01 6.982631714799806266e-01 2.845920603688586237e+00
2.010035265540504879e-01 2.567693700865137707e+00 8.256883110942289106e-01 6.930090295113551235e-01 2.836740529094121221e+00
1.984746365175428517e-01 2.559267872405748268e+00 8.162141255547503693e-01 6.877887095835103493e-01 2.827532283401170687e+00
1.959760249893729989e-01 2.550808020853533975e+00 8.067599188871948934e-01 6.826020657155053017e-01 2.818297323126340181e+00
1.935073660518844274e-01 2.542315359841959221e+00 7.973277335420968503e-01 6.774489517437142228e-01 2.809037066271694805e+00
1.910683364458024558e-01 2.533791075415352978e+00 7.879195736999342614e-01 6.723292213312341836e-01 2.799752893460839331e+00
1.886586155681760080e-01 2.525236326835762046e+00 7.785374051083902014e-01 6.672427279772563669e-01 2.790446149034834455e+00
1.862778854698713682e-01 2.516652247361900407e+00 7.691831549337981855e-01 6.621893250264015984e-01 2.781118142111491665e+00
1.839258308524883700e-01 2.508039945002270343e+00 7.598587116280366427e-01 6.571688656780192428e-01 2.771770147609431412e+00
1.816021390648123457e-01 2.499400503240823745e+00 7.505659248096692160e-01 6.521812029954499046e-01 2.762403407235951125e+00
1.793065000988247337e-01 2.490734981738020881e+00 7.413066051608873108e-01 6.472261899152527143e-01 2.753019130442188711e+00
1.770386065850530488e-01 2.482044417008022918e+00 7.320825243389146308e-01 6.423036792563959763e-01 2.743618495347432962e+00
1.747981537876759917e-01 2.473329823073195044e+00 7.228954149033874899e-01 6.374135237294097367e-01 2.734202649630903981e+00
1.725848395990995654e-01 2.464592192095543144e+00 7.137469702584336995e-01 6.325555759455036009e-01 2.724772711394293001e+00
1.703983645340598485e-01 2.455832494986927017e+00 7.046388446107878512e-01 6.277296884256530207e-01 2.715329769997149700e+00
1.682384317234761339e-01 2.447051681999854900e+00 6.955726529428372107e-01 6.229357136096383973e-01 2.705874886863062656e+00
1.661047469075692395e-01 2.438250683297145116e+00 6.865499710016536028e-01 6.181735038650451042e-01 2.696409096259765992e+00
1.639970184288378485e-01 2.429430409503091859e+00 6.775723353031848362e-01 6.134429114962250962e-01 2.686933406054988538e+00
1.619149572245664470e-01 2.420591752236541438e+00 6.686412431522565925e-01 6.087437887532231029e-01 2.677448798446422362e+00
1.598582768189223680e-01 2.411735584626403472e+00 6.597581526779657812e-01 6.040759878406622985e-01 2.667956230668306006e+00
1.578266933148013695e-01 2.402862761809762659e+00 6.509244828845766051e-01 5.994393609265846745e-01 2.658456635675989777e+00
1.558199253851176580e-01 2.393974121413769751e+00 6.421416137180440131e-01 5.948337601512484474e-01 2.648950922808048780e+00
1.538376942638706169e-01 2.385070484022555171e+00 6.334108861475972185e-01 5.902590376358815005e-01 2.639439978427004618e+00
1.518797237368676722e-01 2.376152653628048839e+00 6.247336022631511110e-01 5.857150454913926385e-01 2.629924666540242484e+00
1.499457401320850314e-01 2.367221418066530081e+00 6.161110253873033349e-01 5.812016358270369887e-01 2.620405829401306619e+00
1.480354723097742631e-01 2.358277549441449406e+00 6.075443802031589291e-01 5.767186607590333303e-01 2.610884288091707806e+00
1.461486516521826318e-01 2.349321804532485292e+00 5.990348528963901353e-01 5.722659724191347941e-01 2.601360843084883356e+00
1.442850120529767521e-01 2.340354925191382662e+00 5.905835913128364423e-01 5.678434229631506014e-01 2.591836274792933992e+00
1.424442899064376489e-01 2.331377638725284029e+00 5.821917051300735668e-01 5.634508645794185089e-01 2.582311344095636230e+00
1.406262240963397081e-01 2.322390658268385977e+00 5.738602660440679237e-01 5.590881494972280708e-01 2.572786792853376081e+00
1.388305559845743331e-01 2.313394683141249963e+00 5.655903079695022706e-01 5.547551299951906101e-01 2.563263344404870914e+00
1.370570293995419520e-01 2.304390399198998463e+00 5.573828272546137441e-01 5.504516584095571208e-01 2.553741704048815730e+00
1.353053906241848403e-01 2.295378479169010166e+00 5.492387829093574592e-01 5.461775871424835449e-01 2.544222559511030823e+00
1.335753883838948219e-01 2.286359582977729676e+00 5.411590968472904661e-01 5.419327686702404279e-01 2.534706581398099345e+00
1.318667738341466333e-01 2.277334358067353293e+00 5.331446541407790507e-01 5.377170555513677286e-01 2.525194423636454744e+00
1.301793005478899812e-01 2.268303439702799462e+00 5.251963032887458915e-01 5.335303004347734523e-01 2.515686723898415966e+00
1.285127245028156451e-01 2.259267451269487914e+00 5.173148564970118102e-01 5.293723560677742190e-01 2.506184104016067060e+00
1.268668040682548181e-01 2.250227004560656940e+00 5.095010899708685148e-01 5.252430753040774336e-01 2.496687170382111631e+00
1.252412999920123338e-01 2.241182700057990917e+00 5.017557442195945683e-01 5.211423111117047258e-01 2.487196514338938957e+00
1.236359753869723799e-01 2.232135127204058378e+00 4.940795243718799634e-01 5.170699165808566589e-01 2.477712712556553676e+00
1.220505957175090084e-01 2.223084864664384153e+00 4.864731005027421173e-01 5.130257449317123797e-01 2.468236327399112806e+00
1.204849287857796825e-01 2.214032480581611395e+00 4.789371079703631517e-01 5.090096495221699824e-01 2.458767907280591469e+00
1.189387447177621265e-01 2.204978532822114978e+00 4.714721477634234992e-01 5.050214838555242558e-01 2.449307987009999188e+00
1.174118159491934210e-01 2.195923569216331028e+00 4.640787868574461350e-01 5.010611015880795938e-01 2.439857088126555773e+00
1.159039172113571214e-01 2.186868127792274574e+00 4.567575585805316862e-01 4.971283565366987900e-01 2.430415719226642235e+00
1.144148255167128508e-01 2.177812737001274979e+00 4.495089629870946957e-01 4.932231026862864964e-01 2.420984376280598926e+00
1.129443201444181449e-01 2.168757915936961655e+00 4.423334672397499223e-01 4.893451941972063457e-01 2.411563542939562765e+00
1.114921826256894261e-01 2.159704174547633304e+00 4.352315059981193279e-01 4.854944854126313492e-01 2.402153690832680155e+00
1.100581967290431978e-01 2.150652013842589749e+00 4.282034818144284660e-01 4.816708308658186888e-01 2.392755279856117134e+00
1.086421484454495184e-01 2.141601926092391750e+00 4.212497655348395598e-01 4.778740852872997991e-01 2.383368758456815950e+00
1.072438259733623916e-01 2.132554395023562144e+00 4.143706967061051571e-01 4.741041036120910435e-01 2.373994563906594024e+00
1.058630197036547066e-01 2.123509896007705677e+00 4.075665839866609019e-01 4.703607409867789912e-01 2.364633122568116974e+00
1.044995222044702576e-01 2.114468896244006135e+00 4.008377055614727458e-01 4.666438527763610566e-01 2.355284850153406495e+00
1.031531282059467980e-01 2.105431854937523717e+00 3.941843095598944746e-01 4.629532945715441605e-01 2.345950151975197517e+00
1.018236345849026503e-01 2.096399223472025675e+00 3.876066144756664111e-01 4.592889221951176326e-01 2.336629423191704191e+00
1.005108403494313352e-01 2.087371445577908435e+00 3.811048095881820474e-01 4.556505917090908353e-01 2.327323049044981662e+00
9.921454662342162056e-02 2.078348957495164573e+00 3.746790553843989402e-01 4.520381594212847798e-01 2.318031405091675712e+00
9.793455663104080888e-02 2.069332188131780104e+00 3.683294839802690457e-01 4.484514818919119183e-01 2.308754857428319873e+00
9.667067568111076259e-02 2.060321559217990650e+00 3.620561995407634570e-01 4.448904159403543890e-01 2.299493762910201244e+00
9.542271115147324401e-02 2.051317485455035339e+00 3.558592786982578415e-01 4.413548186514606453e-01 2.290248469364354111e+00
9.419047247329558059e-02 2.042320374660767879e+00 3.497387709673423495e-01 4.378445473819861933e-01 2.281019315796804836e+00
9.297377111533157434e-02 2.033330627910790334e+00 3.436946991541969254e-01 4.343594597671514568e-01 2.271806632594268294e+00
9.177242056815844429e-02 2.024348639675612738e+00 3.377270597632279214e-01 4.308994137265579893e-01 2.262610741720489482e+00
9.058623632836082518e-02 2.015374797953924269e+00 3.318358233967304005e-01 4.274642674706783940e-01 2.253431956907610001e+00
8.941503588270356684e-02 2.006409484402075449e+00 3.260209351466955008e-01 4.240538795068310995e-01 2.244270583841558864e+00
8.825863869228119107e-02 1.997453074460513678e+00 3.202823149794665758e-01 4.206681086451524720e-01 2.235126920343467827e+00
8.711686617664772536e-02 1.988505937475510743e+00 3.146198581107584880e-01 4.173068140048038499e-01 2.226001256546032536e+00
8.598954169793668334e-02 1.979568436818506694e+00 3.090334353717844595e-01 4.139698550195669569e-01 2.216893875065252928e+00
8.487649054496833323e-02 1.970640930001830826e+00 3.035228935637764303e-01 4.106570914437884801e-01 2.207805051167699428e+00
8.377753991735516215e-02 1.961723768791222122e+00 2.980880558012473092e-01 4.073683833581913105e-01 2.198735052933395107e+00
8.269251890960978291e-02 1.952817299315240618e+00 2.927287218431029459e-01 4.041035911752661192e-01 2.189684141414567797e+00
8.162125849525543597e-02 1.943921862171525738e+00 2.874446684107858641e-01 4.008625756451283384e-01 2.180652570790575506e+00
8.056359151094515114e-02 1.935037792530819756e+00 2.822356494932424242e-01 3.976451978608120941e-01 2.171640588518110704e+00
7.951935264059037389e-02 1.926165420236941594e+00 2.771013966383094052e-01 3.944513192636625032e-01 2.162648435478288445e+00
7.848837839951042228e-02 1.917305069904974291e+00 2.720416192304930814e-01 3.912808016489092711e-01 2.153676346119771434e+00
7.747050711859850003e-02 1.908457061016493705e+00 2.670560047553404148e-01 3.881335071705836470e-01 2.144724548598277991e+00
7.646557892851089944e-02 1.899621708012207533e+00 2.621442190508974091e-01 3.850092983469134422e-01 2.135793264912587475e+00
7.547343574388513943e-02 1.890799320382082538e+00 2.573059065469625040e-01 3.819080380653930851e-01 2.126882711037102247e+00
7.449392124757688027e-02 1.881990202752915398e+00 2.525406904935729724e-01 3.788295895876183095e-01 2.117993097051147799e+00
7.352688087494818614e-02 1.873194654974066120e+00 2.478481731802497368e-01 3.757738165544982634e-01 2.109124627265297924e+00
7.257216179817888024e-02 1.864412972199985807e+00 2.432279361480534641e-01 3.727405829908606583e-01 2.100277500343936676e+00
7.162961291061958891e-02 1.855645444971194102e+00 2.386795403972318264e-01 3.697297533102572586e-01 2.091451909425385836e+00
7.069908481119009658e-02 1.846892359292916508e+00 2.342025265936188705e-01 3.667411923198812262e-01 2.082648042238906871e+00
6.978042978880973080e-02 1.838153996711601623e+00 2.297964152775831270e-01 3.637747652248093932e-01 2.073866081218843860e+00
6.887350180689442991e-02 1.829430634389395349e+00 2.254607070799040103e-01 3.608303376328294565e-01 2.065106203615995284e+00
6.797815648789416743e-02 1.820722545176544971e+00 2.211948829494866098e-01 3.579077755587750653e-01 2.056368581606270229e+00
6.709425109788112740e-02 1.812029997682266913e+00 2.169984043984323208e-01 3.550069454287943516e-01 2.047653382396737332e+00
6.622164453119788741e-02 1.803353256343091626e+00 2.128707137703100272e-01 3.521277140849065623e-01 2.038960768329361795e+00
6.536019729515316068e-02 1.794692581489846228e+00 2.088112345380049861e-01 3.492699487889215360e-01 2.030290896981708393e+00
6.450977149478696882e-02 1.786048229412785959e+00 2.048193716380391216e-01 3.464335172266860274e-01 2.021643921265740662e+00
6.367023081770264992e-02 1.777420452424984143e+00 2.008945118450556067e-01 3.436182875122628655e-01 2.013019989524127418e+00
6.284144051895018679e-02 1.768809498924053702e+00 1.970360241991485351e-01 3.408241281916088439e-01 2.004419245624278645e+00
6.202326740598234495e-02 1.760215613452185135e+00 1.932432604850529145e-01 3.380509082467621496e-01 1.995841829050172711e+00
6.121557982367738238e-02 1.751639036754898848e+00 1.895155557721714956e-01 3.352984970994782876e-01 1.987287874992024639e+00
6.041824763941978232e-02 1.743080005837807533e+00 1.858522290185599668e-01 3.325667646149249035e-01 1.978757514433861386e+00
5.963114222828552746e-02 1.734538754022182827e+00 1.822525837428839723e-01 3.298555811055861042e-01 1.970250874239282357e+00
5.885413645826986090e-02 1.726015510999054925e+00 1.787159087649685951e-01 3.271648173345161892e-01 1.961768077234764096e+00
5.808710467560038865e-02 1.717510502881878898e+00 1.752414790155691626e-01 3.244943445190356379e-01 1.953309242291460412e+00
5.732992269013335168e-02 1.709023952257834100e+00 1.718285564132299992e-01 3.218440343341670284e-01 1.944874484405004988e+00
5.658246776079779716e-02 1.700556078237752233e+00 1.684763908047241243e-01 3.192137589157766353e-01 1.936463914773495665e+00
5.584461858117272665e-02 1.692107096504963382e+00 1.651842209636359415e-01 3.166033908641193162e-01 1.928077640873707921e+00
5.511625526510454537e-02 1.683677219362578859e+00 1.619512756398562847e-01 3.140128032468043617e-01 1.919715766535582402e+00
5.439725933241722905e-02 1.675266655779719338e+00 1.587767746513462086e-01 3.114418696019227717e-01 1.911378392015016248e+00
