2.093768711528360882e+01 2.062910062605954309e+01 2.084269365759124071e+01 2.062427378925611876e+01 2.062951346563979627e+01
2.115918104391145604e+01 2.055114258174146968e+01 2.097204783553175389e+01 2.053364924667454972e+01 2.055313700113748965e+01
2.138122166552361136e+01 2.048282231375276652e+01 2.110480870383015883e+01 2.044522401851458326e+01 2.048748157963735750e+01
2.160377375935103927e+01 2.042407326635971287e+01 2.124094777951063051e+01 2.035937944716102876e+01 2.043240278520815778e+01
2.182679786637754660e+01 2.037483547481155810e+01 2.138043298594352493e+01 2.027655948254936291e+01 2.038776944753987408e+01
2.205025078218702461e+01 2.033505440367137851e+01 2.152322860659687009e+01 2.019728072699183841e+01 2.035346153149273363e+01
2.227408555713049410e+01 2.030468007517934836e+01 2.166929578320263872e+01 2.012214219005686289e+01 2.032936858502678490e+01
2.249825123622672862e+01 2.028366635095170523e+01 2.181859207213580021e+01 2.005183313630716313e+01 2.031538834537752081e+01
2.272269322023061022e+01 2.027197034935604592e+01 2.197107120462564822e+01 1.998714315042362699e+01 2.031142576416931789e+01
2.294735347707872819e+01 2.026955198940824943e+01 2.212668325106602651e+01 1.992896968127274704e+01 2.031739207993990703e+01
2.317217063055347381e+01 2.027637363883427923e+01 2.228537477215575180e+01 1.987832593749213572e+01 2.033320405757546467e+01
2.339708005859191431e+01 2.029239980349878181e+01 2.244708884402733773e+01 1.983634616290861175e+01 2.035878338751561500e+01
2.362201402267992734e+01 2.031759685360692913e+01 2.261176501679072715e+01 1.980428528333936100e+01 2.039405615909865332e+01
2.384690175436850268e+01 2.035193280072298094e+01 2.277933930595710166e+01 1.978351486782854707e+01 2.043895238848234541e+01
2.407166965799217095e+01 2.039537711888685934e+01 2.294974424634824217e+01 1.977551261560175533e+01 2.049340562510830210e+01
2.429624146538253981e+01 2.044790058678757205e+01 2.312290888061349747e+01 1.978184321387973199e+01 2.055735261173070327e+01
2.452053837356914201e+01 2.050947514507228675e+01 2.329875883601334863e+01 1.980412964499306128e+01 2.063073298983448112e+01
2.474447921590317279e+01 2.058007376873526439e+01 2.347721631645318396e+01 1.984401399759768836e+01 2.071348903593422719e+01
2.496798056716334102e+01 2.065967035437987320e+01 2.365820022709163695e+01 1.990310839419905520e+01 2.080556542727605418e+01
2.519095700942961713e+01 2.074823961885062218e+01 2.384162608783952564e+01 1.998293595302731873e+01 2.090690903659559297e+01
2.541332127925879902e+01 2.084575700515092933e+01 2.402740634332383962e+01 2.008486549492447537e+01 2.101746874823198397e+01
2.563498427201762553e+01 2.095219858818528635e+01 2.421545004652326227e+01 2.021004350620069445e+01 2.113719528668417880e+01
2.585585548002950418e+01 2.106754098348596926e+01 2.440566342145557854e+01 2.035932878636028320e+01 2.126604105910372766e+01
2.607584284547595743e+01 2.119176126564400775e+01 2.459794937234781642e+01 2.053323559448674374e+01 2.140396002873487546e+01
2.629485336381839033e+01 2.132483687759519242e+01 2.479220816871224997e+01 2.073189161070148501e+01 2.155090758617167879e+01
2.651279291079358202e+01 2.146674553728934498e+01 2.498833692131572803e+01 2.095501481988177872e+01 2.170684042711086192e+01
2.672956675820176997e+01 2.161746513657539026e+01 2.518623027072141696e+01 2.120191188100269386e+01 2.187171642929639503e+01
2.694507951937444901e+01 2.177697363242741346e+01 2.538577992731386956e+01 2.147149906527487673e+01 2.204549454783948903e+01
2.715923548957959710e+01 2.194524893270983057e+01 2.558687527183756316e+01 2.176234127056134682e+01 2.222813470782135781e+01
2.737193873420888579e+01 2.212226876434531420e+01 2.578940306275415395e+01 2.207270750170461682e+01 2.241959769727079888e+01
2.758309332046180984e+01 2.230801052648986982e+01 2.599324782511382637e+01 2.240063587080172169e+01 2.261984505794263001e+01
2.779260351327501155e+01 2.250245112932698532e+01 2.619829186671573495e+01 2.274400407572954208e+01 2.282883897081307367e+01
2.800037393812505115e+01 2.270556679531896194e+01 2.640441529355272365e+01 2.310060076323028611e+01 2.304654213483676628e+01
2.820630984583242196e+01 2.291733284419560590e+01 2.661149651341199274e+01 2.346819341466519404e+01 2.327291763328223695e+01
2.841031723848484347e+01 2.313772343588763292e+01 2.681941170508876482e+01 2.384458910426003087e+01 2.350792878515934348e+01
2.861230311137735782e+01 2.336671129428734872e+01 2.702803589614208946e+01 2.422768520376722989e+01 2.375153897488532451e+01
2.881217563029550988e+01 2.360426734960512007e+01 2.723724195696518890e+01 2.461550838835752231e+01 2.400371145323213895e+01
2.900984428173072160e+01 2.385036034689121820e+01 2.744690199788648144e+01 2.500624078499838632e+01 2.426440910020424369e+01
2.920522011085883562e+01 2.410495637902029031e+01 2.765688627109957309e+01 2.539823534482289347e+01 2.453359413491680030e+01
2.939821581257627869e+01 2.436801836497642171e+01 2.786706451328685930e+01 2.579002063670817080e+01 2.481122777159371040e+01
2.958874598435335201e+01 2.463950540725751281e+01 2.807730499985115813e+01 2.618029830794657542e+01 2.509726977289387406e+01
2.977672720949233920e+01 2.491937203928976885e+01 2.828747567978226130e+01 2.656793496156262080e+01 2.539167789955860854e+01
2.996207828646087634e+01 2.520756735618094524e+01 2.849744351723653324e+01 2.695195017227394985e+01 2.569440720861921790e+01
3.014472031319414924e+01 2.550403399809308880e+01 2.870707526958441491e+01 2.733150274432459526e+01 2.600540916218212573e+01
3.032457689612856200e+01 2.580870699241382837e+01 2.891623727150957635e+01 2.770587596156586230e+01 2.632463046802147488e+01
3.050157421618425602e+01 2.612151226704787277e+01 2.912479568929037299e+01 2.807446301627469154e+01 2.665201156378933689e+01
3.067564122898612311e+01 2.644236501569185549e+01 2.933261691730831089e+01 2.843675306732023600e+01 2.698748470640129682e+01
3.084670970467761819e+01 2.677116769857126855e+01 2.953956713916990751e+01 2.879231835959049945e+01 2.733097139020143018e+01
3.101471441563304055e+01 2.710780787356044996e+01 2.974551346904290128e+01 2.914080249426514158e+01 2.768237912952151802e+01
3.117959316032916917e+01 2.745215532106140799e+01 2.995032279582082424e+01 2.948191004076603505e+01 2.804159682613436644e+01
3.134128692378579828e+01 2.780405887529948572e+01 3.015386341540340709e+01 2.981539738049399091e+01 2.840848893877563341e+01
3.149973989914083461e+01 2.816334260250907562e+01 3.035600372361235699e+01 3.014106472683396731e+01 2.878288810338676740e+01
3.165489960788868729e+01 2.852980151002724085e+01 3.055661373456333507e+01 3.045874930346649734e+01 2.916458526005568430e+01
3.180671692745809054e+01 2.890319622796433663e+01 3.075556397886028037e+01 3.076831943780844014e+01 2.955331663449001312e+01
3.195514616336482661e+01 2.928324676942284199e+01 3.095272675094329529e+01 3.106966965885073506e+01 2.994874713308658798e+01
3.210014508825937440e+01 2.966962537131238520e+01 3.114797531488666849e+01 3.136271640018699003e+01 3.035044922793182209e+01
3.224167496010500145e+01 3.006194809576907545e+01 3.134118477727423269e+01 3.164739433290787218e+01 3.075787638472899133e+01
3.237970057868077589e+01 3.045976541917671199e+01 3.153223169691555583e+01 3.192365347028456668e+01 3.117033065334740982e+01
3.251419024440210848e+01 3.086255057767535348e+01 3.172099449007727756e+01 3.219145677292867447e+01 3.158692356851106098e+01
3.264511583827941621e+01 3.126968671376348041e+01 3.190735352654764156e+01 3.245077806738251525e+01 3.200653122569036668e+01
3.277245271737020715e+01 3.168045157954601976e+01 3.209119099241334538e+01 3.270160026588041546e+01 3.242774485203472068e+01
3.289617982099861848e+01 3.209400168729346348e+01 3.227239153298882002e+01 3.294391390245910856e+01 3.284882033903893017e+01
3.301627950973590231e+01 3.250935444273289932e+01 3.245084156395349595e+01 3.317771596226841524e+01 3.326763232006315008e+01
3.313273768113976558e+01 3.292536854451132911e+01 3.262643029560229024e+01 3.340300893724157305e+01 3.368164047407603334e+01
3.324554357955663164e+01 3.334072375272746314e+01 3.279904887907807876e+01 3.361980004618915530e+01 3.408788168798331952e+01
3.335468989492106573e+01 3.375390131249793768e+01 3.296859137055012923e+01 3.382810058557242883e+01 3.448299995063453594e+01
3.346017256670848639e+01 3.416316656193426127e+01 3.313495401671148244e+01 3.402792540120471898e+01 3.486332257582364491e+01
3.356199085526745307e+01 3.456655583414551103e+01 3.329803600301686828e+01 3.421929246849975925e+01 3.522499607748026307e+01
3.366014714679127451e+01 3.496187101394794894e+01 3.345773894992630915e+01 3.440222256964400316e+01 3.556417872938349234e+01
3.375464699559350379e+01 3.534668447988079265e+01 3.361396741549125267e+01 3.457673904788163100e+01 3.587727349970012369e+01
3.384549893471637461e+01 3.571836455222194928e+01 3.376662861355643486e+01 3.474286761469584661e+01 3.616117606818069419e+01
3.393271448866493500e+01 3.607411782009175027e+01 3.391563267156259798e+01 3.490063621163979235e+01 3.641349982863982859e+01
3.401630799313380038e+01 3.641105709701194115e+01 3.406089255838963936e+01 3.505007492084963161e+01 3.663273951860889355e+01
3.409629657905196609e+01 3.672629766660600836e+01 3.420232412343344919e+01 3.519121591795632753e+01 3.681834720131708849e+01
3.417270000371237160e+01 3.701707998254813958e+01 3.433984619634796331e+01 3.532409346149644591e+01 3.697070897718040783e+01
3.424554060819380652e+01 3.728090921353615528e+01 3.447338046431634950e+01 3.544874391494871446e+01 3.709103671262364799e+01
3.431484316106990917e+01 3.751570333268180235e+01 3.460285165712835465e+01 3.556520579935694570e+01 3.718119786610341038e+01
3.438063479236421927e+01 3.771993050931689595e+01 3.472818738527375615e+01 3.567351987551884918e+01 3.724351849452728658e+01
3.444294484987398874e+01 3.789271682120312335e+01 3.484931828421834155e+01 3.577372925521599001e+01 3.728058856279474043e+01
3.450180481388228060e+01 3.803390691901837073e+01 3.496617791261741104e+01 3.586587954141112533e+01 3.729509165512914137e+01
3.455724816491517259e+01 3.814406693674130366e+01 3.507870280499509619e+01 3.595001899801276579e+01 3.728967089853437500e+01
3.460931028445909874e+01 3.822442671845831796e+01 3.518683243779960890e+01 3.602619875125712667e+01 3.726683317390948957e+01
3.465802833178690889e+01 3.827677315030593519e+01 3.529050921579720779e+01 3.609447302192354812e+01 3.722888966995623861e+01
3.470344113680328491e+01 3.830330788120445362e+01 3.538967847145148937e+01 3.615489939763192240e+01 3.717792473120707797e+01
3.474558908254307710e+01 3.830649368125923360e+01 3.548428842854976750e+01 3.620753914431335829e+01 3.711578664131732808e+01
3.478451399691949320e+01 3.828890602327044235e+01 3.557429019008904447e+01 3.625245756084577664e+01 3.704409339037606230e+01
3.482025903666485078e+01 3.825310534765139892e+01 3.565963773094865275e+01 3.628972437651059835e+01 3.696424734074677332e+01
3.485286858516531794e+01 3.820153899819143106e+01 3.574028782445642349e+01 3.631941421845232298e+01 3.687745506166361764e+01
3.488238813299675201e+01 3.813647242297823681e+01 3.581620011562473849e+01 3.634160713743339954e+01 3.678474903054576828e+01
3.490886418918640288e+01 3.805995039207743957e+01 3.588733694996712842e+01 3.635638920521681428e+01 3.668700930339561239e+01
3.493234415389414238e+01 3.797378017581162624e+01 3.595366354894359517e+01 3.636385319367778379e+01 3.658498412848110348e+01
3.495287624646259417e+01 3.787953285831515871e+01 3.601514779784033493e+01 3.636409934791878129e+01 3.647930878162596002e+01
3.497050937315304253e+01 3.777855600878662301e+01 3.607176031460204513e+01 3.635723626573668099e+01 3.637052221074311831e+01
3.498529306858186061e+01 3.767199323968560520e+01 3.612347441920192637e+01 3.634338189577330525e+01 3.625908155004950828e+01
3.499727736270333622e+01 3.756080714018772682e+01 3.617026613439153948e+01 3.632266466676088612e+01 3.614537470229776517e+01
3.500651273371771310e+01 3.744580276573854860e+01 3.621211417270164645e+01 3.629522476131153041e+01 3.602973113425662888e+01
3.501304997713979361e+01 3.732765025904333100e+01 3.624899993000303766e+01 3.626121553565599953e+01 3.591243103145128401e+01
3.501694016826590428e+01 3.720690560396901247e+01 3.628090748973777124e+01 3.622080510090177086e+01 3.579371301439555708e+01
3.501823453611940096e+01 3.708402898843394979e+01 3.630782363063024576e+01 3.617417804918828494e+01 3.567378063866777183e+01
3.501698443330382560e+01 3.695940085962936195e+01 3.632973784895023073e+01 3.612153728225836602e+01 3.555280786846294916e+01
3.501324121753729912e+01 3.683333549914764404e+01 3.634664239344264303e+01 3.606310598223842590e+01 3.543094367452678028e+01
3.500705622656526828e+01 3.670609260312004807e+01 3.635853231228279014e+01 3.599912946152546311e+01 3.530831588835702206e+01
3.499848066982640660e+01 3.657788683532707807e+01 3.636540549189425064e+01 3.592987684364828027e+01 3.518503443238907380e+01
3.498756560606219068e+01 3.644889584158134710e+01 3.636726278185892625e+01 3.585564237157107215e+01 3.506119403246975708e+01
3.497436184740475085e+01 3.631926681062923024e+01 3.636410807392908850e+01 3.577674595888546349e+01 3.493687649557007546e+01
3.495891993739260073e+01 3.618912186052461522e+01 3.635594842767776669e+01 3.569353262191718557e+01 3.481215263657102099e+01
3.494129006944904603e+01 3.605856248258799468e+01 3.634279423330192316e+01 3.560637031963043597e+01 3.468708388235024387e+01
3.492152206317974361e+01 3.592767330517011004e+01 3.632465941564852585e+01 3.551564575987708139e+01 3.456172363581027440e+01
3.489966529883378143e+01 3.579652505016920117e+01 3.630156167822880775e+01 3.542175793332003764e+01 3.443611842536728318e+01
3.487576869000353952e+01 3.566517685837227702e+01 3.627352279935090706e+01 3.532510944490477556e+01 3.431030887779271410e+01
3.484988063524505719e+01 3.553367825254898804e+01 3.624056898526389148e+01 3.522609619327526786e+01 3.418433054274096605e+01
3.482204898560674167e+01 3.540207083170302127e+01 3.620273136328361829e+01 3.512509649060876171e+01 3.405821458098947829e+01
3.479232101414747547e+01 3.527038966585916313e+01 3.616004654227533877e+01 3.502246105770377227e+01 3.393198836895305703e+01
3.476074337707044748e+01 3.513866439778129092e+01 3.611255726717693193e+01 3.491850514908120573e+01 3.380567596778155348e+01
3.472736210143161628e+01 3.500692012256413221e+01 3.606031329115221240e+01 3.481350379286519114e+01 3.367929874464677908e+01
3.469222253903088671e+01 3.487517812231207159e+01 3.600337244275781501e+01 3.470769014071046143e+01 3.355287551349471897e+01
3.465536937216520386e+01 3.474345649199047159e+01 3.594180193830207770e+01 3.460125716208924018e+01 3.342642292986902675e+01
3.461684656025774132e+01 3.461177066193447160e+01 3.587568002720392002e+01 3.449436109874219625e+01 3.329995581995529363e+01
3.457669736087476764e+01 3.448013382330609033e+01 3.580509815642962934e+01 3.438712609755160088e+01 3.317348729153552256e+01
3.453496427396873258e+01 3.434855727466845110e+01 3.573016349798124480e+01 3.427964939969604785e+01 3.304702902889815874e+01
3.449168907015256025e+01 3.421705068111494796e+01 3.565100234015996961e+01 3.417200624233990425e+01 3.292059146655746105e+01
3.444691274236200229e+01 3.408562239492824375e+01 3.556776420733538657e+01 3.406425430851515301e+01 3.279418394187201358e+01
3.440067554933386162e+01 3.395427960052521854e+01 3.548062690890827753e+01 3.395643746091031545e+01 3.266781480416952377e+01
3.435301692907378879e+01 3.382302851294808477e+01 3.538980261591332521e+01 3.384858890018897171e+01 3.254149154519912912e+01
3.430397554038194130e+01 3.369187457937029961e+01 3.529554457749236462e+01 3.374073388550011288e+01 3.241522089912260185e+01
3.425358933584198695e+01 3.356082243591247050e+01 3.519815360177874197e+01 3.363289115543664565e+01 3.228900890707551952e+01
3.420189535419562787e+01 3.342987616386466954e+01 3.509798214114869097e+01 3.352507476280845111e+01 3.216286101224981309e+01
3.414892988650945682e+01 3.329903927699133703e+01 3.499543236163761861e+01 3.341729533308992472e+01 3.203678211942713716e+01
3.409472853973261408e+01 3.316831484124747220e+01 3.489094341004656030e+01 3.330956078551380983e+01 3.191077665697442001e+01
3.403932597435394314e+01 3.303770554776217239e+01 3.478496499465278191e+01 3.320187702592880896e+01 3.178484865270664628e+01
3.398275613857558142e+01 3.290721375392826076e+01 3.467792098553811542e+01 3.309424849322999762e+01 3.165900170964798122e+01
3.392505227561202474e+01 3.277684151948432856e+01 3.457017496325873651e+01 3.298667851753251767e+01 3.153323919987926516e+01
3.386624673829187770e+01 3.264659067550439886e+01 3.446201067991214018e+01 3.287916958956418512e+01 3.140756405008155738e+01
3.380637117259134783e+01 3.251646281239072778e+01 3.435363184905077105e+01 3.277172358843268540e+01 3.128197907650592313e+01
3.374545649375184553e+01 3.238645933500826146e+01 3.424517535258802070e+01 3.266434193566680477e+01 3.115648669346554200e+01
3.368353280762110558e+01 3.225658148370238365e+01 3.413672886846841692e+01 3.255702570748056246e+01 3.103108921312896840e+01
3.362062951142863199e+01 3.212683034881858646e+01 3.402834675344786319e+01 3.244977572576327418e+01 3.090578866223986054e+01
3.355677527318425035e+01 3.199720689699795884e+01 3.392006207229648851e+01 3.234259262492408737e+01 3.078058693372031485e+01
3.349199800703786423e+01 3.186771198594095367e+01 3.381189460463905050e+01 3.223547689825065277e+01 3.065548573653489228e+01
3.342632493965489715e+01 3.173834637217551347e+01 3.370385614389129358e+01 3.212842893458971361e+01 3.053048664273691060e+01
3.335978258886422765e+01 3.160911073085841494e+01 3.359595364871922385e+01 3.202144904933570047e+01 3.040559109212111366e+01
3.329239675699222545e+01 3.148000565784579052e+01 3.348819123666084607e+01 3.191453749876178847e+01 3.028080040369172465e+01
3.322419259672124525e+01 3.135103167724529527e+01 3.338057132573689501e+01 3.180769449462973597e+01 3.015611579959279709e+01
3.315519457766296085e+01 3.122218926529805216e+01 3.327309533800575991e+01 3.170092021712432384e+01 3.003153838438386458e+01
3.308542649716913786e+01 3.109347883330718432e+01 3.316576410650581153e+01 3.159421482556498262e+01 2.990706919646843431e+01
3.301491153711821624e+01 3.096490075701220235e+01 3.305857812150483710e+01 3.148757846191074705e+01 2.978270916613109520e+01
3.294367222932883266e+01 3.083645537657240610e+01 3.295153766653125160e+01 3.138101125616638143e+01 2.965845916989840703e+01
3.287173048150757637e+01 3.070814297465958376e+01 3.284464290763305172e+01 3.127451333511227460e+01 2.953431999824335108e+01
3.279910761146363996e+01 3.057996383375242289e+01 3.273789394534093589e+01 3.116808480889514854e+01 2.941029239086221381e+01
3.272582432953910825e+01 3.045191817236488419e+01 3.263129083894921934e+01 3.106172579415505908e+01 2.928637702122727404e+01
3.265190076582780421e+01 3.032400620998621932e+01 3.252483362396321098e+01 3.095543639212751330e+01 2.916257451773968512e+01
3.257735648739204493e+01 3.019622812959230984e+01 3.241852232485674534e+01 3.084921670778745195e+01 2.903888545580853631e+01
3.250221049944024543e+01 3.006858409348454586e+01 3.231235696026877946e+01 3.074306684338969120e+01 2.891531037026693340e+01
3.242648126497537930e+01 2.994107424975319987e+01 3.220633754548615713e+01 3.063698690351883869e+01 2.879184975483654796e+01
3.235018671778109223e+01 2.981369872597603887e+01 3.210046409448929694e+01 3.053097699391412334e+01 2.866850406443590060e+01
3.227334427167070885e+01 2.968645763959638373e+01 3.199473662271466523e+01 3.042503721792862947e+01 2.854527372310903033e+01
3.219597083534220872e+01 2.955935109057382348e+01 3.188915514483092650e+01 3.031916768088288450e+01 2.842215911868686362e+01
3.211808282415278626e+01 2.943237917267681425e+01 3.178371967781302132e+01 3.021336848603702308e+01 2.829916061437910457e+01
3.203969617350297483e+01 2.930554196629811159e+01 3.167843024038477751e+01 3.010763973921443437e+01 2.817627854232684115e+01
3.196082635001662453e+01 2.917883954245900924e+01 3.157328685352441511e+01 3.000198154573046949e+01 2.805351321340440762e+01
3.188148836110039497e+01 2.905227196675082268e+01 3.146828953934592121e+01 2.989639401171178079e+01 2.793086491258130977e+01
3.180169677425115893e+01 2.892583929262526254e+01 3.136343832195984760e+01 2.979087724498208445e+01 2.780833390662093052e+01
3.172146572202536063e+01 2.879954157118891089e+01 3.125873322692374856e+01 2.968543135514847364e+01 2.768592043996711993e+01
3.164080891106053173e+01 2.867337884415378824e+01 3.115417428133357092e+01 2.958005645277733819e+01 2.756362474169351984e+01
3.155973964602807769e+01 2.854735114973465571e+01 3.104976151398323125e+01 2.947475264931663119e+01 2.744144702226755328e+01
3.147827082835051726e+01 2.842145852072265200e+01 3.094549495524274718e+01 2.936952005796850429e+01 2.731938747759247477e+01
3.139641496706227741e+01 2.829570098553273994e+01 3.084137463729358331e+01 2.926435879307743093e+01 2.719744628906473238e+01
3.131418420333101693e+01 2.817007856949950551e+01 3.073740059412580550e+01 2.915926896822134040e+01 2.707562362426608971e+01
3.123159030543861903e+01 2.804459129377058346e+01 3.063357286145076230e+01 2.905425069949247785e+01 2.695391963920138423e+01
3.114864468253307095e+01 2.791923917787512011e+01 3.052989147678318460e+01 2.894930410350149685e+01 2.683233447744997591e+01
3.106535840651240576e+01 2.779402223749919187e+01 3.042635647888744899e+01 2.884442929809165435e+01 2.671086827293003907e+01
3.098174220530468048e+01 2.766894048707285947e+01 3.032296790832213063e+01 2.873962640155248138e+01 2.658952114870501759e+01
3.089780647981629613e+01 2.754399393881790203e+01 3.021972580648663609e+01 2.863489553492900441e+01 2.646829321966453819e+01
3.081356132177113594e+01 2.741918260281889985e+01 3.011663021657557948e+01 2.853023682108830528e+01 2.634718459118873213e+01
3.072901650584214295e+01 2.729450648843690530e+01 3.001368118304238308e+01 2.842565038345063755e+01 2.622619536175597688e+01
3.064418151038134752e+01 2.716996560309878106e+01 2.991087875192625134e+01 2.832113634755213027e+01 2.610532562151893288e+01
3.055906553030253292e+01 2.704555995380023603e+01 2.980822297121892106e+01 2.821669484088261726e+01 2.598457545465323548e+01
3.047367746831418245e+01 2.692128954637967198e+01 2.970571389025309728e+01 2.811232599254521958e+01 2.586394493786135129e+01
3.038802596007910850e+01 2.679715438623585655e+01 2.960335156020031988e+01 2.800802992989283879e+01 2.574343414267924857e+01
3.030211938108767455e+01 2.667315447831825992e+01 2.950113603333132772e+01 2.790380678437944084e+01 2.562304313593851290e+01
3.021596583774161715e+01 2.654928982713496666e+01 2.939906736317419345e+01 2.779965668733055040e+01 2.550277197794025952e+01
3.012957319707426862e+01 2.642556043732221127e+01 2.929714560427683523e+01 2.769557977024350848e+01 2.538262072403225389e+01
3.004294908683096565e+01 2.630196631311790156e+01 2.919537081230798847e+01 2.759157616592423778e+01 2.526258942799899287e+01
2.995610088727053721e+01 2.617850745921991162e+01 2.909374304456332894e+01 2.748764601016471332e+01 2.514267813824653430e+01
2.986903576518993475e+01 2.605518388028454524e+01 2.899226235946092345e+01 2.738378944074883492e+01 2.502288689610824690e+01
2.978176066638102526e+01 2.593199558135416183e+01 2.889092881787300371e+01 2.728000659531345562e+01 2.490321574465879451e+01
2.969428231132832252e+01 2.580894256792950614e+01 2.878974248166149863e+01 2.717629761636427688e+01 2.478366472259262210e+01
2.960660722799973854e+01 2.568602484588943113e+01 2.868870341459662043e+01 2.707266264761091179e+01 2.466423386140295548e+01
2.951874174170293230e+01 2.556324242185364426e+01 2.858781168163173092e+01 2.696910183507258552e+01 2.454492319459283323e+01
2.943069197345674937e+01 2.544059530297984040e+01 2.848706734817838893e+01 2.686561532234108896e+01 2.442573275196250648e+01
2.934246386957921970e+01 2.531808349730856733e+01 2.838647048116460070e+01 2.676220325895124930e+01 2.430666255947079790e+01
2.925406319132602206e+01 2.519570701364210663e+01 2.828602114779678089e+01 2.665886579345776752e+01 2.418771264194312920e+01
2.916549551500627757e+01 2.507346586170946168e+01 2.818571941723403640e+01 2.655560307247977647e+01 2.406888302262429491e+01
2.907676625830388772e+01 2.495136005225131370e+01 2.808556535991931113e+01 2.645241524585789250e+01 2.395017372244542742e+01
2.898788066734533331e+01 2.482938959697681369e+01 2.798555904855984622e+01 2.634930246583981273e+01 2.383158476061398545e+01
2.889884381589158480e+01 2.470755450879473969e+01 2.788570055755505805e+01 2.624626488651894718e+01 2.371311615555030627e+01
2.880966064450132436e+01 2.458585480168367354e+01 2.778598996245655428e+01 2.614330266091769772e+01 2.359476792413409996e+01
2.872033594221793251e+01 2.446429049092551367e+01 2.768642734053838339e+01 2.604041595250348706e+01 2.347654008151288352e+01
2.863087435919947055e+01 2.434286159301548480e+01 2.758701276788193013e+01 2.593760492396367212e+01 2.335843264280526554e+01
2.854128034342868858e+01 2.422156812579821050e+01 2.748774632306608368e+01 2.583486974147150406e+01 2.324044562211720333e+01
2.845155828096446626e+01 2.410041010858166999e+01 2.738862808618770117e+01 2.573221056566253395e+01 2.312257903164049111e+01
2.836171241504919394e+01 2.397938756212036537e+01 2.728965813819246478e+01 2.562962756205270409e+01 2.300483288425235529e+01
2.827174686626872457e+01 2.385850050842726944e+01 2.719083656217101463e+01 2.552712089652726135e+01 2.288720719201971932e+01
2.818166558817877032e+01 2.373774897139396245e+01 2.709216344221000838e+01 2.542469073314385497e+01 2.276970196593241980e+01
2.809147241441829124e+01 2.361713297646278775e+01 2.699363886405224733e+01 2.532233724542770048e+01 2.265231721701233880e+01
2.800117112482148229e+01 2.349665255056306989e+01 2.689526291430871296e+01 2.522006060553233553e+01 2.253505295625937421e+01
2.791076536646803419e+01 2.337630772229486453e+01 2.679703568061604102e+01 2.511786098981277604e+01 2.241790919421552530e+01
2.782025867278173337e+01 2.325609852224403795e+01 2.669895725180829160e+01 2.501573857945300361e+01 2.230088594121805912e+01
2.772965440068842113e+01 2.313602498272554797e+01 2.660102771775028785e+01 2.491369355220453841e+01 2.218398320797847489e+01
2.763895590891354459e+01 2.301608713759738478e+01 2.650324717033163680e+01 2.481172609110265626e+01 2.206720100516469074e+01
2.754816642498968093e+01 2.289628502293378531e+01 2.640561570240597078e+01 2.470983637691722379e+01 2.195053934340983304e+01
2.745728908541762081e+01 2.277661867664395956e+01 2.630813340918458820e+01 2.460802459102217554e+01 2.183399823391491168e+01
2.736632689232717652e+01 2.265708813858874393e+01 2.621080038699775727e+01 2.450629092085445038e+01 2.171757768816461365e+01
2.727528279478515216e+01 2.253769345062384488e+01 2.611361673368048031e+01 2.440463555291011488e+01 2.160127771775014338e+01
2.718415966254531568e+01 2.241843465673538915e+01 2.601658254658317659e+01 2.430305867994422186e+01 2.148509833508882494e+01
2.709296027677644503e+01 2.229931180300500060e+01 2.591969792447273235e+01 2.420156049811016530e+01 2.136903955308449099e+01
2.700168732777126479e+01 2.218032493771187674e+01 2.582296296972099015e+01 2.410014120321090658e+01 2.125310138506255697e+01
2.691034341533434926e+01 2.206147411132540626e+01 2.572637778400389053e+01 2.399880099545600842e+01 2.113728384512765857e+01
2.681893109614036064e+01 2.194275937658364128e+01 2.562994247035573991e+01 2.389754007402247638e+01 2.102158694822485074e+01
2.672745284426842716e+01 2.182418078855125643e+01 2.553365713392003045e+01 2.379635863899271442e+01 2.090601070998734556e+01
2.663591106577474932e+01 2.170573840468188465e+01 2.543752188125946390e+01 2.369525689433964288e+01 2.079055514683798123e+01
2.654430806123137643e+01 2.158743228480744847e+01 2.534153682210135727e+01 2.359423504472414024e+01 2.067522027629297199e+01
2.645264611425089996e+01 2.146926249123494657e+01 2.524570206452442633e+01 2.349329329960534096e+01 2.056000611678842915e+01
2.636092743082216217e+01 2.135122908881909254e+01 2.515001771753575355e+01 2.339243187244504085e+01 2.044491268769904124e+01
2.626915415826095312e+01 2.123333214495929511e+01 2.505448389265357179e+01 2.329165097808450113e+01 2.032994000963600811e+01
2.617732836247990846e+01 2.111557172966562135e+01 2.495910070210890197e+01 2.319095083523217227e+01 2.021508810433915571e+01
2.608545206077753420e+01 2.099794791563364527e+01 2.486386826295786179e+01 2.309033166337637510e+01 2.010035699468994608e+01
2.599352723212498972e+01 2.088046077834127701e+01 2.476878669177130377e+01 2.298979368268873102e+01 1.998574670492729766e+01
2.590155579500131822e+01 2.076311039596813046e+01 2.467385610356679138e+01 2.288933711669389126e+01 1.987125726060828512e+01
2.580953961074322933e+01 2.064589684954625781e+01 2.457907661719434955e+01 2.278896219007847534e+01 1.975688868864633463e+01
2.571748046778984076e+01 2.052882022307757737e+01 2.448444835316682955e+01 2.268866913129576801e+01 1.964264101741495594e+01
2.562538014252319130e+01 2.041188060348802580e+01 2.438997143301293846e+01 2.258845817342590578e+01 1.952851427681130048e+01
2.553324035234565770e+01 2.029507808066367858e+01 2.429564598019567612e+01 2.248832955131501521e+01 1.941450849827321790e+01
2.544106277091786694e+01 2.017841274758741221e+01 2.420147211878154536e+01 2.238828350390971877e+01 1.930062371484018513e+01
2.534884900401570462e+01 2.006188470052233797e+01 2.410744997444682269e+01 2.228832027275981176e+01 1.918685996125196880e+01
2.525660063959282198e+01 1.994549403874868787e+01 2.401357967338622501e+01 2.218844010095939723e+01 1.907321727396860922e+01
2.516431922174808022e+01 1.982924086485150639e+01 2.391986134343583714e+01 2.208864323435847865e+01 1.895969569123150578e+01
