3.062798213009827908e+00 3.067884983457112913e+00 3.068555112201563517e+00 3.067939084150244522e+00 3.067944975101699612e+00
3.123158266775299730e+00 3.131751797599930054e+00 3.133051918481077447e+00 3.131843164033564442e+00 3.131855087471809185e+00
3.181408905264489384e+00 3.192018958088157721e+00 3.193915383205760961e+00 3.192133184246556787e+00 3.192151313740645868e+00
3.237860206041952793e+00 3.249084190532736116e+00 3.251549118880169953e+00 3.249208967518606439e+00 3.249233518428843226e+00
3.292804904710083580e+00 3.303325528659218691e+00 3.306336757575425001e+00 3.303450571726412655e+00 3.303481809447672113e+00
3.346519194164824462e+00 3.355102340194115573e+00 3.358642718213359579e+00 3.355219056277436440e+00 3.355257303557661608e+00
3.399263736672817782e+00 3.404756204161814459e+00 3.408813361931533503e+00 3.404857601090523822e+00 3.404903243301551807e+00
3.451284564805957800e+00 3.452611760127337170e+00 3.457177866391874854e+00 3.452692389083814373e+00 3.452745879591462952e+00
3.502813757519600113e+00 3.498977573043277722e+00 3.504048959863335533e+00 3.499033323722367861e+00 3.499095187880549407e+00
3.554070196401582393e+00 3.544146947417231797e+00 3.549723728028947090e+00 3.544174823685568576e+00 3.544245661891495924e+00
3.605260300963251563e+00 3.588398636370381478e+00 3.594484415926262333e+00 3.588396615751686891e+00 3.588477105847580173e+00
3.656578723027283484e+00 3.631997549288273230e+00 3.638599157954441665e+00 3.631964452637092222e+00 3.632055351511742192e+00
3.708208977574519505e+00 3.675195436908000435e+00 3.682322674461765200e+00 3.675130801913307543e+00 3.675232946619413354e+00
3.760324051013067326e+00 3.718231522515739851e+00 3.725896970769629224e+00 3.718135542422091877e+00 3.718249850989658434e+00
3.813086952923841366e+00 3.761333164744357749e+00 3.769551915968927691e+00 3.761206529719145042e+00 3.761334001210535849e+00
3.866651239721357491e+00 3.804716364822811947e+00 3.813505837126513143e+00 3.804560187904381774e+00 3.804701902238377897e+00
3.921161539771340188e+00 3.848586487465121664e+00 3.857966084829729247e+00 3.848402066444867042e+00 3.848559184012447787e+00
3.976754028011509678e+00 3.893138541306608413e+00 3.903129581317794639e+00 3.892927379410158206e+00 3.893101139595027238e+00
4.033556883709604080e+00 3.938557788605251631e+00 3.949183336064160610e+00 3.938321515873580925e+00 3.938513235909641530e+00
4.091690716929063498e+00 3.985020228784916796e+00 3.996304929769114000e+00 3.984760519267530388e+00 3.984971592543745889e+00
4.151268972658667344e+00 4.032693056506056806e+00 4.044662978913747153e+00 4.032411545606847447e+00 4.032643439684203024e+00
4.212398313046528564e+00 4.081735115046669193e+00 4.094417571951319168e+00 4.081433300401434927e+00 4.081687555058908679e+00
4.275178982141721207e+00 4.132297274095169115e+00 4.145720694259630967e+00 4.131976447260890417e+00 4.132254671695986481e+00
4.339705146351975351e+00 4.184522810525281855e+00 4.198716615873067326e+00 4.184183998505861091e+00 4.184487868782935216e+00
4.406065219611876138e+00 4.238547783004034564e+00 4.253542276040711556e+00 4.238191693582841424e+00 4.238522949666686301e+00
4.474342168994274616e+00 4.294501388126097829e+00 4.310327643407936726e+00 4.294128352719240205e+00 4.294488795251590219e+00
4.544613803515007433e+00 4.352506301666268840e+00 4.369196056179620591e+00 4.352116220508158051e+00 4.352507707558745054e+00
4.616953047017438472e+00 4.412678993152451490e+00 4.430264554116544851e+00 4.412271279973071891e+00 4.412695723198662101e+00
4.691428195884422614e+00 4.475130028876004751e+00 4.493644177217694491e+00 4.474703558260113567e+00 4.475162919152671392e+00
4.768103161727098360e+00 4.539964356878445351e+00 4.559440264325922421e+00 4.539517417750072781e+00 4.540013703547278290e+00
4.847037702249277658e+00 4.607281583966341465e+00 4.627752732091861887e+00 4.606811829746839670e+00 4.607347089078655422e+00
4.928287635217928120e+00 4.677176230412903202e+00 4.698676340404420948e+00 4.676680641770915692e+00 4.677256960179159151e+00
5.011905041976409514e+00 4.749737981138671294e+00 4.772300947470357713e+00 4.749212818207487530e+00 4.749832313170784026e+00
5.097938458303162612e+00 4.825051921403050947e+00 4.848711744053493256e+00 4.824492679555905994e+00 4.825157495443503919e+00
5.186433053249086989e+00 4.903198759104342663e+00 4.927989483836541673e+00 4.902600125691732202e+00 4.903312428298612247e+00
5.277430796432364346e+00 4.984255041293168986e+00 5.010210698928323936e+00 4.983610848846263153e+00 4.984372819840865887e+00
5.370970614065370796e+00 5.068293349430809336e+00 5.095447906013350625e+00 5.067596535669160573e+00 5.068410366262757094e+00
5.467088533648818860e+00 5.155382493498060548e+00 5.183769801106933528e+00 5.154625054410841400e+00 5.155492938986086848e+00
5.565817818776354287e+00 5.245587693906422544e+00 5.275241441530405417e+00 5.244760637610341725e+00 5.245684766811356425e+00
5.667189091767642850e+00 5.338970753150436011e+00 5.369924422387766683e+00 5.338064051955085709e+00 5.339046605265266088e+00
5.771230445595070258e+00 5.435590222328885446e+00 5.467877041279971095e+00 5.434592761769554414e+00 5.435635899732096377e+00
5.877967545230922575e+00 5.535501551009307519e+00 5.569154456203087022e+00 5.534401078734422441e+00 5.535506934268089374e+00
5.987423717232650766e+00 5.638757235400754908e+00 5.673808831673426312e+00 5.637540304611450281e+00 5.638710973906703394e+00
6.099620027388554355e+00 5.745406955732307530e+00 5.781889476513455861e+00 5.744058866442974143e+00 5.745296399023108513e+00
6.214575345761810254e+00 5.855497705980477363e+00 5.893442974991976335e+00 5.854002441208865370e+00 5.855308829100701828e+00
6.332306398064255326e+00 5.969073916381376854e+00 6.008513307695219297e+00 5.967414075908818560e+00 5.968791241995023533e+00
6.452827802759082410e+00 6.086177563924432654e+00 6.127141966344899160e+00 6.084334291901401848e+00 6.085784076899012796e+00
6.576152092670702665e+00 6.206848278491557735e+00 6.249368055657428478e+00 6.204801185795848717e+00 6.206325334168538710e+00
6.702289716516634854e+00 6.331123438728813113e+00 6.375228388569025739e+00 6.328850519641341599e+00 6.330450663893203433e+00
6.831249022140590377e+00 6.459038260115976371e+00 6.504757571967952678e+00 6.456515802154407346e+00 6.458193445790500142e+00
6.963036216007710166e+00 6.590625872290869047e+00 6.637988080339910724e+00 6.587828362294184892e+00 6.589584860439833491e+00
7.097655295633788164e+00 6.725917383705045438e+00 6.774950322288744609e+00 6.722817405334108543e+00 6.724653943371668774e+00
7.235107947314519450e+00 6.864941937101827207e+00 6.915672687182863321e+00 6.861510062975640700e+00 6.863427632497737463e+00
7.375393420357741370e+00 7.007726748950251938e+00 7.060181581399730177e+00 7.003931427487668060e+00 7.005930799126629083e+00
7.518508343323485832e+00 7.154297136400440849e+00 7.208501446765385623e+00 7.150104573525802643e+00 7.152186266663052905e+00
7.664446500102614301e+00 7.304676520563701203e+00 7.360654755238250857e+00 7.300050560041781544e+00 7.302214807727921198e+00
7.813198529277198823e+00 7.458886405637380257e+00 7.516661988510079162e+00 7.453788408559851142e+00 7.456035117903298648e+00
7.964751562128074447e+00 7.616946332111872664e+00 7.676541576449365856e+00 7.611335060195163926e+00 7.613663766795978560e+00
8.119088769185145438e+00 7.778873799954562074e+00 7.840309789115941896e+00 7.772705296254510898e+00 7.775115111370783261e+00
8.276188797764627125e+00 7.944684111097054746e+00 8.007980579509116126e+00 7.937911648471818182e+00 7.940401199104478280e+00
8.436025078667130472e+00 8.114390182144159525e+00 8.179565373456151534e+00 8.106964190087229127e+00 8.109531547152903030e+00
8.598564975333804483e+00 8.288002271152041800e+00 8.355072759519005743e+00 8.279870323047019198e+00 8.282512917986554868e+00
8.763768736508307455e+00 8.465527583721744520e+00 8.534508049100193006e+00 8.456634468113898961e+00 8.459348993929483029e+00
8.931588246930958874e+00 8.646969726095669273e+00 8.717872674403798428e+00 8.637257632844848487e+00 8.640039927699747935e+00
9.101965473695203812e+00 8.832327952634663859e+00 8.905163345700788824e+00 8.821736818190816010e+00 8.824581725546153166e+00
9.274830658203615741e+00 9.021596121907046850e+00 9.096370877263868948e+00 9.010064211687234703e+00 9.012965411963897111e+00
9.450099981870780042e+00 9.214761235098084313e+00 9.291478527459915426e+00 9.202226097581020170e+00 9.205175903542196281e+00
9.627672893766794360e+00 9.411801366890717446e+00 9.490459691807618725e+00 9.398201296211720290e+00 9.401190410782351847e+00
9.807429039856339514e+00 9.612682825309704526e+00 9.693274412806598406e+00 9.597958942021906026e+00 9.600976151659509128e+00
9.989224611309468926e+00 9.817355704789259008e+00 9.899864415815796903e+00 9.801455413547563111e+00 9.804487226272653899e+00
1.017288813286969251e+01 1.002574784690004606e+01 1.011014598135080966e+01 1.000862976656792114e+01 1.001165996751674570e+01
1.035821581096378274e+01 1.023775581066433027e+01 1.032399919950730549e+01 1.021939709413429398e+01 1.022240623020559802e+01
1.054496655617865386e+01 1.045323150244497690e+01 1.054125267265098209e+01 1.043363840201202564e+01 1.043660319899400868e+01
1.073285690540877013e+01 1.067196312561067550e+01 1.076166167754716518e+01 1.065118565962726471e+01 1.065407840748334145e+01
1.092155617763229891e+01 1.089364820550154001e+01 1.098487865504656646e+01 1.087179942992073300e+01 1.087458748314406698e+01
1.111068247966928801e+01 1.111785792592918121e+01 1.121041626700015392e+01 1.109513625042542628e+01 1.109778186558429347e+01
1.129980040442158185e+01 1.134399438576807917e+01 1.143760665531434029e+01 1.132070394176811945e+01 1.132316485924568283e+01
1.148842096962585480e+01 1.157124788089037715e+01 1.166556637214388026e+01 1.154780669690203965e+01 1.155003800522338153e+01
1.167600483331827910e+01 1.179856921214689081e+01 1.189318218884931788e+01 1.177549165506862394e+01 1.177744936906714202e+01
1.186196951030036573e+01 1.202467664446210271e+01 1.211913491825720257e+01 1.200252133829996026e+01 1.200416762734957743e+01
1.204570076756526831e+01 1.224811423398528731e+01 1.234197082486458186e+01 1.222740390370514696e+01 1.222871292751749195e+01
1.222656787458590166e+01 1.246736027232254251e+01 1.256021275597286824e+01 1.244849981530639127e+01 1.244946217735636651e+01
1.240394191364356047e+01 1.268096093724398621e+01 1.277248284633084197e+01 1.266418598969049825e+01 1.266480993529596333e+01
1.257721533903981026e+01 1.288765058147317077e+01 1.297760492963508305e+01 1.287302290834164253e+01 1.287333182778559326e+01
1.274582095815525840e+01 1.308642791366242619e+01 1.317466351406432779e+01 1.307386920173460609e+01 1.307389671558107480e+01
1.290924848768741384e+01 1.327657947082778378e+01 1.336301656275930405e+01 1.326592142515817407e+01 1.326570601155285622e+01
1.306705710860206793e+01 1.345766094597765949e+01 1.354227322499171393e+01 1.344869233860199920e+01 1.344827291973152938e+01
1.321888330106517806e+01 1.362945531148181111e+01 1.371225333536396107e+01 1.362195641181735262e+01 1.362136946055966646e+01
1.336444391186745584e+01 1.379192373821278395e+01 1.387294167335597628e+01 1.378568711729650786e+01 1.378496513040609806e+01
1.350353486144335058e+01 1.394515945034233084e+01 1.402444561771531895e+01 1.394000017722816764e+01 1.393917116676315082e+01
1.363602647563460657e+01 1.408934911564692172e+01 1.416695952015686899e+01 1.408510800121936590e+01 1.408419546768231889e+01
1.376185658545284873e+01 1.422474242512873666e+01 1.430073681645015782e+01 1.422128523102740871e+01 1.422030864922767002e+01
1.388102222723408552e+01 1.435162968078446433e+01 1.442606894721779121e+01 1.434884460747710833e+01 1.434781999621696080e+01
1.399357089250677966e+01 1.447032525112137158e+01 1.454326986404173994e+01 1.446811983986054528e+01 1.446706014226569081e+01
1.409959192082474821e+01 1.458115572692376105e+01 1.465266493918941393e+01 1.457945361107272220e+01 1.457836926321843940e+01
1.419920847655274621e+01 1.468445176743384906e+01 1.475458309423683545e+01 1.468318977611045639e+01 1.468208916260379837e+01
1.429257030593879918e+01 1.478054232463299655e+01 1.484935134990652017e+01 1.477966806780309028e+01 1.477855784996154931e+01
1.437984739143715274e+01 1.486975083460607827e+01 1.493729109144463862e+01 1.486922061701723230e+01 1.486810605646259731e+01
1.446122458980839731e+01 1.495239264904498988e+01 1.501871557899751863e+01 1.495216975166110984e+01 1.495105502258438790e+01
1.453689698090538052e+01 1.502877336242754147e+01 1.509392834306775555e+01 1.502882672885395365e+01 1.502771509699968178e+01
1.460706612043298769e+01 1.509918782043315488e+01 1.516322221546771409e+01 1.509949097667689522e+01 1.509838497210763819e+01
1.467193707918754342e+01 1.516391957417928005e+01 1.522687874763315108e+01 1.516444975477850754e+01 1.516335133266829693e+01
1.473171599971879786e+01 1.522324063535349659e+01 1.528516801684948057e+01 1.522397811399123668e+01 1.522288874237149869e+01
1.478660808165768614e+01 1.527741144444148169e+01 1.533834864848160429e+01 1.527833901148114393e+01 1.527725975468618991e+01
1.483681602326282878e+01 1.532668105276660064e+01 1.538666790752073865e+01 1.532778354816975686e+01 1.532671518262140786e+01
1.488253886214896227e+01 1.537128736764945636e+01 1.543036195002706279e+01 1.537255132111340394e+01 1.537149439569092202e+01
1.492397108989563570e+01 1.541145741815575221e+01 1.546965614231843489e+01 1.541287081583421426e+01 1.541182566303325885e+01
1.496130199206020883e+01 1.544740773550518576e+01 1.550476541246994522e+01 1.544895977956693400e+01 1.544792657119147528e+01
1.499471516447549746e+01 1.547934473113764042e+01 1.553589463196555620e+01 1.548102565649416462e+01 1.548000444080666860e+01
1.502438819911187728e+01 1.550746509293070652e+01 1.556323900306392893e+01 1.550926601817915262e+01 1.550825674671430576e+01
1.505049245633470001e+01 1.553195618210763840e+01 1.558698444257217020e+01 1.553386898903456448e+01 1.553287153743994153e+01
1.507319298263638530e+01 1.555299642709289465e+01 1.560730800053562284e+01 1.555501366167979249e+01 1.555402784665909088e+01
1.509264848667791803e+01 1.557075570062726655e+01 1.562437824325155944e+01 1.557287050879367030e+01 1.557189608542395476e+01
1.510901136861885696e+01 1.558539572325585176e+01 1.563835564201562711e+01 1.558760177763499222e+01 1.558663846110886908e+01
1.512242779137395310e+01 1.559707044116943564e+01 1.564939293437422130e+01 1.559936185812635223e+01 1.559840935263271078e+01
1.513303779256752968e+01 1.560592637544123562e+01 1.565763546272245144e+01 1.560829767576944960e+01 1.560735567313939853e+01
1.514097542638829275e+01 1.561210295152270788e+01 1.566322154673391154e+01 1.561454903622187551e+01 1.561361720480686444e+01
1.514636892428581305e+01 1.561573284987629862e+01 1.566628280006706753e+01 1.561824895629924015e+01 1.561732695562233708e+01
1.514934086774948518e+01 1.561694231634946206e+01 1.566694445435726557e+01 1.561952398507881767e+01 1.561861147214197665e+01
1.515000837164181746e+01 1.561585147462068335e+01 1.566532566132500826e+01 1.561849452873124378e+01 1.561759115620040816e+01
1.514848327575299436e+01 1.561257461432835569e+01 1.566153977613568671e+01 1.561527513258183930e+01 1.561438055502283184e+01
1.514487232999298172e+01 1.560722046929248030e+01 1.565569463603749689e+01 1.560997476564443431e+01 1.560908864021881648e+01
1.513927738544385093e+01 1.559989247301958848e+01 1.564789284657931745e+01 1.560269709618796341e+01 1.560181906662083406e+01
1.513179560359207620e+01 1.559068905566262941e+01 1.563823201527203288e+01 1.559354074538439683e+01 1.559267047263610273e+01
1.512251963511857511e+01 1.557970382483388505e+01 1.562680501066184569e+01 1.558259952622953826e+01 1.558173665964501531e+01
1.511153781497188220e+01 1.556702589159453609e+01 1.561370017710289737e+01 1.556996268021261720e+01 1.556910692390517603e+01
1.509893434089409325e+01 1.555273996502965161e+01 1.559900153799309308e+01 1.555571510643228628e+01 1.555486614204862938e+01
1.508478943843476117e+01 1.553692668473212635e+01 1.558278905198324615e+01 1.553993756168936535e+01 1.553909511932970844e+01
1.506917954982620600e+01 1.551966271424927690e+01 1.556513872678406507e+01 1.552270686459269733e+01 1.552187066536547455e+01
1.505217749804995009e+01 1.550102099992154869e+01 1.554612291996327755e+01 1.550409608875862943e+01 1.550326587426170022e+01
1.503385264611766026e+01 1.548107092705921062e+01 1.552581040108399257e+01 1.548417474792105608e+01 1.548335025973323020e+01
1.501427105397900696e+01 1.545987847879447052e+01 1.550426663938489114e+01 1.546300896136186509e+01 1.546218993775872264e+01
1.499349563454148004e+01 1.543750645334770333e+01 1.548155387281034301e+01 1.544066162295389866e+01 1.543984782079911255e+01
1.497158628918177747e+01 1.541401455190934833e+01 1.545773134826396067e+01 1.541719254957188845e+01 1.541638372466536211e+01
1.494860005027797278e+01 1.538945961779527849e+01 1.543285537818442243e+01 1.539265864956615104e+01 1.539185460121710847e+01
1.492459120643998816e+01 1.536389566318523414e+01 1.540697956670642377e+01 1.536711404819728344e+01 1.536631456139901353e+01
1.489961144965145756e+01 1.533737412286398616e+01 1.538015487302025264e+01 1.534061024261762007e+01 1.533981514010407032e+01
1.487370997305785991e+01 1.530994387152396286e+01 1.535242978516098233e+01 1.531319623584704281e+01 1.531240529926472682e+01
1.484693361524589328e+01 1.528165143961489569e+01 1.532385041780949742e+01 1.528491859250567408e+01 1.528413166048882843e+01
1.481932696510182268e+01 1.525254105172913199e+01 1.529446062935386230e+01 1.525582167441559456e+01 1.525503852507091906e+01
1.479093243208412467e+01 1.522265479978995195e+01 1.526430215428279702e+01 1.522594759329874492e+01 1.522516806823688285e+01
1.476179042540034025e+01 1.519203270335298050e+01 1.523341466337497785e+01 1.519533648004192727e+01 1.519456037612372334e+01
1.473193933821819179e+01 1.516071283985459495e+01 1.520183592540271178e+01 1.516402643609202805e+01 1.516325360383773813e+01
1.470141576655716875e+01 1.512873142511107716e+01 1.516960183040654186e+01 1.513205375787958751e+01 1.513128402363976832e+01
1.467025447478316735e+01 1.509612290317893368e+01 1.513674654950981235e+01 1.509945291703887449e+01 1.509868615355736843e+01
1.463848859309503325e+01 1.506292004946631735e+01 1.510330255507476593e+01 1.506625675351559224e+01 1.506549281578003452e+01
1.460614959620798459e+01 1.502915401753840108e+01 1.506930075988919171e+01 1.503249646102678483e+01 1.503173523499686048e+01
1.457326747944368073e+01 1.499485446740300532e+01 1.503477054501894195e+01 1.499820176627288504e+01 1.499744311198607072e+01
1.453987074299807603e+01 1.496004958189833900e+01 1.499973987350178284e+01 1.496340088389801792e+01 1.496264468949093462e+01
1.450598655322559871e+01 1.492476619375203484e+01 1.496423533043173038e+01 1.492812071666092599e+01 1.492736684430870753e+01
1.447164069995091928e+01 1.488902980089068606e+01 1.492828220915761150e+01 1.489238678226068124e+01 1.489163512053398897e+01
1.443685777682819449e+01 1.485286467739199168e+01 1.489190456613230218e+01 1.485622340597677749e+01 1.485547383835645796e+01
1.440166113420931993e+01 1.481629389248436190e+01 1.485512527803393823e+01 1.481965368175524667e+01 1.481890610539970865e+01
1.436607302261345254e+01 1.477933940472859575e+01 1.481796611398927332e+01 1.478269960040462294e+01 1.478195392354824911e+01
1.433011458481227329e+01 1.474202208646636869e+01 1.478044776422359519e+01 1.474538206525171091e+01 1.474463819792748609e+01
1.429380594726691278e+01 1.470436180015292393e+01 1.474258992592225859e+01 1.470772097390103816e+01 1.470697883219588675e+01
1.425716625169280860e+01 1.466637743101478364e+01 1.470441131526580314e+01 1.466973524029508091e+01 1.466899473902794249e+01
1.422021370686470121e+01 1.462808694381222985e+01 1.466592975018534517e+01 1.463144285745146256e+01 1.463070392272413756e+01
1.418296564059414777e+01 1.458950742645208010e+01 1.462716216249710932e+01 1.459286094427053371e+01 1.459212349355435734e+01
1.414543852635675947e+01 1.455065512574933884e+01 1.458812466917284745e+01 1.455400577286899910e+01 1.455326973660632639e+01
1.410764804944866846e+01 1.451154550343195559e+01 1.454883258807676505e+01 1.451489283190819535e+01 1.451415813168948432e+01
1.406960911275130144e+01 1.447219325301150761e+01 1.450930049654268394e+01 1.447553683606198049e+01 1.447480340790968789e+01
1.403133591284579573e+01 1.443261236275398929e+01 1.446954225270575556e+01 1.443595179649705251e+01 1.443521957019483537e+01
1.399284193165359014e+01 1.439281612337368266e+01 1.442957104012779546e+01 1.439615102212750841e+01 1.439541993939422859e+01
1.395414001591350939e+01 1.435281718755612523e+01 1.438939939677086066e+01 1.435614718738570161e+01 1.435541718631749752e+01
1.391524236245468060e+01 1.431262757773778738e+01 1.434903924437391076e+01 1.431595232896908065e+01 1.431522335716798722e+01
1.387616059495775112e+01 1.427225873768837694e+01 1.430850192665273113e+01 1.427557791320084313e+01 1.427484991572277728e+01
1.383690574750319868e+01 1.423172154263598976e+01 1.426779822397835673e+01 1.423503482597090120e+01 1.423430775517321578e+01
1.379748833652439011e+01 1.419102634205661140e+01 1.422693839823540074e+01 1.419433344028882082e+01 1.419360724601049917e+01
1.375791834380977541e+01 1.415018297352104426e+01 1.418593219928403393e+01 1.415348360108182568e+01 1.415275824017882478e+01
1.371820528295784847e+01 1.410920079596219701e+01 1.414478890548032375e+01 1.411249469078121166e+01 1.411177011697266082e+01
1.367835818509778356e+01 1.406808870842215953e+01 1.410351732556418547e+01 1.407137561312363871e+01 1.407065178695752117e+01
1.363838565376808099e+01 1.402685516460956805e+01 1.406212585985620223e+01 1.403013485323570464e+01 1.402941173237501715e+01
1.359829586165552939e+01 1.398550821259308918e+01 1.402062248290216573e+01 1.398878046349405757e+01 1.398805801219573297e+01
1.355809658728253986e+01 1.394405552014982597e+01 1.397901476857471437e+01 1.394732011628921420e+01 1.394659829298656639e+01
1.351779522603334804e+01 1.390250433213539338e+01 1.393730996976339043e+01 1.390576109588031883e+01 1.390503985574927626e+01
1.347739881064067902e+01 1.386086159960507125e+01 1.389551492346446260e+01 1.386411033754868249e+01 1.386338964489220160e+01
1.343691403204812040e+01 1.381913392484909053e+01 1.385363615224993161e+01 1.382237443075231553e+01 1.382165424570017187e+01
1.339634724879379490e+01 1.377732751690224511e+01 1.381167989936274410e+01 1.378055964458885896e+01 1.377983991986121382e+01
1.335570451360344535e+01 1.373544836895713672e+01 1.376965202070657845e+01 1.373867193936822062e+01 1.373795266382802360e+01
1.331499157540846490e+01 1.369350214636348007e+01 1.372755814658528628e+01 1.369671698180630415e+01 1.369599812252289439e+01
1.327421390885987229e+01 1.365149419731060121e+01 1.368540362239553154e+01 1.365470016247597940e+01 1.365398168413010893e+01
1.323337671159295859e+01 1.360942966489868411e+01 1.364319349173660889e+01 1.361262660341029473e+01 1.361190851008636038e+01
1.319248493471138417e+01 1.356731340736517133e+01 1.360093259078198002e+01 1.357050117918497811e+01 1.356978344036932604e+01
1.315154327725219829e+01 1.352515003708660579e+01 1.355862550418168588e+01 1.352832851936929259e+01 1.352761111787025072e+01
1.311055621618887557e+01 1.348294396422952701e+01 1.351627657370790914e+01 1.348611303129215067e+01 1.348539596550388531e+01
1.306952799958790834e+01 1.344069935669432958e+01 1.347388995461375671e+01 1.344385889922750010e+01 1.344314214267888907e+01
1.302846267510352085e+01 1.339842018735076756e+01 1.343146958419106163e+01 1.340157010543146399e+01 1.340085364442727212e+01
1.298736408286623778e+01 1.335611024472253305e+01 1.338901920290574665e+01 1.335925042425997411e+01 1.335853426050623050e+01
1.294623588164662209e+01 1.331377310606927722e+01 1.334654238815316951e+01 1.331690346061424535e+01 1.331618756962139116e+01
1.290508153548721282e+01 1.327141219859734278e+01 1.330404251355978396e+01 1.327453264222634388e+01 1.327381700261342878e+01
1.286390435046248015e+01 1.322903077914848780e+01 1.326152279772350795e+01 1.323214119461516525e+01 1.323142581490216507e+01
1.282270747531682709e+01 1.318663191224538345e+01 1.321898631398994972e+01 1.318973223288502261e+01 1.318901708577505438e+01
1.278149388155351929e+01 1.314421854750615637e+01 1.317643595387219335e+01 1.314730871924616196e+01 1.314659376803062152e+01
1.274026640842020441e+01 1.310179347737506461e+01 1.313387449168310361e+01 1.310487339381579552e+01 1.310415865876232999e+01
1.269902777617480183e+01 1.305935934027354151e+01 1.309130455951302352e+01 1.306242894443714597e+01 1.306171439697596526e+01
1.265778054315203605e+01 1.301691866662308961e+01 1.304872864095245788e+01 1.301997791163400464e+01 1.301926352162882417e+01
1.261652712464019643e+01 1.297447384940702797e+01 1.300614911687118891e+01 1.297752266671668231e+01 1.297680843107697868e+01
1.257526986612952768e+01 1.293202715655664647e+01 1.296356824278453068e+01 1.293506549235932113e+01 1.293435139677850643e+01
1.253401097518736229e+01 1.288958075767635414e+01 1.292098815429402769e+01 1.289260856739199035e+01 1.289189459536491533e+01
1.249275251353651761e+01 1.284713670303378841e+01 1.287841089431176300e+01 1.285015393952993001e+01 1.284944008154394446e+01
1.245149649029874439e+01 1.280469694338270514e+01 1.283583839547693195e+01 1.280770355459676324e+01 1.280698980666766751e+01
1.241024480082566939e+01 1.276226333974046945e+01 1.279327249236668074e+01 1.276525927727742982e+01 1.276454563572189116e+01
1.236899921597744090e+01 1.271983764652273408e+01 1.275071493859072902e+01 1.272282287141063328e+01 1.272210932921121973e+01
1.232776145100338994e+01 1.267742154153619438e+01 1.270816738819909553e+01 1.268039601084912604e+01 1.267968256422104822e+01
1.228653312796161856e+01 1.263501662018513549e+01 1.266563141875843002e+01 1.263798029764904562e+01 1.263726693967512027e+01
1.224531578023361966e+01 1.259262438470297418e+01 1.262310853388058973e+01 1.259557724857747196e+01 1.259486396166426481e+01
1.220411087498461455e+01 1.255024627679174287e+01 1.258060014722386555e+01 1.255318828283486710e+01 1.255247507111832128e+01
1.216291980971179498e+01 1.250788366212996827e+01 1.253810761550881381e+01 1.251081477892779681e+01 1.251010163859146473e+01
1.212174389483816306e+01 1.246553782861727022e+01 1.249563222418989028e+01 1.246845803863364566e+01 1.246774495229175095e+01
1.208058437934202978e+01 1.242321001159494998e+01 1.245317518549161839e+01 1.242611928124946630e+01 1.242540624991037390e+01
1.203944246308758004e+01 1.238090137891842168e+01 1.241073766105257192e+01 1.238379968594713709e+01 1.238308670424247993e+01
1.199831927589858971e+01 1.233861303512259866e+01 1.236832074976934237e+01 1.234150036956690677e+01 1.234078741836298221e+01
1.195721588473385211e+01 1.229634603713885355e+01 1.232592549062738740e+01 1.229922237198941204e+01 1.229850945204136003e+01
1.191613331716092361e+01 1.225410138250746073e+01 1.228355287737615065e+01 1.225696670045848258e+01 1.225625380782244989e+01
1.187507254311608307e+01 1.221188001796040012e+01 1.224120384837512177e+01 1.221473430801002458e+01 1.221402143046074329e+01
1.183403446880268994e+01 1.216968284697132674e+01 1.219887929379992286e+01 1.217252609119674744e+01 1.217181322586669268e+01
1.179301997296311555e+01 1.212751072053269219e+01 1.215658006315296369e+01 1.213034290580132080e+01 1.212963005007549810e+01
1.175202988502894819e+01 1.208536444982268243e+01 1.211430695640456001e+01 1.208818556733854344e+01 1.208747271138933499e+01
1.171106498200747303e+01 1.204324480638847383e+01 1.207206073606666408e+01 1.204605484302574858e+01 1.204534198343288764e+01
1.167012601280897144e+01 1.200115251516947090e+01 1.202984212722515345e+01 1.200395146022253101e+01 1.200323859631591006e+01
1.162921368626625096e+01 1.195908827074211445e+01 1.198765181108943523e+01 1.196187611587555644e+01 1.196116324090817606e+01
1.158832866594408451e+01 1.191705273038627233e+01 1.194549044016954120e+01 1.191982946662719378e+01 1.191911657730694252e+01
1.154747158812020480e+01 1.187504651264075584e+01 1.190335863162033725e+01 1.187781213135092528e+01 1.187709922727602496e+01
1.150664305791031694e+01 1.183307020980983992e+01 1.186125696646517902e+01 1.183582470494508776e+01 1.183511178061747948e+01
1.146584364400815659e+01 1.179112438118361794e+01 1.181918600063053582e+01 1.179386774845897534e+01 1.179315479981153914e+01
1.142507388586974493e+01 1.174920955402990153e+01 1.177714625691730532e+01 1.175194178637073428e+01 1.175122881332905322e+01
1.138433429998272217e+01 1.170732623239462811e+01 1.173513822734620149e+01 1.171004732559962491e+01 1.170933432415098707e+01
1.134362537210581046e+01 1.166547488872901184e+01 1.169316238567871302e+01 1.166818484418336155e+01 1.166747181056687843e+01
1.130294755814038865e+01 1.162365596975205762e+01 1.165121918056078343e+01 1.162635478749430362e+01 1.162564172075414959e+01
1.126230129782066669e+01 1.158186990440158048e+01 1.160930903490196719e+01 1.158455758585621354e+01 1.158384448299980640e+01
1.122168700505643990e+01 1.154011709906280458e+01 1.156743233409461702e+01 1.154279364520678719e+01 1.154208050260540475e+01
1.118110506586581998e+01 1.149839793489790196e+01 1.152558946818407648e+01 1.150106334355226245e+01 1.150035015490488455e+01
1.114055585309764673e+01 1.145671276107032632e+01 1.148378080138729906e+01 1.145936704436549824e+01 1.145865380440290870e+01
1.110003971823185154e+01 1.141506193054624418e+01 1.144200668097229112e+01 1.141770509119242583e+01 1.141699179478444748e+01
1.105955698719599845e+01 1.137344577278354230e+01 1.140026739232095920e+01 1.137607780534539792e+01 1.137536445317957501e+01
1.101910797518782026e+01 1.133186460118039740e+01 1.135856325841225178e+01 1.133448549222962498e+01 1.133377207654175933e+01
