2.083421322000925002e+01 2.095174596626881325e+01 2.089699563610733435e+01 2.091114427657677766e+01 2.082842243176997954e+01
2.095339278618897438e+01 2.118471009123298643e+01 2.107693969918543431e+01 2.110552010301798731e+01 2.094208905080480321e+01
2.107433139826100543e+01 2.141564380462758521e+01 2.125659568272735100e+01 2.129988924400253225e+01 2.105778279572473721e+01
2.119704965225676219e+01 2.164452782451508028e+01 2.143595534298556160e+01 2.149424187056204616e+01 2.117551431308634236e+01
2.132156762815341366e+01 2.187134291742570724e+01 2.161500984803689107e+01 2.168856758900512460e+01 2.129529336160127428e+01
2.144790473739315573e+01 2.209606989983986836e+01 2.179374972766758845e+01 2.188285538786835716e+01 2.141712871809274432e+01
2.157607970050955970e+01 2.231868963487822910e+01 2.197216480531191252e+01 2.207709360747010408e+01 2.154102816462142655e+01
2.170611036470643285e+01 2.253918304182084498e+01 2.215024414008694720e+01 2.227126993591824089e+01 2.166699823748142606e+01
2.183801350109262884e+01 2.275753110769607801e+01 2.232797619718269999e+01 2.246537138419617108e+01 2.179504405412115631e+01
2.197180466415377964e+01 2.297371488106074722e+01 2.250534870756294481e+01 2.265938425922690413e+01 2.192516922648430011e+01
2.210749807310141080e+01 2.318771549131237464e+01 2.268234863810527457e+01 2.285329413689950684e+01 2.205737575214863355e+01
2.224510646744814579e+01 2.339951414133095398e+01 2.285896219716327593e+01 2.304708583019985824e+01 2.219166386861410700e+01
2.238464094294502971e+01 2.360909213668136530e+01 2.303517482380037507e+01 2.324074337424123371e+01 2.232803190375502567e+01
2.252611077683627983e+01 2.381643087854813245e+01 2.321097118795768566e+01 2.343424996471921773e+01 2.246647609675663304e+01
2.266952320052941516e+01 2.402151186601825117e+01 2.338633519215039769e+01 2.362758801731448344e+01 2.260699057835321568e+01
2.281488336027526742e+01 2.422431670216808186e+01 2.356124994385444538e+01 2.382073901022416251e+01 2.274956714900091015e+01
2.296219394324214491e+01 2.442482710031570647e+01 2.373569773228044255e+01 2.401368357521458918e+01 2.289419521876803287e+01
2.311145548102800262e+01 2.462302488956760982e+01 2.390966001095895166e+01 2.420640134543412714e+01 2.304086168569086723e+01
2.326266539392632993e+01 2.481889201952433766e+01 2.408311735596634406e+01 2.439887099535050652e+01 2.318955063262654548e+01
2.341581874766319515e+01 2.501241056463862122e+01 2.425604949769589780e+01 2.459107016313404515e+01 2.334024340221528959e+01
2.357090709126375216e+01 2.520356272839645939e+01 2.442843528310104162e+01 2.478297543111290935e+01 2.349291832098068511e+01
2.372791896588159943e+01 2.539233084719561617e+01 2.460025256252200876e+01 2.497456227835437659e+01 2.364755068095473334e+01
2.388683935460611352e+01 2.557869739451970403e+01 2.477147846324328029e+01 2.516580504868753820e+01 2.380411262449634435e+01
2.404764962561225516e+01 2.576264498649480572e+01 2.494208902628404090e+01 2.535667689789307744e+01 2.396257304148508638e+01
2.421032743877338334e+01 2.594415638279335923e+01 2.511205931613428533e+01 2.554714975015234302e+01 2.412289745798630847e+01
2.437484643833755626e+01 2.612321449160569742e+01 2.528136338066282107e+01 2.573719423639837345e+01 2.428504793922977001e+01
2.454117619187908517e+01 2.629980237124957654e+01 2.544997418869580841e+01 2.592677966059940786e+01 2.444898299670183661e+01
2.470928194540366363e+01 2.647390322755717307e+01 2.561786367357788663e+01 2.611587392816513997e+01 2.461465748318910229e+01
2.487912446346608419e+01 2.664550043425514048e+01 2.578500263744684062e+01 2.630444350637704787e+01 2.478202258527663560e+01
2.505065987739186895e+01 2.681457752410293338e+01 2.595136077407629926e+01 2.649245336199377832e+01 2.495102560649901946e+01
2.522383949164708028e+01 2.698111819742188544e+01 2.611690659115205904e+01 2.667986690288952900e+01 2.512160999047809185e+01
2.539860968983393974e+01 2.714510631885445591e+01 2.628160737690807025e+01 2.686664592267410612e+01 2.529371540487100489e+01
2.557491171769918381e+01 2.730652592181495208e+01 2.644542913961085162e+01 2.705275052402780034e+01 2.546727724374116875e+01
2.575268166577599871e+01 2.746536121071966008e+01 2.660833657519361495e+01 2.723813906979304988e+01 2.564222710544236961e+01
2.593185021976202975e+01 2.762159656437054522e+01 2.677029299009687691e+01 2.742276809695563244e+01 2.581849249327747131e+01
2.611234269279420417e+01 2.777521653922179468e+01 2.693126026461210643e+01 2.760659225460914712e+01 2.599599655908225060e+01
2.629407879477338383e+01 2.792620587132000765e+01 2.709119875834943514e+01 2.778956423518668117e+01 2.617465876248687451e+01
2.647697267603619409e+01 2.807454947912511400e+01 2.725006727031214737e+01 2.797163471316202887e+01 2.635439401161642436e+01
2.666093273821028831e+01 2.822023246446623546e+01 2.740782293563113114e+01 2.815275218770140242e+01 2.653511316074176207e+01
2.684586169520135002e+01 2.836324011545207568e+01 2.756442116496470618e+01 2.833286304998198801e+01 2.671672305359123101e+01
2.703165643125263884e+01 2.850355790759297747e+01 2.771981555445623968e+01 2.851191137558720001e+01 2.689912609473624272e+01
2.721820807328775160e+01 2.864117150657547484e+01 2.787395773800906440e+01 2.868983887317704529e+01 2.708222066635103786e+01
2.740540192132956321e+01 2.877606676990221146e+01 2.802679735165200015e+01 2.886658488261123878e+01 2.726590094922862306e+01
2.759311750053171153e+01 2.890822974905784903e+01 2.817828180966441209e+01 2.904208609272228614e+01 2.745005682796152868e+01
2.778122860345346012e+01 2.903764669137919796e+01 2.832835626892608616e+01 2.921627668319914761e+01 2.763457427967949798e+01
2.796960327949122060e+01 2.916430404017648925e+01 2.847696338594071364e+01 2.938908808117487936e+01 2.781933490944026133e+01
2.815810405617255086e+01 2.928818843871621524e+01 2.862404322863577377e+01 2.956044886729300458e+01 2.800421629275798452e+01
2.834658781879020140e+01 2.940928673284524564e+01 2.876953304033319725e+01 2.973028478901406046e+01 2.818909207045093268e+01
2.853490617395354079e+01 2.952758597184781308e+01 2.891336704965819493e+01 2.989851853890446520e+01 2.837383163413589315e+01
2.872290532652876038e+01 2.964307341064366241e+01 2.905547628631126855e+01 3.006506974877827432e+01 2.855830053535238733e+01
2.891042648921535019e+01 2.975573650229718581e+01 2.919578821824804038e+01 3.022985486259987908e+01 2.874236035467508188e+01
2.909730581009639039e+01 2.986556291550777686e+01 2.933422665489618808e+01 3.039278701502930957e+01 2.892586866631328490e+01
2.928337480385140168e+01 2.997254052549346781e+01 2.947071121272109906e+01 3.055377598619784507e+01 2.910867938093819873e+01
2.946846034980467621e+01 3.007665741669408632e+01 2.960515723727755244e+01 3.071272807236087843e+01 2.929064243789859390e+01
2.965238511527620346e+01 3.017790188696926634e+01 2.973747517032595766e+01 3.086954600008478877e+01 2.947160408978071544e+01
2.983496765130091433e+01 3.027626244826528179e+01 2.986757023963180302e+01 3.102412883778107755e+01 2.965140698694547794e+01
3.001602277474397695e+01 3.037172782962862883e+01 2.999534196302106537e+01 3.117637194850533788e+01 2.982989003257524985e+01
3.019536178482089994e+01 3.046428697577530187e+01 3.012068364759268491e+01 3.132616681779835588e+01 3.000688867495829371e+01
3.037279277892876905e+01 3.055392905222677058e+01 3.024348179435726891e+01 3.147340109171116040e+01 3.018223485918453974e+01
3.054812100177090173e+01 3.064064344608760493e+01 3.036361545037761189e+01 3.161795847139372384e+01 3.035575705380064093e+01
3.072114908257335486e+01 3.072441976659415275e+01 3.048095549243450719e+01 3.175971854005037542e+01 3.052728052836718575e+01
3.089167750126297918e+01 3.080524784963170859e+01 3.059536387985280115e+01 3.189855708088434127e+01 3.069662716071870889e+01
3.105950477772613283e+01 3.088311775758581490e+01 3.070669277021724497e+01 3.203434552770944066e+01 3.086361569691756657e+01
3.122442798410336096e+01 3.095801978143360245e+01 3.081478364112278712e+01 3.216695135707227138e+01 3.102806185807233419e+01
3.138624295993267310e+01 3.102994444483588410e+01 3.091946634451766229e+01 3.229623814094374268e+01 3.118977824564520063e+01
3.154474479406543352e+01 3.109888250312035396e+01 3.102055816583776249e+01 3.242206502197227991e+01 3.134857464214823253e+01
3.169972809377107126e+01 3.116482494759833344e+01 3.111786286408265667e+01 3.254428752729228336e+01 3.150425798565685653e+01
3.185098741985949999e+01 3.122776301234150154e+01 3.121116985587712378e+01 3.266275719478252881e+01 3.165663243116557268e+01
3.199831759938090769e+01 3.128768816706252665e+01 3.130025363060330434e+01 3.277732201323380679e+01 3.180549966223419389e+01
3.214151411464054320e+01 3.134459212795605154e+01 3.138487335515850418e+01 3.288782630554356246e+01 3.195065870025939248e+01
3.228037343563260464e+01 3.139846686322445990e+01 3.146477354814462757e+01 3.299411127142154498e+01 3.209190620503570557e+01
3.241469337801667194e+01 3.144930458430548370e+01 3.153968526789283899e+01 3.309601487942347831e+01 3.222903665363990200e+01
3.254427341549281039e+01 3.149709776200764821e+01 3.160932869101765874e+01 3.319337273598785032e+01 3.236184231348585172e+01
3.266891503937792152e+01 3.154183912754741570e+01 3.167341787970179823e+01 3.328601789812712042e+01 3.249011346472114781e+01
3.278842199300117954e+01 3.158352166698562158e+01 3.173166744330474742e+01 3.337378213416240413e+01 3.261363848192610959e+01
3.290260067808670641e+01 3.162213864215746995e+01 3.178380204987826119e+01 3.345649577042235734e+01 3.273220396061667259e+01
3.301126027153896558e+01 3.165768358341756183e+01 3.182956854015098713e+01 3.353398917607967888e+01 3.284559489954673950e+01
3.311421316844089091e+01 3.169015029165549535e+01 3.186875007732017551e+01 3.360609290988799103e+01 3.295359483330960160e+01
3.321127500743124017e+01 3.171953286651749337e+01 3.190118074509488011e+01 3.367263924204078762e+01 3.305598604319210665e+01
3.330226510430176035e+01 3.174582568209129718e+01 3.192675865881131614e+01 3.373346287112932629e+01 3.315254971111487237e+01
3.338700642387571094e+01 3.176902340747662734e+01 3.194545492141422471e+01 3.378840230399037381e+01 3.324306616100572143e+01
3.346532600058009876e+01 3.178912103547361667e+01 3.195731650770045817e+01 3.383730144898562031e+01 3.332731510607736425e+01
3.353705488656850520e+01 3.180611384514130080e+01 3.196246291302981390e+01 3.388001057402836125e+01 3.340507585281436320e+01
3.360202837091887318e+01 3.181999744275240971e+01 3.196107682933700289e+01 3.391638865047659124e+01 3.347612753708980904e+01
3.366008606278961679e+01 3.183076778379564331e+01 3.195339156641597000e+01 3.394630513065459354e+01 3.354024941339618948e+01
3.371107198465814747e+01 3.183842113317864531e+01 3.193967655407756467e+01 3.396964208394657447e+01 3.359722121050023702e+01
3.375483467182083075e+01 3.184295412417904103e+01 3.192022384251062306e+01 3.398629609506638616e+01 3.364682359045591653e+01
3.379122727795213876e+01 3.184436376761655296e+01 3.189533652487242676e+01 3.399618062054797463e+01 3.368883858985913093e+01
3.382010767593359901e+01 3.184264741790013531e+01 3.186531945648413355e+01 3.399922822552765211e+01 3.372305019257217396e+01
3.384133858011988849e+01 3.183780284254681092e+01 3.183047238079099017e+01 3.399539317702672747e+01 3.374924513567938789e+01
3.385478775953467334e+01 3.182982822605672624e+01 3.179108527090791725e+01 3.398465368058469238e+01 3.376721371672705629e+01
3.386032824639787009e+01 3.181872217461435781e+01 3.174743531325461277e+01 3.396701403658921947e+01 3.377675076372442220e+01
3.385783860219775931e+01 3.180448375378779957e+01 3.169978504016946275e+01 3.394250669613744975e+01 3.377765698314746601e+01
3.384720341316296555e+01 3.178711249789947502e+01 3.164838160208604734e+01 3.391119373096017142e+01 3.376974075364441319e+01
3.382831406586836209e+01 3.176660844573901343e+01 3.159345680391825439e+01 3.387316799181751747e+01 3.375282038207475210e+01
3.380106982528329240e+01 3.174297215615333911e+01 3.153522740382235412e+01 3.382855371722072135e+01 3.372672716298978202e+01
3.376537950571210445e+01 3.171620476104646613e+01 3.147389559382503776e+01 3.377750667026164422e+01 3.369130929985685441e+01
3.372116369020996984e+01 3.168630796967760332e+01 3.140964970209672202e+01 3.372021297338437762e+01 3.364643696012448260e+01
3.366835804393753762e+01 3.165328415449759802e+01 3.134266505132499958e+01 3.365688757442456591e+01 3.359200965133984340e+01
3.360691847412035571e+01 3.161713633228131570e+01 3.127310483877400671e+01 3.358777194074599493e+01 3.352796628910101617e+01
3.353682860743595739e+01 3.157786828572478299e+01 3.120112097037863563e+01 3.351313125819442718e+01 3.345429931141355695e+01
3.345811127211104719e+01 3.153548458217245454e+01 3.112685486492806675e+01 3.343324958795486879e+01 3.337107429819769067e+01
3.337084531079722893e+01 3.148999065233183003e+01 3.105043822862239722e+01 3.334842594311238173e+01 3.327845872707919028e+01
3.327519139244351720e+01 3.144139286153372481e+01 3.097199380284215309e+01 3.325896993840868276e+01 3.317676287359234522e+01
3.317143043917616296e+01 3.138969859416388886e+01 3.089163605257627054e+01 3.316519699774426044e+01 3.306649709802027104e+01
3.306001778376509748e+01 3.133491634495234024e+01 3.080947179781898271e+01 3.306742354053440636e+01 3.294844563495764334e+01
3.294165050386676796e+01 3.127705585258260257e+01 3.072560079758534357e+01 3.296596255560182698e+01 3.282373935682574029e+01
3.281732213240671570e+01 3.121612821449135922e+01 3.064011629123866598e+01 3.286111972521088376e+01 3.269386258626781938e+01
3.268830157771646583e+01 3.115214603368971424e+01 3.055310549735368042e+01 3.275319014146131025e+01 3.256048305813710897e+01
3.255596799113521200e+01 3.108512361844852379e+01 3.046465005769026035e+01 3.264245561623077663e+01 3.242509624562879367e+01
3.242154985454939009e+01 3.101507718772984390e+01 3.037482647734509200e+01 3.252918262354064183e+01 3.228874019076383206e+01
3.228594851685198819e+01 3.094202511123041432e+01 3.028370651623986731e+01 3.241362091304401361e+01 3.215199423595389305e+01
3.214973374173226262e+01 3.086598819441298858e+01 3.019135750696202081e+01 3.229600271729731276e+01 3.201514072569620595e+01
3.201323503229981782e+01 3.078699002530492024e+01 3.009784272086248080e+01 3.217654247960138747e+01 3.187830972408779218e+01
3.187663599448932317e+01 3.070505738902342330e+01 3.000322162706644846e+01 3.205543700002718310e+01 3.174156068453860158e+01
3.174003791387008633e+01 3.062022076514425706e+01 2.990755015560165475e+01 3.193286591688447018e+01 3.160492122889168698e+01
3.160349716303922207e+01 3.053251490663222256e+01 2.981088096670637100e+01 3.180899244483080324e+01 3.146840451392504079e+01
3.146704565708729007e+01 3.044197960476691378e+01 2.971326369450754967e+01 3.168396429840708350e+01 3.133201697509515427e+01
3.133070179156368340e+01 3.034866055402265772e+01 2.961474513577180545e+01 3.155791471569689577e+01 3.119576181851505225e+01
3.119447635469988711e+01 3.025261041687197050e+01 2.951536945003021373e+01 3.143096354335030185e+01 3.105964066463763373e+01
3.105837578809241606e+01 3.015389015537522255e+01 2.941517835558578753e+01 3.130321833834218026e+01 3.092365432764120570e+01
3.092240398211541219e+01 3.005257064064687356e+01 2.931421126689732404e+01 3.117477545295153618e+01 3.078780318760716028e+01
3.078656333244211751e+01 2.994873460847410840e+01 2.921250545535460574e+01 3.104572107760278143e+01 3.065208740419101474e+01
3.065085530547947101e+01 2.984247900151327215e+01 2.911009619675577298e+01 3.091613220625993108e+01 3.051650702106148216e+01
3.051528078867694305e+01 2.973391769358753223e+01 2.900701688892490182e+01 3.078607759969332136e+01 3.038106200451339589e+01
3.037984031909057592e+01 2.962318453138536611e+01 2.890329916173940816e+01 3.065561864938761616e+01 3.024575227600544025e+01
3.024453422319698959e+01 2.951043641042604548e+01 2.879897306027398329e+01 3.052481006657363238e+01 3.011057773535700122e+01
3.010936268018208395e+01 2.939585572594178942e+01 2.869406699342773592e+01 3.039370079686561965e+01 2.997553826856847436e+01
2.997432576029167350e+01 2.927965120264020626e+01 2.858860810424623367e+01 3.026233441006802849e+01 2.984063376098157505e+01
2.983942346397210699e+01 2.916205547857168412e+01 2.848262196922995670e+01 3.013074976964474416e+01 2.970586409014146057e+01
2.970465575023952809e+01 2.904331777605869291e+01 2.837613311430125052e+01 2.999898163629489289e+01 2.957122912733608189e+01
2.957002255391248369e+01 2.892369104666164858e+01 2.826916470505484469e+01 2.986706099450485397e+01 2.943672874150737329e+01
2.943552379831304222e+01 2.880341541062331601e+01 2.816173885803166499e+01 2.973501552500406575e+01 2.930236279914941733e+01
2.930115938426492406e+01 2.868270236827205721e+01 2.805387661196297699e+01 2.960287004661774546e+01 2.916813116670259376e+01
2.916692921147487283e+01 2.856172465795108195e+01 2.794559797930530820e+01 2.947064672144292174e+01 2.903403371125439847e+01
2.903283316336353082e+01 2.844061397172299976e+01 2.783692207060862600e+01 2.933836538761613610e+01 2.890007029788876380e+01
2.889887111782602247e+01 2.831946511390081866e+01 2.772786707160354069e+01 2.920604387348008757e+01 2.876624079670721201e+01
2.876504294924312788e+01 2.819834338806376905e+01 2.761845037541396408e+01 2.907369812294914624e+01 2.863254506968106128e+01
2.863134853051740691e+01 2.807729236706421361e+01 2.750868853939421399e+01 2.894134244823094804e+01 2.849898299022930459e+01
2.849778773427334500e+01 2.795634046925266603e+01 2.739859743495771838e+01 2.880898973891176951e+01 2.836555442117749237e+01
2.836436043220153991e+01 2.783550604013124286e+01 2.728819216311757501e+01 2.867665155780052899e+01 2.823225923296880779e+01
2.823106649585279015e+01 2.771480073073385952e+01 2.717748722373367087e+01 2.854433831024515911e+01 2.809909729257497801e+01
2.809790579452988268e+01 2.759423192112608447e+01 2.706649643029656360e+01 2.841205939389640633e+01 2.796606846607448205e+01
2.796487819739980907e+01 2.747380427852625928e+01 2.695523303327617626e+01 2.827982325746847181e+01 2.783317262097504496e+01
2.783198357277882806e+01 2.735352072928692024e+01 2.684370969954493802e+01 2.814763752575629496e+01 2.770040962383873051e+01
2.769922178958463022e+01 2.723338312253473248e+01 2.673193855774812278e+01 2.801550909848390702e+01 2.756777934110208861e+01
2.756659271523691146e+01 2.711339261097337783e+01 2.661993123645807557e+01 2.788344419628363724e+01 2.743528164060371921e+01
2.743409621907108331e+01 2.699354991899150491e+01 2.650769886595725566e+01 2.775144844820178136e+01 2.730291638942615862e+01
2.730173216827616045e+01 2.687385549931222783e+01 2.639525213639567980e+01 2.761952695817847214e+01 2.717068345541954599e+01
2.716950043149430272e+01 2.675430963642670434e+01 2.628260128009264918e+01 2.748768434017203433e+01 2.703858270699851474e+01
2.703740087700303718e+01 2.663491250360456419e+01 2.616975614003737860e+01 2.735592477955387736e+01 2.690661401190926583e+01
2.690543337296319848e+01 2.651566420942418389e+01 2.605672613840054197e+01 2.722425207767608413e+01 2.677477723887459149e+01
2.677359778808166979e+01 2.639656482503528423e+01 2.594352034900284565e+01 2.709266967911957735e+01 2.664307225619887376e+01
2.664189399096772704e+01 2.627761439672949351e+01 2.583014746419645036e+01 2.696118071519411430e+01 2.651149893227067267e+01
2.651032185019393239e+01 2.615881295287812236e+01 2.571661585576005393e+01 2.682978803096260378e+01 2.638005713567941157e+01
2.637888123471246971e+01 2.604016051062660608e+01 2.560293355993289310e+01 2.669849420321659039e+01 2.624874673507141765e+01
2.624757201334677603e+01 2.592165708524006718e+01 2.548910830788663873e+01 2.656730160401069440e+01 2.611756759911470382e+01
2.611639405505168199e+01 2.580330269220659645e+01 2.537514753835477066e+01 2.643621234386786156e+01 2.598651959687596502e+01
2.598534722891086091e+01 2.568509734550863399e+01 2.526105840399844737e+01 2.630522841562110870e+01 2.585560259737201605e+01
2.585443140409597262e+01 2.556704105633251700e+01 2.514684779371265222e+01 2.617435157825376635e+01 2.572481646987876402e+01
2.572364644984165238e+01 2.544913383703910270e+01 2.503252232505123231e+01 2.604358346500590571e+01 2.559416108386785993e+01
2.559299223561837167e+01 2.533137570373108716e+01 2.491808839879245596e+01 2.591292557251924933e+01 2.546363630880425077e+01
2.546246863093839963e+01 2.521376667445509057e+01 2.480355218468375966e+01 2.578237922703725360e+01 2.533324201443419454e+01
2.533207550548220155e+01 2.509630676914265734e+01 2.468891956226089235e+01 2.565194568205095038e+01 2.520297807052421746e+01
2.520181272908133252e+01 2.497899600900032979e+01 2.457419628862568217e+01 2.552162603958707976e+01 2.507284434698389575e+01
2.507168017169247776e+01 2.486183441654032578e+01 2.445938790945850272e+01 2.539142133281302804e+01 2.494284071386164925e+01
2.494167770337401180e+01 2.474482201613109567e+01 2.434449969462602326e+01 2.526133248563264644e+01 2.481296704131761643e+01
2.481180519436280818e+01 2.462795883469759417e+01 2.422953678996902838e+01 2.513136035205922170e+01 2.468322319963853673e+01
2.468206251497045756e+01 2.451124490290831659e+01 2.411450418561192421e+01 2.500150570658897209e+01 2.455360905928078097e+01
2.455244953566355903e+01 2.439468025366074500e+01 2.399940665652883354e+01 2.487176925471507616e+01 2.442412449080725523e+01
2.442296612703360736e+01 2.427826492241374012e+01 2.388424879005684076e+01 2.474215164797237776e+01 2.429476936493289330e+01
2.429361215979198363e+01 2.416199894633858847e+01 2.376903507959426776e+01 2.461265346615168781e+01 2.416554355251597386e+01
2.416438750478263486e+01 2.404588236340391916e+01 2.365376984273908434e+01 2.448327525410107341e+01 2.403644692452224518e+01
2.403529203299342143e+01 2.392991521442040792e+01 2.353845721262536372e+01 2.435401748999574068e+01 2.390747935207559038e+01
2.390632561553142565e+01 2.381409754195749073e+01 2.342310123365145103e+01 2.422488062160604372e+01 2.377864070641057381e+01
2.377748812364371744e+01 2.369842939379459068e+01 2.330770580467574860e+01 2.409586504785362138e+01 2.364993085889761204e+01
2.364877942871227035e+01 2.358291081991975702e+01 2.319227467220378358e+01 2.396697113112202615e+01 2.352134968104045143e+01
2.352019940224371197e+01 2.346754187424226856e+01 2.307681148536017446e+01 2.383819920108375712e+01 2.339289704446893481e+01
2.339174791588145297e+01 2.335232261050117941e+01 2.296131977456014894e+01 2.370954955224921079e+01 2.326457282094668955e+01
2.326342484139979661e+01 2.323725308527466638e+01 2.284580294313671445e+01 2.358102245411894771e+01 2.313637688237368195e+01
2.313523005069935223e+01 2.312233335608247842e+01 2.273026428761965434e+01 2.345261814421387214e+01 2.300830910077823788e+01
2.300716341581462387e+01 2.300756348420265951e+01 2.261470701607625600e+01 2.332433684061656010e+01 2.288036934832350866e+01
2.287922480891182531e+01 2.289294353436027052e+01 2.249913422632120685e+01 2.319617873360411409e+01 2.275255749730603938e+01
2.275141410228490457e+01 2.277847357623890900e+01 2.238354890109668105e+01 2.306814399525492476e+01 2.262487342014977543e+01
2.262373116836283060e+01 2.266415368277002429e+01 2.226795395930120236e+01 2.294023277713990439e+01 2.249731698941452507e+01
2.249617587970461230e+01 2.254998392789048012e+01 2.215235222357839362e+01 2.281244521111164758e+01 2.236988807778796584e+01
2.236874810900073385e+01 2.243596438723876929e+01 2.203674640352108582e+01 2.268478141454362174e+01 2.224258655808970175e+01
2.224144772907400736e+01 2.232209513701523207e+01 2.192113915543017555e+01 2.255724148634834236e+01 2.211541230327148710e+01
2.211427461287898666e+01 2.220837625862809972e+01 2.180553304844938367e+01 2.242982551356746512e+01 2.198836518641478577e+01
2.198722863349988899e+01 2.209480783600597675e+01 2.168993056260384478e+01 2.230253356736107406e+01 2.186144508073342863e+01
2.186030966415406240e+01 2.198138996094210285e+01 2.157433410950876862e+01 2.217536570842854715e+01 2.173465185957288881e+01
2.173351757818870311e+01 2.186812272607271268e+01 2.145874603443115802e+01 2.204832198476419691e+01 2.160798539640935090e+01
2.160685224908231561e+01 2.175500622886719881e+01 2.134316860719650677e+01 2.192140243377583531e+01 2.148144556485061685e+01
2.148031355044460966e+01 2.164204056426483547e+01 2.122760402592783535e+01 2.179460708349004960e+01 2.135503223863650035e+01
2.135390135601642569e+01 2.152922583086118280e+01 2.111205443486571554e+01 2.166793595148329388e+01 2.122874529163783563e+01
2.122761553966925518e+01 2.141656212938310944e+01 2.099652191278548230e+01 2.154138904811833299e+01 2.110258459785448792e+01
2.110145597540653029e+01 2.130404956844851583e+01 2.088100846778523234e+01 2.141496637416514304e+01 2.097655003142061503e+01
2.097542253736218854e+01 2.119168826097512692e+01 2.076551606349712031e+01 2.128866792422981291e+01 2.085064146660092987e+01
2.084951509980158235e+01 2.107947832473245597e+01 2.065004660502948042e+01 2.116249368420610821e+01 2.072485877778864705e+01
2.072373353712123389e+01 2.096741987955232389e+01 2.053460193337929596e+01 2.103644363456677269e+01 2.059920183951070172e+01
2.059807772384858993e+01 2.085551304178499166e+01 2.041918384585269308e+01 2.091051775062208407e+01 2.047367052642437102e+01
2.047254753464204668e+01 2.074375793670978396e+01 2.030379409006328828e+01 2.078471600108226625e+01 2.034826471331777498e+01
2.034714284429153963e+01 2.063215468975949562e+01 2.018843435953033705e+01 2.065903834657777693e+01 2.022298427511006125e+01
2.022186352771809226e+01 2.052070343585244316e+01 2.007310629918996625e+01 2.053348474834944071e+01 2.009782908685140512e+01
2.009670945997283198e+01 2.040940431250261966e+01 1.995781151462475123e+01 2.040805516253424301e+01 1.997279902372322269e+01
1.997168051623912532e+01 2.029825746232121375e+01 1.984255156411820309e+01 2.028274953402536696e+01 1.984789396103857939e+01
1.984677657183114619e+01 2.018726302746598478e+01 1.972732795750229684e+01 2.015756781034485101e+01 1.972311377424077250e+01
1.972199750219402503e+01 2.007642115370611791e+01 1.961214217099315604e+01 2.003250993539814218e+01 1.959845833890453548e+01
1.959734318290389155e+01 1.996573198959298523e+01 1.949699563906222011e+01 1.990757584746243225e+01 1.947392753073653893e+01
1.947281348966832226e+01 1.985519568928822665e+01 1.938188975059300034e+01 1.978276547841939248e+01 1.934952122557388066e+01
1.934840829832591425e+01 1.974481241492158290e+01 1.926682586418936438e+01 1.965807876252602782e+01 1.922523929938515863e+01
1.922412748484687484e+01 1.963458233297226840e+01 1.915180530065604003e+01 1.953351562957555032e+01 1.910108162827043898e+01
1.909997092533219032e+01 1.952450561562237752e+01 1.903682934216833544e+01 1.940907600367147623e+01 1.897704808846102864e+01
1.897593849601422278e+01 1.941458243145989826e+01 1.892189923774476412e+01 1.928475980921197674e+01 1.885313855631957480e+01
1.885203007325699787e+01 1.930481295714451662e+01 1.880701620585775302e+01 1.916056696778451496e+01 1.872935290834024613e+01
1.872824553355614441e+01 1.919519737178389107e+01 1.869218143073658567e+01 1.903649739825948117e+01 1.860569102114876827e+01
1.860458475353819452e+01 1.908573586232749975e+01 1.857739606280086875e+01 1.891255101697680630e+01 1.848215277150220359e+01
1.848104760996135809e+01 1.897642862020634169e+01 1.846266122687386968e+01 1.878872773937598595e+01 1.835873803628930645e+01
1.835763397971634348e+01 1.886727584284653148e+01 1.834797801723652810e+01 1.866502747891550484e+01 1.823544669253100281e+01
1.823434373982459533e+01 1.875827773064753856e+01 1.823334749539116117e+01 1.854145014608153730e+01 1.811227861737937062e+01
1.811117676743957716e+01 1.864943448729993847e+01 1.811877070035861692e+01 1.841799565125240434e+01 1.798923368811845691e+01
1.798813293984689210e+01 1.854074632064865824e+01 1.800424864330122432e+01 1.829466390312684965e+01 1.786631178216502036e+01
1.786521213446435397e+01 1.843221344299193021e+01 1.788978230656852020e+01 1.817145480846095040e+01 1.774351277706722385e+01
1.774241422884127317e+01 1.832383607555715344e+01 1.777537264924524507e+01 1.804836827223398288e+01 1.762083655050543740e+01
1.761973910065926674e+01 1.821561444469784519e+01 1.766102060672318430e+01 1.792540419943154362e+01 1.749828298029279239e+01
1.749718662773318911e+01 1.810754878457537131e+01 1.754672708906065992e+01 1.780256249358593479e+01 1.737585194437491154e+01
1.737475668800932738e+01 1.799963933071548539e+01 1.743249298235147648e+01 1.767984305571372872e+01 1.725354332082952880e+01
1.725244915956673708e+01 1.789188632448131600e+01 1.731831915263092725e+01 1.755724578737957842e+01 1.713135698786741301e+01
1.713026392061754066e+01 1.778429000844968044e+01 1.720420644322262049e+01 1.743477058875736319e+01 1.700929282383273744e+01
1.700820084950715483e+01 1.767685063439616044e+01 1.709015567395680080e+01 1.731241735882857924e+01 1.688735070720196774e+01
1.688625982471312881e+01 1.756956845893037311e+01 1.697616764710336312e+01 1.719018599556619264e+01 1.676553051658495264e+01
1.676444072484642689e+01 1.746244374962337531e+01 1.686224314431660076e+01 1.706807639662329379e+01 1.664383213072589740e+01
1.664274342865270739e+01 1.735547677955619505e+01 1.674838292539881124e+01 1.694608845875287173e+01 1.652225542850155549e+01
1.652116781500989617e+01 1.724866782646603980e+01 1.663458773356168763e+01 1.682422207759935873e+01 1.640080028892270647e+01
1.639971376292992034e+01 1.714201717091956922e+01 1.652085829347895896e+01 1.670247714863225497e+01 1.627946659113483818e+01
1.627838115155919141e+01 1.703552509776679003e+01 1.640719530949648686e+01 1.658085356660403775e+01 1.615825421441740772e+01
1.615716986017897838e+01 1.692919190017893882e+01 1.629359946912072843e+01 1.645935122552467078e+01 1.603716303818395517e+01
