1.186350040958875196e+00 1.165961540668099650e+00 1.221763499374727946e+00 1.131248675554230587e+00 1.115693684573273670e+00
1.372549288515049870e+00 1.330624156887040277e+00 1.440645866157432176e+00 1.262211971878166361e+00 1.227905532537289401e+00
1.558602686480165866e+00 1.492244662497214547e+00 1.654725214345780682e+00 1.392900000394638571e+00 1.336717816650042190e+00
1.744514926247731079e+00 1.643008905881993220e+00 1.857323878197556066e+00 1.523322313755282043e+00 1.442213792025942132e+00
1.930290468404921356e+00 1.762353481620785756e+00 2.032448352885324994e+00 1.653487954529656800e+00 1.544477331037052537e+00
2.115933554901923142e+00 1.829591056221412382e+00 2.157961742970563979e+00 1.783405492959238448e+00 1.643592522194388117e+00
2.301448221313383780e+00 1.852566005275510186e+00 2.225302402658592360e+00 1.913083061353245684e+00 1.739643303062004209e+00
2.486838310038463007e+00 1.853086754526648727e+00 2.248390368390013716e+00 2.042528382180459623e+00 1.832713157679475957e+00
2.672107481012964580e+00 1.844643460580158489e+00 2.246636492429026966e+00 2.171748772781232351e+00 1.922884880151040754e+00
2.857259221076893230e+00 1.832801127690240284e+00 2.232859932782710555e+00 2.300751200080351833e+00 2.010240322853741102e+00
3.042296852566435117e+00 1.819647932709696825e+00 2.213535978430313467e+00 2.429542305329451146e+00 2.094860147565525743e+00
3.227223542514897847e+00 1.805980341915349285e+00 2.191671767852124919e+00 2.558128415171065040e+00 2.176823653919190082e+00
3.412042302799039639e+00 1.792117066086148292e+00 2.168654977110245685e+00 2.686515553766881226e+00 2.256208660656116027e+00
3.596756003602164853e+00 1.778192443040414350e+00 2.145141198697792628e+00 2.814709463377210508e+00 2.333091391051137720e+00
3.781367377570340249e+00 1.764266826126798637e+00 2.121450735191264148e+00 2.942715625606547203e+00 2.407546361448710037e+00
3.965879022376027407e+00 1.750368174357207485e+00 2.097745781969787338e+00 3.070539274544740405e+00 2.479646312257557383e+00
4.150293402432222223e+00 1.736510308867821761e+00 2.074111443381353670e+00 3.198185414551519834e+00 2.549462114422229586e+00
4.334612851453211846e+00 1.722700257077481645e+00 2.050593766585047550e+00 3.325658825381297312e+00 2.617062780272316758e+00
4.518839574533533465e+00 1.708941986662503298e+00 2.027218455291563526e+00 3.452964083921869154e+00 2.682515320422042659e+00
4.702975648060705005e+00 1.695237634517757774e+00 2.004000270386049110e+00 3.580105565626684250e+00 2.745884889238165538e+00
4.887023018897509452e+00 1.681588493941553519e+00 1.980947945981990976e+00 3.707087456039785955e+00 2.807234717912260535e+00
5.070983500973244240e+00 1.667995421780096299e+00 1.958066660323960040e+00 3.833913763741998437e+00 2.866626112018610506e+00
5.254858776314081048e+00 1.654459021676222719e+00 1.935359562977311043e+00 3.960588323909309150e+00 2.924118458758898864e+00
5.438650382887396439e+00 1.640979733728855861e+00 1.912828643911663073e+00 4.087114809610804755e+00 2.979769245952279100e+00
5.622359715879580833e+00 1.627557903288840313e+00 1.890475145217605180e+00 4.213496739166373573e+00 3.033634099395986716e+00
5.805988013480147814e+00 1.614193807909856337e+00 1.868299791890410289e+00 4.339737481135320429e+00 3.085766829884313722e+00
5.989536347975341180e+00 1.600887705419429707e+00 1.846302981703195289e+00 4.465840261340133566e+00 3.136219463505531380e+00
6.173005618492597435e+00 1.587639843209737611e+00 1.824484933068271308e+00 4.591808167629896076e+00 3.185042281231253547e+00
6.356396530556769342e+00 1.574450447726458258e+00 1.802845731525421824e+00 4.717644153418041775e+00 3.232283861688489246e+00
6.539709583699066187e+00 1.561319728343968150e+00 1.781385381127807088e+00 4.843351043804522860e+00 3.277991128246030339e+00
6.722945053280991345e+00 1.548247888445183795e+00 1.760103840258000041e+00 4.968931537786978936e+00 3.322209397869380521e+00
6.906102961674655205e+00 1.535235125023814540e+00 1.739000960127122353e+00 5.094388211869446792e+00 3.364982433934896378e+00
7.089183062278161529e+00 1.522281635096670582e+00 1.718076554436246184e+00 5.219723523814651323e+00 3.406352495561768556e+00
7.272184802088989208e+00 1.509387618784429508e+00 1.697330397345551578e+00 5.344939813230790371e+00 3.446360388128220098e+00
7.455107287793534709e+00 1.496553269408594788e+00 1.676762237271595790e+00 5.470039303804219877e+00 3.485045514556408541e+00
7.637949259593556306e+00 1.483778772129731083e+00 1.656371807754720482e+00 5.595024104973144397e+00 3.522445926640209279e+00
7.820709030916589199e+00 1.471064309619186217e+00 1.636158819070607562e+00 5.719896210582750662e+00 3.558598376107252825e+00
8.003384453638828333e+00 1.458410061021295334e+00 1.616122962500250004e+00 5.844657500285448393e+00 3.593538365257027856e+00
8.185972859938845048e+00 1.445816206082570332e+00 1.596263904664369848e+00 5.969309737840399421e+00 3.627300196185568204e+00
8.368470991180775087e+00 1.433282923823258725e+00 1.576581291557220821e+00 6.093854568680391992e+00 3.659917018958180890e+00
8.550874950115730400e+00 1.420810390338947071e+00 1.557074751702638205e+00 6.218293519196307351e+00 3.691420878685297335e+00
8.733180102558954161e+00 1.408398779093747777e+00 1.537743896017185641e+00 6.342627991335625381e+00 3.721842761203822292e+00
8.915380997131160612e+00 1.396048260110473116e+00 1.518588320238080769e+00 6.466859257835637642e+00 3.751212637156884799e+00
9.097471287449508281e+00 1.383759001139865052e+00 1.499607602829839736e+00 6.590988458999808230e+00 3.779559504797290526e+00
9.279443592041277000e+00 1.371531168081294938e+00 1.480801305328448780e+00 6.715016591563224502e+00 3.806911430308136168e+00
9.461289409298819564e+00 1.359364923658560320e+00 1.462168972497665420e+00 6.838944501964786760e+00 3.833295586809674749e+00
9.642998969331204151e+00 1.347260428946595923e+00 1.443710132217205233e+00 6.962772876338056527e+00 3.858738291406181631e+00
9.824561076921186853e+00 1.335217841397437821e+00 1.425424296560831694e+00 7.086502223531828903e+00 3.883265040370496468e+00
1.000596299447501814e+01 1.323237316831317179e+00 1.407310961670460658e+00 7.210132864237944084e+00 3.906900542395232545e+00
1.018719021429517646e+01 1.311319007456561048e+00 1.389369608028542480e+00 7.333664909216385475e+00 3.929668750351284601e+00
1.036822629344291968e+01 1.299463063455135181e+00 1.371599700434316338e+00 7.457098233813709065e+00 3.951592890785434520e+00
1.054905265547272641e+01 1.287669631781930280e+00 1.354000687939613590e+00 7.580432459873322593e+00 3.972695491241598376e+00
1.072964830935102398e+01 1.275938856732375504e+00 1.336572004116511003e+00 7.703666913726584298e+00 3.992998407206307387e+00
1.090998966167874507e+01 1.264270879668252467e+00 1.319313067122491745e+00 7.826800587711728596e+00 4.012522847503971590e+00
1.109005019551026905e+01 1.252665838874797988e+00 1.302223279958449664e+00 7.949832107399774195e+00 4.031289399118213268e+00
1.126980016888196090e+01 1.241123869670198943e+00 1.285302030603438839e+00 8.072759654039858290e+00 4.049318045072489269e+00
1.144920636362567379e+01 1.229645104201770200e+00 1.268548692118710575e+00 8.195580913710019288e+00 4.066628194247195793e+00
1.162823164749982574e+01 1.218229671442818685e+00 1.251962622811815251e+00 8.318292996666235339e+00 4.083238685788439959e+00
1.180683467855853408e+01 1.206877697190239962e+00 1.235543166346981581e+00 8.440892317382791887e+00 4.099167825687234590e+00
1.198496950236236813e+01 1.195589303911028578e+00 1.219289651937729868e+00 8.563374513645197084e+00 4.114433386729558606e+00
1.216258510222077227e+01 1.184364610795967554e+00 1.203201394455813755e+00 8.685734275554679584e+00 4.129052639858971752e+00
1.233962504983232300e+01 1.173203733635594936e+00 1.187277694712943088e+00 8.807965155244563249e+00 4.143042360972106763e+00
1.251602698784407330e+01 1.162106784781956170e+00 1.171517839469744970e+00 8.930059451726430453e+00 4.156418852860726432e+00
1.269172220603708467e+01 1.151073873107130163e+00 1.155921101842320997e+00 9.052007826662917367e+00 4.169197956081996281e+00
1.286663521082904182e+01 1.140105103913796381e+00 1.140486741261601766e+00 9.173799049370785497e+00 4.181395065000717004e+00
1.304068321594643187e+01 1.129200578899620888e+00 1.125214003880718794e+00 9.295419625266275077e+00 4.193025141423483149e+00
1.321377574795067744e+01 1.118360396096217180e+00 1.110102122603842112e+00 9.416853349637678505e+00 4.204102725241475547e+00
1.338581418581130933e+01 1.107584649807116239e+00 1.095150317416803132e+00 9.538080754328277067e+00 4.214641951761944227e+00
1.355669143942763100e+01 1.096873430567268715e+00 1.080357795503537277e+00 9.659078451985486424e+00 4.224656558493751213e+00
1.372629153174797523e+01 1.086226825082059033e+00 1.065723751536596264e+00 9.779818338117365784e+00 4.234159902309583501e+00
1.389448943120484969e+01 1.075644916176366817e+00 1.051247367827379708e+00 9.900266664152342244e+00 4.243164966718195430e+00
1.406115090375373811e+01 1.065127782747586682e+00 1.036927814640608014e+00 1.002038294567942955e+01 4.251684376691164502e+00
1.422613228709777289e+01 1.054675499705421071e+00 1.022764250329620372e+00 1.014011868625849289e+01 4.259730406669635983e+00
1.438928092262366576e+01 1.044288137927073645e+00 1.008755821685046739e+00 1.025941590880656129e+01 4.267314993201266837e+00
1.455043506447021961e+01 1.033965764202519066e+00 9.949016640688262969e-01 1.037820549137714110e+01 4.274449743979319649e+00
1.470942452250435295e+01 1.023708441186205187e+00 9.812009017684122369e-01 1.049640531326677007e+01 4.281145947849783084e+00
1.486607132625771399e+01 1.013516227346204612e+00 9.676526481518892275e-01 1.061391822920902506e+01 4.287414585591077021e+00
1.502019074569471968e+01 1.003389176920466141e+00 9.542560060131037858e-01 1.073062994904567802e+01 4.293266337182102710e+00
1.517159249077443128e+01 9.933273398620033889e-01 9.410100677507240441e-01 1.084640672460455946e+01 4.298711593714003243e+00
1.532008202152189646e+01 9.833307618047879561e-01 9.279139157101690127e-01 1.096109320250749875e+01 4.303760463240982936e+00
1.546546230885791218e+01 9.733994840036871432e-01 9.149666223765455797e-01 1.107451040683381294e+01 4.308422781579324123e+00
1.560753587991425029e+01 9.635335433073562994e-01 9.021672507218677639e-01 1.118645399084036995e+01 4.312708117950220910e+00
1.574610710206219188e+01 9.537329720971479130e-01 8.895148544058115725e-01 1.129669305859134987e+01 4.316625789499518362e+00
1.588098464898912177e+01 9.439977982633186437e-01 8.770084781274675167e-01 1.140496976255619721e+01 4.320184859260617571e+00
1.601198414752521160e+01 9.343280451452152802e-01 8.646471578360886978e-01 1.151100000732817463e+01 4.323394151747511849e+00
1.613893091995493734e+01 9.247237315111821454e-01 8.524299210811421279e-01 1.161447550457050326e+01 4.326262265356167980e+00
1.626166274561648351e+01 9.151848714986823285e-01 8.403557872368229154e-01 1.171506749503415890e+01 4.328797554159131700e+00
1.638003258614675417e+01 9.057114746002765671e-01 8.284237678464194676e-01 1.181243235993731844e+01 4.331008170410997060e+00
1.649391115463077995e+01 8.963035456021618552e-01 8.166328668608258123e-01 1.190621910188567512e+01 4.332902049593879923e+00
1.660318924231090421e+01 8.869610845770217189e-01 8.049820809771139896e-01 1.199607881877810378e+01 4.334486908759743962e+00
1.670777975689976103e+01 8.776840868214310643e-01 7.934703998887665533e-01 1.208167568798386071e+01 4.335770279597058519e+00
1.680761925425682435e+01 8.684725428546165027e-01 7.820968066190679968e-01 1.216269898275555761e+01 4.336759492819926898e+00
1.690266906046817752e+01 8.593264383560854647e-01 7.708602777813279294e-01 1.223887529161275545e+01 4.337461687440938185e+00
1.699291586617712113e+01 8.502457541694011800e-01 7.597597839061658309e-01 1.230998004808657420e+01 4.337883827785230295e+00
1.707837177575255083e+01 8.412304662407767974e-01 7.487942897114282514e-01 1.237584733448379559e+01 4.338032694114562382e+00
1.715907380180476238e+01 8.322805456278583591e-01 7.379627544214600876e-01 1.243637703133285832e+01 4.337914898099791472e+00
1.723508296909784221e+01 8.233959584397391174e-01 7.272641320467239101e-01 1.249153860914597658e+01 4.337536887837666555e+00
1.730648270234186015e+01 8.145766658491058188e-01 7.166973716935681749e-01 1.254137136969613131e+01 4.336904941611895659e+00
1.737337703519010645e+01 8.058226240378713046e-01 7.062614178527025777e-01 1.258598106578607911e+01 4.336025189908418120e+00
1.743588843757354923e+01 7.971337842076415825e-01 6.959552106971526042e-01 1.262553332713601684e+01 4.334903608724570034e+00
1.749415541152604092e+01 7.885100925355988943e-01 6.857776863827643732e-01 1.266024473795584093e+01 4.333546021134745629e+00
1.754832994099604804e+01 7.799514901972618430e-01 6.757277773401139109e-01 1.269037238843082172e+01 4.331958115326167480e+00
1.759857491626325654e+01 7.714579133037288150e-01 6.658044125467666996e-01 1.271620289700731199e+01 4.330145435698156575e+00
1.764506151248151511e+01 7.630292928835102906e-01 6.560065178696123933e-01 1.273804157294214257e+01 4.328113390686212369e+00
1.768796674170489425e+01 7.546655549732844692e-01 6.463330163246758797e-01 1.275620251592257759e+01 4.325867263170898980e+00
1.772747112122601010e+01 7.463666204834493723e-01 6.367828283073893036e-01 1.277100003335959677e+01 4.323412202356339051e+00
1.776375653415992062e+01 7.381324051777272688e-01 6.273548720185082583e-01 1.278274163026983956e+01 4.320753238157811538e+00
1.779700432528986198e+01 7.299628198468279816e-01 6.180480636617415868e-01 1.279172251123921100e+01 4.317895281551073161e+00
1.782739358043327016e+01 7.218577701661572643e-01 6.088613176259966009e-01 1.279822171739076708e+01 4.314843121519703395e+00
1.785509974181024262e+01 7.138171566053379546e-01 5.997935470080996145e-01 1.280249956338181860e+01 4.311601440160290899e+00
1.788029341353429658e+01 7.058408746550799417e-01 5.908436637397276314e-01 1.280479623468492534e+01 4.308174807542195062e+00
1.790313940003256121e+01 6.979288147423782229e-01 5.820105787261097285e-01 1.280533129738153875e+01 4.304567684216203283e+00
1.792379596730891933e+01 6.900808620748645206e-01 5.732932024513772706e-01 1.280430389229172938e+01 4.300784432012702219e+00
1.794241431086609850e+01 6.822968968687467273e-01 5.646904450442737922e-01 1.280189348062927479e+01 4.296829308380194945e+00
1.795913816141597863e+01 6.745767943219751483e-01 5.562012163712262147e-01 1.279826090685233808e+01 4.292706473089300090e+00
1.797410360582890121e+01 6.669204244424546957e-01 5.478244267163575598e-01 1.279354968266931891e+01 4.288419993717512924e+00
1.798743900292106090e+01 6.593276522492850233e-01 5.395589867909906800e-01 1.278788737772315187e+01 4.283973840184640558e+00
1.799926500500983195e+01 6.517983377893185049e-01 5.314038077984463149e-01 1.278138704666339898e+01 4.279371896557243815e+00
1.800969467782275046e+01 6.443323359624235636e-01 5.233578021517202306e-01 1.277414863712025017e+01 4.274617958896884673e+00
1.801883369443140381e+01 6.369294967127623330e-01 5.154198834479434277e-01 1.276626032592988835e+01 4.269715734603718005e+00
1.802678057415945645e+01 6.295896651003169975e-01 5.075889664757661235e-01 1.275779981831228582e+01 4.264668852498511242e+00
1.803362697859230579e+01 6.223126810663961450e-01 4.998639679996039198e-01 1.274883551435512352e+01 4.259480858919557633e+00
1.803945802917940711e+01 6.150983796587565777e-01 4.922438066870710172e-01 1.273942754822060053e+01 4.254155220322795472e+00
1.804435263894538721e+01 6.079465911436490178e-01 4.847274030886392082e-01 1.272962875902405067e+01 4.248695329931976516e+00
1.804838385894692010e+01 6.008571407250551388e-01 4.773136804213404805e-01 1.271948559263726075e+01 4.243104503901953706e+00
1.805161922779508643e+01 5.938298487914002166e-01 4.700015645020352850e-01 1.270903884067294598e+01 4.237385986933679405e+00
1.805412111828963617e+01 5.868645310562002892e-01 4.627899836893448748e-01 1.269832432974727787e+01 4.231542954816766233e+00
1.805594707891862072e+01 5.799609982606596104e-01 4.556778696498615666e-01 1.268737353916734634e+01 4.225578511237547019e+00
1.805715016282996643e+01 5.731190564229181605e-01 4.486641573101591840e-01 1.267621415528749651e+01 4.219495696454949929e+00
1.805777924509829546e+01 5.663385070001247801e-01 4.417477847596386620e-01 1.266487052787836554e+01 4.213297484780616387e+00
1.805787932607395874e+01 5.596191465919126973e-01 4.349276939915805440e-01 1.265336406771441169e+01 4.206986785135859108e+00
1.805749181894098854e+01 5.529607671871796803e-01 4.282028308792868998e-01 1.264171362488504968e+01 4.200566447477136478e+00
1.805665482142751088e+01 5.463631563276927228e-01 4.215721450390813030e-01 1.262993581096724327e+01 4.194039260082861098e+00
1.805540337308446297e+01 5.398260968520616210e-01 4.150345905410329772e-01 1.261804527757137606e+01 4.187407951982836884e+00
1.805376969085379812e+01 5.333493671063816999e-01 4.085891259128475173e-01 1.260605494193966614e+01 4.180675196937684746e+00
1.805178339365760465e+01 5.269327411078034151e-01 4.022347139654004478e-01 1.259397621158992919e+01 4.173843610847780994e+00
1.804947170989096250e+01 5.205759883647480546e-01 3.959703224650189535e-01 1.258181916856187854e+01 4.166915756398430482e+00
1.804685966991297263e+01 5.142788740115395996e-01 3.897949241694561029e-01 1.256959273807552080e+01 4.159894143857844284e+00
1.804397026810081073e+01 5.080411589931841387e-01 3.837074966201386994e-01 1.255730481353652728e+01 4.152781229645889916e+00
1.804082467320663952e+01 5.018625999510774038e-01 3.777070227676614378e-01 1.254496239085594311e+01 4.145579422008659698e+00
1.803744230624774758e+01 4.957429492913977831e-01 3.717924910429773466e-01 1.253257167352758294e+01 4.138291078734042117e+00
1.803384110185625744e+01 4.896819553849006135e-01 3.659628951206120306e-01 1.252013817544808205e+01 4.130918507670385154e+00
1.803003748606985113e+01 4.836793625126781793e-01 3.602172344917963787e-01 1.250766679044236440e+01 4.123463973518247450e+00
1.802604663998035761e+01 4.777349108798253918e-01 3.545545145716978985e-01 1.249516187199743555e+01 4.115929695260788890e+00
1.802188247986754988e+01 4.718483368243319154e-01 3.489737464372232867e-01 1.248262729515394653e+01 4.108317846200904455e+00
1.801755784073241173e+01 4.660193728144008118e-01 3.434739473451549063e-01 1.247006651653024356e+01 4.100630548701436950e+00
1.801308453364758222e+01 4.602477474208922503e-01 3.380541408744714427e-01 1.245748261642799726e+01 4.092869895026609584e+00
1.800847342192820832e+01 4.545331855302191526e-01 3.327133566420810151e-01 1.244487834515585867e+01 4.085037933228546692e+00
1.800373454647349192e+01 4.488754083838072950e-01 3.274506307649668879e-01 1.243225616016809632e+01 4.077136670615048253e+00
1.799887713117854204e+01 4.432741335218162160e-01 3.222650060356003765e-01 1.241961825587053170e+01 4.069168060130341047e+00
1.799390971691885355e+01 4.377290749960716099e-01 3.171555316192107288e-01 1.240696660066393875e+01 4.061134036493085908e+00
1.798884015397103653e+01 4.322399434427952603e-01 3.121212634597780311e-01 1.239430295356380363e+01 4.053036490845157047e+00
1.798367571243472440e+01 4.268064460086271605e-01 3.071612644856921426e-01 1.238162890126471538e+01 4.044877278381671992e+00
1.797842308739750905e+01 4.214282865600827988e-01 3.022746042925276155e-01 1.236894586969697940e+01 4.036658202809701557e+00
1.797308847042815927e+01 4.161051657811064008e-01 2.974603594935389950e-01 1.235625513508586693e+01 4.028381051506927157e+00
1.796767758443037266e+01 4.108367810920021679e-01 2.927176139519079290e-01 1.234355785762312507e+01 4.020047571662382246e+00
1.796219571005430637e+01 4.056228268517786950e-01 2.880454584530405260e-01 1.233085506388957420e+01 4.011659477464306178e+00
1.795664774823061549e+01 4.004629944724059643e-01 2.834429910011807552e-01 1.231814769337498916e+01 4.003218441782173009e+00
1.795103821738539907e+01 3.953569723407949765e-01 2.789093170740028493e-01 1.230543657869652563e+01 3.994726114127962191e+00
1.794537131670153229e+01 3.903044460105655755e-01 2.744435492881774907e-01 1.229272248007277568e+01 3.986184111090732340e+00
1.793965092266499184e+01 3.853050983255987272e-01 2.700448076445896017e-01 1.228000607887799411e+01 3.977594018379444041e+00
1.793388063785256037e+01 3.803586093537328350e-01 2.657122198007477731e-01 1.226728799577104212e+01 3.968957387293889028e+00
1.792806379570826181e+01 3.754646565652832724e-01 2.614449207330133418e-01 1.225456878969020202e+01 3.960275743306162610e+00
1.792220349067118335e+01 3.706229149594659766e-01 2.572420529335372463e-01 1.224184897237262248e+01 3.951550583880072409e+00
1.791630259600013275e+01 3.658330570165044815e-01 2.531027666958499678e-01 1.222912900215141185e+01 3.942783378014317996e+00
1.791036377411109015e+01 3.610947528618315139e-01 2.490262197768757513e-01 1.221640930179660600e+01 3.933975563792575958e+00
1.790438950602228374e+01 3.564076703866783102e-01 2.450115775491212011e-01 1.220369024830655924e+01 3.925128554066184439e+00
1.789838208963276500e+01 3.517714752299939129e-01 2.410580132947746368e-01 1.219097219007904442e+01 3.916243737495915589e+00
1.789234366861623471e+01 3.471858309221301231e-01 2.371647078704144651e-01 1.217825543916165820e+01 3.907322476273859202e+00
1.788627623146346579e+01 3.426503989920728355e-01 2.333308498182631308e-01 1.216554028314287272e+01 3.898366104373559349e+00
1.788018163317655151e+01 3.381648389942594757e-01 2.295556356641850482e-01 1.215282698156158325e+01 3.889375930963576256e+00
1.787406159844780618e+01 3.337288086174983737e-01 2.258382695877493851e-01 1.214011577356659899e+01 3.880353244721293393e+00
1.786791772969821324e+01 3.293419638041950592e-01 2.221779634965364292e-01 1.212740687546161844e+01 3.871299309331371674e+00
1.786175152524722876e+01 3.250039587775092054e-01 2.185739373236279814e-01 1.211470048747668926e+01 3.862215363334111196e+00
1.785556439099740089e+01 3.207144461397906099e-01 2.150254187053616817e-01 1.210199679025785358e+01 3.853102620881355911e+00
1.784935760801575100e+01 3.164730769654539033e-01 2.115316430227533462e-01 1.208929595180560135e+01 3.843962278115128139e+00
1.784313241213567380e+01 3.122795008888284429e-01 2.080918536943974495e-01 1.207659812361798934e+01 3.834795507861375352e+00
1.783688994702298913e+01 3.081333662508743965e-01 2.047053018639005129e-01 1.206390344669664927e+01 3.825603460575939696e+00
1.783063125084171219e+01 3.040343200195192996e-01 2.013712464124643720e-01 1.205121204872911633e+01 3.816387263468897117e+00
1.782435734149989059e+01 2.999820080008100964e-01 1.980889542435011197e-01 1.203852404841787305e+01 3.807148027134504620e+00
1.781806914294785571e+01 2.959760748883755177e-01 1.948576999045865399e-01 1.202583955379537883e+01 3.797886840724919111e+00
1.781176751347642551e+01 2.920161643726745249e-01 1.916767655888621247e-01 1.201315866537614596e+01 3.788604773231431633e+00
1.780545328058648735e+01 2.881019192082555080e-01 1.885454416679913092e-01 1.200048147482732652e+01 3.779302871729854907e+00
1.779912719405092147e+01 2.842329812557528590e-01 1.854630262564143650e-01 1.198780806770995255e+01 3.769982168000815648e+00
1.779278996835146032e+01 2.804089916168379104e-01 1.824288253396929016e-01 1.197513852207161555e+01 3.760643674068933517e+00
1.778644227443573911e+01 2.766295907018654909e-01 1.794421516188921262e-01 1.196247291084358721e+01 3.751288383639614477e+00
1.778008473103727027e+01 2.728944182164022569e-01 1.765023265782137696e-01 1.194981129999969482e+01 3.741917269521508160e+00
1.777371792933566397e+01 2.692031134250397195e-01 1.736086794655425369e-01 1.193715375242659249e+01 3.732531290825872983e+00
1.776734242083057325e+01 2.655553151327671446e-01 1.707605471862257140e-01 1.192450032662994985e+01 3.723131388270991327e+00
1.776095871835972417e+01 2.619506617683506344e-01 1.679572740113305651e-01 1.191185107317365244e+01 3.713718485880648235e+00
1.775456731375425079e+01 2.583887914260042939e-01 1.651982104578659238e-01 1.189920604404665561e+01 3.704293487719966471e+00
1.774816866202128196e+01 2.548693417728494781e-01 1.624827168883384576e-01 1.188656528735735129e+01 3.694857285587759499e+00
1.774176319098132737e+01 2.513919506482004684e-01 1.598101604725566394e-01 1.187392884194306042e+01 3.685410754103520148e+00
1.773535131036704016e+01 2.479562557166702930e-01 1.571799159950910130e-01 1.186129675081645907e+01 3.675954752385085733e+00
1.772893339509822752e+01 2.445618946641205937e-01 1.545913646864586211e-01 1.184866905310968299e+01 3.666490121651083012e+00
1.772250980543017818e+01 2.412085050489276017e-01 1.520438956965629029e-01 1.183604578057772017e+01 3.657017690482813776e+00
1.771608088037734419e+01 2.378957245970080292e-01 1.495369062342896405e-01 1.182342696766398582e+01 3.647538272368103573e+00
1.770964693349043984e+01 2.346231914882302982e-01 1.470698005250668516e-01 1.181081264570850742e+01 3.638052666154389048e+00
1.770320826623853350e+01 2.313905440983720641e-01 1.446419901075184922e-01 1.179820284218470583e+01 3.628561654659920865e+00
1.769676516068951599e+01 2.281974211868683933e-01 1.422528928240814616e-01 1.178559758432436411e+01 3.619066007902111970e+00
1.769031788104901182e+01 2.250434615120863735e-01 1.399019350008179896e-01 1.177299689768632973e+01 3.609566482516981978e+00
1.768386668009228302e+01 2.219283048203685993e-01 1.375885497191445261e-01 1.176040080569344326e+01 3.600063821364332117e+00
1.767741179387841655e+01 2.188515913201243279e-01 1.353121772178817184e-01 1.174780933080431922e+01 3.590558752819311472e+00
1.767095344578886440e+01 2.158129618462023280e-01 1.330722645847554619e-01 1.173522249444447141e+01 3.581051992604591838e+00
1.766449184906430503e+01 2.128120578256700313e-01 1.308682658342249783e-01 1.172264031635567427e+01 3.571544244446896776e+00
1.765802720129971703e+01 2.098485211001029915e-01 1.286996423985131421e-01 1.171006281551055039e+01 3.562036199137348369e+00
1.765155969270826830e+01 2.069219949099434797e-01 1.265658624785377107e-01 1.169749001030150382e+01 3.552528534264233873e+00
1.764508950279368804e+01 2.040321231760346687e-01 1.244664011855262792e-01 1.168492191757129817e+01 3.543021915079020090e+00
1.763861679881433986e+01 2.011785507854337018e-01 1.224007399868665830e-01 1.167235855340610939e+01 3.533516996019361756e+00
1.763214174206643392e+01 1.983609232736676664e-01 1.203683676379496970e-01 1.165979993369174572e+01 3.524014419368949103e+00
1.762566448406998987e+01 1.955788873558692853e-01 1.183687795413323474e-01 1.164724607304882653e+01 3.514514815327137498e+00
1.761918516743406116e+01 1.928320911308695762e-01 1.164014777510628679e-01 1.163469698528934693e+01 3.505018802144380441e+00
1.761270392899001891e+01 1.901201837392028082e-01 1.144659707953567390e-01 1.162215268411641311e+01 3.495526988267674717e+00
1.760622089713833205e+01 1.874428155725191836e-01 1.125617733857946640e-01 1.160961318234290651e+01 3.486039970721030556e+00
1.759973619394597577e+01 1.847996375902137556e-01 1.106884073650520328e-01 1.159707849210477981e+01 3.476558335438735270e+00
1.759324993598801257e+01 1.821903029368926175e-01 1.088454007785531891e-01 1.158454862532885521e+01 3.467082656864393098e+00
1.758676223230016689e+01 1.796144658642589709e-01 1.070322880647576191e-01 1.157202359334771380e+01 3.457613500468523338e+00
1.758027318787758020e+01 1.770717820623621541e-01 1.052486096652220926e-01 1.155950340698599454e+01 3.448151420999097549e+00
1.757378290211135408e+01 1.745619085198698017e-01 1.034939124682615619e-01 1.154698807684430939e+01 3.438696962992096484e+00
1.756729146845201228e+01 1.720845033953816161e-01 1.017677496719679719e-01 1.153447761309009501e+01 3.429250660012658880e+00
1.756079897695734005e+01 1.696392270632105514e-01 1.000696805287024649e-01 1.152197202543229082e+01 3.419813037336318029e+00
1.755430551266288930e+01 1.672257412635149432e-01 9.839927034919228321e-02 1.150947132347734581e+01 3.410384610186103060e+00
1.754781115606340691e+01 1.648437094096254218e-01 9.675609022748259125e-02 1.149697551647162896e+01 3.400965884346301760e+00
1.754131598452740803e+01 1.624927961392157172e-01 9.513971751580214964e-02 1.148448461320548120e+01 3.391557355170654819e+00
1.753482007097142770e+01 1.601726680744781084e-01 9.354973534939108049e-02 1.147199862246895918e+01 3.382159510317816586e+00
1.752832348503166315e+01 1.578829938224128870e-01 9.198573269755069837e-02 1.145951755274418815e+01 3.372772828021344260e+00
1.752182629331776909e+01 1.556234436666840970e-01 9.044730424458291562e-02 1.144704141212267245e+01 3.363397777743259986e+00
1.751532855855694137e+01 1.533936897341414696e-01 8.893405037685185588e-02 1.143457020869136898e+01 3.354034819129254608e+00
1.750883034118474768e+01 1.511934052870378131e-01 8.744557720036019721e-02 1.142210395029175451e+01 3.344684404541945266e+00
1.750233169863134464e+01 1.490222664307991884e-01 8.598149637709950888e-02 1.140964264448239440e+01 3.335346977581752803e+00
1.749583268526243884e+01 1.468799508926551811e-01 8.454142509855483434e-02 1.139718629877019751e+01 3.326022973599717325e+00
1.748933335345816786e+01 1.447661383903355303e-01 8.312498595418034431e-02 1.138473492048096425e+01 3.316712818948767794e+00
1.748283375268984230e+01 1.426805104176137040e-01 8.173180701627527633e-02 1.137228851673087071e+01 3.307416932732125225e+00
1.747633393001903102e+01 1.406227502288043552e-01 8.036152168061840018e-02 1.135984709457485131e+01 3.298135726125833944e+00
1.746983393107970528e+01 1.385925437353062450e-01 7.901376862532770440e-02 1.134741066093217654e+01 3.288869602485156474e+00
1.746333379950564080e+01 1.365895786978689741e-01 7.768819174362838476e-02 1.133497922254434442e+01 3.279618956293292698e+00
1.745683357635836330e+01 1.346135450064778749e-01 7.638444007735738228e-02 1.132255278610737825e+01 3.270384175453016073e+00
