3.063690841765239981e+00 3.062471897070464966e+00 3.055643917640425755e+00 3.066050170693610966e+00 3.036081621261929708e+00
3.123982008021624068e+00 3.122025059122895296e+00 3.108420109141460497e+00 3.130075801698317672e+00 3.071030361645781692e+00
3.181186228738076327e+00 3.178926830190283326e+00 3.158583201632547688e+00 3.192298821046226642e+00 3.104965056953784330e+00
3.235599140181289357e+00 3.233429247193123413e+00 3.206375484675388687e+00 3.252928648518294885e+00 3.138000798510284461e+00
3.287500523657671092e+00 3.285770044596790118e+00 3.252027346313841605e+00 3.312163220157469556e+00 3.170249014682801736e+00
3.337155102073107393e+00 3.336173511253266000e+00 3.295758053170385615e+00 3.370189499432133751e+00 3.201817654362490995e+00
3.384813277641529172e+00 3.384851392725066965e+00 3.337776235879925224e+00 3.427183977726194986e+00 3.232811318127844835e+00
3.430711765324649054e+00 3.432003526213479372e+00 3.378280402421717898e+00 3.483313256759847487e+00 3.263331354244838778e+00
3.475074471042254309e+00 3.477818560814817328e+00 3.417459445939615037e+00 3.538734553571389441e+00 3.293475978963399609e+00
3.518113180572438825e+00 3.522474636768253120e+00 3.455493106626856381e+00 3.593596156593392266e+00 3.323340380081474255e+00
3.560028076669563557e+00 3.566139940256478624e+00 3.492552398801084035e+00 3.648037874174129946e+00 3.353016820234638207e+00
3.601008330883963993e+00 3.608973234961558418e+00 3.528800015937003653e+00 3.702191551111865930e+00 3.382594724151863019e+00
3.641232710343164314e+00 3.651124392571335253e+00 3.564390757495103923e+00 3.756181119887685771e+00 3.412160767456142274e+00
3.680870136506956491e+00 3.692734889907939522e+00 3.599471917347523586e+00 3.810123356269788264e+00 3.441798974015193302e+00
3.720080186650660536e+00 3.733938270122504122e+00 3.634183623799857266e+00 3.864128215190758553e+00 3.471590801290276307e+00
3.759013562137802467e+00 3.774860549752973249e+00 3.668659164678425455e+00 3.918299096788728342e+00 3.501615215173576878e+00
3.797812551426763772e+00 3.815620588882052466e+00 3.703025313807494445e+00 3.972733102254126347e+00 3.531948762592600044e+00
3.836611440810465457e+00 3.856330485606531244e+00 3.737402645897589970e+00 4.027521356388285234e+00 3.562665644675662602e+00
3.875536936901004204e+00 3.897095918129268810e+00 3.771905826539502904e+00 4.082749342220992617e+00 3.593837786060684714e+00
3.914708568315099058e+00 3.938016494316184168e+00 3.806643911995970964e+00 4.138497175520130078e+00 3.625534910137601319e+00
3.954239043514725882e+00 3.979186051233866817e+00 3.841720624204315371e+00 4.194839867427977431e+00 3.657824595271593093e+00
3.994234601622290270e+00 4.020692922155343574e+00 3.877234527319947333e+00 4.251847520738596842e+00 3.690772343885988072e+00
4.034795336870575788e+00 4.062620195754539587e+00 3.913279287788260952e+00 4.309585663197350591e+00 3.724441626981760400e+00
4.076015500484472476e+00 4.105045971087199597e+00 3.949943925217420659e+00 4.368115318487816978e+00 3.758893951292703761e+00
4.117983798300189235e+00 4.148043590256237145e+00 3.987313017868722831e+00 4.427493293730164758e+00 3.794188903087408526e+00
4.160783666160519978e+00 4.191681850306658852e+00 4.025466921610498794e+00 4.487772343836740063e+00 3.830384200858380606e+00
4.204493529204489377e+00 4.236025197261571229e+00 4.064481940105520330e+00 4.549001325904892923e+00 3.867535744918541241e+00
4.249187049618691425e+00 4.281133901591421598e+00 4.104430499023297152e+00 4.611225389473079694e+00 3.905697656185611599e+00
4.294933348367406367e+00 4.327064220508482606e+00 4.145381322799526203e+00 4.674486123980624797e+00 3.944922315347097364e+00
4.341797222007989454e+00 4.373868543305769130e+00 4.187399590378602987e+00 4.738821674731016564e+00 3.985260406794569832e+00
4.389839342689238144e+00 4.421595523630062807e+00 4.230547085529342333e+00 4.804266890113938260e+00 4.026760939844342246e+00
4.439116443043561233e+00 4.470290193751088381e+00 4.274882336463824650e+00 4.870853413115875163e+00 4.069471281776698923e+00
4.489681493437632120e+00 4.519994062338801299e+00 4.320460742416330824e+00 4.938609769160036578e+00 4.113437187194114664e+00
4.541583855118446422e+00 4.570745195932889082e+00 4.367334691726798113e+00 5.007561476287383684e+00 4.158702806158950160e+00
4.594869428261606714e+00 4.622578283829377632e+00 4.415553670623854288e+00 5.077731092973949423e+00 4.205310706170021007e+00
4.649580784065600270e+00 4.675524685906634836e+00 4.465164355382197137e+00 5.149138274822661288e+00 4.253301880228019805e+00
4.705757282063686375e+00 4.729612462180786459e+00 4.516210701708796016e+00 5.221799841901924921e+00 4.302715737971394283e+00
4.763435178781429968e+00 4.784866386106211955e+00 4.568734018123810969e+00 5.295729776654521714e+00 4.353590112310122606e+00
4.822647713396362334e+00 4.841307935061912815e+00 4.622773033050505909e+00 5.370939236308133857e+00 4.405961236080389476e+00
4.883425184976839084e+00 4.898955262810425815e+00 4.678363940131294640e+00 5.447436578276648511e+00 4.459863710087758726e+00
4.945795012980735095e+00 4.957823150520192179e+00 4.735540434512834906e+00 5.525227294273769907e+00 4.515330487063426546e+00
5.009781779831611992e+00 5.017922935452318711e+00 4.794333738666185951e+00 5.604313977580487105e+00 4.572392802426854530e+00
5.075407260432111656e+00 5.079262416340772468e+00 4.854772607537315210e+00 5.684696294323606125e+00 4.631080107331129625e+00
5.142690426095467338e+00 5.141845734321146999e+00 4.916883321078585389e+00 5.766370842743101299e+00 4.691420019192428903e+00
5.211647435516609583e+00 5.205673228272789999e+00 4.980689647619684024e+00 5.849331069040824893e+00 4.753438180001599456e+00
5.282291597651770587e+00 5.270741262963936968e+00 5.046212796761079034e+00 5.933567155631587653e+00 4.817158168526339601e+00
5.354633310909001409e+00 5.337042031746134008e+00 5.113471342790844254e+00 6.019065800865412541e+00 4.882601318294542914e+00
5.428679980775894975e+00 5.404563328721728510e+00 5.182481134007950629e+00 6.105810069086215819e+00 4.949786542059044336e+00
5.504435899449180880e+00 5.473288292548524225e+00 5.253255153696711588e+00 6.193779166387597179e+00 5.018730129679197738e+00
5.581902093150741706e+00 5.543195123212758091e+00 5.325803365275691981e+00 6.282948133397643353e+00 5.089445491457847304e+00
5.661076137420587351e+00 5.614256775692521906e+00 5.400132515743556461e+00 6.373287661915390423e+00 5.161942858613601359e+00
5.742186068907988883e+00 5.686721029620072088e+00 5.476437918574357688e+00 6.464987558762676834e+00 5.236365637203177492e+00
5.826359229961396657e+00 5.761906831093071446e+00 5.555656872748101271e+00 6.559091237698423171e+00 5.313386289542954444e+00
5.914873550890279219e+00 5.841288973469769275e+00 5.638855109176279079e+00 6.656770626583432104e+00 5.393778522137487208e+00
6.008916189047323719e+00 5.926207416959358376e+00 5.727029215446119537e+00 6.759093563051078668e+00 5.478274658551397280e+00
6.109585295758030554e+00 6.017867766568731902e+00 5.821107025829157067e+00 6.867025301684076766e+00 5.567563450225208044e+00
6.217890341331695936e+00 6.117340907397511351e+00 5.921947003055739067e+00 6.981428551576041031e+00 5.662287296759351385e+00
6.334751590883347383e+00 6.225561916126686413e+00 6.030337100697015451e+00 7.103062824609382986e+00 5.763038675770436825e+00
6.460998470808358540e+00 6.343328387460733353e+00 6.146992795197516735e+00 7.232582912644470063e+00 5.870355528166256498e+00
6.597366753245575310e+00 6.471298193300553336e+00 6.272554289146056838e+00 7.370536605141197128e+00 5.984716060704999840e+00
6.744494456812006433e+00 6.609986844880857859e+00 6.407582784343912152e+00 7.517361747528354954e+00 6.106532651712386794e+00
6.902916129438659176e+00 6.759764394688877687e+00 6.552555626158409474e+00 7.673382593612690705e+00 6.236144587306151621e+00
7.073055328093312610e+00 6.920852305239078461e+00 6.707860181889571116e+00 7.838805627846238799e+00 6.373809846454963512e+00
7.255215044722707951e+00 7.093320462483974964e+00 6.873786432301298710e+00 8.013714975783129191e+00 6.519695868788176085e+00
7.449565826276035807e+00 7.277084650449809011e+00 7.050518109056998384e+00 8.198067680355038078e+00 6.673869435742847855e+00
7.656131435931176732e+00 7.471904894254953966e+00 7.238122407736601538e+00 8.391689249242592297e+00 6.836285977779539280e+00
7.874772078685471577e+00 7.677385241116636116e+00 7.436538407197155642e+00 8.594269892825193935e+00 7.006778871453537505e+00
8.105165468365308712e+00 7.892975578242676704e+00 7.645564409373466042e+00 8.805362060404393176e+00 7.185049515063190562e+00
8.346786585228681332e+00 8.117975909995417183e+00 7.864844885701273824e+00 9.024379987922225510e+00 7.370659358866162414e+00
8.598887853718885310e+00 8.351543893860384316e+00 8.093857854081631942e+00 9.250602096113096806e+00 7.563025479697818909e+00
8.860482436930807282e+00 8.592706081474618784e+00 8.331904090492091797e+00 9.483176919170393404e+00 7.761421511331119127e+00
9.130335022812525736e+00 8.840372898779790489e+00 8.578099976803502003e+00 9.721133432323620482e+00 7.964985869424762832e+00
9.406964922850693966e+00 9.093357855166981807e+00 8.831376279056474488e+00 9.963396129701447279e+00 8.172738849836914454e+00
9.688667449952193422e+00 9.350400433673819123e+00 9.090485393171437778e+00 1.020880501490314174e+01 8.383609504547779423e+00
9.973557661949948638e+00 9.610191830309137373e+00 9.354019175325005264e+00 1.045614024530480535e+01 8.596471447452270098e+00
1.025963697717951462e+01 9.871403091832220866e+00 9.620439285109988248e+00 1.070415031608166601e+01 8.810185408430960763e+00
1.054487794813953094e+01 1.013271369970636826e+01 9.888119771254466173e+00 1.095158256362150695e+01 9.023643595605912893e+00
1.082731644211181532e+01 1.039283929143217478e+01 1.015540025231029198e+01 1.119721395767186323e+01 9.235811470609508689e+00
1.110513781306708303e+01 1.065055757352431343e+01 1.042064554112393004e+01 1.143988030917446785e+01 9.445761248404005883e+00
1.137674455552543584e+01 1.090473042945884963e+01 1.068230510483125251e+01 1.167850185277278818e+01 9.652693907416370678e+00
1.164079802303126954e+01 1.115432167574962463e+01 1.093896695694830257e+01 1.191210384184920379e+01 9.855948582651556933e+00
1.189623325978583601e+01 1.139840976984542031e+01 1.118939909828229595e+01 1.213983101438370404e+01 1.005500055292408668e+01
1.214225101319709132e+01 1.163619538746720750e+01 1.143257533932131231e+01 1.236095577584772798e+01 1.024945079253734548e+01
1.237829414232568581e+01 1.186700410903559622e+01 1.166768440810477436e+01 1.257488044159922858e+01 1.043901046234339347e+01
1.260401385041360989e+01 1.209027983574009113e+01 1.189412207562496171e+01 1.278113064098374352e+01 1.062348297952840781e+01
1.281923207469618653e+01 1.230556882800450502e+01 1.211147082522068175e+01 1.297934098447286466e+01 1.080274698020298985e+01
1.302391400826070900e+01 1.251253295734756676e+01 1.231948366255983807e+01 1.316925899679763390e+01 1.097674058646730977e+01
1.321813824831236417e+01 1.271094377567432510e+01 1.251805780636952647e+01 1.335073755827013997e+01 1.114544926786788714e+01
1.340206880412666202e+01 1.290066817161585000e+01 1.270720595099100336e+01 1.352371828602955262e+01 1.130889411553681256e+01
1.357593342542279302e+01 1.308165539730115157e+01 1.288702961743919495e+01 1.368821721971770167e+01 1.146712290453205618e+01
1.374000543504796745e+01 1.325392446816012537e+01 1.305769773954922108e+01 1.384431243800878342e+01 1.162020299995677775e+01
1.389458897921063674e+01 1.341755306564060035e+01 1.321942757483795639e+01 1.399213156509148881e+01 1.176821615805360643e+01
1.404000898123374874e+01 1.357266700966838435e+01 1.337247079655220006e+01 1.413184132192410836e+01 1.191125440035102123e+01
1.417660249914431247e+01 1.371943046211887030e+01 1.351710202091755164e+01 1.426363910412641367e+01 1.204941654435073062e+01
1.430471192134692515e+01 1.385803825492020636e+01 1.365360941106386150e+01 1.438774519451907707e+01 1.218280616369003155e+01
1.442468033657962145e+01 1.398870901935329414e+01 1.378228874902432111e+01 1.450439610644014188e+01 1.231152968136588655e+01
1.453684803520740587e+01 1.411167898241247798e+01 1.390343839137917747e+01 1.461383930319175306e+01 1.243569503736244997e+01
1.464154976517233742e+01 1.422719672127405310e+01 1.401735509637379273e+01 1.471632902960949707e+01 1.255541070686086158e+01
1.473911267793783608e+01 1.433551889996047812e+01 1.412433165844108807e+01 1.481212289639323920e+01 1.267078488415291915e+01
1.482985496020111071e+01 1.443690685346632741e+01 1.422465501962998680e+01 1.490147899373923401e+01 1.278192494842246241e+01
1.491408495823262825e+01 1.453162377177794262e+01 1.431860481743750313e+01 1.498465357032892342e+01 1.288893706525839811e+01
1.499210057650914152e+01 1.461993229958265239e+01 1.440645251625584855e+01 1.506189928875827633e+01 1.299192587613072369e+01
1.506418886802334534e+01 1.470209251035307929e+01 1.448846085337971168e+01 1.513346393787321986e+01 1.309099426746087147e+01
1.513062586918231034e+01 1.477836037674849123e+01 1.456488347221278978e+01 1.519958945258517780e+01 1.318624313087126509e+01
1.519167661997519581e+01 1.484898662617555942e+01 1.463596476353613340e+01 1.526051116139824160e+01 1.327777140967601710e+01
1.524759526411310340e+01 1.491421587388396830e+01 1.470193984004702514e+01 1.531645724254959262e+01 1.336567596543466863e+01
1.529862521158278987e+01 1.497428594037197769e+01 1.476303459156991416e+01 1.536764837126199623e+01 1.345005149690864776e+01
1.534499936777830698e+01 1.502942734533921154e+01 1.481946585005269945e+01 1.541429751783602420e+01 1.353099051899820360e+01
1.538694041324252915e+01 1.507986296738907583e+01 1.487144159079473482e+01 1.545660985238191465e+01 1.360858338742364992e+01
1.542466111683762087e+01 1.512580784295839287e+01 1.491916114067958077e+01 1.549478273895197944e+01 1.368291829636853230e+01
1.545836466586166580e+01 1.516746907245976850e+01 1.496281543213668463e+01 1.552900576216260653e+01 1.375408130474268020e+01
1.548824500419211248e+01 1.520504580567935449e+01 1.500258727889992905e+01 1.555946083786168010e+01 1.382215635047830560e+01
1.551448716562793706e+01 1.523872928936421367e+01 1.503865165694082151e+01 1.558632237204217930e+01 1.388722526537090651e+01
1.553726763385290965e+01 1.526870296683427597e+01 1.507117598615721299e+01 1.560975744339974369e+01 1.394936784470025337e+01
1.555675468836775366e+01 1.529514261547375753e+01 1.510032041365215782e+01 1.562992599795575899e+01 1.400866183506977158e+01
1.557310875254868243e+01 1.531821650458695139e+01 1.512623809620112070e+01 1.564698105840485809e+01 1.406518302608177606e+01
1.558648272060107587e+01 1.533808561823902039e+01 1.514907546930333027e+01 1.566106894855906795e+01 1.411900526956555701e+01
1.559702226838824757e+01 1.535490386499953708e+01 1.516897252875292068e+01 1.567232952699152371e+01 1.417020052397107399e+01
1.560486618315952967e+01 1.536881830446039388e+01 1.518606309732136417e+01 1.568089642323787380e+01 1.421883889801527978e+01
1.561014667041728110e+01 1.537996937739652203e+01 1.520047507488739846e+01 1.568689727284038860e+01 1.426498868383250951e+01
1.561298964692829827e+01 1.538849114288191622e+01 1.521233069939029647e+01 1.569045394995900899e+01 1.430871639665551776e+01
1.561351502724485663e+01 1.539451151901717907e+01 1.522174677565955392e+01 1.569168279981395564e+01 1.435008683094920734e+01
1.561183700131451957e+01 1.539815252395408329e+01 1.522883490256129946e+01 1.569069485456849122e+01 1.438916309073585609e+01
1.560806429510274107e+01 1.539953051377671223e+01 1.523370171240743076e+01 1.568759607079145546e+01 1.442600664093431995e+01
1.560230042346538148e+01 1.539875641605858014e+01 1.523644908243247187e+01 1.568248754110981302e+01 1.446067734104460634e+01
1.559464393391069237e+01 1.539593595520761404e+01 1.523717433615611405e+01 1.567546569307758375e+01 1.449323349076649770e+01
1.558518863835540635e+01 1.539116988251379325e+01 1.523597044666522038e+01 1.566662251495871594e+01 1.452373186324106946e+01
1.557402383915541222e+01 1.538455417435727668e+01 1.523292623335284546e+01 1.565604572115482895e+01 1.455222774744904868e+01
1.556123453203765550e+01 1.537618027705283374e+01 1.522812653254055171e+01 1.564381895490667063e+01 1.457877498455471610e+01
1.554690160748235606e+01 1.536613527633705445e+01 1.522165237925021408e+01 1.563002196937003951e+01 1.460342600441611971e+01
1.553110207739788606e+01 1.535450211864702830e+01 1.521358118204357979e+01 1.561473079956417465e+01 1.462623186330425362e+01
1.551390920831874887e+01 1.534135978752542329e+01 1.520398687288582273e+01 1.559801793908079937e+01 1.464724227821905522e+01
1.549539278469804948e+01 1.532678347190666734e+01 1.519294006453934465e+01 1.557995249258204495e+01 1.466650566077789541e+01
1.547561915296003221e+01 1.531084477570769131e+01 1.518050820418844893e+01 1.556060032557524409e+01 1.468406915353987330e+01
1.545465152190791791e+01 1.529361183890891063e+01 1.516675570741401025e+01 1.554002423176106618e+01 1.469997865968750261e+01
1.543254997319906785e+01 1.527514953950555565e+01 1.515174409401135058e+01 1.551828405075846540e+01 1.471427887414671254e+01
1.540937173138607186e+01 1.525551963042408055e+01 1.513553212115600211e+01 1.549543681477620005e+01 1.472701332160866272e+01
1.538517120684413442e+01 1.523478087510091328e+01 1.511817590596022320e+01 1.547153688683341599e+01 1.473822438228440390e+01
1.536000020002984456e+01 1.521298922315028079e+01 1.509972903957572044e+01 1.544663606484626150e+01 1.474795331613794325e+01
1.533390798106023567e+01 1.519019789858532121e+01 1.508024270218657925e+01 1.542078371747092369e+01 1.475624031786919943e+01
1.530694144895247888e+01 1.516645756830096481e+01 1.505976577061750987e+01 1.539402689011380154e+01 1.476312449487140732e+01
1.527914522718347179e+01 1.514181643976770175e+01 1.503834491488292890e+01 1.536641040714969186e+01 1.476864395713716327e+01
1.525056177557132386e+01 1.511632038137962830e+01 1.501602472375654429e+01 1.533797698997126702e+01 1.477283579670670655e+01
1.522123149360785099e+01 1.509001305451108621e+01 1.499284774828482725e+01 1.530876734143340379e+01 1.477573612482093068e+01
1.519119281916125175e+01 1.506293598680705692e+01 1.496885469007968261e+01 1.527882024293153052e+01 1.477738011829158893e+01
1.516048232826133102e+01 1.503512870602118134e+01 1.494408432756746485e+01 1.524817265512567133e+01 1.477780200714270542e+01
1.512913481084911105e+01 1.500662881359615142e+01 1.491857379672558714e+01 1.521685978682748974e+01 1.477703513924949874e+01
1.509718337872968164e+01 1.497747208440721778e+01 1.489235845847449902e+01 1.518491518747863900e+01 1.477511197219666528e+01
1.506465951937871850e+01 1.494769256500132748e+01 1.486547216224015955e+01 1.515237082518658518e+01 1.477206411274284115e+01
1.503159321019141359e+01 1.491732263527175739e+01 1.483794717371773508e+01 1.511925715234885459e+01 1.476792234021823091e+01
1.499801294838657384e+01 1.488639311339876414e+01 1.480981433431941952e+01 1.508560317892913183e+01 1.476271661340666697e+01
1.496394587406615173e+01 1.485493331136965800e+01 1.478110308084568558e+01 1.505143654510715479e+01 1.475647611742472876e+01
1.492941777782671942e+01 1.482297111733910633e+01 1.475184152425855366e+01 1.501678359977788801e+01 1.474922925244374383e+01
1.489445322852466269e+01 1.479053306788433630e+01 1.472205651965340323e+01 1.498166940838470218e+01 1.474100368295490604e+01
1.485907556879874214e+01 1.475764439960043894e+01 1.469177370025903251e+01 1.494611793467320027e+01 1.473182634242124855e+01
1.482330703539931527e+01 1.472432913085926920e+01 1.466101756737876194e+01 1.491015189351954717e+01 1.472172344705381342e+01
1.478716875558617794e+01 1.469061010310113957e+01 1.462981148255673425e+01 1.487379303237916872e+01 1.471072053562775217e+01
1.475068085414221386e+01 1.465650904874746452e+01 1.459817779539802274e+01 1.483706202301391741e+01 1.469884245842395742e+01
1.471386245256297798e+01 1.462204664382933927e+01 1.456613780620209120e+01 1.479997853345478376e+01 1.468611342471452019e+01
1.467673176401556923e+01 1.458724255146697502e+01 1.453371189340873215e+01 1.476256135447920848e+01 1.467255699909928168e+01
1.463930609405472083e+01 1.455211548479556072e+01 1.450091947850623164e+01 1.472482832266906527e+01 1.465819612379204351e+01
1.460160192560494075e+01 1.451668323838697994e+01 1.446777913931265758e+01 1.468679648436538443e+01 1.464305314391655521e+01
1.456363492025380602e+01 1.448096274325070887e+01 1.443430858943233197e+01 1.464848203631185974e+01 1.462714980432229162e+01
1.452541999443264231e+01 1.444497010537662085e+01 1.440052476201906195e+01 1.460990042951217838e+01 1.461050728906220542e+01
1.448697132155956879e+01 1.440872064169770006e+01 1.436644381584795482e+01 1.457106638473131888e+01 1.459314621512237586e+01
1.444830239964196039e+01 1.437222892515762140e+01 1.433208118365731742e+01 1.453199390977345473e+01 1.457508665899309364e+01
1.440942605499690821e+01 1.433550880648778403e+01 1.429745160624951339e+01 1.449269638396842552e+01 1.455634817119609714e+01
1.437035450141961235e+01 1.429857348642024739e+01 1.426256914952908339e+01 1.445318649933446942e+01 1.453694977845784386e+01
1.433109934582336464e+01 1.426143548468844280e+01 1.422744725908757601e+01 1.441347639780590484e+01 1.451691001653852098e+01
1.429167163948890007e+01 1.422410674989806090e+01 1.419209875606570925e+01 1.437357761489866981e+01 1.449624692227121514e+01
1.425208188552124966e+01 1.418659865372411666e+01 1.415653590221934444e+01 1.433350114321830659e+01 1.447497806401131015e+01
1.421234008290709916e+01 1.414892194893368504e+01 1.412077038552992825e+01 1.429325746600465763e+01 1.445312054536976376e+01
1.417245573559496385e+01 1.411108695105841448e+01 1.408481338641431613e+01 1.425285654254572165e+01 1.443069101459889048e+01
1.413243789001295703e+01 1.407310340795131509e+01 1.404867556062597522e+01 1.421230788903817910e+01 1.440770568878557611e+01
1.409229514569757491e+01 1.403498060709537931e+01 1.401236710132126895e+01 1.417162053888388940e+01 1.438418034751287600e+01
1.405203568677621107e+01 1.399672740431262241e+01 1.397589772544989906e+01 1.413080312196492017e+01 1.436013036318228053e+01
1.401166729414473444e+01 1.395835217733355371e+01 1.393927672323513889e+01 1.408986384587626439e+01 1.433557069813866569e+01
1.397119737135187378e+01 1.391986293608997372e+01 1.390251295818082866e+01 1.404881052440237710e+01 1.431051591903849385e+01
1.393063295829908910e+01 1.388126727618092993e+01 1.386561489566635430e+01 1.400765061516077914e+01 1.428498021324269729e+01
1.388998074525077264e+01 1.384257242143914191e+01 1.382859062047677767e+01 1.396639119860428657e+01 1.425897738617195465e+01
1.384924709759733119e+01 1.380378526180453314e+01 1.379144784718641681e+01 1.392503904303248419e+01 1.423252088693190842e+01
1.380843808554483587e+01 1.376491232395119724e+01 1.375419394908185566e+01 1.388360057387816049e+01 1.420562380410804870e+01
1.376755945054864938e+01 1.372595984698000926e+01 1.371683595728050165e+01 1.384208192262654791e+01 1.417829888273735328e+01
1.372661668039286020e+01 1.368693374937567775e+01 1.367938059514531624e+01 1.380048892775430147e+01 1.415055853343468328e+01
1.368561501856350660e+01 1.364783964935756089e+01 1.364183427147807492e+01 1.375882714011247643e+01 1.412241483407961340e+01
1.364455937999494139e+01 1.360868291951622133e+01 1.360420311627956735e+01 1.371710186081450722e+01 1.409387955036211793e+01
1.360345449628339232e+01 1.356946863421199545e+01 1.356649297147547628e+01 1.367531812052266282e+01 1.406496413088006392e+01
1.356230487924753447e+01 1.353020164843048967e+01 1.352870942529998999e+01 1.363348072622756568e+01 1.403567972658859375e+01
1.352111475028113752e+01 1.349088656936230990e+01 1.349085780401250112e+01 1.359159424506219338e+01 1.400603719038152128e+01
1.347988818212140671e+01 1.345152776701775466e+01 1.345294320029730883e+01 1.354966302870589878e+01 1.397604708416610997e+01
1.343862904249635015e+01 1.341212941666006664e+01 1.341497047193803738e+01 1.350769122523888655e+01 1.394571970195270794e+01
1.339734096905760552e+01 1.337269547086330590e+01 1.337694425862486014e+01 1.346568277488340826e+01 1.391506506820910616e+01
1.335602745985452167e+01 1.333322970027798959e+01 1.333886899072743049e+01 1.342364144214075949e+01 1.388409291794330791e+01
1.331469183352253083e+01 1.329373569069581507e+01 1.330074889574332353e+01 1.338157079743157141e+01 1.385281275008559021e+01
1.327333722113778158e+01 1.325421684050464499e+01 1.326258801078748739e+01 1.333947425232675066e+01 1.382123382332803274e+01
1.323196662800619272e+01 1.321467639828304286e+01 1.322439018255557741e+01 1.329735504919122668e+01 1.378936515068673430e+01
1.319058290712086290e+01 1.317511743997281570e+01 1.318615909791395602e+01 1.325521627354415344e+01 1.375721545011322711e+01
1.314918875325830072e+01 1.313554289618478066e+01 1.314789827635332387e+01 1.321306086892956877e+01 1.372479328096220996e+01
1.310778675426675299e+01 1.309595555862863847e+01 1.310961104857168280e+01 1.317089162890028398e+01 1.369210695918676812e+01
1.306637936569433478e+01 1.305635806841745428e+01 1.307130063887635174e+01 1.312871122215642039e+01 1.365916456877878993e+01
1.302496889501194310e+01 1.301675295195270188e+01 1.303297012512416764e+01 1.308652218118857746e+01 1.362597395629976305e+01
1.298355756939312222e+01 1.297714260264304009e+01 1.299462238541267389e+01 1.304432692157506857e+01 1.359254280506774570e+01
1.294214749616556048e+01 1.293752929646132799e+01 1.295626022683900658e+01 1.300212774190027787e+01 1.355887858291266390e+01
1.290074066211732351e+01 1.289791520408960324e+01 1.291788632736922615e+01 1.295992682667257512e+01 1.352498854062333145e+01
1.285933897756084754e+01 1.285830237836735712e+01 1.287950321357342176e+01 1.291772626084712350e+01 1.349087974564135983e+01
1.281794425012808425e+01 1.281869278179381233e+01 1.284111330007296559e+01 1.287552802164252874e+01 1.345655909036439724e+01
1.277655818618993777e+01 1.277908827531246772e+01 1.280271891709751664e+01 1.283333399752145709e+01 1.342203328172236887e+01
1.273518242373683940e+01 1.273949062622502559e+01 1.276432227389300067e+01 1.279114597638866968e+01 1.338730882430995095e+01
1.269381851269317174e+01 1.269990152165863506e+01 1.272592546410769820e+01 1.274896566355304373e+01 1.335239207992029797e+01
1.265246791990124642e+01 1.266032255600392631e+01 1.268753051093636230e+01 1.270679468843697357e+01 1.331728923528158859e+01
1.261113205031817053e+01 1.262075525373980689e+01 1.264913933911684474e+01 1.266463460145215869e+01 1.328200631097739226e+01
1.256981223296906158e+01 1.258120106109147329e+01 1.261075376788940794e+01 1.262248685121593184e+01 1.324654915582198278e+01
1.252850972601084401e+01 1.254166134960315837e+01 1.257237555609769331e+01 1.258035285469144782e+01 1.321092348554021001e+01
1.248722573541655656e+01 1.250213742963099506e+01 1.253400637944896445e+01 1.253823395608108449e+01 1.317513486081522345e+01
1.244596140022279585e+01 1.246263053981835256e+01 1.249564782492909032e+01 1.249613141105821867e+01 1.313918868239696280e+01
1.240471779982755152e+01 1.242314186242512442e+01 1.245730142005318442e+01 1.245404640713136324e+01 1.310309020905642541e+01
1.236349596851551169e+01 1.238367252073168068e+01 1.241896862702913218e+01 1.241198011147397651e+01 1.306684457577551584e+01
1.232229688150786551e+01 1.234422357859712172e+01 1.238065082961604446e+01 1.236993362572747301e+01 1.303045677832527005e+01
1.228112146408173189e+01 1.230479605252243935e+01 1.234234934613630053e+01 1.232790795281727370e+01 1.299393165493661861e+01
1.223997060187532426e+01 1.226539089996468590e+01 1.230406545090845682e+01 1.228590409204531397e+01 1.295727394013009359e+01
1.219884512918234698e+01 1.222600903594302935e+01 1.226580035293174653e+01 1.224392298460833395e+01 1.292048824008589669e+01
1.215774583888516247e+01 1.218665133408502932e+01 1.222755519514499944e+01 1.220196551912266436e+01 1.288357903613410826e+01
1.211667348824983748e+01 1.214731862742363155e+01 1.218933108482800343e+01 1.216003252570859594e+01 1.284655067744609980e+01
1.207562879025211089e+01 1.210801168293716934e+01 1.215112907527631236e+01 1.211812481504860628e+01 1.280940741577533970e+01
1.203461242358546279e+01 1.206873125828923499e+01 1.211295015764914318e+01 1.207624315135159776e+01 1.277215338552263191e+01
1.199362503523617107e+01 1.202947807255255164e+01 1.207479529355942205e+01 1.203438825702548520e+01 1.273479260753200215e+01
1.195266723384364660e+01 1.199025281190244385e+01 1.203666539748032172e+01 1.199256082230840725e+01 1.269732899419577699e+01
1.191173959985206032e+01 1.195105607813242798e+01 1.199856133587027784e+01 1.195076150707153495e+01 1.265976636299219571e+01
1.187084268565918066e+01 1.191188850389568188e+01 1.196048393998899506e+01 1.190899093765889383e+01 1.262210842922259246e+01
1.182997700998675583e+01 1.187275067427668063e+01 1.192243400601260994e+01 1.186724968602408659e+01 1.258435879545963054e+01
1.178914306874833606e+01 1.183364314417303120e+01 1.188441228958143725e+01 1.182553832334963317e+01 1.254652098015302109e+01
1.174834133297822625e+01 1.179456640856737515e+01 1.184641950959734480e+01 1.178385738470589850e+01 1.250859841098671765e+01
1.170757224407777919e+01 1.175552097873400825e+01 1.180845635946346306e+01 1.174220737340529297e+01 1.247059442286597175e+01
1.166683622518466557e+01 1.171650732808674000e+01 1.177052349835821055e+01 1.170058876496772626e+01 1.243251224750862782e+01
1.162613367710710577e+01 1.167752590340864316e+01 1.173262154870983487e+01 1.165900201987366103e+01 1.239435504909854124e+01
1.158546497503401262e+01 1.163857711574108222e+01 1.169475111401755107e+01 1.161744757348975732e+01 1.235612590311420256e+01
1.154483047911121751e+01 1.159966137431160860e+01 1.165691276882625971e+01 1.157592582370204859e+01 1.231782779968899533e+01
