1.290681421198356160e+00 1.069594482711502925e+00 1.243902235353536057e+00 1.078135549607552202e+00 1.052298013006797817e+00
1.581204559664761256e+00 1.138279669863872634e+00 1.487215304713829900e+00 1.155466982426561318e+00 1.103753152802895210e+00
1.871618440195536914e+00 1.206093897398150538e+00 1.729969673374821548e+00 1.232026510228734661e+00 1.154403223440175763e+00
2.161951565083245264e+00 1.273072862063728383e+00 1.972193424201407863e+00 1.307844261015835841e+00 1.204283283389339987e+00
2.452221916070947305e+00 1.339249867289763474e+00 2.213912501834792046e+00 1.382948462649933097e+00 1.253425916521607730e+00
2.742441516029521686e+00 1.404656040237431736e+00 2.455150925885521307e+00 1.457365606181294293e+00 1.301861469605632315e+00
3.032618755125331855e+00 1.469320524028488784e+00 2.695930977617117197e+00 1.531120591534516073e+00 1.349618261191920299e+00
3.322759679130142363e+00 1.533270648510915102e+00 2.936273364014529097e+00 1.604236857820930062e+00 1.396722765976690095e+00
3.612868749763274767e+00 1.596532082402736252e+00 3.176197362438891059e+00 1.676736500205052938e+00 1.443199778052019600e+00
3.902949316868919993e+00 1.659128969218053529e+00 3.415720948530471368e+00 1.748640374974307354e+00 1.489072555899116246e+00
4.193003923859183857e+00 1.721084049017868711e+00 3.654860909608103725e+00 1.819968194224401925e+00 1.534362951530696018e+00
4.483034512085763978e+00 1.782418767728924713e+00 3.893632945456299677e+00 1.890738611375916367e+00 1.579091525815341068e+00
4.773042561440686171e+00 1.843153375522578186e+00 4.132051758108493900e+00 1.960969298569740227e+00 1.623277651708090463e+00
5.063029189325045643e+00 1.903307015535453672e+00 4.370131131979662520e+00 2.030677016847475258e+00 1.666939606853337752e+00
5.352995221605261200e+00 1.962897804036226379e+00 4.607884005511878378e+00 2.099877679902296013e+00 1.710094656810658309e+00
5.642941244186229000e+00 2.021942902992660773e+00 4.845322535319304791e+00 2.168586412082423642e+00 1.752759129970859808e+00
5.932867640893733530e+00 2.080458585865284871e+00 5.082458153676940427e+00 2.236817601240509212e+00 1.794948485074584044e+00
6.222774621401447881e+00 2.138460297345018635e+00 5.319301620079545323e+00 2.304584946945387181e+00 1.836677372112071494e+00
6.512662241785761807e+00 2.195962707658294821e+00 5.555863067486815687e+00 2.371901504505632641e+00 1.877959687268260014e+00
6.802530419484113189e+00 2.252979761982628393e+00 5.792152043787869076e+00 2.438779725195779235e+00 1.918808622476124937e+00
7.092378943905252697e+00 2.309524725445589510e+00 6.028177548935999219e+00 2.505231493024176803e+00 1.959236710049147900e+00
7.382207483572506668e+00 2.365610224119043092e+00 6.263948068138430969e+00 2.571268158334964582e+00 1.999255862804915518e+00
7.672015590423008291e+00 2.421248282367072679e+00 6.499471601427083023e+00 2.636900568494727537e+00 2.038877409963608223e+00
7.961802701702416662e+00 2.476450356858640234e+00 6.734755689879484919e+00 2.702139095875813801e+00 2.078112129112506423e+00
8.251568139755802278e+00 2.531227367513817494e+00 6.969807438714226144e+00 2.766993663312166341e+00 2.116970274404754715e+00
8.541311109912440358e+00 2.585589725614333645e+00 7.204633537437005408e+00 2.831473767168996680e+00 2.155461601122099502e+00
8.831030696580112860e+00 2.639547359274398541e+00 7.439240277172895155e+00 2.895588498133831123e+00 2.193595386660154745e+00
9.120725857596417185e+00 2.693109736435496782e+00 7.673633565279732061e+00 2.959346559802309429e+00 2.231380447933672961e+00
9.410395416827862292e+00 2.746285885518377601e+00 7.907818937295637340e+00 3.022756285097116802e+00 2.268825155127301763e+00
9.700038054953584066e+00 2.799084413836102847e+00 8.141801566235892906e+00 3.085825650520779284e+00 2.305937441643220343e+00
9.989652298320409685e+00 2.851513523842935438e+00 8.375586269209110313e+00 3.148562288202155113e+00 2.342724810017280390e+00
1.027923650570503078e+01 2.903581027264643399e+00 8.609177511279977324e+00 3.210973495650641052e+00 2.379194333481600587e+00
1.056878885276337598e+01 2.955294357125138660e+00 8.842579406456062330e+00 3.273066243079540971e+00 2.415352652749196860e+00
1.085830731388871406e+01 3.006660577651877997e+00 9.075795715619971560e+00 3.334847178098867548e+00 2.451205967478751635e+00
1.114778964113031812e+01 3.057686392006743858e+00 9.308829841168622110e+00 3.396322627505490299e+00 2.486760021739163218e+00
1.143723333974502232e+01 3.108378147749106812e+00 9.541684818044911864e+00 3.457498595811420827e+00 2.522020082637403959e+00
1.172663563986046320e+01 3.158741839891887171e+00 9.774363300765115170e+00 3.518380760046298850e+00 2.556990911089467744e+00
1.201599346361256870e+01 3.208783111357856210e+00 1.000686754594155126e+01 3.578974460241525435e+00 2.591676723498428814e+00
1.230530338698383019e+01 3.258507250579789627e+00 1.023919938967560128e+01 3.639284684846055828e+00 2.626081142853886163e+00
1.259456159539713838e+01 3.307919185911460502e+00 1.047136021904984560e+01 3.699316050129243028e+00 2.660207137478887152e+00
1.288376383190785113e+01 3.357023476423258046e+00 1.070335093675612192e+01 3.759072772384939753e+00 2.694056945301170458e+00
1.317290533657768847e+01 3.405824298541079376e+00 1.093517191767271157e+01 3.818558631450940322e+00 2.727631981143605611e+00
1.346198077527730774e+01 3.454325427844785690e+00 1.116682295591047946e+01 3.877776923683959875e+00 2.760932724064464328e+00
1.375098415575157951e+01 3.502530215163692784e+00 1.139830320048272050e+01 3.936730402061912493e+00 2.793958581256174689e+00
1.403990872824756231e+01 3.550441555881458822e+00 1.162961107729640453e+01 3.995421200500834491e+00 2.826707724413177747e+00
1.432874686731529223e+01 3.598061851076943540e+00 1.186074419455394313e+01 4.053850738740291781e+00 2.859176893834626476e+00
1.461748993052267842e+01 3.645392958762723623e+00 1.209169922790234253e+01 4.112019603232769605e+00 2.891361164640080528e+00
1.490612808865990324e+01 3.692436133014370458e+00 1.232247178065037296e+01 4.169927398322516687e+00 2.923253668930658744e+00
1.519465012051545649e+01 3.739191948178536951e+00 1.255305621306368558e+01 4.227572560562178339e+00 2.954845266589994690e+00
1.548304316331635277e+01 3.785660204562701470e+00 1.278344543301909297e+01 4.284952127221436591e+00 2.986124156632993465e+00
1.577129240725039061e+01 3.831839810985014250e+00 1.301363063794037522e+01 4.342061447815710018e+00 3.017075420177779410e+00
1.605938071896601826e+01 3.877728638221712654e+00 1.324360099485769560e+01 4.398893824728233426e+00 3.047680485356704327e+00
1.634728817406367796e+01 3.923323335623496888e+00 1.347334324111905168e+01 4.455440065624914681e+00 3.077916504007437659e+00
1.663499147201019923e+01 3.968619100843236769e+00 1.370284118251334782e+01 4.511687926271787497e+00 3.107755629955755605e+00
1.692246319779156849e+01 4.013609389533915994e+00 1.393207505723455952e+01 4.567621417476537715e+00 3.137164189397705361e+00
1.720967088184175964e+01 4.058285547786777414e+00 1.416102072334498452e+01 4.623219944170135598e+00 3.166101735667836703e+00
1.749657579162731125e+01 4.102636344658590062e+00 1.438964861065566048e+01 4.678457238189331235e+00 3.194519984097184295e+00
1.778313136347512113e+01 4.146647374960526378e+00 1.461792235567139464e+01 4.733300039418352867e+00 3.222361628317499616e+00
1.806928114550980524e+01 4.190300293024654010e+00 1.484579700509956801e+01 4.787706472858785922e+00 3.249559048115589821e+00
1.835495607025574216e+01 4.233571825852562753e+00 1.507321662573321497e+01 4.841624064048627218e+00 3.276032931716596597e+00
1.864007079755068830e+01 4.276432497896718310e+00 1.530011108852316326e+01 4.894987332051360163e+00 3.301690853195022424e+00
1.892451875451476440e+01 4.318844980244946008e+00 1.552639169177350276e+01 4.947714903184352586e+00 3.326425869509145095e+00
1.920816533139172577e+01 4.360761952079820425e+00 1.575194513653003803e+01 4.999706103139546443e+00 3.350115231927650150e+00
1.949083844537121379e+01 4.402123335152028361e+00 1.597662514460563621e+01 5.050837017649465466e+00 3.372619343508286516e+00
1.977231532426675642e+01 4.442852734295300365e+00 1.620024068793586025e+01 5.100956071830018423e+00 3.393781134717818393e+00
2.005230385581910113e+01 4.482852896912176810e+00 1.642253934477573551e+01 5.149879277673587552e+00 3.413426071712258647e+00
2.033041616004076602e+01 4.522000006793296834e+00 1.664318370451877982e+01 5.197385450434384602e+00 3.431363046287200902e+00
2.060613122333841574e+01 4.560136679380436320e+00 1.686171806412271579e+01 5.243211907186275944e+00 3.447386414318609926e+00
2.087874270225114159e+01 4.597063670237657718e+00 1.707752215177069743e+01 5.287051432895130354e+00 3.461279435532202964e+00
2.114728804939208828e+01 4.632530607803727385e+00 1.728974897175764269e+01 5.328551604924092189e+00 3.472819306186149646e+00
2.141045749595723890e+01 4.666226588131424435e+00 1.749724658812864675e+01 5.367317838706965993e+00 3.481783854151785818e+00
2.166648899008722395e+01 4.697772277640219762e+00 1.769847125048682557e+01 5.402921637619887640e+00 3.487959777989429799e+00
2.191307151467798420e+01 4.726716224856738258e+00 1.789141438025018260e+01 5.434915324776897094e+00 3.491152068616926840e+00
2.214730527713702557e+01 4.752539158553150678e+00 1.807358800805053178e+01 5.462853828671734746e+00 3.491193986176363229e+00
2.236579394249185171e+01 4.774670602527578467e+00 1.824213214672921879e+01 5.486322797141191643e+00 3.487956729416092472e+00
2.256494490507936490e+01 4.792521316319551694e+00 1.839409962596912607e+01 5.504970557120460128e+00 3.481357795567843194e+00
2.274149333289533104e+01 4.805532034796323515e+00 1.852691330793535229e+01 5.518539668389517594e+00 3.471367045788593231e+00
2.289313965544408447e+01 4.813233639734389335e+00 1.863888397982330503e+01 5.526892740054145214e+00 3.458009690888240062e+00
2.301906888249041572e+01 4.815307777659703525e+00 1.872959226381590980e+01 5.530027459248094246e+00 3.441365777358957434e+00
2.312012100053220820e+01 4.811633182482951021e+00 1.879996421114880434e+01 5.528077647935433880e+00 3.421566213620432784e+00
2.319854322165723914e+01 4.802304667190337994e+00 1.885201628004642416e+01 5.521300135653022245e+00 3.398785830421792387e+00
2.325746132138153754e+01 4.787619350628847137e+00 1.888840290340981909e+01 5.510050276572086680e+00 3.373234318088240702e+00
2.330030146993479079e+01 4.768034831528763284e+00 1.891195365041579635e+01 5.494750978591108392e+00 3.345146060771631902e+00
2.333034021639254618e+01 4.744111632484483643e+00 1.892532938487473970e+01 5.475860593207888982e+00 3.314769879240907269e+00
2.335044465273367820e+01 4.716454125507560491e+00 1.893083357100771025e+01 5.453844088254676592e+00 3.282359532240385125e+00
2.336297712297539775e+01 4.685660822049335650e+00 1.893035102173456963e+01 5.429150224733247043e+00 3.248165574275659662e+00
2.336980609038594991e+01 4.652289298420485331e+00 1.892536589060123831e+01 5.402195692177092390e+00 3.212428892048496021e+00
2.337236940177621491e+01 4.616836026055169739e+00 1.891701710337966702e+01 5.373355802569649953e+00 3.175375995951794650e+00
2.337175389961662120e+01 4.579728387100835185e+00 1.890616409394458941e+01 5.342960565915840121e+00 3.137215957743505257e+00
2.336877200582271641e+01 4.541325149731017419e+00 1.889344866072219986e+01 5.311294704314825310e+00 3.098138769514452662e+00
2.336402716104527144e+01 4.501921950893200908e+00 1.887934725439371775e+01 5.278600237428891617e+00 3.058314845457198228e+00
2.335796624400916244e+01 4.461759155999486026e+00 1.886421261828631302e+01 5.245080520393294421e+00 3.017895381768136431e+00
2.335091998573162186e+01 4.421030352633505522e+00 1.884830578750541363e+01 5.210904910849835758e+00 2.977013314547664713e+00
2.334313340986232532e+01 4.379890463711319626e+00 1.883182014732226861e+01 5.176213513309174452e+00 2.935784656112533142e+00
2.333478843881899323e+01 4.338462979362660121e+00 1.881489928272171142e+01 5.141121665962705478e+00 2.894310035963987282e+00
2.332602054484621235e+01 4.296846130361255511e+00 1.879765011996587276e+01 5.105723992886764151e+00 2.852676316482537278e+00
2.331693096274168653e+01 4.255118009558849224e+00 1.878015256376871633e+01 5.070097950410733745e+00 2.810958191738550216e+00
2.330759563328242123e+01 4.213340738971550259e+00 1.876246655467625857e+01 5.034306862261026083e+00 2.769219709046569999e+00
2.329807175432229016e+01 4.171563815634939054e+00 1.874463723909579116e+01 4.998402475455461236e+00 2.727515676951386858e+00
2.328840258713078271e+01 4.129826773896988712e+00 1.872669876266079925e+01 4.962427087172823548e+00 2.685892941071257312e+00
2.327862099085709247e+01 4.088161291120650631e+00 1.870867706040771239e+01 4.926415299200693099e+00 2.644391521683061352e+00
2.326875202995497460e+01 4.046592846827811840e+00 1.869059191494417504e+01 4.890395455924161361e+00 2.603045615256673440e+00
2.325881490415426001e+01 4.005142027141717520e+00 1.867245848014663423e+01 4.854390817511239575e+00 2.561884467335003190e+00
2.324882438234403281e+01 3.963825549357960387e+00 1.865428841315973685e+01 4.818420513946897188e+00 2.520933127093968107e+00
2.323879187201298890e+01 3.922657066632008416e+00 1.863609071866670419e+01 4.782500319168840441e+00 2.480213095292184367e+00
2.322872622005927212e+01 3.881647800343658972e+00 1.861787238104724906e+01 4.746643278385291431e+00 2.439742877620587613e+00
2.321863431482760021e+01 3.840807037648605426e+00 1.859963883960475073e+01 4.710860216083196050e+00 2.399538455106083212e+00
2.320852154067708284e+01 3.800142523415045215e+00 1.858139434723086580e+01 4.675160147357384055e+00 2.359613682472516238e+00
2.319839212231317660e+01 3.759660769634436406e+00 1.856314224228083631e+01 4.639550611053982365e+00 2.319980624390964419e+00
2.318824938692509718e+01 3.719367300085101746e+00 1.854488515528636228e+01 4.604037939754385356e+00 2.280649838505799831e+00
2.317809596437853870e+01 3.679266844219442500e+00 1.852662516691788497e+01 4.568627478769382577e+00 2.241630613079105494e+00
2.316793394074984036e+01 3.639363491142430185e+00 1.850836392907852357e+01 4.533323763967537445e+00 2.202931166093561988e+00
2.315776497649963162e+01 3.599660812165260904e+00 1.849010275810140769e+01 4.498130666359307028e+00 2.164558811732075760e+00
2.314759039778189731e+01 3.560161958560291939e+00 1.847184270674305395e+01 4.463051509807558048e+00 2.126520099321686619e+00
2.313741126724696073e+01 3.520869739706129486e+00 1.845358462000526245e+01 4.428089167051728836e+00 2.088820929087739309e+00
2.312722843914137272e+01 3.481786685685071880e+00 1.843532917856790121e+01 4.393246138064108131e+00 2.051466648413380334e+00
2.311704260233901209e+01 3.442915097536812574e+00 1.841707693270601354e+01 4.358524614203867387e+00 2.014462131744051643e+00
2.310685431404716539e+01 3.404257087683759675e+00 1.839882832886491926e+01 4.323926530764401477e+00 1.977811846795199502e+00
2.309666402635637539e+01 3.365814612463765343e+00 1.838058373055253725e+01 4.289453610111781501e+00 1.941519909243537567e+00
2.308647210711525943e+01 3.327589498422496739e+00 1.836234343481343956e+01 4.255107397152062099e+00 1.905590127856203297e+00
2.307627885648292931e+01 3.289583463538653163e+00 1.834410768529422953e+01 4.220889288544539042e+00 1.870026041577764087e+00
2.306608452007800736e+01 3.251798134399245921e+00 1.832587668257375668e+01 4.186800556803839335e+00 1.834830949916495868e+00
2.305588929942905096e+01 3.214235060102854646e+00 1.830765059240756898e+01 4.152842370218253087e+00 1.800007937734343644e+00
2.304569336033386762e+01 3.176895723519990167e+00 1.828942955232468037e+01 4.119015809337518874e+00 1.765559895365957255e+00
2.303549683954629046e+01 3.139781550411635536e+00 1.827121367689501952e+01 4.085321880642717396e+00 1.731489534842403089e+00
2.302529985015157621e+01 3.102893916808202146e+00 1.825300306197109634e+01 4.051761527896551307e+00 1.697799402867044893e+00
2.301510248589548624e+01 3.066234154972370174e+00 1.823479778810122198e+01 4.018335641581419537e+00 1.664491891085543074e+00
2.300490482467973052e+01 3.029803558206311198e+00 1.821659792328971150e+01 3.985045066754825172e+00 1.631569244103283856e+00
2.299470693139421940e+01 2.993603384713267257e+00 1.819840352523132054e+01 3.951890609614562511e+00 1.599033565629697229e+00
2.298450886021583273e+01 2.957634860684215550e+00 1.818021464312717228e+01 3.918873042953869401e+00 1.566886823067466183e+00
2.297431065647982962e+01 2.921899182747357937e+00 1.816203131916348923e+01 3.885993110730414202e+00 1.535130850811561309e+00
2.296411235820763963e+01 2.886397519892801800e+00 1.814385358971926721e+01 3.853251531891775716e+00 1.503767352488588394e+00
2.295391399735604310e+01 2.851131014963951937e+00 1.812568148635446619e+01 3.820649003566396473e+00 1.472797902323823571e+00
2.294371560084197981e+01 2.816100785790401240e+00 1.810751503662113038e+01 3.788186203739579483e+00 1.442223945772558080e+00
2.293351719138490807e+01 2.781307926023418364e+00 1.808935426473050256e+01 3.755863793489741642e+00 1.412046799594630642e+00
2.292331878820057156e+01 2.746753505724425448e+00 1.807119919210318315e+01 3.723682418860373211e+00 1.382267651449978985e+00
2.291312040757415858e+01 2.712438571747566307e+00 1.805304983782359329e+01 3.691642712424446859e+00 1.352887559127690542e+00
2.290292206333443303e+01 2.678364147950382357e+00 1.803490621901649504e+01 3.659745294590386333e+00 1.323907449491094956e+00
2.289272376724696656e+01 2.644531235264138136e+00 1.801676835115954489e+01 3.627990774690222242e+00 1.295328117208313090e+00
2.288252552934108053e+01 2.610940811638472248e+00 1.799863624834330977e+01 3.596379751883711506e+00 1.267150223332647929e+00
2.287232735818198748e+01 2.577593831889270604e+00 1.798050992348802168e+01 3.564912815906822630e+00 1.239374293785385772e+00
2.286212926109800847e+01 2.544491227462776450e+00 1.796238938852463107e+01 3.533590547688237216e+00 1.212000717788521031e+00
2.285193124437051537e+01 2.511633906127222371e+00 1.794427465454644732e+01 3.502413519853883717e+00 1.185029746288453811e+00
2.284173331339308533e+01 2.479022751606395403e+00 1.792616573193631524e+01 3.471382297136046180e+00 1.158461490406889949e+00
2.283153547280511475e+01 2.446658623163457946e+00 1.790806263047344871e+01 3.440497436701249079e+00 1.132295919950985885e+00
2.282133772660418103e+01 2.414542355143462604e+00 1.788996535942347776e+01 3.409759488408764749e+00 1.106532862011080809e+00
2.281114007824068679e+01 2.382674756481696576e+00 1.787187392761437010e+01 3.379168995009739884e+00 1.081171999671260320e+00
2.280094253069782440e+01 2.351056610183703377e+00 1.785378834350063570e+01 3.348726492295436952e+00 1.056212870855183006e+00
2.279074508655913078e+01 2.319688672782244332e+00 1.783570861521767981e+01 3.318432509201777680e+00 1.031654867327147729e+00
2.278054774806571103e+01 2.288571673775646520e+00 1.781763475062791358e+01 3.288287567876290396e+00 1.007497233866157194e+00
2.277035051716483238e+01 2.257706315051458912e+00 1.779956675735996185e+01 3.258292183712654388e+00 9.837390676286924540e-01
2.276015339555121386e+01 2.227093270298873051e+00 1.778150464284201604e+01 3.228446865357278650e+00 9.603793177140570458e-01
2.274995638470215908e+01 2.196733184412959616e+00 1.776344841433030197e+01 3.198752114691680859e+00 9.374167849443784117e-01
2.273975948590753404e+01 2.166626672893466221e+00 1.774539807893336985e+01 3.169208426793900024e+00 9.148501218697024928e-01
2.272956270029537151e+01 2.136774321240640262e+00 1.772735364363290600e+01 3.139816289881733447e+00 8.926778330070310741e-01
2.271936602885375223e+01 2.107176684350308360e+00 1.770931511530154623e+01 3.110576185240174318e+00 8.708982753206166993e-01
2.270916947244959516e+01 2.077834285910273415e+00 1.769128250071819153e+01 3.081488587135101209e+00 8.495096589493563721e-01
2.269897303184471937e+01 2.048747617799932641e+00 1.767325580658112472e+01 3.052553962714996239e+00 8.285100481856754184e-01
2.268877670770971378e+01 2.019917139494861402e+00 1.765523503951936846e+01 3.023772771902237366e+00 8.078973627087573384e-01
2.267858050063580677e+01 1.991343277478035301e+00 1.763722020610243391e+01 2.995145467275280637e+00 7.876693790739796031e-01
2.266838441114515490e+01 1.963026424659244151e+00 1.761921131284875841e+01 2.966672493942914990e+00 7.678237324584911150e-01
2.265818843969966423e+01 1.934966939804172892e+00 1.760120836623299567e+01 2.938354289411604370e+00 7.483579186619709889e-01
2.264799258670868909e+01 1.907165146974574066e+00 1.758321137269233603e+01 2.910191283446786681e+00 7.292692963601343781e-01
2.263779685253560103e+01 1.879621334980865921e+00 1.756522033863198118e+01 2.882183897928948024e+00 7.105550896073148381e-01
2.262760123750354779e+01 1.852335756848473736e+00 1.754723527042990128e+01 2.854332546705136586e+00 6.922123905832233692e-01
2.261740574190045194e+01 1.825308629299169816e+00 1.752925617444097384e+01 2.826637635436560547e+00 6.742381625777992271e-01
2.260721036598328482e+01 1.798540132248606538e+00 1.751128305700058974e+01 2.799099561442794926e+00 6.566292432069326113e-01
2.259701510998188567e+01 1.772030408321228823e+00 1.749331592442780803e+01 2.771718713543110724e+00 6.393823478507509872e-01
2.258681997410220887e+01 1.745779562383704242e+00 1.747535478302806666e+01 2.744495471895359362e+00 6.224940733051431696e-01
2.257662495852919093e+01 1.719787661097968545e+00 1.745739963909561610e+01 2.717430207832821409e+00 6.059609016362262901e-01
2.256643006342922320e+01 1.694054732494959303e+00 1.743945049891561183e+01 2.690523283699388646e+00 5.897792042265780355e-01
2.255623528895235097e+01 1.668580765570078173e+00 1.742150736876592632e+01 2.663775052683412081e+00 5.739452460012334223e-01
2.254604063523418844e+01 1.643365709901364102e+00 1.740357025491881160e+01 2.637185858650529013e+00 5.584551898207130716e-01
2.253584610239758135e+01 1.618409475291371358e+00 1.738563916364226714e+01 2.610756035975764000e+00 5.433051010276916948e-01
2.252565169055408134e+01 1.593711931433692053e+00 1.736771410120134362e+01 2.584485909375162205e+00 5.284909521333646110e-01
2.251545739980520722e+01 1.569272907604982725e+00 1.734979507385919817e+01 2.558375793737217130e+00 5.140086276289873579e-01
2.250526323024362085e+01 1.545092192383392460e+00 1.733188208787809259e+01 2.532425993954330323e+00 4.998539289079299563e-01
2.249506918195409000e+01 1.521169533394202134e+00 1.731397514952022121e+01 2.506636804754528658e+00 4.860225792829528935e-01
2.248487525501438000e+01 1.497504637083458601e+00 1.729607426504849599e+01 2.481008510533653677e+00 4.725102290834484742e-01
2.247468144949602831e+01 1.474097168520348999e+00 1.727817944072720380e+01 2.455541385188243275e+00 4.593124608171859080e-01
2.246448776546502657e+01 1.450946751229013953e+00 1.726029068282259260e+01 2.430235691949302446e+00 4.464247943810856212e-01
2.245429420298242462e+01 1.428052967050434274e+00 1.724240799760341147e+01 2.405091683217102094e+00 4.338426923056227791e-01
2.244410076210485272e+01 1.405415356035016661e+00 1.722453139134136535e+01 2.380109600397278147e+00 4.215615650175933982e-01
2.243390744288501892e+01 1.383033416366454604e+00 1.720666087031153424e+01 2.355289673738420131e+00 4.095767761058867751e-01
2.242371424537211411e+01 1.360906604317313917e+00 1.718879644079274627e+01 2.330632122171242937e+00 3.978836475763157798e-01
2.241352116961218854e+01 1.339034334236837820e+00 1.717093810906789386e+01 2.306137153149562025e+00 3.864774650813621037e-01
2.240332821564847521e+01 1.317415978571361501e+00 1.715308588142424284e+01 2.281804962493212852e+00 3.753534831088629065e-01
2.239313538352168820e+01 1.296050867917678540e+00 1.713523976415368821e+01 2.257635734233216951e+00 3.645069301177353283e-01
2.238294267327030340e+01 1.274938291109647626e+00 1.711739976355297799e+01 2.233629640459139587e+00 3.539330136101901392e-01
2.237275008493075035e+01 1.254077495338267845e+00 1.709956588592393345e+01 2.209786841168993821e+00 3.436269251226065635e-01
2.236255761853763957e+01 1.233467686305384170e+00 1.708173813757364456e+01 2.186107484121798450e+00 3.335838451295197737e-01
2.235236527412397578e+01 1.213108028411129080e+00 1.706391652481460497e+01 2.162591704692831129e+00 3.237989478474558314e-01
2.234217305172126800e+01 1.192997644975196225e+00 1.704610105396489672e+01 2.139239625731999883e+00 3.142674059243792395e-01
2.233198095135973205e+01 1.173135618491849108e+00 1.702829173134830043e+01 2.116051357425150492e+00 3.049843950167875906e-01
2.232178897306838650e+01 1.153520990918642575e+00 1.701048856329443737e+01 2.093026997158771607e+00 2.959450982320229739e-01
2.231159711687518410e+01 1.134152763998699909e+00 1.699269155613886895e+01 2.070166629388093149e+00 2.871447104359668989e-01
2.230140538280711482e+01 1.115029899616343467e+00 1.697490071622318908e+01 2.047470325508654376e+00 2.785784424232418677e-01
2.229121377089029821e+01 1.096151320185812406e+00 1.695711604989512011e+01 2.024938143731796814e+00 2.702415249307973943e-01
2.228102228115008288e+01 1.077515909072735090e+00 1.693933756350858744e+01 2.002570128963771179e+00 2.621292125018443997e-01
2.227083091361110334e+01 1.059122511048760762e+00 1.692156526342380474e+01 1.980366312689056496e+00 2.542367871927818657e-01
2.226063966829736529e+01 1.040969932776205198e+00 1.690379915600732019e+01 1.958326712857767715e+00 2.465595621105751978e-01
2.225044854523229176e+01 1.023056943323488843e+00 1.688603924763208752e+01 1.936451333777252870e+00 2.390928847936155677e-01
2.224025754443879777e+01 1.005382274715840074e+00 1.686828554467752284e+01 1.914740166008352507e+00 2.318321404192671686e-01
2.223006666593932223e+01 9.879446225142857196e-01 1.685053805352954370e+01 1.893193186265923478e+00 2.247727548404662712e-01
2.221987590975587779e+01 9.707426464207985495e-01 1.683279678058061180e+01 1.871810357324321883e+00 2.179101974610075931e-01
2.220968527591011110e+01 9.537749709150886712e-01 1.681506173222978617e+01 1.850591627927595573e+00 2.112399839306063620e-01
2.219949476442331360e+01 9.370401859194233962e-01 1.679733291488274105e+01 1.829536932704547203e+00 2.047576786743686150e-01
2.218930437531645694e+01 9.205368474904157550e-01 1.677961033495181908e+01 1.808646192089109483e+00 1.984588972571678933e-01
2.217911410861024635e+01 9.042634785354420890e-01 1.676189399885604914e+01 1.787919312245582093e+00 1.923393085721962215e-01
2.216892396432512413e+01 8.882185695560453897e-01 1.674418391302117115e+01 1.767356184999480995e+00 1.863946368718775726e-01
2.215873394248130523e+01 8.724005794149987114e-01 1.672648008387967167e+01 1.746956687773653094e+00 1.806206636336168680e-01
2.214854404309878788e+01 8.568079361266367489e-01 1.670878251787079805e+01 1.726720683529855416e+00 1.750132292609117290e-01
2.213835426619740332e+01 8.414390376685099149e-01 1.669109122144059043e+01 1.706648020716208025e+00 1.695682346380162353e-01
2.212816461179679450e+01 8.262922528152110146e-01 1.667340620104187821e+01 1.686738533220019320e+00 1.642816425220807730e-01
2.211797507991646938e+01 8.113659219915388965e-01 1.665572746313432617e+01 1.666992040326774616e+00 1.591494787894578156e-01
2.210778567057577959e+01 7.966583581441728512e-01 1.663805501418442745e+01 1.647408346684843927e+00 1.541678335420966217e-01
2.209759638379396662e+01 7.821678476306992422e-01 1.662038886066553900e+01 1.627987242276156765e+00 1.493328620658287698e-01
2.208740721959016184e+01 7.678926511254431375e-01 1.660272900905787097e+01 1.608728502393184101e+00 1.446407856585430196e-01
2.207721817798339714e+01 7.538310045399324588e-01 1.658507546584852221e+01 1.589631887621705042e+00 1.400878923280212962e-01
2.206702925899260492e+01 7.399811199568767650e-01 1.656742823753148031e+01 1.570697143830161346e+00 1.356705373588447394e-01
2.205684046263665721e+01 7.263411865766289388e-01 1.654978733060762863e+01 1.551924002165062655e+00 1.313851437663685340e-01
2.204665178893433364e+01 7.129093716750292131e-01 1.653215275158476061e+01 1.533312179052742641e+00 1.272282026297724689e-01
2.203646323790436767e+01 6.996838215709181297e-01 1.651452450697759389e+01 1.514861376207712329e+00 1.231962733153242340e-01
2.202627480956542882e+01 6.866626626018886848e-01 1.649690260330777036e+01 1.496571280647088109e+00 1.192859835997742562e-01
2.201608650393614752e+01 6.738440021074664221e-01 1.647928704710387748e+01 1.478441564711888923e+00 1.154940296879493900e-01
2.200589832103509735e+01 6.612259294181673797e-01 1.646167784490142694e+01 1.460471886094570904e+00 1.118171761391979907e-01
2.199571026088082704e+01 6.488065168490848578e-01 1.644407500324289373e+01 1.442661887873158300e+00 1.082522557061445651e-01
2.198552232349184621e+01 6.365838206965751533e-01 1.642647852867769842e+01 1.425011198552103231e+00 1.047961690851773320e-01
2.197533450888663253e+01 6.245558822371474195e-01 1.640888842776223200e+01 1.407519432109374469e+00 1.014458845923463109e-01
2.196514681708365302e+01 6.127207287269736957e-01 1.639130470705983456e+01 1.390186188050524407e+00 9.819843776336786845e-02
2.195495924810134625e+01 6.010763744008126297e-01 1.637372737314083793e+01 1.373011051469030352e+00 9.505093088315060001e-02
2.194477180195813304e+01 5.896208214692257865e-01 1.635615643258253371e+01 1.355993593113327567e+00 9.200053245507303079e-02
2.193458447867242711e+01 5.783520611127692668e-01 1.633859189196919459e+01 1.339133369460522527e+00 8.904447660650910423e-02
2.192439727826263507e+01 5.672680744720076662e-01 1.632103375789208144e+01 1.322429922796342083e+00 8.618006244066324373e-02
2.191421020074714576e+01 5.563668336320937158e-01 1.630348203694943265e+01 1.305882781301996864e+00 8.340465333956049998e-02
2.190402324614435159e+01 5.456463026011927342e-01 1.628593673574648193e+01 1.289491459147190433e+00 8.071567621720285302e-02
2.189383641447264139e+01 5.351044382810142830e-01 1.626839786089545470e+01 1.273255456589750922e+00 7.811062073222388435e-02
