1.986118740595427923e+01 1.980800238133481983e+01 1.982570101059711121e+01 1.988870028005239732e+01 1.985141885031334752e+01
1.993364068042778214e+01 1.983333810761245175e+01 1.986955308693734779e+01 1.998699513772379177e+01 1.991631178892017218e+01
2.001706083107515965e+01 1.987554948385054132e+01 1.993087143999220956e+01 2.009465163107867625e+01 1.999426454521717389e+01
2.011114640877443804e+01 1.993418154312741919e+01 2.000896745099838370e+01 2.021142985512699042e+01 2.008487184803437842e+01
2.021559316260316663e+01 2.000877882224279602e+01 2.010314878868568300e+01 2.033708279950354836e+01 2.018773384195129594e+01
2.033009369569359492e+01 2.009888248760566754e+01 2.021271958084870235e+01 2.047135619933511919e+01 2.030245311583585988e+01
2.045433712343564636e+01 2.020402775315911370e+01 2.033698063670785672e+01 2.061398838312637594e+01 2.042863220838748717e+01
2.058800873537807519e+01 2.032374154918905873e+01 2.047522971788231771e+01 2.076471012125957927e+01 2.056587149398735193e+01
2.073078966245816090e+01 2.045754041368106613e+01 2.062676185712281551e+01 2.092324447892610806e+01 2.071376737929968570e+01
2.088235655136535485e+01 2.060492858813509542e+01 2.079086972477787754e+01 2.108930667733721265e+01 2.087191076031866999e+01
2.104238124807231713e+01 2.076539630785940815e+01 2.096684404366506271e+01 2.126260396720246248e+01 2.103988570357415355e+01
2.121053049280554959e+01 2.093841828336467259e+01 2.115397405348370796e+01 2.144283551859363968e+01 2.121726832559872378e+01
2.138646562898963310e+01 2.112345237492371197e+01 2.135154802620320069e+01 2.162969233147043369e+01 2.140362585257591732e+01
2.156984232897234222e+01 2.131993846661970338e+01 2.155885383399784061e+01 2.182285717129325420e+01 2.159851584805264935e+01
2.176031033961979944e+01 2.152729755038841475e+01 2.177517957128601012e+01 2.202200453429815141e+01 2.180148560120649748e+01
2.195751325116732033e+01 2.174493103268672201e+01 2.199981423228824085e+01 2.222680064714503345e+01 2.201207167153340905e+01
2.216108829300564409e+01 2.197222027926917676e+01 2.223204844524438784e+01 2.243690350575142745e+01 2.222979958886831398e+01
2.237066616037181888e+01 2.220852641472063027e+01 2.247117526404638355e+01 2.265196295821307260e+01 2.245418370916866380e+01
2.258587087620675860e+01 2.245319039421251972e+01 2.271649101754324462e+01 2.287162083672998136e+01 2.268472722823351972e+01
2.280631969271163229e+01 2.270553336489397367e+01 2.296729621618064243e+01 2.309551114343245359e+01 2.292092235626549623e+01
2.303162303737712335e+01 2.296485733343494573e+01 2.322289651495185225e+01 2.332326029490974051e+01 2.316225065662637306e+01
2.326138450848698014e+01 2.323044615445002847e+01 2.348260373086798936e+01 2.355448743005396750e+01 2.340818355205451340e+01
2.349520092527299653e+01 2.350156685180182947e+01 2.374573691232574291e+01 2.378880478558548361e+01 2.365818300116807293e+01
2.373266243800986430e+01 2.377747128108695662e+01 2.401162345685245114e+01 2.402581814323708898e+01 2.391170234717294463e+01
2.397335270341024227e+01 2.405739813694462725e+01 2.427960027277934785e+01 2.426512735209543692e+01 2.416818733943024000e+01
2.421684913066347278e+01 2.434057530323314111e+01 2.454901497943484756e+01 2.450632692899982956e+01 2.442707732690379174e+01
2.446272320333100225e+01 2.462622253766937419e+01 2.481922713948742043e+01 2.474900673915074378e+01 2.468780662051399943e+01
2.471054088211440458e+01 2.491355447534549228e+01 2.508960951601209999e+01 2.499275275824436449e+01 2.494980601915907670e+01
2.495986309318287866e+01 2.520178392779913068e+01 2.535954934627615742e+01 2.523714791643718058e+01 2.521250449158621620e+01
2.521024630625198526e+01 2.549012544624872234e+01 2.562844962277629435e+01 2.548177302333049710e+01 2.547533100356191937e+01
2.546124320601895619e+01 2.577779910948157749e+01 2.589573037184857540e+01 2.572620777193505504e+01 2.573771647689183695e+01
2.571240345980587350e+01 2.606403448901961184e+01 2.616082991913288680e+01 2.597003181822297435e+01 2.599909586388036686e+01
2.596327458329694693e+01 2.634807473692374202e+01 2.642320613072515556e+01 2.621282593146817774e+01 2.625891031790937191e+01
2.621340290519937355e+01 2.662918073528801344e+01 2.668233761839105256e+01 2.645417320907487380e+01 2.651660943798925985e+01
2.646233463040763212e+01 2.690663524146482999e+01 2.693772489696110739e+01 2.669366034807865518e+01 2.677165356257928508e+01
2.670961699979633153e+01 2.717974695966994858e+01 2.718889148192832295e+01 2.693087896399817893e+01 2.702351608571440522e+01
2.695479954323866068e+01 2.744785446810510621e+01 2.743538491540655500e+01 2.716542694623823095e+01 2.727168576665844668e+01
2.719743542075492115e+01 2.771032993130794253e+01 2.767677770885503463e+01 2.739690983787381739e+01 2.751566900299708252e+01
2.743708284486055149e+01 2.796658253016673612e+01 2.791266819158049017e+01 2.762494222638458297e+01 2.775499203639361667e+01
2.767330657533987903e+01 2.821606154698310220e+01 2.814268125470161053e+01 2.784914913084054078e+01 2.798920306019358151e+01
2.790567947575759788e+01 2.845825904993643718e+01 2.836646898120004323e+01 2.806916737019152208e+01 2.821787419874338099e+01
2.813378411909665289e+01 2.869271213014928890e+01 2.858371115385102001e+01 2.828464689673499777e+01 2.844060332969127813e+01
2.835721442810292103e+01 2.891900465491933758e+01 2.879411563401739826e+01 2.849525207855020170e+01 2.865701572265109220e+01
2.857557733407260869e+01 2.913676851218302843e+01 2.899741860589575637e+01 2.870066291474228137e+01 2.886676547044152485e+01
2.878849443667220243e+01 2.934568433344644234e+01 2.919338468226978023e+01 2.890057616775870386e+01 2.906953669249690009e+01
2.899560364539760471e+01 2.954548169477254405e+01 2.938180686952932774e+01 2.909470639778989920e+01 2.926504449403161701e+01
2.919656078285271761e+01 2.973593880745830731e+01 2.956250639149372006e+01 2.928278688545770336e+01 2.945303566887228897e+01
2.939104112920332312e+01 2.991688172130784196e+01 2.973533237320874179e+01 2.946457043044546964e+01 2.963328913854093827e+01
2.957874088663728429e+01 3.008818307350016497e+01 2.990016138781171051e+01 2.963983001557283004e+01 2.980561612497077206e+01
2.975937854343249001e+01 3.024976042462995807e+01 3.005689687110543318e+01 2.980835932795753607e+01 2.996986005901188221e+01
2.993269611701033739e+01 3.040157423032612272e+01 3.020546841013409889e+01 2.996997313126147944e+01 3.012589623155389162e+01
3.009846025757730104e+01 3.054362550178379010e+01 3.034583091356757123e+01 3.012450748561932556e+01 3.027363119843183270e+01
3.025646319427781705e+01 3.067595321153910248e+01 3.047796367292541220e+01 3.027181981452734050e+01 3.041300195427811559e+01
3.040652350856712616e+01 3.079863150192198873e+01 3.060186932497849455e+01 3.041178882075971046e+01 3.054397489392972531e+01
3.054848672301604751e+01 3.091176675297693777e+01 3.071757272648948245e+01 3.054431425618181706e+01 3.066654458286581431e+01
3.068222569374952968e+01 3.101549456444057995e+01 3.082511975324844045e+01 3.066931655302673576e+01 3.078073236040996008e+01
3.080764080056421506e+01 3.110997670285729555e+01 3.092457603589156889e+01 3.078673632682741967e+01 3.088658480098040471e+01
3.092465993076413255e+01 3.119539806037481355e+01 3.101602564523942007e+01 3.089653376359419568e+01 3.098417205960974385e+01
3.103323825642948108e+01 3.127196366647904213e+01 3.109956974005124053e+01 3.099868790602931412e+01 3.107358612819239951e+01
3.113335780831581445e+01 3.133989578818114197e+01 3.117532518988967638e+01 3.109319585550183618e+01 3.115493902858942121e+01
3.122502685292746349e+01 3.139943114822492376e+01 3.124342318550080222e+01 3.118007190809188600e+01 3.122836096783838400e+01
3.130827908242812896e+01 3.145081828496999776e+01 3.130400784860102448e+01 3.125934664428010024e+01 3.129399847936346291e+01
3.138317263007611757e+01 3.149431507192479529e+01 3.135723485231284258e+01 3.133106599271169301e+01 3.135201257234707484e+01
3.144978892642820512e+01 3.153018640960788588e+01 3.140327006268947230e+01 3.139529028890359896e+01 3.140257690937865576e+01
3.150823141367477120e+01 3.155870209762153067e+01 3.144228821087207493e+01 3.145209334970036963e+01 3.144587603024377742e+01
3.155862413728996074e+01 3.158013489060129686e+01 3.147447160444821534e+01 3.150156158365307490e+01 3.148210363732476225e+01
3.160111023539446862e+01 3.159475873809699920e+01 3.150000888552261102e+01 3.154379315619356916e+01 3.151146095564656235e+01
3.163585034699836029e+01 3.160284720544677484e+01 3.151909384199823450e+01 3.157889722638794439e+01 3.153415517815514590e+01
3.166302096054978321e+01 3.160467207030573533e+01 3.153192427740965087e+01 3.160699326902851425e+01 3.155039800446757781e+01
3.168281272406775173e+01 3.160050208763933099e+01 3.153870094365342069e+01 3.162821049167270715e+01 3.156040427908560275e+01
3.169542873749163547e+01 3.159060191463250789e+01 3.153962653990469533e+01 3.164268735089085283e+01 3.156439073298817988e+01
3.170108284688562605e+01 3.157523118603280565e+01 3.153490478000557573e+01 3.165057116530848802e+01 3.156257483062442759e+01
3.169999795882744209e+01 3.155464372986993737e+01 3.152473952975752169e+01 3.165201781515413870e+01 3.155517372263276954e+01
3.169240439170774337e+01 3.152908691320989476e+01 3.150933401458880567e+01 3.164719150919911783e+01 3.154240330314929963e+01
3.167853827887851992e+01 3.149880110754573082e+01 3.148889009738766376e+01 3.163626459078053443e+01 3.152447736930317745e+01
3.165864003668050941e+01 3.146401926354581491e+01 3.146360762555818624e+01 3.161941734602678977e+01 3.150160687946220150e+01
3.163295290836297369e+01 3.142496658512843766e+01 3.143368384574130658e+01 3.159683777069774635e+01 3.147399930594212591e+01
3.160172159287275306e+01 3.138186029317153469e+01 3.139931288417836797e+01 3.156872124857500594e+01 3.144185807724666759e+01
3.156519096556404591e+01 3.133490946957084589e+01 3.136068529016710116e+01 3.153527009570273876e+01 3.140538210443213174e+01
3.152360489590657266e+01 3.128431497280754670e+01 3.131798763978889255e+01 3.149669293213246846e+01 3.136476538586465068e+01
3.147720516550198155e+01 3.123026941666267575e+01 3.127140219676802246e+01 3.145320385526356333e+01 3.132019668446549687e+01
3.142623048805964103e+01 3.117295720421061844e+01 3.122110662711739693e+01 3.140502140717704549e+01 3.127185927146503630e+01
3.137091563150024243e+01 3.111255460972899556e+01 3.116727376411904871e+01 3.135236734886562715e+01 3.121993073073263858e+01
3.131149064100707591e+01 3.104922990167498753e+01 3.111007142004535453e+01 3.129546527479969953e+01 3.116458281786917439e+01
3.124818016069528426e+01 3.098314350041911425e+01 3.104966224105820061e+01 3.123453911854884879e+01 3.110598136843444195e+01
3.118120285066086339e+01 3.091444816475354074e+01 3.098620360171061705e+01 3.116981161153844226e+01 3.104428624992959129e+01
3.111077089530908424e+01 3.084328920218258574e+01 3.091984753553644794e+01 3.110150276071698627e+01 3.097965135243048351e+01
3.103708959826988689e+01 3.076980469783441663e+01 3.085074069832158017e+01 3.102982840834856759e+01 3.091222461309600789e+01
3.096035705873785204e+01 3.069412575780629737e+01 3.077902436073382120e+01 3.095499892612417270e+01 3.084214806988855884e+01
3.088076392373984547e+01 3.061637676306288469e+01 3.070483442716372835e+01 3.087721808368978316e+01 3.076955794085893459e+01
3.079849321061319145e+01 3.053667563043250510e+01 3.062830147776596945e+01 3.079668211548657908e+01 3.069458472459274745e+01
3.071372019387875341e+01 3.045513407769984582e+01 3.054955083086387546e+01 3.071357899542749337e+01 3.061735331874427501e+01
3.062661235071962196e+01 3.037185789018942828e+01 3.046870262306265786e+01 3.062808791617365500e+01 3.053798315336439373e+01
3.053732935930738179e+01 3.028694718658578111e+01 3.038587190458308740e+01 3.054037895991667639e+01 3.045658833623175354e+01
3.044602314437742052e+01 3.020049668210141647e+01 3.030116874752744494e+01 3.045061294095857818e+01 3.037327780761940232e+01
3.035283796464972284e+01 3.011259594738998047e+01 3.021469836496128991e+01 3.035894139661007429e+01 3.028815550225878184e+01
3.025791053691420629e+01 3.002332966190422425e+01 3.012656123887624915e+01 3.026550670154611211e+01 3.020132051648091576e+01
3.016137019185924828e+01 2.993277786064081880e+01 3.003685325527322902e+01 3.017044228128743200e+01 3.011286727879507197e+01
3.006333905700504161e+01 2.984101617343156931e+01 2.994566584476804394e+01 3.007387290216877673e+01 3.002288572235622510e+01
2.996393226241011831e+01 2.974811605616117660e+01 2.985308612728703537e+01 2.997591501757997179e+01 2.993146145800193025e+01
2.986325816510670350e+01 2.965414501344106313e+01 2.975919705956733097e+01 2.987667715306340455e+01 2.983867594671140822e+01
2.976141858853621613e+01 2.955916681242626254e+01 2.966407758432027464e+01 2.977626031566104814e+01 2.974460667051202734e+01
2.965850907356319865e+01 2.946324168760358830e+01 2.956780278004891471e+01 2.967475841558019667e+01 2.964932730101768144e+01
2.955461913794150419e+01 2.936642653646438106e+01 2.947044401063438102e+01 2.957225869069022650e+01 2.955290786490403931e+01
2.944983254140210960e+01 2.926877510608305144e+01 2.937206907392097932e+01 2.946884212648371459e+01 2.945541490577043220e+01
2.934422755381689285e+01 2.917033817070041479e+01 2.927274234863467584e+01 2.936458386595337444e+01 2.935691164191771918e+01
2.923787722416680523e+01 2.907116370045321574e+01 2.917252493906613608e+01 2.925955360534762661e+01 2.925745811969881061e+01
2.913084964830309787e+01 2.897129702146206398e+01 2.907147481703648850e+01 2.915381597299610661e+01 2.915711136214819277e+01
2.902320823373236891e+01 2.887078096752215473e+01 2.896964696074545742e+01 2.904743088939205720e+01 2.905592551270439472e+01
2.891501195993411599e+01 2.876965602365737240e+01 2.886709349017121085e+01 2.894045390749359115e+01 2.895395197386918085e+01
2.880631563289062669e+01 2.866796046184264313e+01 2.876386379875705401e+01 2.883293653280630053e+01 2.885123954073374009e+01
2.869717013264855154e+01 2.856573046920206238e+01 2.866000468117661271e+01 2.872492652327370521e+01 2.874783452932036099e+01
2.858762265319430895e+01 2.846300026899157132e+01 2.855556045702045509e+01 2.861646816933746251e+01 2.864378089975300057e+01
2.847771693374775737e+01 2.835980223470100725e+01 2.845057309029375148e+01 2.850760255477231198e+01 2.853912037428371917e+01
2.836749348100402912e+01 2.825616699759602568e+01 2.834508230465203127e+01 2.839836779905836650e+01 2.843389255024501594e+01
2.825698978188264832e+01 2.815212354801366956e+01 2.823912569433868924e+01 2.828879928224625573e+01 2.832813500801255557e+01
2.814624050650553500e+01 2.804769933073973220e+01 2.813273883081647497e+01 2.817892985320446186e+01 2.822188341408434553e+01
2.803527770126705576e+01 2.794292033477292492e+01 2.802595536511203278e+01 2.806879002214649432e+01 2.811517161940205511e+01
2.792413097190652138e+01 2.783781117777085967e+01 2.791880712591574465e+01 2.795840813867709329e+01 2.800803175304060488e+01
2.781282765665308077e+01 2.773239518548043137e+01 2.781132421349225226e+01 2.784781055610468314e+01 2.790049431142022840e+01
2.770139298954866547e+01 2.762669446642604498e+01 2.770353508946921650e+01 2.773702178306777455e+01 2.779258824317582821e+01
2.758985025413533521e+01 2.752072998212422661e+01 2.759546666269076454e+01 2.762606462338363400e+01 2.768434102985533229e+01
2.747822092775886915e+01 2.741452161308903257e+01 2.748714437101835273e+01 2.751496030495277267e+01 2.757577876258448057e+01
2.736652481676659221e+01 2.730808822086819276e+01 2.737859225936785634e+01 2.740372859859081345e+01 2.746692621487611774e+01
2.725478018292671933e+01 2.720144770634576759e+01 2.726983305410708169e+01 2.729238792750915366e+01 2.735780691172235279e+01
2.714300386142788923e+01 2.709461706453711827e+01 2.716088823380949080e+01 2.718095546821064445e+01 2.724844319514496860e+01
2.703121137082712977e+01 2.698761243608217342e+01 2.705177809657508803e+01 2.706944724344818454e+01 2.713885628634123748e+01
2.691941701533531273e+01 2.688044915563941473e+01 2.694252182402198059e+01 2.695787820788315514e+01 2.702906634459327151e+01
2.680763397983897889e+01 2.677314179736945121e+01 2.683313754206999135e+01 2.684626232703038795e+01 2.691909252307436873e+01
2.669587441804103634e+01 2.666570421766970966e+01 2.672364237865185643e+01 2.673461265001198583e+01 2.680895302171045458e+01
2.658414953412960458e+01 2.655814959539941000e+01 2.661405251847153863e+01 2.662294137663979043e+01 2.669866513722471524e+01
2.647246965835656241e+01 2.645049046965421624e+01 2.650438325493649927e+01 2.651125991925821523e+01 2.658824531051199713e+01
2.636084431690465735e+01 2.634273877522821650e+01 2.639464903938780083e+01 2.639957895979743796e+01 2.647770917146465308e+01
2.624928229642261357e+01 2.623490587606838176e+01 2.628486352774923773e+01 2.628790850239875709e+01 2.636707158138407792e+01
2.613779170356551873e+01 2.612700259667789027e+01 2.617503962470605927e+01 2.617625792199148549e+01 2.625634667309265069e+01
2.602638001989719285e+01 2.601903925166387310e+01 2.606518952553880197e+01 2.606463600913378897e+01 2.614554788886788828e+01
2.591505415247416622e+01 2.591102567354705499e+01 2.595532475571677367e+01 2.595305101142653115e+01 2.603468801630646468e+01
2.580382048042026355e+01 2.580297123892105660e+01 2.584545620836052393e+01 2.584151067177593930e+01 2.592377922222749831e+01
2.569268489778880138e+01 2.569488489308206169e+01 2.573559417967779694e+01 2.573002226375362511e+01 2.581283308471601501e+01
2.558165285298404612e+01 2.558677517321466865e+01 2.562574840247269137e+01 2.561859262429564055e+01 2.570186062340405186e+01
2.547072938500308581e+01 2.547865023022771069e+01 2.551592807782896699e+01 2.550722818394265801e+01 2.559087232808381884e+01
2.535991915674348718e+01 2.537051784931331255e+01 2.540614190505144521e+01 2.539593499482943884e+01 2.547987818573917806e+01
2.524922648560270133e+01 2.526238546932416895e+01 2.529639810996444993e+01 2.528471875658543766e+01 2.536888770608385713e+01
2.513865537158235597e+01 2.515426020103009108e+01 2.518670447164785742e+01 2.517358484032289923e+01 2.525790994568228598e+01
2.502820952309664904e+01 2.504614884433054911e+01 2.507706834769312110e+01 2.506253831093626872e+01 2.514695353073560824e+01
2.491789238066401779e+01 2.493805790447674653e+01 2.496749669805759453e+01 2.495158394763413057e+01 2.503602667860007713e+01
2.480770713865718946e+01 2.482999360737602856e+01 2.485799610759137224e+01 2.484072626306784315e+01 2.492513721811392458e+01
2.469765676526692744e+01 2.472196191402786525e+01 2.474857280730935116e+01 2.472996952109136615e+01 2.481429260879327003e+01
2.458774402082499222e+01 2.461396853414758468e+01 2.463923269447318631e+01 2.461931775320801563e+01 2.470349995896633288e+01
2.447797147462387102e+01 2.450601893902280537e+01 2.452998135154960480e+01 2.450877477386491066e+01 2.459276604290114321e+01
2.436834152035206458e+01 2.439811837365300562e+01 2.442082406410674622e+01 2.439834419465134374e+01 2.448209731698354830e+01
2.425885639026382279e+01 2.429027186821532780e+01 2.431176583770556121e+01 2.428802943750455867e+01 2.437149993501821399e+01
2.414951816818649277e+01 2.418248424889600656e+01 2.420281141384188217e+01 2.417783374699243026e+01 2.426097976269220524e+01
2.404032880146228024e+01 2.407476014812610998e+01 2.409396528499155821e+01 2.406776020172778985e+01 2.415054239121904445e+01
2.393129011191414079e+01 2.396710401425476533e+01 2.398523170880858757e+01 2.395781172501036593e+01 2.404019315026670256e+01
2.382240380591621687e+01 2.385952012069814288e+01 2.387661472152380782e+01 2.384799109472539413e+01 2.392993712020576424e+01
2.371367148364402055e+01 2.375201257459130133e+01 2.376811815058648847e+01 2.373830095256738915e+01 2.381977914368372140e+01
2.360509464757337028e+01 2.364458532497550181e+01 2.365974562659450342e+01 2.362874381264579071e+01 2.370972383658724780e+01
2.349667471029055577e+01 2.353724217054313428e+01 2.355150059455082712e+01 2.351932206949858895e+01 2.359977559847028417e+01
2.338841300167162629e+01 2.342998676697243354e+01 2.344338632448481263e+01 2.341003800557582082e+01 2.348993862241534103e+01
2.328031077548383365e+01 2.332282263387206456e+01 2.333540592147403103e+01 2.330089379822731743e+01 2.338021690441981093e+01
2.317236921545655548e+01 2.321575316136031120e+01 2.322756233510026647e+01 2.319189152621836669e+01 2.327061425231513070e+01
2.306458944086712037e+01 2.310878161629723238e+01 2.311985836837293817e+01 2.308303317582690894e+01 2.316113429426038195e+01
2.295697251168147091e+01 2.300191114819273253e+01 2.301229668614744739e+01 2.297432064653840911e+01 2.305178048683752579e+01
2.284951943328667667e+01 2.289514479480801157e+01 2.290487982306987291e+01 2.286575575636908297e+01 2.294255612277800083e+01
2.274223116084999319e+01 2.278848548746810110e+01 2.279761019107354514e+01 2.275734024685204915e+01 2.283346433834726241e+01
2.263510860333226304e+01 2.268193605610138519e+01 2.269049008645317045e+01 2.264907578769837926e+01 2.272450812041125445e+01
2.252815262718729628e+01 2.257549923402165604e+01 2.258352169654051167e+01 2.254096398116426414e+01 2.261569031320848211e+01
2.242136405979255187e+01 2.246917766246833281e+01 2.247670710600429089e+01 2.243300636614472054e+01 2.250701362484849710e+01
2.231474369257514212e+01 2.236297389491713972e+01 2.237004830279615675e+01 2.232520442200509692e+01 2.239848063355595897e+01
2.220829228391939125e+01 2.225689040117538298e+01 2.226354718376202158e+01 2.221755957217834165e+01 2.229009379367730403e+01
2.210201056185475110e+01 2.215092957127145112e+01 2.215720555993844343e+01 2.211007318753906148e+01 2.218185544146585286e+01
2.199589922653194307e+01 2.204509371915294125e+01 2.205102516155210068e+01 2.200274658956720941e+01 2.207376780065927235e+01
2.188995895250985413e+01 2.193938508620193062e+01 2.194500764273898952e+01 2.189558105332296023e+01 2.196583298786117311e+01
2.178419039086984554e+01 2.183380584457864870e+01 2.183915458599940962e+01 2.178857781023828011e+01 2.185805301773754294e+01
2.167859417117687570e+01 2.172835810040126603e+01 2.173346750640384073e+01 2.168173805074110305e+01 2.175042980803712922e+01
2.157317090328556830e+01 2.162304389677262151e+01 2.162794785556389598e+01 2.157506292672461612e+01 2.164296518444373518e+01
2.146792117902098340e+01 2.151786521666111796e+01 2.152259702538196251e+01 2.146855355386708197e+01 2.153566088526638111e+01
2.136284557372767523e+01 2.141282398564405653e+01 2.141741635159142376e+01 2.136221101381703846e+01 2.142851856597307147e+01
2.125794464771296077e+01 2.130792207452030240e+01 2.131240711710040259e+01 2.125603635625126842e+01 2.132153980356935818e+01
2.115321894757837384e+01 2.120316130179958591e+01 2.120757055514953393e+01 2.115003060081085096e+01 2.121472610084120802e+01
2.104866900746026204e+01 2.109854343607525351e+01 2.110290785229241806e+01 2.104419473892841808e+01 2.110807889043914187e+01
2.094429535017858512e+01 2.099407019828625565e+01 2.099842015121391015e+01 2.093852973554958652e+01 2.100159953880822883e+01
2.084009848830493183e+01 2.088974326387244318e+01 2.089410855339777484e+01 2.083303653075647333e+01 2.089528935001255761e+01
2.073607892515596518e+01 2.078556426483219255e+01 2.078997412164317993e+01 2.072771604130128154e+01 2.078914956938675118e+01
2.063223715571550088e+01 2.068153479169674824e+01 2.068601788242508022e+01 2.062256916205259571e+01 2.068318138706522546e+01
2.052857366749529433e+01 2.057765639539642066e+01 2.058224082814679079e+01 2.051759676736238802e+01 2.057738594137054733e+01
2.042508894133354147e+01 2.047393058904475893e+01 2.047864391926473360e+01 2.041279971235844926e+01 2.047176432206593688e+01
2.032178345214235549e+01 2.037035884965285248e+01 2.037522808629627846e+01 2.030817883416487035e+01 2.036631757347511495e+01
2.021865766960142352e+01 2.026694261976595257e+01 2.027199423171060033e+01 2.020373495305792844e+01 2.026104669746865028e+01
2.011571205880855473e+01 2.016368330902290040e+01 2.016894323172243020e+01 2.009946887355962986e+01 2.015595265632007482e+01
2.001294708088443741e+01 2.006058229564933981e+01 2.006607593798643308e+01 1.999538138547253396e+01 2.005103637543309958e+01
1.991036319353985462e+01 1.995764092788375521e+01 1.996339317920179113e+01 1.989147326486110856e+01 1.994629874594228269e+01
1.980796085160508824e+01 1.985486052534473700e+01 1.986089576262654077e+01 1.978774527498099545e+01 1.984174062718960130e+01
1.970574050752578898e+01 1.975224238033799651e+01 1.975858447551102159e+01 1.968419816716042803e+01 1.973736284907962713e+01
1.960370261182784901e+01 1.964978775910682884e+01 1.965646008645363807e+01 1.958083268163695578e+01 1.963316621431619069e+01
1.950184761355248497e+01 1.954749790303122481e+01 1.955452334668512293e+01 1.947764954835079720e+01 1.952915150052370663e+01
1.940017596066562788e+01 1.944537402977616480e+01 1.945277499128289378e+01 1.937464948769891038e+01 1.942531946225659212e+01
1.929868810044118987e+01 1.934341733439102740e+01 1.935121574031954594e+01 1.927183321125159665e+01 1.932167083290025644e+01
1.919738447982277307e+01 1.924162899036430474e+01 1.924984629995040208e+01 1.916920142243304070e+01 1.921820632646736016e+01
1.909626554576261981e+01 1.914001015063480082e+01 1.914866736344376719e+01 1.906675481716945697e+01 1.911492663929325175e+01
1.899533174554227699e+01 1.903856194856099293e+01 1.904767961215681282e+01 1.896449408450457952e+01 1.901183245163442237e+01
1.889458352707377742e+01 1.893728549885321399e+01 1.894688371645816005e+01 1.886241990718709260e+01 1.890892442917406768e+01
1.879402133918473794e+01 1.883618189846615820e+01 1.884628033660267121e+01 1.876053296223275169e+01 1.880620322443875025e+01
1.869364563188732475e+01 1.873525222745688623e+01 1.874587012356011329e+01 1.865883392145574504e+01 1.870366947813019820e+01
1.859345685663274494e+01 1.863449754980900153e+01 1.864565371980149777e+01 1.855732345197485245e+01 1.860132382037637200e+01
1.849345546655243666e+01 1.853391891422440807e+01 1.854563176004234748e+01 1.845600221669943508e+01 1.849916687190571452e+01
1.839364191668633097e+01 1.843351735488422349e+01 1.844580487194839336e+01 1.835487087479382140e+01 1.839719924514862370e+01
1.829401666420003281e+01 1.833329389218165417e+01 1.834617367680423072e+01 1.825393008212060408e+01 1.829542154527000974e+01
1.819458016859058347e+01 1.823324953342520161e+01 1.824673879014878608e+01 1.815318049166301506e+01 1.819383437113667057e+01
1.809533289188288663e+01 1.813338527351638874e+01 1.814750082237618756e+01 1.805262275392933446e+01 1.809243831622330489e+01
1.799627529881617960e+01 1.803370209560192450e+01 1.804846037930692049e+01 1.795225751734054498e+01 1.799123396946060893e+01
1.789740785702245773e+01 1.793420097170151450e+01 1.794961806272927873e+01 1.785208542860158332e+01 1.789022191602901302e+01
1.779873103719640071e+01 1.783488286331299477e+01 1.785097447091473200e+01 1.775210713305674659e+01 1.778940273810081152e+01
1.770024531325818273e+01 1.773574872199557007e+01 1.775253019910552155e+01 1.765232327503045795e+01 1.768877701552871784e+01
1.760195116250918801e+01 1.763679948993141977e+01 1.765428583997867662e+01 1.755273449815427611e+01 1.758834532651711058e+01
1.750384906578132060e+01 1.753803610046780292e+01 1.755624198408621695e+01 1.745334144568086643e+01 1.748810824821575238e+01
1.740593950758044173e+01 1.743945947863988977e+01 1.745839922027483837e+01 1.735414476078572577e+01 1.738806635727556227e+01
1.730822297622402317e+01 1.734107054167514406e+01 1.736075813608323060e+01 1.725514508685705550e+01 1.728822023039388256e+01
1.721069996397395485e+01 1.724287019948094724e+01 1.726331931812070763e+01 1.715634306777445772e+01 1.718857044481932306e+01
1.711337096716416895e+01 1.714485935511482850e+01 1.716608335242683125e+01 1.705773934817734627e+01 1.708911757881122284e+01
1.701623648632419972e+01 1.704703890523900256e+01 1.706905082481448943e+01 1.695933457372338538e+01 1.698986221207461966e+01
1.691929702629794008e+01 1.694940974055976923e+01 1.697222232119545282e+01 1.686112939133757038e+01 1.689080492617125984e+01
1.682255309635938545e+01 1.685197274625226882e+01 1.687559842789072562e+01 1.676312444945234503e+01 1.679194630490567519e+01
1.672600521032485332e+01 1.675472880237114737e+01 1.677917973192586842e+01 1.666532039823935563e+01 1.669328693468472835e+01
1.662965388666098931e+01 1.665767878424862758e+01 1.668296682131284570e+01 1.656771788983317251e+01 1.659482740485584529e+01
1.653349964858951537e+01 1.656082356287888757e+01 1.658696028531828048e+01 1.647031757854747624e+01 1.649656830802576479e+01
1.643754302418973623e+01 1.646416400529076540e+01 1.649116071471913969e+01 1.637312012108404247e+01 1.639851024035989369e+01
1.634178454649851631e+01 1.636770097490865439e+01 1.639556870204663852e+01 1.627612617673483442e+01 1.630065380186452018e+01
1.624622475360757790e+01 1.627143533190218250e+01 1.630018484181912441e+01 1.617933640757787117e+01 1.620299959665293343e+01
1.615086418875820939e+01 1.617536793352522295e+01 1.620500973076433482e+01 1.608275147866665833e+01 1.610554823319662177e+01
1.605570340043382060e+01 1.607949963444477959e+01 1.611004396803133432e+01 1.598637205821394147e+01 1.600830032456282481e+01
1.596074294245053160e+01 1.598383128705963152e+01 1.601528815539315076e+01 1.589019881776986765e+01 1.591125648863940256e+01
1.586598337404595682e+01 1.588836374180981181e+01 1.592074289744036797e+01 1.579423243239490304e+01 1.581441734834792889e+01
1.577142525996616307e+01 1.579309784747691126e+01 1.582640880176638554e+01 1.569847358082770761e+01 1.571778353184609145e+01
1.567706917055095772e+01 1.569803445147560161e+01 1.573228647914422496e+01 1.560292294564825788e+01 1.562135567272016701e+01
1.558291568181759423e+01 1.560317440013705159e+01 1.563837654369587149e+01 1.550758121343640816e+01 1.552513441016819229e+01
