2.139487712665749441e+01 2.144982573311346741e+01 2.139040073709209366e+01 2.145716902327250608e+01 2.137689825453436754e+01
2.139136323490936675e+01 2.149896636544638184e+01 2.138484117559471898e+01 2.151678944769248858e+01 2.135638054472048353e+01
2.138944878204748790e+01 2.154743135765970763e+01 2.138317362704841074e+01 2.157860881819251730e+01 2.133841688066935305e+01
2.138912424226446873e+01 2.159523009747338662e+01 2.138524833251149104e+01 2.164237745780580013e+01 2.132297913343417051e+01
2.139038019580963024e+01 2.164237181061071524e+01 2.139091328125287816e+01 2.170784838386806115e+01 2.131004084914268404e+01
2.139320730831608941e+01 2.168886558694859801e+01 2.140001435826006571e+01 2.177477750832642656e+01 2.129957707967373892e+01
2.139759632502275721e+01 2.173472038648407434e+01 2.141239548218061373e+01 2.184292372748933531e+01 2.129156423222947936e+01
2.140353806723391017e+01 2.177994502280314748e+01 2.142789880293698346e+01 2.191204900090882646e+01 2.128597993840369185e+01
2.141102341857977720e+01 2.182454816392314001e+01 2.144636492454937837e+01 2.198191837284159078e+01 2.128280298060087361e+01
2.142004331326821287e+01 2.186853833518899748e+01 2.146763318293057310e+01 2.205229996108258916e+01 2.128201314387094456e+01
2.143058871992178993e+01 2.191192391763085467e+01 2.149154194602815338e+01 2.212296493896864291e+01 2.128359112942104403e+01
2.144265062305786174e+01 2.195471314336966984e+01 2.151792892945020341e+01 2.219368753089421276e+01 2.128751847040287615e+01
2.145622000134187957e+01 2.199691409314493384e+01 2.154663149932249055e+01 2.226424504452961273e+01 2.129377748417529048e+01
2.147128779458335401e+01 2.203853469278136856e+01 2.157748702415449671e+01 2.233441798242496290e+01 2.130235117370131803e+01
2.148784488721477004e+01 2.207958270895675312e+01 2.161033323495523817e+01 2.240399025865434268e+01 2.131322314706026688e+01
2.150588205111727902e+01 2.212006574395971725e+01 2.164500867525319094e+01 2.247274957012655250e+01 2.132637755941725999e+01
2.152538992345152380e+01 2.215999123162890072e+01 2.168135301606072218e+01 2.254048793665489114e+01 2.134179906649693947e+01
2.154635893533837177e+01 2.219936642954901274e+01 2.171920735705075600e+01 2.260700244394258362e+01 2.135947275747917828e+01
2.156877922992194385e+01 2.223819841211279424e+01 2.175841455284248838e+01 2.267209624804172208e+01 2.137938408463250184e+01
2.159264061070545182e+01 2.227649406204221805e+01 2.179881951248464489e+01 2.273557980093181285e+01 2.140151879598359841e+01
2.161793243015287658e+01 2.231426005970635984e+01 2.184026947179342315e+01 2.279727223181603080e+01 2.142586286950302110e+01
2.164464348035378549e+01 2.235150287357521748e+01 2.188261422871459771e+01 2.285700298140914910e+01 2.145240244257743001e+01
2.167276188353212873e+01 2.238822874561173393e+01 2.192570630618152094e+01 2.291461350971950495e+01 2.148112373273267650e+01
2.170227492849398843e+01 2.242444367485649437e+01 2.196940106157073203e+01 2.296995887052749197e+01 2.151201294849064993e+01
2.173316887692053356e+01 2.246015339987841486e+01 2.201355673453882744e+01 2.302290931574485811e+01 2.154505618947325019e+01
2.176542880226939758e+01 2.249536337657418628e+01 2.205803441563956468e+01 2.307335160412718622e+01 2.158023933269942418e+01
2.179903831284648064e+01 2.253007875504740909e+01 2.210269794821403266e+01 2.312118986155956790e+01 2.161754789985572600e+01
2.183397927115228399e+01 2.256430435251817457e+01 2.214741371394648439e+01 2.316634616143926095e+01 2.165696689935198194e+01
2.187023153995234637e+01 2.259804461422830357e+01 2.219205032001593381e+01 2.320876058687407451e+01 2.169848063618951173e+01
2.190777256117628724e+01 2.263130357557214722e+01 2.223647817809513683e+01 2.324839083451817956e+01 2.174207248068194431e+01
2.194657694287230854e+01 2.266408481410282860e+01 2.228056895988089536e+01 2.328521139980666277e+01 2.178772458339260609e+01
2.198661608254030497e+01 2.269639139056901200e+01 2.232419491709484305e+01 2.331921250033219195e+01 2.183541752027558047e+01
2.202785754097973125e+01 2.272822579862085135e+01 2.236722810439811227e+01 2.335039872878119738e+01 2.188512984595696054e+01
2.207026446532836061e+01 2.275958986661363426e+01 2.240953942146088096e+01 2.337878753705488322e+01 2.193683752409031840e+01
2.211379504527413431e+01 2.279048467102551356e+01 2.245099757391241013e+01 2.340440767989695914e+01 2.199051319746308408e+01
2.215840163496877935e+01 2.282091042439020612e+01 2.249146795928977127e+01 2.342729761325110971e+01 2.204612524240042148e+01
2.220402998357442215e+01 2.285086632752486935e+01 2.253081152848008273e+01 2.344750406089521277e+01 2.210363654169583469e+01
2.225061848431545997e+01 2.288035045232732401e+01 2.256888369563176155e+01 2.346508057085427268e+01 2.216300287246456691e+01
2.229809702451888853e+01 2.290935950433891222e+01 2.260553361689719054e+01 2.348008609596425345e+01 2.222417078624340192e+01
2.234638602499184046e+01 2.293788859850644712e+01 2.264060397083455811e+01 2.349258387589794239e+01 2.228707486032125473e+01
2.239539546252531466e+01 2.296593097788836246e+01 2.267393156473382732e+01 2.350264043576862605e+01 2.235163397197291246e+01
2.244502350798765633e+01 2.299347764196419774e+01 2.270534920814002078e+01 2.351032466843103563e+01 2.241774641782617294e+01
2.249515546206912830e+01 2.302051700702435610e+01 2.273468922877625786e+01 2.351570711913190692e+01 2.248528383949629372e+01
2.254566255852572709e+01 2.304703434864971356e+01 2.276178869062502130e+01 2.351885888890631193e+01 2.255408318862965089e+01
2.259640067007388708e+01 2.307301116409549380e+01 2.278649601336474007e+01 2.351985153279078133e+01 2.262393683208076922e+01
2.264720927920468796e+01 2.309842447729349502e+01 2.280867815544421617e+01 2.351875635293929889e+01 2.269458057240166227e+01
2.269791031955947957e+01 2.312324604149685570e+01 2.282822706842858906e+01 2.351564412430776585e+01 2.276567999270254106e+01
2.274830742015118545e+01 2.314744078270864236e+01 2.284506417699452285e+01 2.351058476590661073e+01 2.283681577722934364e+01
2.279818523790041951e+01 2.317096582496099799e+01 2.285914216371530117e+01 2.350364697589161977e+01 2.290746972278310523e+01
2.284730874818880864e+01 2.319376893020979225e+01 2.287044403423791294e+01 2.349489804146278260e+01 2.297701393592148378e+01
2.289542402075176142e+01 2.321578652249069563e+01 2.287898016594544259e+01 2.348440359298511737e+01 2.304470673586450502e+01
2.294830369920418889e+01 2.324132745144270729e+01 2.288802404618251884e+01 2.347348972152271784e+01 2.311921884670459804e+01
2.301110861140817576e+01 2.327444504945654202e+01 2.290029205294994341e+01 2.346332491052899627e+01 2.320751180040245032e+01
2.308257855061445696e+01 2.331463620516174373e+01 2.291504615485621343e+01 2.345374934421612068e+01 2.330588638904773902e+01
2.316136441191845563e+01 2.336132467146122238e+01 2.293164089603584088e+01 2.344462045826105268e+01 2.341034324212769846e+01
2.324603298339340895e+01 2.341384584018771164e+01 2.294951417922147030e+01 2.343581118210887482e+01 2.351678293295715960e+01
2.333508196030021509e+01 2.347143191184703070e+01 2.296817974858685574e+01 2.342720826361155417e+01 2.362125228164958202e+01
2.342695705035059461e+01 2.353319680600415964e+01 2.298721922790751648e+01 2.341871088137821033e+01 2.372020070738242126e+01
2.352007389975379681e+01 2.359812482990965776e+01 2.300627482503884735e+01 2.341022953524868555e+01 2.381070120568166004e+01
2.361284400471581080e+01 2.366506603452156909e+01 2.302504264643182452e+01 2.340168496215524385e+01 2.389059269861385815e+01
2.370370590848326486e+01 2.373274133039873135e+01 2.304326591684869996e+01 2.339300700672486855e+01 2.395852642018378020e+01
2.379115878528213202e+01 2.379976286439622868e+01 2.306072935064349494e+01 2.338413376321409487e+01 2.401391849052383876e+01
2.387379688840858449e+01 2.386467145729102413e+01 2.307725421032521496e+01 2.337501077169148189e+01 2.405683231261127730e+01
2.395034566917195207e+01 2.392599316416542266e+01 2.309269358397142469e+01 2.336559026910098780e+01 2.408782383443454478e+01
2.401969577763406960e+01 2.398231211236664961e+01 2.310692818297719242e+01 2.335583052259811510e+01 2.410778074937143600e+01
2.408093169852241644e+01 2.403235261166110348e+01 2.311986265495853843e+01 2.334569522226929195e+01 2.411777839218563457e+01
2.413335537768792705e+01 2.407505959190959643e+01 2.313142231680769001e+01 2.333515293553347902e+01 2.411896438159240574e+01
2.417650189896905033e+01 2.410966212035037159e+01 2.314155050814610348e+01 2.332417665037973009e+01 2.411247516574307426e+01
2.421014412042291397e+01 2.413571094400804995e+01 2.315020603095678098e+01 2.331274328263262063e+01 2.409938171217982372e+01
2.423428715492427798e+01 2.415308342580825851e+01 2.315736088472642251e+01 2.330083328323682679e+01 2.408065870862491664e+01
2.424915186994292426e+01 2.416195549428569223e+01 2.316299831423422972e+01 2.328843026790791271e+01 2.405717105881774387e+01
2.425514811358526401e+01 2.416274936472037993e+01 2.316711113815783207e+01 2.327552069454615236e+01 2.402967205284430463e+01
2.425284005969848877e+01 2.415606734091058527e+01 2.316970030020918259e+01 2.326209358251997372e+01 2.399880879510253706e+01
2.424290607736197956e+01 2.414262337074194065e+01 2.317077359333215369e+01 2.324814023522572626e+01 2.396513135306633302e+01
2.422609672863884711e+01 2.412318129231687180e+01 2.317034453775261227e+01 2.323365400073519282e+01 2.392910376123892036e+01
2.420319421675291238e+01 2.409850510541474833e+01 2.316843140700737536e+01 2.321863004758452931e+01 2.389111552914167547e+01
2.417497647678609241e+01 2.406932313451951799e+01 2.316505637548312535e+01 2.320306517374378075e+01 2.385149233703290506e+01
2.414218805380121680e+01 2.403630527926164362e+01 2.316024481179434247e+01 2.318695763096559759e+01 2.381050567670342488e+01
2.410551888650207175e+01 2.400005112845949640e+01 2.315402464840095220e+01 2.317030696298176551e+01 2.376838156471254493e+01
2.406559119541935488e+01 2.396108619953971797e+01 2.314642583984395685e+01 2.315311386277772598e+01 2.372530803738046146e+01
2.402295330273421214e+01 2.391986370069529144e+01 2.313747989633437285e+01 2.313538003746367977e+01 2.368144147763266005e+01
2.397807925252302041e+01 2.387676966586320759e+01 2.312721948454773724e+01 2.311710809717485660e+01 2.363691200598583464e+01
2.393137243673145065e+01 2.383212981091705629e+01 2.311567808700436188e+01 2.309830144429291821e+01 2.359182795501181928e+01
2.388317173963967832e+01 2.378621692625857875e+01 2.310288971063072694e+01 2.307896418045933729e+01 2.354627962834026178e+01
2.383375610023407276e+01 2.373925324954614879e+01 2.308865426160556922e+01 2.305885749679972818e+01 2.350034187438627953e+01
2.378335704260142691e+01 2.369142422689848715e+01 2.307280167626984024e+01 2.303776277783937232e+01 2.345407673381176039e+01
2.373216744160844272e+01 2.364289067833836810e+01 2.305540944935266978e+01 2.301571316701285497e+01 2.340753747737381474e+01
2.368034445472821758e+01 2.359378438044656079e+01 2.303655101831811081e+01 2.299274147875402363e+01 2.336076900681904789e+01
2.362801607396346526e+01 2.354421355577458286e+01 2.301629571463279689e+01 2.296887897984919391e+01 2.331380860102104080e+01
2.357528567039900125e+01 2.349426728099404826e+01 2.299470895591620945e+01 2.294415565694198733e+01 2.326668754329852007e+01
2.352223734678383948e+01 2.344401894281437038e+01 2.297185284301423636e+01 2.291860024721995259e+01 2.321943228495582545e+01
2.346893961901906778e+01 2.339352924601825023e+01 2.294778623432860343e+01 2.289224037745060869e+01 2.317206504316019178e+01
2.341544784021041892e+01 2.334284845096518168e+01 2.292256475866723875e+01 2.286510268710939542e+01 2.312460475419033656e+01
2.336180694094271715e+01 2.329201775542184549e+01 2.289624129756150950e+01 2.283721293881438541e+01 2.307706748554594256e+01
2.330805385537228247e+01 2.324107137828464076e+01 2.286886585373665071e+01 2.280859574084064434e+01 2.302946676284938476e+01
2.325421883040651494e+01 2.319003785446799526e+01 2.284048605253559927e+01 2.277927475424484172e+01 2.298181404525672278e+01
2.320032644634296304e+01 2.313894097868272581e+01 2.281114711359646563e+01 2.274927276853192382e+01 2.293411914199205626e+01
2.314639682393948661e+01 2.308780059549749453e+01 2.278089184631406283e+01 2.271861174278416229e+01 2.288639047255161785e+01
2.309244654474846925e+01 2.303663328663962062e+01 2.274976083247322833e+01 2.268731283638092222e+01 2.283863524809533629e+01
2.303848927012119319e+01 2.298545273920994703e+01 2.271779262236087504e+01 2.265539644892151472e+01 2.279085967509466926e+01
2.298453644721321609e+01 2.293427035110622469e+01 2.268502388461103791e+01 2.262288223933610709e+01 2.274306906804579853e+01
2.293059752863320355e+01 2.288309594613771480e+01 2.265148951144060518e+01 2.258978915798181930e+01 2.269526807270221269e+01
2.287668029950061666e+01 2.283193780858344724e+01 2.261722269234294913e+01 2.255613550740880058e+01 2.264746047064734569e+01
2.282279123434017976e+01 2.278080295667679778e+01 2.258225500002213337e+01 2.252193885565759501e+01 2.259964974594698006e+01
2.276893572571379210e+01 2.272969735813952497e+01 2.254661649700936010e+01 2.248721629105351383e+01 2.255183868504850153e+01
2.271511830606716131e+01 2.267862595109281543e+01 2.251033578068224728e+01 2.245198411908152281e+01 2.250402991063374358e+01
2.266134280594618033e+01 2.262759293745332556e+01 2.247344012078464814e+01 2.241625816471927735e+01 2.245622562402542854e+01
2.260761244963926941e+01 2.257660189043834720e+01 2.243595538606110651e+01 2.238005373140083165e+01 2.240842782904962860e+01
2.255392995609519957e+01 2.252565582541076239e+01 2.239790635764762072e+01 2.234338549093616066e+01 2.236063820262203095e+01
2.250029762095351415e+01 2.247475737927669215e+01 2.235931653609516090e+01 2.230626775550362950e+01 2.231285826885569890e+01
2.244671738580746378e+01 2.242390878182241920e+01 2.232020844670805815e+01 2.226871426980701685e+01 2.226508929457936858e+01
2.239319089801887941e+01 2.237311194466897035e+01 2.228060355054056174e+01 2.223073834356414835e+01 2.221733240501865581e+01
2.233971955578368451e+01 2.232236865686096650e+01 2.224052234321620247e+01 2.219235287496337250e+01 2.216958857849450482e+01
2.228630457568831602e+01 2.227168022515379420e+01 2.219998440313878518e+01 2.215357029750338214e+01 2.212185867451723098e+01
2.223294697430829103e+01 2.222104806115926579e+01 2.215900841139513133e+01 2.211440264747950835e+01 2.207414346433199626e+01
2.217964767397795001e+01 2.217047308861613431e+01 2.211761221719166670e+01 2.207486157323087994e+01 2.202644362980712600e+01
2.212640741953583401e+01 2.211995630286558523e+01 2.207581287370538803e+01 2.203495831925805959e+01 2.197875973950861095e+01
2.207322689922665049e+01 2.206949842886809776e+01 2.203362668688273018e+01 2.199470377903938001e+01 2.193109238437394026e+01
2.202010666386567550e+01 2.201910013722577375e+01 2.199106924959741605e+01 2.195410849550263066e+01 2.188344200469178702e+01
2.196704721356232781e+01 2.196876200270496327e+01 2.194815547339366546e+01 2.191318267059020997e+01 2.183580902745365648e+01
2.191404896254930534e+01 2.191848452974300088e+01 2.190489966218519058e+01 2.187193618825529384e+01 2.178819387955199005e+01
2.186111227748251551e+01 2.186826814495822546e+01 2.186131548158830640e+01 2.183037862719811528e+01 2.174059683807356080e+01
2.180823747787384903e+01 2.181811326316608302e+01 2.181741601268460329e+01 2.178851926485994994e+01 2.169301824043327898e+01
2.175542484043700853e+01 2.176802020423858153e+01 2.177321387349720894e+01 2.174636709202030715e+01 2.164545835478735825e+01
2.170267461626188776e+01 2.171798928359611125e+01 2.172872103827662116e+01 2.170393083236610110e+01 2.159791740458188158e+01
2.164998701675159509e+01 2.166802075663215277e+01 2.168394906186099647e+01 2.166121892714128094e+01 2.155039561359897604e+01
2.159736223849457915e+01 2.161811484349807699e+01 2.163890906566371086e+01 2.161823957856019973e+01 2.150289317063196393e+01
2.154480044372166248e+01 2.156827174065916353e+01 2.159361158235312317e+01 2.157500072660408108e+01 2.145541025194538776e+01
2.149230178279910319e+01 2.151849161070522598e+01 2.154806684706013797e+01 2.153151008318993220e+01 2.140794701879242012e+01
2.143986638268054890e+01 2.146877459695699386e+01 2.150228464825704577e+01 2.148777512624629438e+01 2.136050361087072957e+01
2.138749435772952978e+01 2.141912082642669546e+01 2.145627433450592036e+01 2.144380311426026609e+01 2.131308016942311667e+01
2.133518580826933331e+01 2.136953040841981277e+01 2.141004494894882271e+01 2.139960109165964397e+01 2.126567681459242110e+01
2.128294082463278869e+01 2.132000343850739910e+01 2.136360515267671190e+01 2.135517589409103678e+01 2.121829365562469150e+01
2.123075948614831532e+01 2.127054000512624299e+01 2.131696326022227694e+01 2.131053417106991787e+01 2.117093080472451661e+01
2.117864186603997823e+01 2.122114017719957957e+01 2.127012729863118423e+01 2.126568238545622336e+01 2.112358834783765360e+01
2.112658802735041164e+01 2.117180402322443555e+01 2.122310495648573081e+01 2.122062677432854372e+01 2.107626637755524968e+01
2.107459802909977853e+01 2.112253159398984437e+01 2.117590364624351906e+01 2.117537345051813702e+01 2.102896497534070619e+01
2.102267192204071122e+01 2.107332293770577891e+01 2.112853052199137949e+01 2.112992834916376239e+01 2.098168421364067981e+01
2.097080975302453609e+01 2.102417809276094474e+01 2.108099241956806580e+01 2.108429721564642634e+01 2.093442416310272947e+01
2.091901156303665488e+01 2.097509709190687843e+01 2.103329597266437645e+01 2.103848562721422510e+01 2.088718488853971067e+01
2.086727739068983567e+01 2.092607996289765637e+01 2.098544755992291755e+01 2.099249905170350416e+01 2.083996645105178658e+01
2.081560726998103661e+01 2.087712672898242161e+01 2.093745329587597226e+01 2.094634279614937711e+01 2.079276890862877636e+01
2.076400123109467799e+01 2.082823740908228061e+01 2.088931911296446842e+01 2.090002196800565315e+01 2.074559231475112142e+01
2.071245930496802856e+01 2.077941201928419446e+01 2.084105071426600730e+01 2.085354160143172919e+01 2.069843672239582233e+01
2.066098151702868435e+01 2.073065057222624930e+01 2.079265358795502650e+01 2.080690657928648690e+01 2.065130218086026659e+01
2.060956789020871938e+01 2.068195307734356447e+01 2.074413305082247305e+01 2.076012163838989011e+01 2.060418873603319767e+01
2.055821844965328538e+01 2.063331954220049624e+01 2.069549421620448726e+01 2.071319138967395546e+01 2.055709643439806911e+01
2.050693321473154995e+01 2.058474997102246817e+01 2.064674202290291660e+01 2.066612034084166183e+01 2.051002531773291437e+01
2.045571220392302791e+01 2.053624436663346131e+01 2.059788125080021359e+01 2.061891287530485073e+01 2.046297542762040322e+01
2.040455543667795979e+01 2.048780272946574499e+01 2.054891649477517745e+01 2.057157324512984076e+01 2.041594680405479423e+01
2.035346292863291495e+01 2.043942505879718396e+01 2.049985221221814058e+01 2.052410561565138636e+01 2.036893948481087691e+01
2.030243469518893562e+01 2.039111135241306627e+01 2.045069270894950009e+01 2.047651404140856712e+01 2.032195350712467175e+01
2.025147075135773989e+01 2.034286160601344662e+01 2.040144212993171280e+01 2.042880246325578852e+01 2.027498890690641531e+01
2.020057111056948429e+01 2.029467581558590794e+01 2.035210450268256466e+01 2.038097472652626863e+01 2.022804571914803873e+01
2.014973578594187842e+01 2.024655397623850561e+01 2.030268371468140742e+01 2.033303459018361181e+01 2.018112397816194559e+01
2.009896479008790848e+01 2.019849607953911530e+01 2.025318351787626980e+01 2.028498571547655160e+01 2.013422371713997094e+01
2.004825813461540207e+01 2.015050211940985037e+01 2.020360755701667799e+01 2.023683165541595841e+01 2.008734496912011380e+01
1.999761583124992015e+01 2.010257208859182043e+01 2.015395935009538775e+01 2.018857589978600942e+01 2.004048776640227914e+01
1.994703789135973793e+01 2.005470597736985283e+01 2.010424230270839274e+01 2.014022184817711292e+01 1.999365214038120442e+01
1.989652432510403912e+01 2.000690377658332153e+01 2.005445972058028659e+01 2.009177280529261722e+01 1.994683812259277289e+01
1.984607514333643508e+01 1.995916547721449064e+01 2.000461479462776282e+01 2.004323200275058170e+01 1.990004574369392998e+01
1.979569035643904229e+01 1.991149106886311415e+01 1.995471062404338625e+01 1.999460260124839195e+01 1.985327503407371452e+01
1.974536997384172565e+01 1.986388054046863871e+01 1.990475021339735662e+01 1.994588768204872764e+01 1.980652602393837469e+01
1.969511400556346459e+01 1.981633388146021701e+01 1.985473646567696449e+01 1.989709024343579458e+01 1.975979874297767225e+01
1.964492246120921948e+01 1.976885108056375984e+01 1.980467220609926571e+01 1.984821322784477005e+01 1.971309322081080140e+01
1.959479534995266192e+01 1.972143212598869155e+01 1.975456017138477804e+01 1.979925950592151196e+01 1.966640948679457779e+01
1.954473268115234674e+01 1.967407700607539311e+01 1.970440301103771930e+01 1.975023187372198663e+01 1.961974757010472459e+01
1.949473446396703125e+01 1.962678570886502172e+01 1.965420330426009343e+01 1.970113306899552086e+01 1.957310749984416987e+01
1.944480070744135602e+01 1.957955822204609930e+01 1.960396354949025266e+01 1.965196576948945051e+01 1.952648930491394452e+01
1.939493142063025388e+01 1.953239453343774557e+01 1.955368617108727491e+01 1.960273258939383467e+01 1.947989301421624120e+01
1.934512661253019417e+01 1.948529463073472456e+01 1.950337352849164674e+01 1.955343607782250359e+01 1.943331865659680346e+01
1.929538629208995815e+01 1.943825850115141662e+01 1.945302790736829834e+01 1.950407873691616700e+01 1.938676626073932852e+01
1.924571046834176613e+01 1.939128613221470943e+01 1.940265153153797328e+01 1.945466301127682485e+01 1.934023585544794699e+01
1.919609915026810043e+01 1.934437751137027206e+01 1.935224656341206284e+01 1.940519128328418219e+01 1.929372746937886518e+01
1.914655234681961460e+01 1.929753262573616013e+01 1.930181509385358396e+01 1.935566589032690743e+01 1.924724113120295854e+01
1.909707006710457122e+01 1.925075146247567659e+01 1.925135916834201666e+01 1.930608911963523866e+01 1.920077686974052256e+01
1.904765232017619070e+01 1.920403400886894119e+01 1.920088077521440439e+01 1.925646320623442165e+01 1.915433471386112174e+01
1.899829911510699532e+01 1.915738025203074812e+01 1.915038185208508992e+01 1.920679033282913295e+01 1.910791469223411809e+01
1.894901046110787846e+01 1.911079017898830656e+01 1.909986425464568072e+01 1.915707264316901259e+01 1.906151683368005934e+01
1.889978636738511142e+01 1.906426377690189256e+01 1.904932982200430303e+01 1.910731223388251010e+01 1.901514116734043824e+01
1.885062684321132309e+01 1.901780103287388002e+01 1.899878034181879016e+01 1.905751115071500834e+01 1.896878772239816513e+01
1.880153189795876045e+01 1.897140193397692087e+01 1.894821755724948176e+01 1.900767140327162252e+01 1.892245652777851816e+01
1.875250154105552625e+01 1.892506646735052556e+01 1.889764313261619222e+01 1.895779495882126398e+01 1.887614761262195628e+01
1.870353578201937950e+01 1.887879462014523924e+01 1.884705871358697493e+01 1.890788374196993615e+01 1.882986100647478267e+01
1.865463463046461712e+01 1.883258637950556391e+01 1.879646591456574356e+01 1.885793963564922393e+01 1.878359673889812242e+01
1.860579809608122304e+01 1.878644173265837125e+01 1.874586630460526138e+01 1.880796448932132137e+01 1.873735483931206502e+01
1.855702618867131548e+01 1.874036066686837998e+01 1.869526139313348523e+01 1.875796011407213015e+01 1.869113533734020294e+01
1.850831891814524610e+01 1.869434316938187379e+01 1.864465265420708917e+01 1.870792827890677046e+01 1.864493826294287615e+01
1.845967629448337277e+01 1.864838922754645267e+01 1.859404154619361904e+01 1.865787072385273149e+01 1.859876364613092647e+01
1.841109832780487210e+01 1.860249882876885508e+01 1.854342948360806531e+01 1.860778915317772331e+01 1.855261151695876620e+01
1.836258502833690898e+01 1.855667196046312029e+01 1.849281783938794632e+01 1.855768523580978879e+01 1.850648190565765105e+01
1.831413640638591644e+01 1.851090861010110444e+01 1.844220794629675453e+01 1.850756060689498383e+01 1.846037484268838469e+01
1.826575247240399946e+01 1.846520876524866139e+01 1.839160112244154277e+01 1.845741687336633774e+01 1.841429035863695063e+01
1.821743323695089600e+01 1.841957241350581498e+01 1.834099864881543951e+01 1.840725561015378986e+01 1.836822848423621579e+01
1.816917871068918444e+01 1.837399954251511147e+01 1.829040177448181481e+01 1.835707835364054219e+01 1.832218925039669699e+01
1.812098890441630061e+01 1.832849014001309129e+01 1.823981171196129836e+01 1.830688662161543689e+01 1.827617268822144325e+01
1.807286382904527855e+01 1.828304419379001544e+01 1.818922965831149341e+01 1.825668190078864939e+01 1.823017882899056019e+01
1.802480349560192607e+01 1.823766169169279650e+01 1.813865677986621705e+01 1.820646565118087423e+01 1.818420770413944965e+01
1.797680791525060329e+01 1.819234262164980720e+01 1.808809421657579009e+01 1.815623930718139079e+01 1.813825934530232686e+01
1.792887709928006501e+01 1.814708697165695384e+01 1.803754307217639052e+01 1.810600425615598041e+01 1.809233378433094686e+01
1.788101105910989475e+01 1.810189472977119962e+01 1.798700444079092975e+01 1.805576188130627457e+01 1.804643105326685415e+01
1.783320980625266827e+01 1.805676588413466988e+01 1.793647938863829339e+01 1.800551354112351277e+01 1.800055118430032408e+01
1.778547335238444305e+01 1.801170042296194040e+01 1.788596896005709880e+01 1.795526056793030989e+01 1.795469420983726749e+01
1.773780170931590661e+01 1.796669833453028886e+01 1.783547416260138974e+01 1.790500427205637735e+01 1.790886016252502344e+01
1.769019488898858583e+01 1.792175960720042482e+01 1.778499599928455766e+01 1.785474592051518172e+01 1.786304907520243646e+01
1.764265290345257853e+01 1.787688422941322131e+01 1.773453544776803881e+01 1.780448676496818550e+01 1.781726098087951016e+01
1.759517576486923929e+01 1.783207218967723406e+01 1.768409346598603094e+01 1.775422805360900114e+01 1.777149591278737617e+01
1.754776348559284216e+01 1.778732347657594914e+01 1.763367098264116350e+01 1.770397100410484370e+01 1.772575390439737575e+01
1.750041607809123079e+01 1.774263807877972710e+01 1.758326891545515025e+01 1.765371681436282358e+01 1.768003498938413998e+01
1.745313355496826091e+01 1.769801598503153883e+01 1.753288816445725828e+01 1.760346665253775456e+01 1.763433920162886892e+01
1.740591592889958150e+01 1.765345718414721077e+01 1.748252961074852152e+01 1.755322165515472221e+01 1.758866657523695309e+01
1.735876321277524070e+01 1.760896166502886828e+01 1.743219411319683942e+01 1.750298296782882446e+01 1.754301714454577166e+01
1.731167541959461431e+01 1.756452941665492418e+01 1.738188251555364872e+01 1.745275170559663636e+01 1.749739094411484785e+01
1.726465256249429814e+01 1.752016042807938589e+01 1.733159564852591927e+01 1.740252896544173922e+01 1.745178800873232206e+01
1.721769465472909033e+01 1.747585468843992018e+01 1.728133432553483928e+01 1.735231582467888245e+01 1.740620837341843341e+01
1.717080170969724762e+01 1.743161218695300008e+01 1.723109934220162032e+01 1.730211332819028058e+01 1.736065207342850059e+01
1.712397374094459934e+01 1.738743291291167381e+01 1.718089147812130335e+01 1.725192252551671857e+01 1.731511914425509602e+01
1.707721076214781064e+01 1.734331685569232562e+01 1.713071150260353193e+01 1.720174444126383051e+01 1.726960962162659996e+01
1.703051278711889083e+01 1.729926400475122250e+01 1.708056016946702727e+01 1.715158008382057986e+01 1.722412354151473934e+01
1.698387982980083066e+01 1.725527434962197759e+01 1.703043821758340925e+01 1.710143044586774863e+01 1.717866094013879419e+01
1.693731190428426103e+01 1.721134787991954695e+01 1.698034636963429023e+01 1.705129649449555274e+01 1.713322185396422981e+01
1.689080902479415514e+01 1.716748458534063460e+01 1.693028534071285307e+01 1.700117919336166494e+01 1.708780631969820618e+01
1.684437120569391766e+01 1.712368445566001185e+01 1.688025583173106625e+01 1.695107948825120303e+01 1.704241437430150086e+01
1.679799846147548692e+01 1.707994748073141267e+01 1.683025853099088565e+01 1.690099831005128195e+01 1.699704605499400500e+01
1.675169080677863320e+01 1.703627365049129239e+01 1.678029411055634057e+01 1.685093657577309045e+01 1.695170139924936592e+01
1.670544825638014075e+01 1.699266295495414170e+01 1.673036323716005924e+01 1.680089518169923579e+01 1.690638044479459978e+01
1.665927082519474567e+01 1.694911538421130714e+01 1.668046656444413856e+01 1.675087501532013334e+01 1.686108322961863593e+01
1.661315852826950135e+01 1.690563092843879289e+01 1.663060473538725148e+01 1.670087695358638769e+01 1.681580979197658365e+01
1.656711138078709666e+01 1.686220957789123531e+01 1.658077837750225925e+01 1.665090185863881800e+01 1.677056017038701796e+01
1.652112939807816261e+01 1.681885132290356566e+01 1.653098811398364631e+01 1.660095058031616233e+01 1.672533440363605806e+01
1.647521259560748064e+01 1.677555615388668997e+01 1.648123455619653299e+01 1.655102395135672211e+01 1.668013253077976898e+01
1.642936098897722985e+01 1.673232406132498440e+01 1.643151830601517815e+01 1.650112279083871059e+01 1.663495459114654906e+01
1.638357459391579241e+01 1.668915503579512816e+01 1.638183995257280046e+01 1.645124791436207090e+01 1.658980062433945335e+01
1.633785342630403292e+01 1.664604906794845718e+01 1.633220007898824022e+01 1.640140012228803101e+01 1.654467067024093296e+01
1.629219750215521856e+01 1.660300614851605872e+01 1.628259925916347228e+01 1.635158020389916800e+01 1.649956476901260771e+01
1.624660683762020952e+01 1.656002626830107971e+01 1.623303805815207213e+01 1.630178893557004116e+01 1.645448296109687902e+01
1.620108144898212643e+01 1.651710941817844258e+01 1.618351703053040680e+01 1.625202707646150202e+01 1.640942528722147742e+01
