1.887554345624009144e+01
5.154943272215192884e+00
1.698489403900353523e+00
5.229875617239838625e-01
4.028859616008359623e+00
1.144844847095143781e+00
4.343335719653933502e+00
2.624440486832580799e+00
1.814525720830108924e+01
6.122541467248561631e+00
9.292404935375547126e+00
7.360122548512885166e-01
1.732282465920667036e+00
1.353765510407647366e+00
1.000000000000000056e-01
0.000000000000000000e+00
1.000000000000000056e-01
0.000000000000000000e+00
2.463470957307095088e-01
1.851469839903985837e-01
7.102296643473079985e-02
3.480129081971680000e-02
5.755079540934154858e-02
4.633478480533083366e-02
6.709892147517251826e-02
3.213498913869926310e-03
9.273438578594696224e+00
1.618422928177373654e+00
9.505374300889247507e+00
5.240655796528757016e+00
9.690441646086463134e-02
1.338571107514388014e-01
9.247797946844126926e+00
5.290445709196586854e+00
4.492329960652702070e+00
1.082951357200567122e+00
3.350026398701030583e+00
1.816627813482024179e+00
2.884413049197459000e-01
1.732196755245429820e-01
