2.527142886675863842e+00 2.526692294071353651e+00 2.532690037396570837e+00 2.534885318902134976e+00 2.531286766196064519e+00
2.553308026423990906e+00 2.552400055436983006e+00 2.564331587455188632e+00 2.568334553120013908e+00 2.561840499981277386e+00
2.578730031360540575e+00 2.577362081127118731e+00 2.595142450981512638e+00 2.600638672822360942e+00 2.591869105935970641e+00
2.603631204678285016e+00 2.601805653942648178e+00 2.625328300053292985e+00 2.632072023939630245e+00 2.621569186712060073e+00
2.628222407622694323e+00 2.625947733636398329e+00 2.655083609244752729e+00 2.662893467866273678e+00 2.651126901698108274e+00
2.652703543331244695e+00 2.649995187886337256e+00 2.684592199212578745e+00 2.693347092014862998e+00 2.680718466382900900e+00
2.677264049571179250e+00 2.674145184645810858e+00 2.714027746416366682e+00 2.723663023290210372e+00 2.710510622701495453e+00
2.702083405143938855e+00 2.698585602912934700e+00 2.743554351007112757e+00 2.754058194606193943e+00 2.740661157527766179e+00
2.727331640586176498e+00 2.723495422742913341e+00 2.773327053203995529e+00 2.784737097552538732e+00 2.771319379241584446e+00
2.753169765838229033e+00 2.749045075099416646e+00 2.803492313610156383e+00 2.815892226602255022e+00 2.802626559431205422e+00
2.779750199736464200e+00 2.775396770159018089e+00 2.834188464975972988e+00 2.847704934522537368e+00 2.834716344660388909e+00
2.807217190786008842e+00 2.802704820113617767e+00 2.865546128340118681e+00 2.880346060376535178e+00 2.867715135390828340e+00
2.835706975452256362e+00 2.831115944423642894e+00 2.897688494925161784e+00 2.913976403796607606e+00 2.901742363059386598e+00
2.865348416764371020e+00 2.860769559038213838e+00 2.930731896473999232e+00 2.948747223663198191e+00 2.936910998730229316e+00
2.896263316336913807e+00 2.891798047461205279e+00 2.964786198222854718e+00 2.984800777897374413e+00 2.973327908858140578e+00
2.928566635532021678e+00 2.924327014849525064e+00 2.999955018411462504e+00 3.022270829076527665e+00 3.011094065947667264e+00
2.962366741830218420e+00 2.958475525942990014e+00 3.036336022907256904e+00 3.061283077347765502e+00 3.050304820601342115e+00
2.997765713249453956e+00 2.994356327362668324e+00 3.074021282309135739e+00 3.101955610931005580e+00 3.091050225100047122e+00
3.034859631125390589e+00 3.032076054136995324e+00 3.113097580040393719e+00 3.144399319235497980e+00 3.133415311339335485e+00
3.073738811158230444e+00 3.071735419771813635e+00 3.153646687817126537e+00 3.188718240115589797e+00 3.177480341533682751e+00
3.114487996501077660e+00 3.113429390192882007e+00 3.195745590189052354e+00 3.235009938658700790e+00 3.223321021697894029e+00
3.157186543022291403e+00 3.157247340040790107e+00 3.239466828233640516e+00 3.283365819445578815e+00 3.271008806366484389e+00
3.201908598023352592e+00 3.203273191157528732e+00 3.284878577334991778e+00 3.333871442693696618e+00 3.320610940424029156e+00
3.248723258382653079e+00 3.251585533628337465e+00 3.332044992500157843e+00 3.386606819711633687e+00 3.372190860110178878e+00
3.297694700722292982e+00 3.302257727668519216e+00 3.381026324705503683e+00 3.441646693138798341e+00 3.425808145708657104e+00
3.348882286350935100e+00 3.355357985544082045e+00 3.431879139147507196e+00 3.499060767985576081e+00 3.481518830903203909e+00
3.402340644674082704e+00 3.410949432302374795e+00 3.484656514819838513e+00 3.558913931911027451e+00 3.539375500130527818e+00
3.458119734023910485e+00 3.469090143894254297e+00 3.539408201992480407e+00 3.621266450100558476e+00 3.599427418337263873e+00
3.516264876082443536e+00 3.529833161035614175e+00 3.596180768844744247e+00 3.686174151687900746e+00 3.661720687793406981e+00
3.576816760867307821e+00 3.593226476776372191e+00 3.655017777851858884e+00 3.753688543050229143e+00 3.726298300913677863e+00
3.639811420606805736e+00 3.659312994043321332e+00 3.715959868538246891e+00 3.823856925381791783e+00 3.793200255703054857e+00
3.705280170669567497e+00 3.728130457358770133e+00 3.779044885943995791e+00 3.896722471319319148e+00 3.862463548047328832e+00
3.773249514600744536e+00 3.799711345249554562e+00 3.844308006093291930e+00 3.972324253642673497e+00 3.934122206489597318e+00
3.843741009507513073e+00 3.874082727195561127e+00 3.911781775803180761e+00 4.050697207133299393e+00 4.008207296633377936e+00
3.916771087799857831e+00 3.951266076842800068e+00 3.981496211547844943e+00 4.131872070835076016e+00 4.084746867961531969e+00
3.992350830993704136e+00 4.031277040634590136e+00 4.053478849526848116e+00 4.215875189684654245e+00 4.163765853735905687e+00
4.070485691453336941e+00 4.114125156122598881e+00 4.127754734040312457e+00 4.302728292901173646e+00 4.245285926879581062e+00
4.151175157134164628e+00 4.199813511944131328e+00 4.204346484110221382e+00 4.392448164726716620e+00 4.329325255846648624e+00
4.234412352608927677e+00 4.288338343288322640e+00 4.283274168670643256e+00 4.485046173710851569e+00 4.415898210504946242e+00
4.320183572572393160e+00 4.379688555368288938e+00 4.364555266166589398e+00 4.580527644202542881e+00 4.505014961504536508e+00
4.408467741268497164e+00 4.473845165944771551e+00 4.448204543564672875e+00 4.678891049230636590e+00 4.596680987539927266e+00
4.499235792677819923e+00 4.570780656390985186e+00 4.534233871135364247e+00 4.780126987919027570e+00 4.690896329273724241e+00
4.592449966607215828e+00 4.670458219164551394e+00 4.622651956160179765e+00 4.884216899355181774e+00 4.787654771110999796e+00
4.688063016791572224e+00 4.772830887701974945e+00 4.713463978527094866e+00 4.991131462196756630e+00 4.886942800907458917e+00
4.786017328699799123e+00 4.877840532959858422e+00 4.806671100723759693e+00 5.100828629576949602e+00 4.988738282605977403e+00
4.886243947088990680e+00 4.985416731881414876e+00 4.902269879911496098e+00 5.213251249224639672e+00 5.093008824954521785e+00
4.988661516657741046e+00 5.095475375134649099e+00 5.000251332988189468e+00 5.328324222853864534e+00 5.199709814496078941e+00
5.093175145103502111e+00 5.207917168499291982e+00 5.100599877590068942e+00 5.445951173045433080e+00 5.308782052892133230e+00
5.199675203010633240e+00 5.322625891524642938e+00 5.203291910045306778e+00 5.566010615366933756e+00 5.420148969500585778e+00
5.308036063694252071e+00 5.439466354107194590e+00 5.308293930283230821e+00 5.688351684643960127e+00 5.533713365624456593e+00
5.418114844539570818e+00 5.558282094240841964e+00 5.415560104244346640e+00 5.812789550218939283e+00 5.649353732071916490e+00
5.529944037639532795e+00 5.679088601404206571e+00 5.525294578567121029e+00 5.939372939409616414e+00 5.767163083250422595e+00
5.644266065750137784e+00 5.802608129253406410e+00 5.638699806606175535e+00 6.069117927181872041e+00 5.888117126577104621e+00
5.761861542882956044e+00 5.929584934129184859e+00 5.757094084012390311e+00 6.203043716953787978e+00 6.013234229897365779e+00
5.883342912945570546e+00 6.060566963481045732e+00 5.881617687944597606e+00 6.341864522502651980e+00 6.143302394439000835e+00
6.009151526008591482e+00 6.195894461506407325e+00 6.013208200011589177e+00 6.485979542848796520e+00 6.278862309338273384e+00
6.139557609081759182e+00 6.335689569606749671e+00 6.152569090055229672e+00 6.635469182278001199e+00 6.420193372826569878e+00
6.274660814982432555e+00 6.479848868029589148e+00 6.300130297790252243e+00 6.790102555985836119e+00 6.567304642104736523e+00
6.414393072484995351e+00 6.628042555276710601e+00 6.456004693387803250e+00 6.949358465283064668e+00 6.719934099630532565e+00
6.558524136333735655e+00 6.779724799463211937e+00 6.619943908106883157e+00 7.112461335958394137e+00 6.877559204678203031e+00
6.706670542608413221e+00 6.934159392244543696e+00 6.791303885720582301e+00 7.278431334540244713e+00 7.039420979285465840e+00
6.858308560926598574e+00 7.090462248092595843e+00 6.969033591130623151e+00 7.446145530797611656e+00 7.204562274148302414e+00
7.012791487469602458e+00 7.247657451303264331e+00 7.151702318430906757e+00 7.614404724592905183e+00 7.371878641004609101e+00
7.169371626969169853e+00 7.404739152957380277e+00 7.337576131647002065e+00 7.781999553970833539e+00 7.540177884296390687e+00
7.327226173420172906e+00 7.560729567303772214e+00 7.524741247611641981e+00 7.947769565742693665e+00 7.708242553482441473e+00
7.485486314574982813e+00 7.714725207909579829e+00 7.711255272450791232e+00 8.110650449851412702e+00 7.874888980582540832e+00
7.643268021298208481e+00 7.865927669916597864e+00 7.895295274574725575e+00 8.269706926938802383e+00 8.039017203061341377e+00
7.799702488402934009e+00 8.013659128079023475e+00 8.075272627855623497e+00 8.424150999060479705e+00 8.199647983734827505e+00
7.953964087428959218e+00 8.157365419546405150e+00 8.249897969099574624e+00 8.573347318777951642e+00 8.355945524197259999e+00
8.105293828331101125e+00 8.296610410055251350e+00 8.418196696852323413e+00 8.716808447825508566e+00 8.507226674204098060e+00
8.253016891370812402e+00 8.431065146386799825e+00 8.579487607815799777e+00 8.854183154366957353e+00 8.652958982209442595e+00
8.396553561078894390e+00 8.560494527053455371e+00 8.733340888141784220e+00 8.985240659072603719e+00 8.792750653256078408e+00
8.535423735433713688e+00 8.684743496505538118e+00 8.879529240259971701e+00 9.109853194367172335e+00 8.926335490810961559e+00
8.669245880278740657e+00 8.803723770222834588e+00 9.017980985830552854e+00 9.227978588029868590e+00 9.053555440254813291e+00
8.797731685755815434e+00 8.917401621377781140e+00 9.148739626624609045e+00 9.339643966974724876e+00 9.174342730094355858e+00
8.920677836187497434e+00 9.025787578512638021e+00 9.271930977410276498e+00 9.444931143369863946e+00 9.288703015066712254e+00
9.037956163786740049e+00 9.128927306739957004e+00 9.387737986651927713e+00 9.543964075803224034e+00 9.396700146468331738e+00
9.149503240529897496e+00 9.226893990398165712e+00 9.496381632414291118e+00 9.636898238371724545e+00 9.498442651057278141e+00
9.255310162947131047e+00 9.319782179122235277e+00 9.598106806850646322e+00 9.723911870837392613e+00 9.594072954674839337e+00
9.355413020604169461e+00 9.407702603060306146e+00 9.693172150428081224e+00 9.805198909542907515e+00 9.683758093327146099e+00
9.449884290677260879e+00 9.490777952620087277e+00 9.781842716596608867e+00 9.880963318143706431e+00 9.767681954139648681e+00
9.538825335619344870e+00 9.569139504011339170e+00 9.864384770836080563e+00 9.951414639670824513e+00 9.846039925155650963e+00
9.622359955214989213e+00 9.642924376075962201e+00 9.941062150847770340e+00 1.001676453801212574e+01 9.919034041604373186e+00
9.700628915183290957e+00 9.712273342883593230e+00 1.001213377186971165e+01 1.007722414512488740e+01 9.986869165944639803e+00
9.773785502359656263e+00 9.777329127344408732e+00 1.007785191271329062e+01 1.013300221840313853e+01 1.004975061219578336e+01
9.841990863427895420e+00 9.838234645773367149e+00 1.013846110904045617e+01 1.018430295678526321e+01 1.010788134481671463e+01
9.905412395709578988e+00 9.895132547414601021e+00 1.019419742534913276e+01 1.023132610066183723e+01 1.016146151083089677e+01
9.964220603738704440e+00 9.948163935211807640e+00 1.024528813142386596e+01 1.027426527438481685e+01 1.021068653453601627e+01
1.001858732138338759e+01 9.997467843565837953e+00 1.029195166633670411e+01 1.031330778975473805e+01 1.025574661935438137e+01
1.006868403573297321e+01 1.004318075717177550e+01 1.033439743178346504e+01 1.034863430476408475e+01 1.029682602855567630e+01
1.011468056977235364e+01 1.008543610860507300e+01 1.037282574466381035e+01 1.038041864481915155e+01 1.033410286312836490e+01
1.015674411371623798e+01 1.012436402462146212e+01 1.040742828348366800e+01 1.040882775811921768e+01 1.036774882167072320e+01
1.019503853252676429e+01 1.016009115905364091e+01 1.043838825611053878e+01 1.043402172851566334e+01 1.039792911336512304e+01
1.022972372701270594e+01 1.019274052116554863e+01 1.046588061039694217e+01 1.045615385910845774e+01 1.042480245652912529e+01
1.026095514223709770e+01 1.022243139931948619e+01 1.049007228705069217e+01 1.047537081600533604e+01 1.044852112177703773e+01
1.028888351884541308e+01 1.024927932490821192e+01 1.051112253983002631e+01 1.049181281218866957e+01 1.046923104669172488e+01
1.031365477193120128e+01 1.027339604424880370e+01 1.052918326897609091e+01 1.050561378248862354e+01 1.048707198133875451e+01
1.033540980652344921e+01 1.029488952694570258e+01 1.054439931721066515e+01 1.051690158839882017e+01 1.050217768005784968e+01
1.035428448176451255e+01 1.031386401601381841e+01 1.055690873319911205e+01 1.052579824475579429e+01 1.051467605182698328e+01
1.037040955103349127e+01 1.033042007583239297e+01 1.056684305506582255e+01 1.053242014245431335e+01 1.052468937359195778e+01
1.038391071777053476e+01 1.034465468630829221e+01 1.057432761039870073e+01 1.053687825528909805e+01 1.053233447736823969e+01
1.039490872967638246e+01 1.035666129530619983e+01 1.057948180040844299e+01 1.053927835946020330e+01 1.053772296159763755e+01
1.040351941016541737e+01 1.036652990948670094e+01 1.058241932133135244e+01 1.053972127271324588e+01 1.054096138243893321e+01
1.040985385383508266e+01 1.037434718515729593e+01 1.058324850122404648e+01 1.053830305272942169e+01 1.054215147709495959e+01
1.041401850572695764e+01 1.038019650975035013e+01 1.058207257261155121e+01 1.053511522014874124e+01 1.054139034828584620e+01
1.041611528164730771e+01 1.038415811975669101e+01 1.057898976456567119e+01 1.053024494098330521e+01 1.053877067037939241e+01
1.041624170080457823e+01 1.038630916036672680e+01 1.057409366441150844e+01 1.052377524847159407e+01 1.053438086617202707e+01
1.041449101935204880e+01 1.038672383680828659e+01 1.056747333695403412e+01 1.051578519393739342e+01 1.052830529369238377e+01
1.041095240810351719e+01 1.038547346232809865e+01 1.055921359446072572e+01 1.050635006014470818e+01 1.052062442463381586e+01
1.040571108203500117e+01 1.038262659887203654e+01 1.054939518273508625e+01 1.049554151891741149e+01 1.051141501266701539e+01
1.039884846607609781e+01 1.037824912348931150e+01 1.053809498749422424e+01 1.048342779955367554e+01 1.050075026144003587e+01
1.039044232922778654e+01 1.037240433522354621e+01 1.052538620733692731e+01 1.047007386922436822e+01 1.048869998421335659e+01
1.038056692000587766e+01 1.036515303846282166e+01 1.051133855674271445e+01 1.045554156246886812e+01 1.047533075691050719e+01
1.036929311586890812e+01 1.035655363878682245e+01 1.049601837335745635e+01 1.043988974291025862e+01 1.046070606680737036e+01
1.035668856042615538e+01 1.034666222398724500e+01 1.047948882011655414e+01 1.042317444615223465e+01 1.044488644800711796e+01
1.034281779693746550e+01 1.033553266100590484e+01 1.046181002038705010e+01 1.040544899461263206e+01 1.042792961826392784e+01
1.032774240156064671e+01 1.032321666240756564e+01 1.044303920534457042e+01 1.038676415197104141e+01 1.040989061378309621e+01
1.031152111206279720e+01 1.030976388824577406e+01 1.042323086161504797e+01 1.036716822328799559e+01 1.039082190436380237e+01
1.029420994659634125e+01 1.029522201424507344e+01 1.040243685900513526e+01 1.034670718182829141e+01 1.037077350987959257e+01
1.027586232345208295e+01 1.027963680854897177e+01 1.038070656492102373e+01 1.032542479276186853e+01 1.034979312335657475e+01
1.025652917787758156e+01 1.026305220077961700e+01 1.035808698546234652e+01 1.030336269241331415e+01 1.032792620764888980e+01
1.023625906807117580e+01 1.024551035898668339e+01 1.033462285351770404e+01 1.028056051400130677e+01 1.030521610137756028e+01
1.021509828221618577e+01 1.022705176254470594e+01 1.031035674863887941e+01 1.025705597263203472e+01 1.028170412516989707e+01
1.019309094098144186e+01 1.020771525113018008e+01 1.028532920879163726e+01 1.023288495363542516e+01 1.025742966557663216e+01
1.017027909747033831e+01 1.018753811139710308e+01 1.025957881279525452e+01 1.020808161618788823e+01 1.023243026657276289e+01
1.014670282642465615e+01 1.016655611462421227e+01 1.023314228582644958e+01 1.018267845853194409e+01 1.020674172304241090e+01
1.012240030831965676e+01 1.014480359692501743e+01 1.020605458798947396e+01 1.015670640761609356e+01 1.018039815078256005e+01
1.009740794620204873e+01 1.012231350006889663e+01 1.017834898919370268e+01 1.013019489762882763e+01 1.015343206884386085e+01
1.007176038959417674e+01 1.009911743721107236e+01 1.015005716347621956e+01 1.010317193000595282e+01 1.012587447965886156e+01
1.004549071028135288e+01 1.007524574291614705e+01 1.012120925552751594e+01 1.007566415728007136e+01 1.009775493050655371e+01
1.001863035346928221e+01 1.005072751810656762e+01 1.009183395510302184e+01 1.004769693740382763e+01 1.006910158504328123e+01
9.991209333709482721e+00 1.002559069379186774e+01 1.006195857550105011e+01 1.001929439742754013e+01 1.003994129314129680e+01
9.963256204358172496e+00 9.999862058210695182e+00 1.003160910958663266e+01 9.990479502577834126e+00 1.001029964284945528e+01
9.934798179236212334e+00 9.973567322180361572e+00 1.000081029639391517e+01 9.961274098105089791e+00 9.980201024442763469e+00
9.905861178319920413e+00 9.946731144462665597e+00 9.969585688535268275e+00 9.931698974433068372e+00 9.949668688303624720e+00
9.876469880584410888e+00 9.919377188319325356e+00 9.937957697111606592e+00 9.901773914278400923e+00 9.918724791967022725e+00
9.846647803313276270e+00 9.891528151617272613e+00 9.905947655514978578e+00 9.871517737785131530e+00 9.887390448212387994e+00
9.816417329385082269e+00 9.863205810237873905e+00 9.873575869120221782e+00 9.840948358062309609e+00 9.855685790075977337e+00
9.785799795653995048e+00 9.834431056702577223e+00 9.840861660820891643e+00 9.810082815692775071e+00 9.823630003112729270e+00
9.754815506085664722e+00 9.805223928370471853e+00 9.807823419284314781e+00 9.778937325196755737e+00 9.791241368196565986e+00
9.723483821364320434e+00 9.775603654092634542e+00 9.774478645861517379e+00 9.747527318028037513e+00 9.758537343495815364e+00
9.691823147808879213e+00 9.745588672526857010e+00 9.740844009784620283e+00 9.715867472846525743e+00 9.725534507316233146e+00
9.659851048111130822e+00 9.715196677545987924e+00 9.706935348237809791e+00 9.683971754848304414e+00 9.692248734432499901e+00
9.627584213088278275e+00 9.684444636935106487e+00 9.672767792623337968e+00 9.651853451269268191e+00 9.658695085645634393e+00
9.595038567468639812e+00 9.653348830181732509e+00 9.638355669309971674e+00 9.619525217254929927e+00 9.624887960858778513e+00
9.562229245026108160e+00 9.621924871579709659e+00 9.603712677372147510e+00 9.586999065748722515e+00 9.590841066011819294e+00
9.529170682861566988e+00 9.590187737498110820e+00 9.568851832786265277e+00 9.554286477836841485e+00 9.556567454324136790e+00
9.495876603303056385e+00 9.558151795839560094e+00 9.533785497962758981e+00 9.521398327646755533e+00 9.522079585198392593e+00
9.462360093552954154e+00 9.525830816578046978e+00 9.498525480406918575e+00 9.488344987981504275e+00 9.487389308047507797e+00
9.428633598330598886e+00 9.493238023303655737e+00 9.463082970736486743e+00 9.455136340100889214e+00 9.452507943746564223e+00
9.394708977478211764e+00 9.460386094884794872e+00 9.427468656472878905e+00 9.421781740879740852e+00 9.417446255463973515e+00
9.360597517550720781e+00 9.427287176479548947e+00 9.391692683050335333e+00 9.388290143118158682e+00 9.382214528614772675e+00
9.326309965379957490e+00 9.393952958977740408e+00 9.355764715399159215e+00 9.354670023052392480e+00 9.346822548694253996e+00
9.291856555847648025e+00 9.360394614282766312e+00 9.319693957312622956e+00 9.320929469615419904e+00 9.311279640696504600e+00
9.257247026816582292e+00 9.326622868577988612e+00 9.283489154310759162e+00 9.287076173039130467e+00 9.275594705495047165e+00
9.222490657712144824e+00 9.292648042635466510e+00 9.247158655816262396e+00 9.253117438594170352e+00 9.239776203959038980e+00
9.187596272439956024e+00 9.258479969854571223e+00 9.210710369936734310e+00 9.219060238630339299e+00 9.203832222826163090e+00
9.152572282708144158e+00 9.224128137726863130e+00 9.174151857516385178e+00 9.184911184110676530e+00 9.167770443349070320e+00
9.117426684354970945e+00 9.189601629448096887e+00 9.137490296101425713e+00 9.150676590321873860e+00 9.131598205902436760e+00
9.082167101742870230e+00 9.154909132364517532e+00 9.100732513909385091e+00 9.116362452929243076e+00 9.095322493382038687e+00
9.046800780186657676e+00 9.120059009125107252e+00 9.063885021379300966e+00 9.081974470588026094e+00 9.058949962383003651e+00
9.011334629850447087e+00 9.085059262799823898e+00 9.026953993344452698e+00 9.047518084841565056e+00 9.022486961169713382e+00
8.975775215774323357e+00 9.049917565459240976e+00 8.989945326116133728e+00 9.012998447961047432e+00 8.985939528407651977e+00
8.940128800137612686e+00 9.014641292353246627e+00 8.952864612661414867e+00 8.978420484860079043e+00 8.949313433289027842e+00
8.904401331469488312e+00 8.979237495737370622e+00 8.915717186530640603e+00 8.943788867333777759e+00 8.912614156110423735e+00
8.868598483449586567e+00 8.943712956448303331e+00 8.878508119912698504e+00 8.909108041556974555e+00 8.875846935367858848e+00
8.832725647468340213e+00 8.908074179743746157e+00 8.841242232709042526e+00 8.874382245084362353e+00 8.839016751374792591e+00
8.796787961789361177e+00 8.872327379886986165e+00 8.803924123966833548e+00 8.839615496977007325e+00 8.802128353597584720e+00
8.760790313227657222e+00 8.836478545897556103e+00 8.766558152964080364e+00 8.804811635629867794e+00 8.765186269705397493e+00
8.724737354792335253e+00 8.800533407300699551e+00 8.729148483934190850e+00 8.769974301126692851e+00 8.728194806328888333e+00
8.688633515357642167e+00 8.764497446342415898e+00 8.691699067717975069e+00 8.735106963421419124e+00 8.691158076765681528e+00
8.652483008594803238e+00 8.728375940829746327e+00 8.654213666464775301e+00 8.700212925706713563e+00 8.654079988587458416e+00
8.616289847725562723e+00 8.692173935055540923e+00 8.616695863067379335e+00 8.665295322021890456e+00 8.616964275637656101e+00
8.580057848554174527e+00 8.655896270975501849e+00 8.579149057074390683e+00 8.630357147271489282e+00 8.579814486957324959e+00
8.543790647111583425e+00 8.619547596976047998e+00 8.541576494106005057e+00 8.595401237420938756e+00 8.542634008118030309e+00
8.507491698845489836e+00 8.583132359534337397e+00 8.503981249253991237e+00 8.560430301236184647e+00 8.505426064506307782e+00
8.471164297538852139e+00 8.546654835139607442e+00 8.466366258368005049e+00 8.525446912883278827e+00 8.468193724934566902e+00
8.434811572230810128e+00 8.510119120407827253e+00 8.428734309067417385e+00 8.490453517269681782e+00 8.430939919381801317e+00
8.398436506211568897e+00 8.473529132634062933e+00 8.391088051851316010e+00 8.455452448998652670e+00 8.393667430973609456e+00
8.362041932828656599e+00 8.436888644959939398e+00 8.353430013229518281e+00 8.420445919385732836e+00 8.356378919085022616e+00
8.325630553495418695e+00 8.400201264031702308e+00 8.315762588372088260e+00 8.385436041425649023e+00 8.319076909964655542e+00
8.289204928137058559e+00 8.363470448134444624e+00 8.278088064082499642e+00 8.350424821288495281e+00 8.281763814422163250e+00
8.252767503745841893e+00 8.326699521949043614e+00 8.240408607997602886e+00 8.315414166912132643e+00 8.244441927546215965e+00
8.216320611776630756e+00 8.289891658051974588e+00 8.202726286017725243e+00 8.280405898561200573e+00 8.207113433327775098e+00
8.179866449629990655e+00 8.253049910075379358e+00 8.165043062469367285e+00 8.245401741222909919e+00 8.169780415896699566e+00
8.143407130544963124e+00 8.216177203287495345e+00 8.127360801957040692e+00 8.210403343603692505e+00 8.132444854924095523e+00
8.106944671818103743e+00 8.179276334513550850e+00 8.089681283133201006e+00 8.175412269875380389e+00 8.095108641452148035e+00
8.070480965360962600e+00 8.142349994674873415e+00 8.052006190654100948e+00 8.140430009557150015e+00 8.057773570961128229e+00
8.034017820023599654e+00 8.105400758430445052e+00 8.014337132455622736e+00 8.105457982402908712e+00 8.020441357428730100e+00
7.997556977508357257e+00 8.068431091753138773e+00 7.976675633557699818e+00 8.070497534691012831e+00 7.983113631180632552e+00
7.961100075280355348e+00 8.031443365534986611e+00 7.939023144553225109e+00 8.035549953179868865e+00 7.945791943868125706e+00
7.924648660291921054e+00 7.994439844405254902e+00 7.901381046269910335e+00 8.000616457832681050e+00 7.908477774258985349e+00
7.888204229288489522e+00 7.957422704036218875e+00 7.863750647672720362e+00 7.965698212230289954e+00 7.871172524001385895e+00
7.851768194467403816e+00 7.920394031610018537e+00 7.826133197615308568e+00 7.930796324012977294e+00 7.833877536273796238e+00
7.815341885116615650e+00 7.883355819652378749e+00 7.788529878246648330e+00 7.895911844704680327e+00 7.796594091471673593e+00
7.778926584225700047e+00 7.846309986575648487e+00 7.750941817102471987e+00 7.861045779165530156e+00 7.759323392821496412e+00
7.742523506985528492e+00 7.809258367809202461e+00 7.713370084014597339e+00 7.826199079487237142e+00 7.722066600019850569e+00
7.706133803394122239e+00 7.772202718928220122e+00 7.675815694774868803e+00 7.791372655562386562e+00 7.684824823762949286e+00
7.669758576869540434e+00 7.735144728657399327e+00 7.638279616389795912e+00 7.756567370571934461e+00 7.647599114290055233e+00
7.633398877800327220e+00 7.698086010399498136e+00 7.600762761398206280e+00 7.721784044417497661e+00 7.610390446363836325e+00
7.597055684424149469e+00 7.661028111439263100e+00 7.563266004205895676e+00 7.687023463624958808e+00 7.573199785839973330e+00
7.560729947954635044e+00 7.623972517395934290e+00 7.525790176327205039e+00 7.652286378425415592e+00 7.536028043476735050e+00
7.524422569890240275e+00 7.586920645717897038e+00 7.488336060009399553e+00 7.617573489058819369e+00 7.498876062767032558e+00
7.488134398518630164e+00 7.549873860317458885e+00 7.450904398863444023e+00 7.582885476606853636e+00 7.461744662415549456e+00
7.451866245687764234e+00 7.512833466457949250e+00 7.413495911924465887e+00 7.548222993140712767e+00 7.424634625862760018e+00
7.415618887191262942e+00 7.475800711458528092e+00 7.376111282556002458e+00 7.513586658027769261e+00 7.387546692385299707e+00
7.379393053135625102e+00 7.438776795060108249e+00 7.338751125169281408e+00 7.478977033603031011e+00 7.350481553708810623e+00
7.343189435856652736e+00 7.401762863767040734e+00 7.301416061281261527e+00 7.444394691879404391e+00 7.313439883449293966e+00
7.307008700993955053e+00 7.364760015410742433e+00 7.264106673134159031e+00 7.409840168911566494e+00 7.276422317939992723e+00
7.270851476897728816e+00 7.327769304651406301e+00 7.226823508113267458e+00 7.375313967208883881e+00 7.239429458967230779e+00
7.234718357093973040e+00 7.290791737467631428e+00 7.189567071000158016e+00 7.340816558698241678e+00 7.202461882473782495e+00
7.198609911872607015e+00 7.253828280462755629e+00 7.152337863610040536e+00 7.306348410681664518e+00 7.165520138504450465e+00
7.162526680933963164e+00 7.216879859374879302e+00 7.115136355442881033e+00 7.271909963331942173e+00 7.128604747415909770e+00
7.126469170781522422e+00 7.179947357646778272e+00 7.077962982585075835e+00 7.237501626133006738e+00 7.091716192358488158e+00
7.090437870434882939e+00 7.143031624888581455e+00 7.040818162619382647e+00 7.203123796661599521e+00 7.054854949042036694e+00
7.054433242845490781e+00 7.106133471594781703e+00 7.003702295561002877e+00 7.168776855809309012e+00 7.018021465469093556e+00
7.018455721328379582e+00 7.069253672052611570e+00 6.966615758819622251e+00 7.134461165784986569e+00 6.981216160586549258e+00
6.982505724578092376e+00 7.032392972765986627e+00 6.929558907056813766e+00 7.100177069584873379e+00 6.944439437299793738e+00
6.946583649061532917e+00 6.995552088726560314e+00 6.892532081513714992e+00 7.065924899430322981e+00 6.907691680599616468e+00
6.910689865759178652e+00 6.958731699879788124e+00 6.855535605643986230e+00 7.031704972699815315e+00 6.870973253621017740e+00
6.874824731052814997e+00 6.921932452208793052e+00 6.818569781181037293e+00 6.997517588597478522e+00 6.834284493626033630e+00
6.838988583947994471e+00 6.885154978650044555e+00 6.781634889397761157e+00 6.963363027720528287e+00 6.797625730952643330e+00
6.803181742795473497e+00 6.848399882732207011e+00 6.744731207168228160e+00 6.929241569272777568e+00 6.760997276323225336e+00
6.767404510093706804e+00 6.811667735188383865e+00 6.707858993615882781e+00 6.895153477081786164e+00 6.724399420944372707e+00
6.731657175256601455e+00 6.774959068509829763e+00 6.671018488039210936e+00 6.861098999007402277e+00 6.687832443515823400e+00
6.695940010517666963e+00 6.738274418873180238e+00 6.634209922049024932e+00 6.827078375261049992e+00 6.651296609682124661e+00
6.660253272438743544e+00 6.701614291470585627e+00 6.597433515250015645e+00 6.793091837726328741e+00 6.614792170022596451e+00
6.624597207471045301e+00 6.664979165501609515e+00 6.560689473787649995e+00 6.759139607850683795e+00 6.578319357860290317e+00
6.588972047774938723e+00 6.628369485585725585e+00 6.523977985331067764e+00 6.725221889180998502e+00 6.541878400222096879e+00
6.553378011002221726e+00 6.591785698848900310e+00 6.487299236028357896e+00 6.691338886629996985e+00 6.505469510859777316e+00
6.517815306533589315e+00 6.555228225821153387e+00 6.450653398896725399e+00 6.657490793803503948e+00 6.469092889143357894e+00
6.482284131863089272e+00 6.518697466918905725e+00 6.414040635447054939e+00 6.623677795760351650e+00 6.432748725925122812e+00
6.446784671099424102e+00 6.482193795652562152e+00 6.377461097984233440e+00 6.589900068812130307e+00 6.396437203109125669e+00
6.411317101791023987e+00 6.445717582080069619e+00 6.340914932024766415e+00 6.556157785087396661e+00 6.360158491731580988e+00
6.375881591357113187e+00 6.409269175670594620e+00 6.304402274362863601e+00 6.522451109592756424e+00 6.323912749932762978e+00
6.340478295610376236e+00 6.372848910339925510e+00 6.267923248520434143e+00 6.488780198134052490e+00 6.287700132238839501e+00
6.305107364313857765e+00 6.336457102193004509e+00 6.231477976235693994e+00 6.455145202046093544e+00 6.251520783494137312e+00
