2.004616256938125840e+00 2.000507562325764876e+00 2.002599576674435777e+00 2.003435498495202527e+00 2.001848633091447560e+00
2.009571828147930894e+00 2.001049876320189380e+00 2.005338651312534193e+00 2.006976111650023320e+00 2.003747268674079596e+00
2.014849949338963331e+00 2.001627452821638897e+00 2.008212280412944306e+00 2.010623028324062922e+00 2.005696449781885438e+00
2.020434991461745433e+00 2.002240880474808638e+00 2.011215934725469445e+00 2.014377716279837305e+00 2.007696793559693660e+00
2.026312414208880419e+00 2.002890829761468261e+00 2.014345491120523413e+00 2.018241946860423131e+00 2.009748993439952613e+00
2.032468722410592843e+00 2.003578052960210520e+00 2.017597216213084632e+00 2.022217795454056333e+00 2.011853823974288691e+00
2.038891429754208673e+00 2.004303386845152524e+00 2.020967755458415116e+00 2.026307656755085951e+00 2.014012141954630852e+00
2.045569023806725006e+00 2.005067755343326485e+00 2.024454125766894208e+00 2.030514260482297217e+00 2.016224888649043034e+00
2.052490930004889691e+00 2.005872172632517270e+00 2.028053703590676715e+00 2.034840689435569061e+00 2.018493092242637843e+00
2.059647481525907597e+00 2.006717746004052394e+00 2.031764217812717099e+00 2.039290397818902090e+00 2.020817871066982185e+00
2.067029892157226101e+00 2.007605679443416946e+00 2.035583743895839515e+00 2.043867233667695071e+00 2.023200436277072800e+00
2.074630230371652839e+00 2.008537277827485923e+00 2.039510697775587023e+00 2.048575465499675730e+00 2.025642099161034437e+00
2.082441395767158365e+00 2.009513951324052528e+00 2.043543830944559048e+00 2.053419810127004919e+00 2.028144273304672396e+00
2.090457100605500607e+00 2.010537220519976298e+00 2.047682227332312088e+00 2.058405465762353170e+00 2.030708478735200107e+00
2.098671840791363596e+00 2.011608720738535361e+00 2.051925301210579811e+00 2.063538149802430333e+00 2.033336347461097038e+00
2.107080893401052535e+00 2.012730210012769749e+00 2.056272796296319871e+00 2.068824141511384163e+00 2.036029629360724069e+00
2.115680298919754510e+00 2.013903575860676032e+00 2.060724785959540561e+00 2.074270329932659696e+00 2.038790198492585137e+00
2.124466853550985856e+00 2.015130841675738971e+00 2.065281675144703843e+00 2.079884268151891646e+00 2.041620060130608927e+00
2.133438102092938049e+00 2.016414174912907420e+00 2.069944204082100114e+00 2.085674235376520524e+00 2.044521359424239737e+00
2.142592332388164156e+00 2.017755896862571507e+00 2.074713453499521076e+00 2.091649307747792896e+00 2.047496386675769831e+00
2.151928576704434271e+00 2.019158493006526278e+00 2.079590851493986481e+00 2.097819438915847101e+00 2.050547587335085797e+00
2.161446613969635333e+00 2.020624623791972052e+00 2.084578183332782331e+00 2.104195551860314595e+00 2.053677573760067432e+00
2.171146979796366505e+00 2.022157137001173055e+00 2.089677600432343407e+00 2.110789643882005961e+00 2.056889134599074520e+00
2.181030978689467936e+00 2.023759081771482560e+00 2.094891637437288345e+00 2.117614906986847512e+00 2.060185248485653542e+00
2.191100700274989599e+00 2.025433722098466394e+00 2.100223220304273219e+00 2.124685866169053750e+00 2.063569097604208036e+00
2.201359040711635018e+00 2.027184556101479185e+00 2.105675693025962580e+00 2.132018538544889541e+00 2.067044080976217835e+00
2.211809729640995315e+00 2.029015333934965248e+00 2.111252839101159129e+00 2.139630616908457128e+00 2.070613830340610750e+00
2.222457366282172053e+00 2.030930077083034302e+00 2.116958898532267153e+00 2.147541682012656494e+00 2.074282227710067872e+00
2.233307459809521500e+00 2.032933102896359312e+00 2.122798612278649077e+00 2.155773448705414097e+00 2.078053426246541324e+00
2.244366479562081462e+00 2.035029050628418545e+00 2.128777243334449842e+00 2.164350052028040761e+00 2.081931871908064835e+00
2.255641909404908496e+00 2.037222909130150139e+00 2.134900621033711143e+00 2.173298380574023358e+00 2.085922326013457173e+00
2.267142321661200999e+00 2.039520048161165278e+00 2.141175192362290147e+00 2.182648465845087316e+00 2.090029893722250787e+00
2.278877455288041531e+00 2.041926255771622234e+00 2.147608056796505682e+00 2.192433938042421371e+00 2.094260052740215539e+00
2.290858311657363977e+00 2.044447778664865822e+00 2.154207045396821396e+00 2.202692562734995363e+00 2.098618685789214400e+00
2.303097257757178440e+00 2.047091363520161078e+00 2.160980782755990148e+00 2.213466865822725005e+00 2.103112115685766170e+00
2.315608160697600226e+00 2.049864314008369881e+00 2.167938752575353512e+00 2.224804871665563510e+00 2.107747148290977091e+00
2.328406534989429399e+00 2.052774546766537256e+00 2.175091418774080410e+00 2.236760974172518068e+00 2.112531116921716468e+00
2.341509715764760191e+00 2.055830653699507238e+00 2.182450297607009038e+00 2.249396959562007581e+00 2.117471930138492997e+00
2.354937053089106058e+00 2.059041977037233018e+00 2.190028097932373630e+00 2.262783204814218685e+00 2.122578129764547850e+00
2.368710150838761130e+00 2.062418694406604747e+00 2.197838878530716578e+00 2.277000077304641934e+00 2.127858953971976330e+00
2.382853144019837721e+00 2.065971917344433972e+00 2.205898155863928789e+00 2.292139558184759451e+00 2.133324407892124963e+00
2.397393017625064626e+00 2.069713787643283176e+00 2.214223165025911655e+00 2.308307102413139855e+00 2.138985336070264420e+00
2.412359976467898903e+00 2.073657620304572013e+00 2.222833046122043577e+00 2.325623729093556857e+00 2.144853517873889448e+00
2.427787873815770769e+00 2.077818043695067285e+00 2.231749079619330001e+00 2.344228299845790620e+00 2.150941764128724287e+00
2.443714746848038466e+00 2.082211152671397780e+00 2.240995085844912360e+00 2.364279877772173855e+00 2.157264026516906075e+00
2.460183411313003887e+00 2.086854712546533097e+00 2.250597664031130929e+00 2.385959956927254488e+00 2.163835518561881610e+00
2.477242188923701072e+00 2.091768385312618772e+00 2.260586707364441228e+00 2.409474178897667240e+00 2.170672860797781656e+00
2.494945682685994370e+00 2.096973982118930824e+00 2.270995868676355833e+00 2.435053084803699086e+00 2.177794237767837870e+00
2.513355835812602912e+00 2.102495747376810886e+00 2.281863239137992494e+00 2.462950216730004360e+00 2.185219562763340839e+00
2.532543059334401825e+00 2.108360744219019089e+00 2.293232064652920954e+00 2.493437208130531157e+00 2.192970684258119363e+00
2.552587609798941948e+00 2.114599265294720087e+00 2.305151569738864037e+00 2.526793711262397935e+00 2.201071604882204991e+00
2.573580986334104370e+00 2.121245263544224269e+00 2.317678019485574836e+00 2.563290461849949242e+00 2.209548726324197077e+00
2.595628059975980229e+00 2.128336982904337482e+00 2.330876005920657246e+00 2.603164900985522667e+00 2.218431098443309324e+00
2.618848990554963674e+00 2.135917630798913169e+00 2.344819987741630030e+00 2.646590842525013088e+00 2.227750741853530947e+00
2.643381478124322115e+00 2.144036049690849044e+00 2.359596138446814706e+00 2.693647067661309347e+00 2.237542959563146194e+00
2.669383221971378006e+00 2.152747847797321423e+00 2.375304578067400918e+00 2.744292526968747037e+00 2.247846672424218095e+00
2.697034411662619480e+00 2.162116414089418015e+00 2.392061870715785243e+00 2.798358717615480273e+00 2.258704783797999660e+00
2.726539932378541753e+00 2.172214179794545785e+00 2.410004463920044859e+00 2.855562128605770411e+00 2.270164559427259032e+00
2.758130801188061199e+00 2.183124126378051422e+00 2.429292159790631178e+00 2.915536397020433323e+00 2.282277970212524210e+00
2.792064151608725453e+00 2.194941546724148207e+00 2.450112125363983484e+00 2.977874534552515051e+00 2.295102018912577702e+00
2.828620083104609328e+00 2.207776033993213982e+00 2.472683218720360454e+00 3.042169452944844199e+00 2.308699006893257799e+00
2.868094738765435636e+00 2.221753668351877486e+00 2.497260059556368095e+00 3.108044669283317241e+00 2.323136639534935988e+00
2.910787339302184140e+00 2.237019333989881176e+00 2.524135819918583490e+00 3.175171963123592622e+00 2.338488021657261662e+00
2.956979355786606423e+00 2.253739001276674703e+00 2.553642278192626680e+00 3.243277567484196933e+00 2.354831166030197043e+00
3.006906651025215371e+00 2.272101647034045602e+00 2.586143620421056166e+00 3.312140429232749206e+00 2.372248256622387252e+00
3.060726363450924747e+00 2.292320375574759872e+00 2.622021769388951373e+00 3.381586153541622508e+00 2.390824368737336947e+00
3.118485400076248304e+00 2.314631514384862587e+00 2.661647830712232654e+00 3.451479355824387252e+00 2.410645457178292705e+00
3.180099044547278098e+00 2.339290490645932419e+00 2.705338032512898394e+00 3.521716044176950167e+00 2.431795520153130941e+00
3.245350119163998404e+00 2.366563534586644479e+00 2.753297811980036425e+00 3.592216830376406822e+00 2.454352917741836837e+00
3.313908718063441672e+00 2.396712349529089181e+00 2.805566133262102468e+00 3.662921279747962444e+00 2.478385912871443164e+00
3.385370265858854033e+00 2.429971496265863617e+00 2.861982230783254533e+00 3.733783543837449592e+00 2.503947666537001737e+00
3.459300237910380105e+00 2.466518331820066301e+00 2.922192679170504626e+00 3.804768698236528746e+00 2.531071148721884434e+00
3.535273924019759040e+00 2.506441487735176832e+00 2.985701503552575797e+00 3.875850108948391881e+00 2.559764608483646953e+00
3.612904538542204946e+00 2.549713827760204943e+00 3.051946244584373247e+00 3.947007384358566018e+00 2.590008411810243327e+00
3.691857891568238070e+00 2.596180654968405666e+00 3.120371656256062831e+00 4.018224816095370855e+00 2.621754316376251559e+00
3.771856178005138727e+00 2.645569556258504651e+00 3.190481460711504180e+00 4.089490228006499528e+00 2.654926812717763873e+00
3.852674668181022888e+00 2.697520918024487457e+00 3.261862765939534725e+00 4.160794100895557790e+00 2.689427001056530653e+00
3.934134842583368208e+00 2.751630398904808317e+00 3.334189074024584531e+00 4.232128921381424824e+00 2.725138601564485619e+00
4.016096440764149733e+00 2.807491072791063580e+00 3.407211027572667472e+00 4.303488695786071183e+00 2.761934764410185039e+00
4.098449854296963402e+00 2.864725775169210120e+00 3.480742419968131607e+00 4.374868586104311063e+00 2.799684959085986247e+00
4.181109514296657892e+00 2.923005942551483827e+00 3.554646057634126777e+00 4.446264639235144145e+00 2.838261001798240812e+00
4.264008456518197043e+00 2.982058291406274986e+00 3.628821531821178947e+00 4.517673584352978722e+00 2.877541768940749201e+00
4.347094007312024999e+00 3.041663086054946508e+00 3.703195481467461470e+00 4.589092681300613208e+00 2.917416291901986813e+00
4.430324432946236790e+00 3.101647852781686865e+00 3.777714200799639599e+00 4.660519606570380446e+00 2.957785512623224200e+00
4.513666372343039690e+00 3.161879440824879595e+00 3.852338180017236269e+00 4.731952367197666653e+00 2.998562780287147511e+00
4.597092888341427042e+00 3.222256171675179193e+00 3.927038152533224746e+00 4.803389235307411909e+00 3.039673542217693480e+00
4.680581991924363194e+00 3.282700917052706391e+00 4.001792237980323463e+00 4.874828697959876500e+00 3.081054491431666431e+00
4.764115508090137396e+00 3.343155383662777869e+00 4.076583876823418606e+00 4.946269418465995216e+00 3.122652396377673334e+00
4.847678241609975736e+00 3.403575577959192078e+00 4.151400422396112511e+00 5.017710206286399632e+00 3.164422847824633678e+00
4.931257359769645632e+00 3.463928297334873285e+00 4.226232083562608821e+00 5.089149993554032747e+00 3.206329002188026411e+00
5.014841884173737441e+00 3.524188464617105332e+00 4.301071157236819431e+00 5.160587816063513245e+00 3.248340417750207543e+00
5.098422318660450259e+00 3.584337111034221923e+00 4.375911501542805837e+00 5.232022798206083181e+00 3.290432009426026205e+00
5.181990372278181489e+00 3.644359842674989469e+00 4.450748145004586931e+00 5.303454141329051907e+00 3.332583144462464730e+00
5.265538737403962166e+00 3.704245711049037215e+00 4.525577001249069475e+00 5.374881114060454657e+00 3.374776862748214867e+00
5.349060918975950152e+00 3.763986417455561728e+00 4.600394660378716694e+00 5.446303044018558026e+00 3.416999236950235108e+00
5.432551101061114274e+00 3.823575652917752699e+00 4.675198238838644826e+00 5.517719311092430523e+00 3.459238818630677059e+00
5.516004042738098079e+00 3.883008609562927038e+00 4.749985264214467762e+00 5.589129341998179790e+00 3.501486174033129117e+00
5.599414995045108867e+00 3.942281631342142489e+00 4.824753591517487727e+00 5.660532605648422866e+00 3.543733528351647788e+00
5.682779633359300142e+00 4.001391954593926492e+00 4.899501339492136509e+00 5.731928609141892395e+00 3.585974478104949181e+00
5.766094004233371706e+00 4.060337500169846514e+00 4.974226842880237420e+00 5.803316894325558195e+00 3.628203743607174570e+00
5.849354481458068022e+00 4.119116715673718510e+00 5.048928615344649096e+00 5.874697034867001122e+00 3.670416959523108424e+00
5.932557729590192785e+00 4.177728460582089021e+00 5.123605319791689539e+00 5.946068633696784289e+00 3.712610506452899362e+00
6.015700674559647965e+00 4.236171917111586360e+00 5.198255746651854636e+00 6.017431320738555911e+00 3.754781378820628124e+00
6.098780477627865793e+00 4.294446520550380342e+00 5.272878797599858558e+00 6.088784750904674858e+00 3.796927079361349655e+00
6.181794513150918213e+00 4.352551906023474082e+00 5.347473471628447328e+00 6.160128602319717039e+00 3.839045531718931148e+00
6.264740350888339471e+00 4.410487866628947984e+00 5.422038853031978078e+00 6.231462574719987657e+00 3.881135007015553029e+00
6.347615740711098020e+00 4.468254316689145966e+00 5.496574101817752300e+00 6.302786388014437691e+00 3.923194063262146258e+00
6.430418598583194090e+00 4.525851270657409664e+00 5.571078446352690783e+00 6.374099780970867712e+00 3.965221496636516463e+00
6.513146993916332228e+00 4.583278827112852838e+00 5.645551177240838214e+00 6.445402510041311039e+00 4.007216302110687245e+00
6.595799138318294119e+00 4.640537150865299942e+00 5.719991642100077378e+00 6.516694348239333578e+00 4.049177641220905066e+00
6.678373375861762717e+00 4.697626459605554139e+00 5.794399240422294817e+00 6.587975084129373826e+00 4.091104815276397133e+00
6.760868174393869445e+00 4.754547013686631018e+00 5.868773420096585980e+00 6.659244520906513642e+00 4.132997242582435504e+00
6.843282117599703618e+00 4.811299107972892841e+00 5.943113672476551201e+00 6.730502475546196628e+00 4.174854439979273302e+00
6.925613898117326528e+00 4.867883065996166714e+00 6.017419530612399647e+00 6.801748777989255146e+00 4.216676007726449349e+00
7.007862309773420506e+00 4.924299236053586881e+00 6.091690566541339891e+00 6.872983270451838322e+00 4.258461616935127481e+00
7.090026243250041382e+00 4.980547986606232769e+00 6.165926387729441238e+00 6.944205806687903326e+00 4.300210999018434066e+00
7.172104676435196779e+00 5.036629702761672434e+00 6.240126636167444119e+00 7.015416251333753905e+00 4.341923937130991007e+00
7.254096674291070634e+00 5.092544783502760630e+00 6.314290985329196637e+00 7.086614479311327486e+00 4.383600258830893104e+00
7.336001379112181198e+00 5.148293639489812890e+00 6.388419138278679910e+00 7.157800375244444346e+00 4.425239829445292372e+00
7.417818010218727665e+00 5.203876691175495672e+00 6.462510826010097631e+00 7.228973832951694156e+00 4.466842545104567463e+00
7.499545857290955020e+00 5.259294367607521004e+00 6.536565805913984839e+00 7.300134754929057834e+00 4.508408333027551507e+00
7.581184276788626164e+00 5.314547105019814310e+00 6.610583859884374469e+00 7.371283051878545045e+00 4.549937140967975857e+00
7.662732688656869406e+00 5.369635345734012688e+00 6.684564793426273965e+00 7.442418642300120624e+00 4.591428941999874169e+00
7.744190571613913221e+00 5.424559537261297137e+00 6.758508434066303749e+00 7.513541451968611895e+00 4.632883726876415587e+00
7.825557461105709045e+00 5.479320131556763229e+00 6.832414630039727932e+00 7.584651413698697553e+00 4.674301503220118725e+00
7.906832945035416671e+00 5.533917584363349462e+00 6.906283249278806657e+00 7.655748466705903255e+00 4.715682293667359026e+00
7.988016661579652400e+00 5.588352354765746988e+00 6.980114178242987855e+00 7.726832556547005737e+00 4.757026133270668922e+00
8.069108296478249898e+00 5.642624904602803859e+00 7.053907320764731814e+00 7.797903634562005415e+00 4.798333068457876216e+00
8.150107579584297213e+00 5.696735698175575457e+00 7.127662597274492029e+00 7.868961657689957256e+00 4.839603156208229784e+00
8.231014283654262798e+00 5.750685201525774559e+00 7.201379943807408424e+00 7.940006588176001578e+00 4.880836461863472309e+00
8.311828220767720765e+00 5.804473882775174509e+00 7.275059311055456668e+00 8.011038393201390662e+00 4.922033059801876220e+00
8.392549241056640241e+00 5.858102210972887747e+00 7.348700663709835545e+00 8.082057044742375851e+00 4.963193031441679004e+00
8.473177230001683213e+00 5.911570656848748939e+00 7.422303979745284330e+00 8.153062519184288703e+00 5.004316465087951471e+00
8.553712106642855417e+00 5.964879691775581527e+00 7.495869249286724489e+00 8.224054797187999810e+00 5.045403455142083438e+00
8.634153822010318891e+00 6.018029788165862648e+00 7.569396474419708198e+00 8.295033863356225723e+00 5.086454101358360624e+00
8.714502356640325686e+00 6.071021418912395440e+00 7.642885668165321889e+00 8.365999706107446698e+00 5.127468508561740634e+00
8.794757719829304321e+00 6.123855057406013103e+00 7.716336853713889887e+00 8.436952317382434785e+00 5.168446786138869875e+00
8.874919947220849537e+00 6.176531177324670274e+00 7.789750064868836255e+00 8.507891692587593369e+00 5.209389047532399175e+00
8.954989099919945517e+00 6.229050252479775729e+00 7.863125343731717010e+00 8.578817830240959452e+00 5.250295410173268174e+00
9.034965262748380965e+00 6.281412756806484587e+00 7.936462742363510792e+00 8.649730731991205346e+00 5.291165994892780056e+00
9.114848542907671103e+00 6.333619164094602461e+00 8.009762320191917695e+00 8.720630402267774528e+00 5.332000925825775894e+00
9.194639068993868847e+00 6.385669948085819669e+00 8.083024145161006757e+00 8.791516848302711296e+00 5.372800330183875595e+00
9.274336989303709089e+00 6.437565582218001126e+00 8.156248292341507167e+00 8.862390079818583288e+00 5.413564337688594463e+00
9.353942471254979907e+00 6.489306539668108442e+00 8.229434843851878512e+00 8.933250109038718634e+00 5.454293080741530630e+00
9.433455699833896091e+00 6.540893293187220792e+00 8.302583888535130185e+00 9.004096950412149525e+00 5.494986694105879366e+00
9.512876876890450362e+00 6.592326315079700016e+00 8.375695521195186899e+00 9.074930620629388045e+00 5.535645314201684819e+00
9.592206220074903200e+00 6.643606077111022579e+00 8.448769842795389451e+00 9.145751138359962340e+00 5.576269080301728742e+00
9.671443961790501476e+00 6.694733050450828671e+00 8.521806959405202164e+00 9.216558524288252841e+00 5.616858132566883377e+00
9.750590348626774428e+00 6.745707705636254659e+00 8.594806982800534456e+00 9.287352800858233337e+00 5.657412613408788538e+00
9.829645640168561016e+00 6.796530512481236741e+00 8.667770029184326930e+00 9.358133992321254979e+00 5.697932666808972257e+00
9.908610108574494646e+00 6.847201940080199556e+00 8.740696219713875337e+00 9.428902124497341219e+00 5.738418437905174585e+00
9.987484037738603604e+00 6.897722456711772310e+00 8.813585679847211196e+00 9.499657224820936108e+00 5.778870073581861888e+00
1.006626772251192037e+01 6.948092529841660259e+00 8.886438539057239794e+00 9.570399322126945663e+00 5.819287721642263378e+00
1.014496146760679451e+01 6.998312626047701990e+00 8.959254930862279309e+00 9.641128446689501530e+00 5.859671531195430383e+00
1.022356558857846487e+01 7.048383211008797389e+00 9.032034992199035273e+00 9.711844630030926240e+00 5.900021652338073963e+00
1.030208040847617568e+01 7.098304749454173113e+00 9.104778863609116257e+00 9.782547904957201723e+00 5.940338236086134316e+00
1.038050625958696216e+01 7.148077705139566973e+00 9.177486688607649157e+00 9.853238305384030227e+00 5.980621434433736283e+00
1.045884348304389277e+01 7.197702540835570595e+00 9.250158613975948185e+00 9.923915866372427175e+00 6.020871400003652063e+00
1.053709242566964477e+01 7.247179718257038772e+00 9.322794789113107328e+00 9.994580623968964517e+00 6.061088286331153263e+00
1.061525344320716080e+01 7.296509698049720605e+00 9.395395366160501638e+00 1.006523261524058022e+01 6.101272247485398204e+00
1.069332689695334437e+01 7.345692939848638581e+00 9.467960499780781802e+00 1.013587187812997570e+01 6.141423438154234304e+00
1.077131315430577807e+01 7.394729902079398620e+00 9.540490346862533499e+00 1.020649845148523127e+01 6.181542013673390734e+00
1.084921258936940802e+01 7.443621042092921414e+00 9.612985066644107235e+00 1.027711237493505614e+01 6.221628129729216639e+00
1.092702558064446094e+01 7.492366816150463293e+00 9.685444820233453100e+00 1.034771368890601728e+01 6.261681942582566940e+00
1.100475251218418649e+01 7.540967679239033217e+00 9.757869770829973532e+00 1.041830243452334237e+01 6.301703608786064059e+00
1.108239377273856441e+01 7.589424085268523079e+00 9.830260083263929971e+00 1.048887865361220939e+01 6.341693285269930591e+00
1.115994975493835994e+01 7.637736486928554669e+00 9.902615924148459925e+00 1.055944238862190510e+01 6.381651129281277868e+00
1.123742085614677677e+01 7.685905335667139404e+00 9.974937461597738420e+00 1.062999368261520416e+01 6.421577298267584943e+00
1.131480747674055998e+01 7.733931081788278483e+00 1.004722486517302116e+01 1.070053257921099110e+01 6.461471949962208861e+00
1.139211002082021196e+01 7.781814174303699261e+00 1.011947830583846120e+01 1.077105912256492104e+01 6.501335242202234355e+00
1.146932889614950390e+01 7.829555061002025695e+00 1.019169795572290127e+01 1.084157335732696126e+01 6.541167333004628937e+00
1.154646451271880814e+01 7.877154188442880844e+00 1.026388398823358195e+01 1.091207532861569618e+01 6.580968380501587056e+00
1.162351728386910388e+01 7.924612001888061030e+00 1.033603657773443807e+01 1.098256508198775627e+01 6.620738542858000564e+00
1.170048762523381392e+01 7.971928945350235551e+00 1.040815589971288802e+01 1.105304266340792907e+01 6.660477978349234718e+00
1.177737595460222408e+01 8.019105461565008142e+00 1.048024213047575692e+01 1.112350811922779847e+01 6.700186845205736041e+00
1.185418269238162559e+01 8.066141991955719348e+00 1.055229544723952984e+01 1.119396149616422420e+01 6.739865301685227905e+00
1.193090826041867025e+01 8.113038976697719562e+00 1.062431602799820496e+01 1.126440284127317426e+01 6.779513506004113843e+00
1.200755308255571308e+01 8.159796854636027774e+00 1.069630405143549190e+01 1.133483220189017082e+01 6.819131616300237120e+00
1.208411758430761829e+01 8.206416063312722997e+00 1.076825969694456120e+01 1.140524962567601364e+01 6.858719790661766069e+00
1.216060219233600037e+01 8.252897038995792300e+00 1.084018314445267528e+01 1.147565516057628443e+01 6.898278187032659936e+00
1.223700733498821513e+01 8.299240216606643017e+00 1.091207457450608054e+01 1.154604885470405407e+01 6.937806963261262005e+00
1.231333344141996733e+01 8.345446029766870666e+00 1.098393416807257061e+01 1.161643075646381540e+01 6.977306277034489135e+00
1.238958094186830294e+01 8.391514910791388004e+00 1.105576210662434455e+01 1.168680091454417713e+01 7.016776285869373631e+00
1.246575026768949357e+01 8.437447290654150223e+00 1.112755857199541865e+01 1.175715937769652264e+01 7.056217147124614009e+00
1.254184185067610713e+01 8.483243599022657122e+00 1.119932374638607264e+01 1.182750619491794630e+01 7.095629017927522320e+00
1.261785612352461072e+01 8.528904264234471455e+00 1.127105781232617154e+01 1.189784141545892027e+01 7.135012055222443195e+00
1.269379351944027334e+01 8.574429713292438748e+00 1.134276095258973882e+01 1.196816508860797157e+01 7.174366415702491118e+00
1.276965447194643488e+01 8.619820371891561805e+00 1.141443335023189398e+01 1.203847726383934891e+01 7.213692255830499001e+00
1.284543941520353627e+01 8.665076664378617011e+00 1.148607518846684350e+01 1.210877799081570139e+01 7.252989731831324782e+00
1.292114878338585804e+01 8.710199013776806609e+00 1.155768665077212809e+01 1.217906731924844266e+01 7.292258999615421011e+00
1.299678301096607846e+01 8.755187841791482128e+00 1.162926792066971160e+01 1.224934529897801205e+01 7.331500214803952531e+00
1.307234253260859980e+01 8.800043568781957148e+00 1.170081918177944580e+01 1.231961197998416147e+01 7.370713532825975634e+00
1.314782778284360631e+01 8.844766613788358711e+00 1.177234061790549546e+01 1.238986741228417010e+01 7.409899108726407668e+00
1.322323919635243072e+01 8.889357394524399325e+00 1.184383241289077304e+01 1.246011164598267840e+01 7.449057097195367128e+00
1.329857720760130313e+01 8.933816327366114862e+00 1.191529475045445707e+01 1.253034473129448934e+01 7.488187652609655132e+00
1.337384225088706025e+01 8.978143827375047792e+00 1.198672781437424639e+01 1.260056671844550102e+01 7.527290929203378944e+00
1.344903476042193446e+01 9.022340308279108712e+00 1.205813178873184377e+01 1.267077765771957054e+01 7.566367080627705022e+00
1.352415516998004108e+01 9.066406182481252074e+00 1.212950685715395061e+01 1.274097759950369024e+01 7.605416260244814985e+00
1.359920391310918752e+01 9.110341861070331504e+00 1.220085320330891498e+01 1.281116659416630021e+01 7.644438621109546084e+00
1.367418142298889627e+01 9.154147753804307897e+00 1.227217101100191776e+01 1.288134469211531474e+01 7.683434315988577623e+00
1.374908813228912585e+01 9.197824269125767671e+00 1.234346046383525852e+01 1.295151194382025750e+01 7.722403497131981709e+00
1.382392447336192731e+01 9.241371814163517939e+00 1.241472174522600191e+01 1.302166839974437273e+01 7.761346316459498240e+00
1.389869087792517988e+01 9.284790794724143481e+00 1.248595503854399524e+01 1.309181411036083453e+01 7.800262925582775786e+00
1.397338777720019998e+01 9.328081615307192820e+00 1.255716052713278508e+01 1.316194912617667079e+01 7.839153475689357720e+00
1.404801560188626652e+01 9.371244679100009023e+00 1.262833839403382541e+01 1.323207349769309893e+01 7.878018117548112542e+00
1.412257478197781424e+01 9.414280387978584130e+00 1.269948882217026487e+01 1.330218727540086832e+01 7.916857001547120909e+00
1.419706574690993151e+01 9.457189142520606495e+00 1.277061199435023298e+01 1.337229050980061729e+01 7.955670277732343365e+00
1.427148892541071135e+01 9.499971341994376317e+00 1.284170809313550166e+01 1.344238325138186063e+01 7.994458095677982712e+00
1.434584474549784439e+01 9.542627384370117483e+00 1.291277730088454234e+01 1.351246555060897592e+01 8.033220604568214185e+00
1.442013363460502440e+01 9.585157666324510828e+00 1.298381979979252954e+01 1.358253745794070610e+01 8.071957953191633450e+00
1.449435601923937966e+01 9.627562583235281579e+00 1.305483577188826239e+01 1.365259902381827040e+01 8.110670289955743684e+00
1.456851232513976235e+01 9.669842529191861047e+00 1.312582539887194422e+01 1.372265029864340669e+01 8.149357762794734228e+00
1.464260297727720506e+01 9.711997896996454216e+00 1.319678886223767655e+01 1.379269133279993476e+01 8.188020519239195494e+00
1.471662840012361784e+01 9.754029078163682698e+00 1.326772634334076528e+01 1.386272217664868300e+01 8.226658706434802681e+00
1.479058901681412053e+01 9.795936462930228572e+00 1.333863802317458358e+01 1.393274288050025689e+01 8.265272471089827988e+00
1.486448524973186558e+01 9.837720440252384790e+00 1.340952408250566918e+01 1.400275349463680818e+01 8.303861959465558940e+00
1.493831752048139272e+01 9.879381397811316745e+00 1.348038470188477156e+01 1.407275406931222683e+01 8.342427317403707576e+00
1.501208625029203780e+01 9.920919722019631237e+00 1.355122006160614134e+01 1.414274465472262143e+01 8.380968690364513307e+00
1.508579185872179274e+01 9.962335798018971289e+00 1.362203034164049420e+01 1.421272530102643650e+01 8.419486223324659235e+00
1.515943476464963169e+01 1.000363000968870431e+01 1.369281572170505612e+01 1.428269605834670131e+01 8.457980060844136005e+00
1.523301538613144146e+01 1.004480273964918702e+01 1.376357638128240168e+01 1.435265697674496543e+01 8.496450347059351316e+00
1.530653414065547402e+01 1.008585436925915069e+01 1.383431249951488695e+01 1.442260810623696798e+01 8.534897225699898726e+00
1.537999144421712749e+01 1.012678527862364319e+01 1.390502425526920582e+01 1.449254949679658289e+01 8.573320840022109479e+00
1.545338771204945161e+01 1.016759584659964943e+01 1.397571182714990456e+01 1.456248119833281329e+01 8.611721332860101441e+00
1.552672335849328178e+01 1.020828645080534081e+01 1.404637539345216091e+01 1.463240326070235398e+01 8.650098846636744554e+00
1.559999879709468296e+01 1.024885746760211624e+01 1.411701513215489534e+01 1.470231573371464862e+01 8.688453523337111406e+00
1.567321444016797294e+01 1.028930927211552948e+01 1.418763122094699369e+01 1.477221866711104603e+01 8.726785504495049750e+00
1.574637069914400023e+01 1.032964223823679184e+01 1.425822383723839870e+01 1.484211211057550983e+01 8.765094931217053187e+00
1.581946798449268599e+01 1.036985673864299962e+01 1.432879315809257825e+01 1.491199611374018019e+01 8.803381944189503372e+00
1.589250670573903257e+01 1.040995314475929590e+01 1.439933936027092365e+01 1.498187072616680382e+01 8.841646683648425764e+00
1.596548727132870482e+01 1.044993182679429111e+01 1.446986262025684233e+01 1.505173599735566903e+01 8.879889289398372298e+00
1.603841008872767659e+01 1.048979315373573939e+01 1.454036311419161720e+01 1.512159197674968780e+01 8.918109900812789093e+00
1.611127556447110720e+01 1.052953749337100753e+01 1.461084101789816714e+01 1.519143871372204124e+01 8.956308656844518268e+00
1.618408410419997523e+01 1.056916521225607042e+01 1.468129650689376220e+01 1.526127625757968076e+01 8.994485695993045482e+00
1.625683611234772386e+01 1.060867667574456874e+01 1.475172975639066486e+01 1.533110465757240704e+01 9.032641156329921373e+00
1.632953199241221043e+01 1.064807224798521013e+01 1.482214094125579251e+01 1.540092396287674070e+01 9.070775175501548659e+00
1.640217214693011272e+01 1.068735229193119451e+01 1.489253023604104342e+01 1.547073422259770226e+01 9.108887890721877767e+00
