2.341447728726982547e+01 2.346980072555084007e+01 2.347892648390366332e+01 2.341918425192067588e+01 2.344193189944516220e+01
2.333305076841257986e+01 2.344245745608194298e+01 2.345979219004010830e+01 2.334219540682009963e+01 2.338850968761762061e+01
2.325567799291786386e+01 2.341793448853051274e+01 2.344259042936141313e+01 2.326901540845559069e+01 2.333963785650824718e+01
2.318231850611966749e+01 2.339619704907424591e+01 2.342731457497289682e+01 2.319962656213055396e+01 2.329522428873470830e+01
2.311293368357201672e+01 2.337721115678718320e+01 2.341395806070730501e+01 2.313401151786300858e+01 2.325517988064118668e+01
2.304748658396006178e+01 2.336094350251644158e+01 2.340251437970259829e+01 2.307215325458964728e+01 2.321941821425516395e+01
2.298594181806310388e+01 2.334736134037751043e+01 2.339297708298629530e+01 2.301403506521995368e+01 2.318785526980188294e+01
2.292826543160710173e+01 2.333643238976894807e+01 2.338533977806093134e+01 2.295964054254320175e+01 2.316040917215768857e+01
2.287442480011646140e+01 2.332812474615242593e+01 2.337959612748369409e+01 2.290895356587048681e+01 2.313699996585011931e+01
2.282438853427271397e+01 2.332240679914223591e+01 2.337573984743705680e+01 2.286195828835711552e+01 2.311754941422536547e+01
2.277812639445544818e+01 2.331924715668498749e+01 2.337376470628137426e+01 2.281863912493764701e+01 2.310198081910048984e+01
2.273560921334846441e+01 2.331861457430016671e+01 2.337366452308349096e+01 2.277898074081055313e+01 2.309021885791037221e+01
2.269680882565508995e+01 2.332047788850510273e+01 2.337543316611337829e+01 2.274296804041489395e+01 2.308218943580994065e+01
2.266169800409752710e+01 2.332480595367189480e+01 2.337906455130069361e+01 2.271058615684015081e+01 2.307781955060617207e+01
2.263025040098579765e+01 2.333156758166628109e+01 2.338455264064211292e+01 2.268182044161630984e+01 2.307703716871896304e+01
2.260244049473656247e+01 2.334073148370138284e+01 2.339189144054960323e+01 2.265665645482826918e+01 2.307977111063639697e+01
2.257824354080055329e+01 2.335226621390729917e+01 2.340107500012869224e+01 2.263507995550311591e+01 2.308595094454926766e+01
2.255763552652328485e+01 2.336614011417300318e+01 2.341209740937468808e+01 2.261707689221586648e+01 2.309550688703098587e+01
2.254059312952267646e+01 2.338232125986323240e+01 2.342495279727340574e+01 2.260263339386045800e+01 2.310836970977934612e+01
2.252709367921302075e+01 2.340077740604980860e+01 2.343963532979141817e+01 2.259173576053115085e+01 2.312447065156171533e+01
2.251711512114652436e+01 2.342147593392723692e+01 2.345613920773905292e+01 2.258437045445771219e+01 2.314374133460927752e+01
2.251063598388069664e+01 2.344438379710669551e+01 2.347445866448722285e+01 2.258052409093464874e+01 2.316611368479359356e+01
2.250763534810652899e+01 2.346946746750179003e+01 2.349458796351673939e+01 2.258018342918223098e+01 2.319151985499095048e+01
2.250809281779982740e+01 2.349669288053438621e+01 2.351652139577588940e+01 2.258333536307173262e+01 2.321989215110138716e+01
2.251198849317902884e+01 2.352602537940011374e+01 2.354025327681869229e+01 2.258996691164304949e+01 2.325116296023969298e+01
2.251930294527021914e+01 2.355742965814109979e+01 2.356577794369247414e+01 2.260006520933448115e+01 2.328526468065790667e+01
2.253001719189527208e+01 2.359086970327860300e+01 2.359308975153853183e+01 2.261361749583872793e+01 2.332212965299358487e+01
2.254411267491054360e+01 2.362630873376099672e+01 2.362218306986455829e+01 2.263061110548674293e+01 2.336169009246632911e+01
2.256157123853246205e+01 2.366370913898292017e+01 2.365305227844085323e+01 2.265103345605173146e+01 2.340387802166780773e+01
2.258237510859325781e+01 2.370303241462928412e+01 2.368569176276507449e+01 2.267487203685040242e+01 2.344862520360755909e+01
2.260650687257310665e+01 2.374423909609523164e+01 2.372009590903110876e+01 2.270211439600106118e+01 2.349586307469427737e+01
2.263394946025638887e+01 2.378728868922729234e+01 2.375625909852712425e+01 2.273274812668163847e+01 2.354552267733125959e+01
2.266468612485780554e+01 2.383213959812418281e+01 2.379417570137523796e+01 2.276676085219951418e+01 2.359753459182336854e+01
2.269870042445889169e+01 2.387874904972667878e+01 2.383384006950996437e+01 2.280414020966751920e+01 2.365182886728409883e+01
2.273597620358706095e+01 2.392707301491854466e+01 2.387524652877457854e+01 2.284487383203141420e+01 2.370833495123540402e+01
2.277649757475639447e+01 2.397706612587369435e+01 2.391838936999248233e+01 2.288894932817001759e+01 2.376698161758740468e+01
2.282024889977206428e+01 2.402868158927469011e+01 2.396326283884454966e+01 2.293635426072028594e+01 2.382769689267299285e+01
2.286721477057673013e+01 2.408187109519446167e+01 2.400986112435080599e+01 2.298707612123705601e+01 2.389040797900722168e+01
2.291737998938707577e+01 2.413658472123130494e+01 2.405817834571675817e+01 2.304110230221164457e+01 2.395504117642295228e+01
2.297072954782988674e+01 2.419277083161241393e+01 2.410820853725654800e+01 2.309842006538789505e+01 2.402152180021273153e+01
2.302724860473656321e+01 2.425037597087985120e+01 2.415994563104687032e+01 2.315901650571397141e+01 2.408977409589093810e+01
2.308692246219267474e+01 2.430934475183056520e+01 2.421338343689461325e+01 2.322287851011404669e+01 2.415972115016307242e+01
2.314973653935838627e+01 2.436961973730551279e+01 2.426851561911211164e+01 2.328999271013703520e+01 2.423128479765013665e+01
2.321567634347274023e+01 2.443114131547758916e+01 2.432533566948474402e+01 2.336034542728571495e+01 2.430438552289565735e+01
2.328472743732610795e+01 2.449384756822450981e+01 2.438383687567872471e+01 2.343392260965016760e+01 2.437894235712415636e+01
2.335687540231802828e+01 2.455767413221587603e+01 2.444401228416737126e+01 2.351070975807500574e+01 2.445487276919005737e+01
2.343210579600372867e+01 2.462255405231681493e+01 2.450585465653675499e+01 2.359069183979159945e+01 2.453209255009693734e+01
2.351040410275958692e+01 2.468841762692997577e+01 2.456935641776477297e+01 2.367385318688383933e+01 2.461051569040252218e+01
2.359175567584108180e+01 2.475519224492423831e+01 2.463450959472164925e+01 2.376017737638847294e+01 2.469005424975976126e+01
2.367614566864423153e+01 2.482280221379910756e+01 2.470130574270358181e+01 2.384964708806028355e+01 2.477061821777931172e+01
2.376355895237981741e+01 2.489116857882141431e+01 2.476973585725176008e+01 2.394224393478945601e+01 2.485211536528431964e+01
2.385398001656856337e+01 2.496020893286919318e+01 2.483979026778930077e+01 2.403794825950947001e+01 2.493445108496909768e+01
2.394739284771857513e+01 2.502983721687411744e+01 2.491145850867939515e+01 2.413673889048806487e+01 2.501752822032107559e+01
2.404378078014363851e+01 2.509996351077497323e+01 2.498472916210068462e+01 2.423859284555584992e+01 2.510124688156821904e+01
2.414312631100572659e+01 2.517049381513114525e+01 2.505958966557070511e+01 2.434348497204604556e+01 2.518550424727598269e+01
2.424541086914176802e+01 2.524132982362562316e+01 2.513602607487564811e+01 2.445138750651992154e+01 2.527019435002204872e+01
2.435061452382164404e+01 2.531236868701779130e+01 2.521402277048030527e+01 2.456226953334317997e+01 2.535520784444786102e+01
2.445871561490831780e+01 2.538350276930152916e+01 2.529356209191972127e+01 2.467609631506642742e+01 2.544043175576400984e+01
2.456969027953957863e+01 2.545461939726222056e+01 2.537462387996966484e+01 2.479282845950935865e+01 2.552574920652457990e+01
2.468351184166441570e+01 2.552560060501565431e+01 2.545718490016468749e+01 2.491242087770088887e+01 2.561103911931940402e+01
2.480015001869776370e+01 2.559632287568616604e+01 2.554121811311289392e+01 2.503482147236376321e+01 2.569617589267331681e+01
2.491956988268569617e+01 2.566665688302928672e+01 2.562669174545009199e+01 2.515996947757727042e+01 2.578102904715794352e+01
2.504173049006378804e+01 2.573646723660561975e+01 2.571356810248009594e+01 2.528779334479939322e+01 2.586546283843929572e+01
2.516658306261204814e+01 2.580561223504792068e+01 2.580180204289712975e+01 2.541820803585293831e+01 2.594933583351622275e+01
2.529406855656393205e+01 2.587394363312507295e+01 2.589133901285219252e+01 2.555111153770479859e+01 2.603250044611452907e+01
2.542411439698373599e+01 2.594130642953671284e+01 2.598211250489714175e+01 2.568638035600234559e+01 2.611480242679570907e+01
2.555663007160516642e+01 2.600753868403989699e+01 2.607404076976756002e+01 2.582386366241846432e+01 2.619608030289290568e+01
2.569150117050062931e+01 2.607247137400100456e+01 2.616702256218308165e+01 2.596337567365752719e+01 2.627616476292233116e+01
2.582858131685057046e+01 2.613592830268105871e+01 2.626093165115218397e+01 2.610468571630666190e+01 2.635487798032238871e+01
2.596768126567976864e+01 2.619772607360475192e+01 2.635560977440209030e+01 2.624750528806236005e+01 2.643203287057544415e+01
2.610855425833029031e+01 2.625767414740968775e+01 2.645085767780132713e+01 2.639147128273361886e+01 2.650743227632865029e+01
2.625087654579792584e+01 2.631557500013370188e+01 2.654642387597778352e+01 2.653612443311450164e+01 2.658086807552250264e+01
2.639422190398268597e+01 2.637122440433807213e+01 2.664199083428686876e+01 2.668088203338952269e+01 2.665212020875396703e+01
2.653802909033862534e+01 2.642441185623086142e+01 2.673715845650914247e+01 2.682500427699965329e+01 2.672095562424348003e+01
2.668156175216888926e+01 2.647492117384001276e+01 2.683142513391710082e+01 2.696755433986097827e+01 2.678712714257658334e+01
2.682386160929502594e+01 2.652253129212883209e+01 2.692416724289639518e+01 2.710735402017108342e+01 2.685037224934762889e+01
2.696369818610556379e+01 2.656701728074004620e+01 2.701461892832164580e+01 2.724293974582095856e+01 2.691041183337833687e+01
2.709952228682746522e+01 2.660815160852887828e+01 2.710185527405819883e+01 2.737252836595586913e+01 2.696694890266141087e+01
2.722943573110136128e+01 2.664570567522890343e+01 2.718478341043039137e+01 2.749400801303848851e+01 2.701966733211401817e+01
2.735119558736010248e+01 2.667945162449465712e+01 2.726214739834254530e+01 2.760497471810407788e+01 2.706823072959532084e+01
2.746227463734689067e+01 2.670916444380856447e+01 2.733255324909862694e+01 2.770283658881553635e+01 2.711228155399579620e+01
2.755999671487264635e+01 2.673462434450200931e+01 2.739451936347955652e+01 2.778499880995073212e+01 2.715144068615801132e+01
2.764175134626961494e+01 2.675561940008319439e+01 2.744655424092794149e+01 2.784912063985964181e+01 2.718530774817510220e+01
2.770526602592851262e+01 2.677194840337048376e+01 2.748725736253206620e+01 2.789340324594030562e+01 2.721346258925914441e+01
2.774888419251506022e+01 2.678342388297675214e+01 2.751543175210852610e+01 2.791683898809341002e+01 2.723546851531471447e+01
2.777177872894808530e+01 2.678987519950075580e+01 2.753019034002463883e+01 2.791934873892080304e+01 2.725087801749781491e+01
2.777404013783302261e+01 2.679115162270334594e+01 2.753103600347338897e+01 2.790176432876884149e+01 2.725924191668062235e+01
2.775661643577124593e+01 2.678712527521310349e+01 2.751789907889246223e+01 2.786566584395292168e+01 2.726012291358416206e+01
2.772113003808629372e+01 2.677769381872704813e+01 2.749112560975249409e+01 2.781312949259207201e+01 2.725311436869608883e+01
2.766963031961779151e+01 2.676278275562357223e+01 2.745142118193477643e+01 2.774645817109826496e+01 2.723786454027368009e+01
2.760434563708192712e+01 2.674234722835805655e+01 2.739976446937382448e+01 2.766795249953485936e+01 2.721410528895262715e+01
2.752748045080393169e+01 2.671637321406233667e+01 2.733730856000794773e+01 2.757975082444158588e+01 2.718168240553888282e+01
2.744107693869108999e+01 2.668487803986768370e+01 2.726528651075033594e+01 2.748373989827634745e+01 2.714058265768239409e+01
2.734693909656916944e+01 2.664791017825642783e+01 2.718493238435733872e+01 2.738152226694384694e+01 2.709095136032306073e+01
2.724660581076270205e+01 2.660554832022864247e+01 2.709742291849537921e+01 2.727442163914243878e+01 2.703309493921079110e+01
2.714135650763076768e+01 2.655789976346655834e+01 2.700383995804712711e+01 2.716350948034137858e+01 2.696746606549465852e+01
2.703223510702508747e+01 2.650509818884033919e+01 2.690515067550175488e+01 2.704964061542655784e+01 2.689463351679063052e+01
2.692008191904562864e+01 2.644730092838141999e+01 2.680220131208825407e+01 2.693349018295110398e+01 2.681524284727067098e+01
2.680556692923721940e+01 2.638468584866331312e+01 2.669572015170759016e+01 2.681558780749632120e+01 2.672997543535281650e+01
2.668922085629054308e+01 2.631744798417120634e+01 2.658632609757107090e+01 2.669634719824514946e+01 2.663951228003326577e+01
2.657146234039321087e+01 2.624579605576709085e+01 2.647454010866157503e+01 2.657609075797121179e+01 2.654450620352396228e+01
2.645262080816788242e+01 2.616994900087998488e+01 2.636079760612746270e+01 2.645506950204132224e+01 2.644556336626092730e+01
2.633295519857269440e+01 2.609013262653840215e+01 2.624546065568468833e+01 2.633347889436637956e+01 2.634323310584536770e+01
2.621266902652140729e+01 2.600657647621980573e+01 2.612882925005476409e+01 2.621147128649029767e+01 2.623800423498029133e+01
2.609192235367735435e+01 2.591951097900278711e+01 2.601115136805861283e+01 2.608916561123180600e+01 2.613030581272704822e+01
2.597084122374460335e+01 2.582916492701768263e+01 2.589263171261033136e+01 2.596665489885410949e+01 2.602051068416145085e+01
2.584952505957694058e+01 2.573576330613488494e+01 2.577343916292016957e+01 2.584401208786224302e+01 2.590894049953194056e+01
2.572805244331959074e+01 2.563952548669599452e+01 2.565371304696787291e+01 2.572129451115399235e+01 2.579587132427491980e+01
2.560648562518140992e+01 2.554066376618189338e+01 2.553356837114767330e+01 2.559854735859520147e+01 2.568153927441943907e+01
2.548487403810593932e+01 2.543938224460089614e+01 2.541310015092195940e+01 2.547580635116622716e+01 2.556614584795479672e+01
2.536325703807012388e+01 2.533587600558796993e+01 2.529238697988429863e+01 2.535309980870371049e+01 2.544986278304223859e+01
2.524166604255053770e+01 2.523033057170182758e+01 2.517149396156379026e+01 2.523045025143550291e+01 2.533283637655193488e+01
2.512012620140508901e+01 2.512292160043828204e+01 2.505047511268927707e+01 2.510787564292875373e+01 2.521519125822132423e+01
2.499865770460786862e+01 2.501381478776394829e+01 2.492937533084201362e+01 2.498539035691445420e+01 2.509703365027385047e+01
2.487727680772730920e+01 2.490316594788453486e+01 2.480823200464875455e+01 2.486300593134758685e+01 2.497845415943000447e+01
2.475599663776220893e+01 2.479112124113790472e+01 2.468707633152472170e+01 2.474073165760333026e+01 2.485953015464485105e+01
2.463482782781341029e+01 2.467781752605919365e+01 2.456593439660559497e+01 2.461857504258929552e+01 2.474032778404884425e+01
2.451377901811127202e+01 2.456338281662510425e+01 2.444482805686937965e+01 2.449654217186698446e+01 2.462090368160151144e+01
2.439285725247600567e+01 2.444793683123676331e+01 2.432377566636472110e+01 2.437463799584511648e+01 2.450130640856519193e+01
2.427206829297112733e+01 2.433159162630537864e+01 2.420279267214117525e+01 2.425286655598023344e+01 2.438157767038137180e+01
2.415141686985338865e+01 2.421445231423474453e+01 2.408189210407550718e+01 2.413123116402789492e+01 2.426175334352630131e+01
2.403090688107772266e+01 2.409661787279405232e+01 2.396108497874116949e+01 2.400973454449804478e+01 2.414186434226316891e+01
2.391054155163785566e+01 2.397818205894195032e+01 2.384038063259382767e+01 2.388837894816355600e+01 2.402193735066945379e+01
2.379032356124645275e+01 2.385923444032888341e+01 2.371978699744720132e+01 2.376716624273764111e+01 2.390199544139829158e+01
2.367025514687675170e+01 2.373986153925286757e+01 2.359931082861603002e+01 2.364609798556130471e+01 2.378205859924653609e+01
2.355033818531522627e+01 2.362014801599208980e+01 2.347895789421428958e+01 2.352517548198670383e+01 2.366214416470742421e+01
2.343057425978492603e+01 2.350017764098760864e+01 2.335873313251248717e+01 2.340439983228432652e+01 2.354226721023278657e+01
2.331096471383678903e+01 2.338003345184890946e+01 2.323864078299145675e+01 2.328377196966397733e+01 2.342244085986427038e+01
2.319151069504770035e+01 2.325979607187079878e+01 2.311868449569078265e+01 2.316329269095722410e+01 2.330267656115878339e+01
2.307221319053431685e+01 2.313953938085090201e+01 2.299886742262121686e+01 2.304296268155988159e+01 2.318298431688176464e+01
2.295307305587723334e+01 2.301932460095058630e+01 2.287919229432648649e+01 2.292278253569698165e+01 2.306337288271650010e+01
2.283409103873782797e+01 2.289919627828695425e+01 2.275966148410135403e+01 2.280275277296165726e+01 2.294384993628155200e+01
2.271526779822942288e+01 2.277918284416096384e+01 2.264027706206117685e+01 2.268287385183246840e+01 2.282442222184003100e+01
2.259660392069740453e+01 2.265930063878287726e+01 2.252104084061202016e+01 2.256314618074804912e+01 2.270509567426935860e+01
2.247809993278514895e+01 2.253955846130942220e+01 2.240195441275647781e+01 2.244357012720820777e+01 2.258587552567213308e+01
2.235975631216399862e+01 2.241996093914508847e+01 2.228301918461577458e+01 2.232414602526633374e+01 2.246676639699559885e+01
2.224157349638909764e+01 2.230051054675849187e+01 2.216423640286802410e+01 2.220487418171378735e+01 2.234777237700027896e+01
2.212355189023596225e+01 2.218120868557338099e+01 2.204560717806774051e+01 2.208575488119993224e+01 2.222889709039527517e+01
2.200569187177886477e+01 2.206205622791538445e+01 2.192713250445043016e+01 2.196678839047746834e+01 2.211014375672190369e+01
2.188799379744719786e+01 2.194305378284152752e+01 2.180881327679637138e+01 2.184797496193440480e+01 2.199151524132435398e+01
2.177045800623685778e+01 2.182420182445124368e+01 2.169065030481634437e+01 2.172931483653926676e+01 2.187301409953711584e+01
2.165308482322885553e+01 2.170550075387871658e+01 2.157264432543779620e+01 2.161080824630121100e+01 2.175464261504691876e+01
2.153587456253477583e+01 2.158695092969348295e+01 2.145479601332350583e+01 2.149245541634581258e+01 2.163640283324743763e+01
2.141882752976997750e+01 2.146855268331330535e+01 2.133710598988912110e+01 2.137425656665069340e+01 2.151829659028497232e+01
2.130194402413553689e+01 2.135030632727955791e+01 2.121957483104865005e+01 2.125621191349560846e+01 2.140032553838713980e+01
2.118522434017596012e+01 2.123221216008735723e+01 2.110220307387881888e+01 2.113832167071938173e+01 2.128249116797949725e+01
2.106866876926766707e+01 2.111427046930482021e+01 2.098499122236361458e+01 2.102058605077253262e+01 2.116479482702900938e+01
2.095227760088374680e+01 2.099648153380003990e+01 2.086793975235504917e+01 2.090300526561430772e+01 2.104723773798361108e+01
2.083605112367233048e+01 2.087884562546695832e+01 2.075104911586512912e+01 2.078557952748662174e+01 2.092982101262599670e+01
2.071998962637960418e+01 2.076136301064099143e+01 2.063431974478558573e+01 2.066830904957646098e+01 2.081254566511882942e+01
2.060409339864319378e+01 2.064403395130495866e+01 2.051775205411867731e+01 2.055119404659135540e+01 2.069541262347405564e+01
2.048836273167705002e+01 2.052685870613539976e+01 2.040134644478859371e+01 2.043423473525753664e+01 2.057842273964805457e+01
2.037279791886574998e+01 2.040983753142592860e+01 2.028510330609296730e+01 2.031743133475820073e+01 2.046157679848036537e+01
2.025739925628280602e+01 2.029297068190682651e+01 2.016902301784521967e+01 2.020078406711757424e+01 2.034487552551744116e+01
2.014216704314534567e+01 2.017625841147745547e+01 2.005310595225087411e+01 2.008429315754206357e+01 2.022831959397558776e+01
2.002710158221544745e+01 2.005970097386378370e+01 1.993735247555493117e+01 1.996795883472520572e+01 2.011190963090725958e+01
1.991220318015675872e+01 1.994329862321088598e+01 1.982176294949155348e+01 1.985178133112101762e+01 1.999564622264967895e+01
1.979747214785353293e+01 1.982705161461934651e+01 1.970633773256327004e+01 1.973576088319299870e+01 1.987952991967156535e+01
1.968290880069825732e+01 1.971096020463238574e+01 1.959107718117294894e+01 1.961989773164081186e+01 1.976356124087914168e+01
1.956851345885286619e+01 1.959502465168027996e+01 1.947598165062825615e+01 1.950419212160997873e+01 1.964774067744948383e+01
1.945428644748793801e+01 1.947924521648741703e+01 1.936105149603596942e+01 1.938864430288634111e+01 1.953206869624878905e+01
1.934022809700340062e+01 1.936362216244673107e+01 1.924628707310064968e+01 1.927325453007856737e+01 1.941654574288421031e+01
1.922633874323394920e+01 1.924815575596561246e+01 1.913168873883945054e+01 1.915802306279065448e+01 1.930117224443178614e+01
1.911261872764162106e+01 1.913284626678705891e+01 1.901725685222842799e+01 1.904295016578602784e+01 1.918594861187985501e+01
1.899906839749787935e+01 1.901769396828909109e+01 1.890299177478551940e+01 1.892803610914528889e+01 1.907087524232104059e+01
1.888568810605700321e+01 1.890269913776532817e+01 1.878889387109415310e+01 1.881328116841842402e+01 1.895595252092131133e+01
1.877247821272245076e+01 1.878786205668917475e+01 1.867496350928565008e+01 1.869868562477305218e+01 1.884118082269264249e+01
1.865943908320747013e+01 1.867318301096375777e+01 1.856120106148015481e+01 1.858424976513943250e+01 1.872656051409043343e+01
1.854657108969125545e+01 1.855866229115956401e+01 1.844760690419213134e+01 1.846997388235315896e+01 1.861209195445711018e+01
1.843387461097157143e+01 1.844430019274141941e+01 1.833418141870297902e+01 1.835585827529635949e+01 1.849777549732868209e+01
1.832135003261474893e+01 1.833009701628640542e+01 1.822092499140980593e+01 1.824190324903789318e+01 1.838361149161959318e+01
1.820899774710381536e+01 1.821605306769433952e+01 1.810783801415024641e+01 1.812810911497322053e+01 1.826960028270012515e+01
1.809681815398538163e+01 1.810216865839092293e+01 1.799492088450708849e+01 1.801447619096439823e+01 1.815574221337724481e+01
1.798481166001586828e+01 1.798844410552597495e+01 1.788217400609677199e+01 1.790100480148063866e+01 1.804203762479103901e+01
1.787297867930760020e+01 1.787487973216709136e+01 1.776959778884232932e+01 1.778769527773977899e+01 1.792848685723525293e+01
1.776131963347513931e+01 1.776147586748944107e+01 1.765719264923476572e+01 1.767454795785112509e+01 1.781509025091068565e+01
1.764983495178232431e+01 1.764823284696276673e+01 1.754495901058295004e+01 1.756156318695979124e+01 1.770184814661886818e+01
1.753852507129027316e+01 1.753515101253609743e+01 1.743289730325508202e+01 1.744874131739302570e+01 1.758876088640250401e+01
1.742739043700671431e+01 1.742223071282096214e+01 1.732100796491251771e+01 1.733608270880858981e+01 1.747582881413892508e+01
1.731643150203693082e+01 1.730947230327351960e+01 1.720929144073718575e+01 1.722358772834557428e+01 1.736305227609159729e+01
1.720564872773642406e+01 1.719687614637628670e+01 1.709774818365426086e+01 1.711125675077778752e+01 1.725043162142452147e+01
1.709504258386576225e+01 1.708444261181979584e+01 1.698637865455046381e+01 1.699909015866992235e+01 1.713796720268356921e+01
1.698461354874762108e+01 1.697217207668476036e+01 1.687518332248950159e+01 1.688708834253678859e+01 1.702565937624868653e+01
1.687436210942636805e+01 1.686006492562507120e+01 1.676416266492505258e+01 1.677525170100562946e+01 1.691350850276032247e+01
1.676428876183014083e+01 1.674812155105200873e+01 1.665331716791219563e+01 1.666358064098187697e+01 1.680151494752308139e+01
1.665439401093574645e+01 1.663634235332010292e+01 1.654264732631804335e+01 1.655207557781837124e+01 1.668967908088935204e+01
1.654467837093666560e+01 1.652472774091484453e+01 1.643215364403194201e+01 1.644073693548832082e+01 1.657800127862527262e+01
1.643514236541391327e+01 1.641327813064269137e+01 1.632183663417600883e+01 1.632956514676209281e+01 1.646648192226141916e+01
1.632578652751036685e+01 1.630199394782359334e+01 1.621169681931638351e+01 1.621856065338800690e+01 1.635512139943006460e+01
1.621661140010835922e+01 1.619087562648631717e+01 1.610173473167570535e+01 1.610772390627736073e+01 1.624392010419091648e+01
1.610761753601076052e+01 1.607992360956689382e+01 1.599195091334718910e+01 1.599705536569368114e+01 1.613287843734696025e+01
1.599880549812584185e+01 1.596913834911034868e+01 1.588234591651075078e+01 1.588655550144662776e+01 1.602199680675178328e+01
1.589017585965574852e+01 1.585852030647614264e+01 1.577292030365144626e+01 1.577622479309036230e+01 1.591127562760993186e+01
1.578172920428897186e+01 1.574806995254733266e+01 1.566367464778073426e+01 1.566606373012690057e+01 1.580071532277140633e+01
1.567346612639690129e+01 1.563778776794392300e+01 1.555460953266063484e+01 1.555607281221432459e+01 1.569031632302147550e+01
1.556538723123431467e+01 1.552767424324048662e+01 1.544572555303131622e+01 1.544625254938019232e+01 1.558007906736683523e+01
1.545749313514443024e+01 1.541772987918829863e+01 1.533702331484229830e+01 1.533660346224027649e+01 1.547000400331910086e+01
1.534978446576813660e+01 1.530795518694238311e+01 1.522850343548740604e+01 1.522712608222267150e+01 1.536009158717650003e+01
1.524226186225783053e+01 1.519835068829340941e+01 1.512016654404411220e+01 1.511782095179775887e+01 1.525034228430458327e+01
1.513492597549601548e+01 1.508891691590494943e+01 1.501201328151697290e+01 1.500868862471379650e+01 1.514075656941674097e+01
1.502777746831843864e+01 1.497965441355616001e+01 1.490404430108599421e+01 1.489972966623871109e+01 1.503133492685521055e+01
1.492081701574241670e+01 1.487056373639010332e+01 1.479626026835965646e+01 1.479094465340796738e+01 1.492207785087325966e+01
1.481404530520004847e+01 1.476164545116813009e+01 1.468866186163313259e+01 1.468233417527894247e+01 1.481298584591921141e+01
1.470746303677660904e+01 1.465290013653028112e+01 1.458124977215191187e+01 1.457389883319188684e+01 1.470405942692282153e+01
1.460107092345444535e+01 1.454432838326219013e+01 1.447402470438076705e+01 1.446563924103759824e+01 1.459529911958463622e+01
1.449486969136201253e+01 1.443593079456859662e+01 1.436698737627882494e+01 1.435755602553233956e+01 1.448670546066888321e+01
1.438886008002884687e+01 1.432770798635367093e+01 1.426013851958026990e+01 1.424964982649974310e+01 1.437827899830037026e+01
1.428304284264612534e+01 1.421966058750863837e+01 1.415347888008159671e+01 1.414192129716041890e+01 1.427002029226589919e+01
1.417741874633303034e+01 1.411178924020660475e+01 1.404700921793516777e+01 1.403437110442909308e+01 1.416192991432071047e+01
1.407198857240946666e+01 1.400409460020518004e+01 1.394073030794935519e+01 1.392699992921978414e+01 1.405400844850035469e+01
1.396675311667459418e+01 1.389657733715696608e+01 1.383464293989585592e+01 1.381980846675919672e+01 1.394625649143856272e+01
1.386171318969202915e+01 1.378923813492816386e+01 1.372874791882373557e+01 1.371279742690838610e+01 1.383867465269146457e+01
1.375686961708150591e+01 1.368207769192584244e+01 1.362304606538125640e+01 1.360596753449343232e+01 1.373126355506861351e+01
1.365222323981702424e+01 1.357509672143375035e+01 1.351753821614492246e+01 1.349931952964476167e+01 1.362402383497130565e+01
1.354777491453221039e+01 1.346829595195736573e+01 1.341222522395654693e+01 1.339285416814605156e+01 1.351695614273858048e+01
1.344352551383238392e+01 1.336167612757825829e+01 1.330710795826842485e+01 1.328657222179244712e+01 1.341006114300136964e+01
1.333947592661397863e+01 1.325523800831801502e+01 1.320218730549651021e+01 1.318047447875912326e+01 1.330333951504520584e+01
1.323562705839149523e+01 1.314898237051245466e+01 1.309746416938264524e+01 1.307456174397952609e+01 1.319679195318193976e+01
1.313197983163163762e+01 1.304291000719593541e+01 1.299293947136499838e+01 1.296883483953308946e+01 1.309041916713088405e+01
1.302853518609568972e+01 1.293702172849706322e+01 1.288861415095811047e+01 1.286329460504534339e+01 1.298422188240988540e+01
1.292529407918952700e+01 1.283131836204370124e+01 1.278448916614196840e+01 1.275794189809979429e+01 1.287820084073672078e+01
1.282225748632182594e+01 1.272580075338011696e+01 1.268056549376065512e+01 1.265277759466028940e+01 1.277235680044130284e+01
1.271942640127091018e+01 1.262046976639746632e+01 1.257684412993120127e+01 1.254780258950467342e+01 1.266669053688915980e+01
1.261680183655968257e+01 1.251532628377587919e+01 1.247332609046205398e+01 1.244301779667118879e+01 1.256120284291661982e+01
1.251438482383983519e+01 1.241037120743805211e+01 1.237001241128264262e+01 1.233842414991784153e+01 1.245589452927831609e+01
1.241217641428480434e+01 1.230560545901597536e+01 1.226690414888308744e+01 1.223402260319489265e+01 1.235076642510737877e+01
1.231017767899184001e+01 1.220102998033171460e+01 1.216400238076534812e+01 1.212981413113078055e+01 1.224581937838887669e+01
1.220838970939397150e+01 1.209664573389224707e+01 1.206130820590569463e+01 1.202579972953174448e+01 1.214105425644707381e+01
1.210681361768103592e+01 1.199245370339842864e+01 1.195882274522852562e+01 1.192198041589598567e+01 1.203647194644693208e+01
1.200545053723114641e+01 1.188845489426872781e+01 1.185654714209280414e+01 1.181835722994277660e+01 1.193207335591063334e+01
1.190430162305218609e+01 1.178465033417836061e+01 1.175448256279006465e+01 1.171493123415687698e+01 1.182785941324944723e+01
1.180336805223340235e+01 1.168104107361456734e+01 1.165263019705585457e+01 1.161170351434879677e+01 1.172383106831171951e+01
1.170265102440918170e+01 1.157762818644771130e+01 1.155099125859369913e+01 1.150867518023141933e+01 1.161998929294751726e+01
1.160215176223123912e+01 1.147441277052016595e+01 1.144956698561257014e+01 1.140584736601354621e+01 1.151633508159057051e+01
1.150187151185155443e+01 1.137139594825221245e+01 1.134835864137879646e+01 1.130322123101094967e+01 1.141286945185825985e+01
1.140181154341974512e+01 1.126857886726620706e+01 1.124736751478163121e+01 1.120079796027540908e+01 1.130959344517021847e+01
1.130197315159226079e+01 1.116596270102955657e+01 1.114659492091157134e+01 1.109857876524243814e+01 1.120650812738629654e+01
