8.102529058302145870e+00 8.095578826972317898e+00 8.099319471908918544e+00 8.091270304067988306e+00 8.090829960882734539e+00
8.196507333258447048e+00 8.181001014119347658e+00 8.188618684810375470e+00 8.172586982285812596e+00 8.171736161938202514e+00
8.286021992844645467e+00 8.260475408954905063e+00 8.272086984210361038e+00 8.248147450178292317e+00 8.246912024459456703e+00
8.371439365200357585e+00 8.334484477398502733e+00 8.350188836663784642e+00 8.318424355485284138e+00 8.316826561273035878e+00
8.453107410729646887e+00 8.403486185193299818e+00 8.423365646686207242e+00 8.383867095704873762e+00 8.381925577445853648e+00
8.531355598071819202e+00 8.467915208655259818e+00 8.492036277233907526e+00 8.444902338440519074e+00 8.442632962285379961e+00
8.606496184424683449e+00 8.528184123080517764e+00 8.556598811878950883e+00 8.501935833853501379e+00 8.499351707000640133e+00
8.678825332734763975e+00 8.584684492347864904e+00 8.617431358441626443e+00 8.555353234811704510e+00 8.552464905928138350e+00
8.748623720980406304e+00 8.637788088733937997e+00 8.674893057146320530e+00 8.605520973433575804e+00 8.602336697026467860e+00
8.816157214865866010e+00 8.687847880868950767e+00 8.729325062327673024e+00 8.652787266978615222e+00 8.649313287458943122e+00
8.881677681234728894e+00 8.735198933500143426e+00 8.781051345406796216e+00 8.697483047340684337e+00 8.693723796135794046e+00
8.945423712751447098e+00 8.780159334463839116e+00 8.830379507348069978e+00 8.739922805857217369e+00 8.735881057284242246e+00
9.007621245602098980e+00 8.823031072750582737e+00 8.877601520272639490e+00 8.780405424420891336e+00 8.776082414927575570e+00
9.068484184261723868e+00 8.864100857094570074e+00 8.922994960482808935e+00 8.819214849659831046e+00 8.814610489308124741e+00
9.128215054976404730e+00 8.903640918144651195e+00 8.966823441585859200e+00 8.856620835174512152e+00 8.851733874161046955e+00
9.187005376813431212e+00 8.941909695534471680e+00 9.009337268977709812e+00 8.892879624424715246e+00 8.887707906579638717e+00
9.245036188332125704e+00 8.979152533414991311e+00 9.050774073030060762e+00 8.928234574324513062e+00 8.922775149862404831e+00
9.302478791167603234e+00 9.015602341972511979e+00 9.091359433844258930e+00 8.962917101726814550e+00 8.957166381505061281e+00
9.359495028810458805e+00 9.051480222520345009e+00 9.131307519674139783e+00 8.997146999016889524e+00 8.991100690308364562e+00
9.416237917307503480e+00 9.086996068866586285e+00 9.170821658520493358e+00 9.031133029668950485e+00 9.024786288854826921e+00
9.472851971607310517e+00 9.122349132079893508e+00 9.210094846211040576e+00 9.065073461073547278e+00 9.058420959431209951e+00
9.529473534669874013e+00 9.157728547521987394e+00 9.249310395274761731e+00 9.099156526975257009e+00 9.092192649176455532e+00
9.586231205481762885e+00 9.193313831244244838e+00 9.288642132356796921e+00 9.133561003775810150e+00 9.126279921611374135e+00
9.643246117853960797e+00 9.229275364227152778e+00 9.328255411213717707e+00 9.168456641366232063e+00 9.160852425422925549e+00
9.700632367622839425e+00 9.265774847156878380e+00 9.368306824109740916e+00 9.204004633913045907e+00 9.196071325055797274e+00
9.758497289968763866e+00 9.302965739095160558e+00 9.408945027050661380e+00 9.240358014845382328e+00 9.232089656360509267e+00
9.816941788453185325e+00 9.340993662461189118e+00 9.450310965069579794e+00 9.277662039648403081e+00 9.269052755510713837e+00
9.876060573924121400e+00 9.379996794285503370e+00 9.492538416929596323e+00 9.316054568656189971e+00 9.307098632387887704e+00
9.935942421543689562e+00 9.420106236563810853e+00 9.535754282357908451e+00 9.355666426129424451e+00 9.346358331067129654e+00
9.996670423334263589e+00 9.461446365602380837e+00 9.580078965644272415e+00 9.396621740349862861e+00 9.386956257342726317e+00
1.005832217014101815e+01 9.504135163972811995e+00 9.625626635857560842e+00 9.439038267719059405e+00 9.429010500145462714e+00
1.012096997403771503e+01 9.548284536191042449e+00 9.672505504055221692e+00 9.483027697968655190e+00 9.472633148064812048e+00
1.018468105914247701e+01 9.594000611635257414e+00 9.720818141541922586e+00 9.528695946075814049e+00 9.517930548272746094e+00
1.024951772333033162e+01 9.641384030887799383e+00 9.770661732806091848e+00 9.576143426025872429e+00 9.565003594010711652e+00
1.031553748452231822e+01 9.690530215699974192e+00 9.822128360157263316e+00 9.625465303339062473e+00 9.613947986099793397e+00
1.038279322007592143e+01 9.741529621992707888e+00 9.875305226182728546e+00 9.676751746612985983e+00 9.664854477453326709e+00
1.045133329219162555e+01 9.794467984506356473e+00 9.930274909764127855e+00 9.730088158532737452e+00 9.717809101082401924e+00
1.052120162958274285e+01 9.849426546237724622e+00 9.987115548076868521e+00 9.785555401881266491e+00 9.772893392525700662e+00
1.059243782226499420e+01 9.906482277728267505e+00 1.004590104307153986e+01 9.843229996894386602e+00 9.830184603992902836e+00
1.066507720294999828e+01 9.965708082128445611e+00 1.010670125799395436e+01 9.903184319926154444e+00 9.889755886098472004e+00
1.073915088254613259e+01 1.002717298725228723e+01 1.016958218166591621e+01 9.965486784201914361e+00 9.951676478719466701e+00
1.081468578947348824e+01 1.009094232919239786e+01 1.023460609143960021e+01 1.003020201499795583e+01 1.001601188336608672e+01
1.089170469586041889e+01 1.015707792233432372e+01 1.030183170391312864e+01 1.009739099883686286e+01 1.008282403157979523e+01
1.097022621449079338e+01 1.022563821978776843e+01 1.037131431999023157e+01 1.016711123425277741e+01 1.015217142351184876e+01
1.105026477358415171e+01 1.029667845956484307e+01 1.044310592521311776e+01 1.023941686373044213e+01 1.022410927055595842e+01
1.113183058066997688e+01 1.037025079694788054e+01 1.051725529828973826e+01 1.031435879940823064e+01 1.029868962697977075e+01
1.121492958401848838e+01 1.044640442660204904e+01 1.059380811047748239e+01 1.039198482420462888e+01 1.037596149981806981e+01
1.129956336531114580e+01 1.052518567874398059e+01 1.067280697724516791e+01 1.047233968486142786e+01 1.045597094850197450e+01
1.138572904620740722e+01 1.060663811887509134e+01 1.075429150777382326e+01 1.055546516816643887e+01 1.053876117205047791e+01
1.147341917727722915e+01 1.069080258966702779e+01 1.083829833604140980e+01 1.064140016388211940e+01 1.062437259066696704e+01
1.156262156930123020e+01 1.077771724990761903e+01 1.092486111902848833e+01 1.073018070067953289e+01 1.071284288921676620e+01
1.165331910979963581e+01 1.086741757077651016e+01 1.101401048323276299e+01 1.082183995796198595e+01 1.080420705195539632e+01
1.174548955856871224e+01 1.095993627201274556e+01 1.110577394622206526e+01 1.091640825253531055e+01 1.089849735930005892e+01
1.183910531735460658e+01 1.105530319104895298e+01 1.120017583187261856e+01 1.101391301071636342e+01 1.099574337126024481e+01
1.193413311705015900e+01 1.115354506421573610e+01 1.129723703662945411e+01 1.111437863928570913e+01 1.109597186671537550e+01
1.203053370338492556e+01 1.125468517590368300e+01 1.139697477578375917e+01 1.121782639638545120e+01 1.119920672601451628e+01
1.212826150609397224e+01 1.135874283123036399e+01 1.149940233885453722e+01 1.132427418170882483e+01 1.130546874682543113e+01
1.222726418701406814e+01 1.146573260880485279e+01 1.160452846609427802e+01 1.143373622724447181e+01 1.141477537380039919e+01
1.232748218398665685e+01 1.157566330524538145e+01 1.171235680359683506e+01 1.154622266034234634e+01 1.152714030841389459e+01
1.242884815903893525e+01 1.168853649581124898e+01 1.182288512545229153e+01 1.166173890240586353e+01 1.164257295042926721e+01
1.253128642376019286e+01 1.180434460449804313e+01 1.193610430496582708e+01 1.178028484027681877e+01 1.176107760301631266e+01
1.263471228719443751e+01 1.192306837340713166e+01 1.205199696620576688e+01 1.190185367650907189e+01 1.188265237753114434e+01
1.273903131142746581e+01 1.204467359262857151e+01 1.217053574831878748e+01 1.202643035775222913e+01 1.200728754569105483e+01
1.284413848390461688e+01 1.216910699300113841e+01 1.229168113870886181e+01 1.215398931630415191e+01 1.213496318929587936e+01
1.294991731517611200e+01 1.229629115492164182e+01 1.241537853751385079e+01 1.228449122672901694e+01 1.226564598594762145e+01
1.305623886506150022e+01 1.242611839527923223e+01 1.254155459861351218e+01 1.241787868685794471e+01 1.239928434650181011e+01
1.316296069336547170e+01 1.255844364393494317e+01 1.267011275354407474e+01 1.255406981254428267e+01 1.253580160526329834e+01
1.326992578633639752e+01 1.269307649592208875e+01 1.280092746113856350e+01 1.269294941863495296e+01 1.267508640858666702e+01
1.337696146430624289e+01 1.282977283539982238e+01 1.293383720916645174e+01 1.283435689472859131e+01 1.281697944440585779e+01
1.348387830611207683e+01 1.296822671723783849e+01 1.306863625194258205e+01 1.297807001194958509e+01 1.296125611441924441e+01
1.359046933235504540e+01 1.310806355644061405e+01 1.320506518916605998e+01 1.312378468706178936e+01 1.310760523430815816e+01
1.369650947776348993e+01 1.324883591365439628e+01 1.334280090210211256e+01 1.327109193314139546e+01 1.325560559522822857e+01
1.380175560037938887e+01 1.339002340562449866e+01 1.348144684499921908e+01 1.341945565219427472e+01 1.340470441728623108e+01
1.390594729168686072e+01 1.353103807306587925e+01 1.362052555937028586e+01 1.356819775462900424e+01 1.355420425226533077e+01
1.400880879201912599e+01 1.367123595967087191e+01 1.375947547963713014e+01 1.371649900127958155e+01 1.370326629917272143e+01
1.411005228080129292e+01 1.380993491923390692e+01 1.389765469878489412e+01 1.386342280281373540e+01 1.385093649370203472e+01
1.420938266313427611e+01 1.394643730070823828e+01 1.403435405046827178e+01 1.400796352993301319e+01 1.399619514606580317e+01
1.430650374540654468e+01 1.408005523678460058e+01 1.416882019036006746e+01 1.414911243185696144e+01 1.413802288535537599e+01
1.440112541803233981e+01 1.421013572375100154e+01 1.430028731519159457e+01 1.428592640195611096e+01 1.427546880392857176e+01
1.449297111039295416e+01 1.433608257479282422e+01 1.442801352851065566e+01 1.441758491415006205e+01 1.440770652849003675e+01
1.458178471391915210e+01 1.445737323366197558e+01 1.455131626353768581e+01 1.454342492201097414e+01 1.453406868771340932e+01
1.466733624687809368e+01 1.457356929671048462e+01 1.466960137178765855e+01 1.466295276999462160e+01 1.465405874760562810e+01
1.474942580531965142e+01 1.468432077905900890e+01 1.478238209645755141e+01 1.477583585079804962e+01 1.476734302508835661e+01
1.482788567672018409e+01 1.478936502048732038e+01 1.488928690476084604e+01 1.488188380527881627e+01 1.487373127147673557e+01
1.490258079655060897e+01 1.488852143993673494e+01 1.499005738440112445e+01 1.498102401234929459e+01 1.497315271281681781e+01
1.497340786690919501e+01 1.498168360197619720e+01 1.508453892910394423e+01 1.507327698394168003e+01 1.506563088450093169e+01
1.504029351341299581e+01 1.506880986783263765e+01 1.517266717985224211e+01 1.515873405592966883e+01 1.515126113314237699e+01
1.510319186442507977e+01 1.514991359904384360e+01 1.525445280667913295e+01 1.523753861589512226e+01 1.523019144299022010e+01
1.516208178861003653e+01 1.522505365604876282e+01 1.532996651689004786e+01 1.530987070992718913e+01 1.530260676355294081e+01
1.521696403712987689e+01 1.529432562370516635e+01 1.539932540635764013e+01 1.537593543728214485e+01 1.536871719649488988e+01
1.526785845432802091e+01 1.535785401126224770e+01 1.546268120559873083e+01 1.543595382353356094e+01 1.542874865192703204e+01
1.531480131730605976e+01 1.541578548106724256e+01 1.552021048918096824e+01 1.549015592456675705e+01 1.548293581047414058e+01
1.535784287520020897e+01 1.546828311404116540e+01 1.557210658864582165e+01 1.553877569636085987e+01 1.553151694339132938e+01
1.539704511082871186e+01 1.551552149883700338e+01 1.561857348118650535e+01 1.558204735207868730e+01 1.557473020947609399e+01
1.543247973481578406e+01 1.555768286686726221e+01 1.565982102282242217e+01 1.562020261017763900e+01 1.561281088817919560e+01
1.546422639763969364e+01 1.559495399194605625e+01 1.569606123360512839e+01 1.565346877883504284e+01 1.564598943120187968e+01
1.549237109569628856e+01 1.562752361227553166e+01 1.572750540789111184e+01 1.568206738370298581e+01 1.567449017510083031e+01
1.551700480864010601e+01 1.565558033290793816e+01 1.575436205862266981e+01 1.570621330599114884e+01 1.569853045507318257e+01
1.553822231478562799e+01 1.567931100393332500e+01 1.577683546919709912e+01 1.572611417328418248e+01 1.571832002288808106e+01
1.555612112864607433e+01 1.569889952480389894e+01 1.579512460119293848e+01 1.574197001145748054e+01 1.573406073715035269e+01
1.557080060893161644e+01 1.571452592200916065e+01 1.580942235692140407e+01 1.575397307356342758e+01 1.574594642527505073e+01
1.558236118744904708e+01 1.572636564071617826e+01 1.581991510171802773e+01 1.576230780892547401e+01 1.575416287451840525e+01
1.559090371640495043e+01 1.573458902778262569e+01 1.582678238614287025e+01 1.576715091754647347e+01 1.575888791251757048e+01
1.559652890651812029e+01 1.573936098569773456e+01 1.583019678393534768e+01 1.576867145205836529e+01 1.576029153486194190e+01
1.559933685322136299e+01 1.574084075737231814e+01 1.583032388099293186e+01 1.576703100996090257e+01 1.575853612850070107e+01
1.559942664147793678e+01 1.573918176796935064e+01 1.582732233024485424e+01 1.576238394990688185e+01 1.575377670527609375e+01
1.559689601453467489e+01 1.573453160054754640e+01 1.582134395304473173e+01 1.575487762638812050e+01 1.574616114700244829e+01
1.559184110630821785e+01 1.572703200559672077e+01 1.581253388872629095e+01 1.574465260450985760e+01 1.573583043844517171e+01
1.558435620655483156e+01 1.571681895760704073e+01 1.580103077950499646e+01 1.573184292853125932e+01 1.572291895803376072e+01
1.557453355574672216e+01 1.570402274530318998e+01 1.578696697530673276e+01 1.571657637620181802e+01 1.570755474079031266e+01
1.556246323904986717e+01 1.568876809272615702e+01 1.577046875200653098e+01 1.569897471700829961e+01 1.568985974720173537e+01
1.554823308177348018e+01 1.567117430374248777e+01 1.575165652534918870e+01 1.567915396384399962e+01 1.566995012391345909e+01
1.553192856093000707e+01 1.565135542070016683e+01 1.573064508257696126e+01 1.565722462006103477e+01 1.564793646289916573e+01
1.551363272390454462e+01 1.562942039218528123e+01 1.570754381835540769e+01 1.563329192351542396e+01 1.562392404419951752e+01
1.549342615317720195e+01 1.560547324865410879e+01 1.568245696204066597e+01 1.560745608357489189e+01 1.559801309172602934e+01
1.547138695789331386e+01 1.557961327343770108e+01 1.565548379685667157e+01 1.557981249165500692e+01 1.557029898393033207e+01
1.544759076375738971e+01 1.555193517883834353e+01 1.562671886456393366e+01 1.555045197037247640e+01 1.554087249815163574e+01
1.542211072141551043e+01 1.552252930446525525e+01 1.559625218588690387e+01 1.551946097080082154e+01 1.550982003328132741e+01
1.539501752467658235e+01 1.549148178213355109e+01 1.556416946618671737e+01 1.548692176940708976e+01 1.547722379403377246e+01
1.536637943378956805e+01 1.545887471757594867e+01 1.553055229045437535e+01 1.545291268262328011e+01 1.544316199373487208e+01
1.533626231324138267e+01 1.542478635859023051e+01 1.549547831443350532e+01 1.541750822531608733e+01 1.540770906101798232e+01
1.530472966985311167e+01 1.538929124617692246e+01 1.545902144720186833e+01 1.538077930866561793e+01 1.537093580128561854e+01
1.527184269872118882e+01 1.535246039433096321e+01 1.542125202204853451e+01 1.534279341698916532e+01 1.533290957689214373e+01
1.523766033313113510e+01 1.531436144260575105e+01 1.538223697291941860e+01 1.530361475421817552e+01 1.529369448379862639e+01
1.520223929778053495e+01 1.527505880505357183e+01 1.534203998453443418e+01 1.526330440694298396e+01 1.525335148904827953e+01
1.516563416596168778e+01 1.523461381714006357e+01 1.530072167597705324e+01 1.522192050673748298e+01 1.521193859408797167e+01
1.512789741607267935e+01 1.519308488230905851e+01 1.525833970198985590e+01 1.517951835060076959e+01 1.516951098124298625e+01
1.508907949064283649e+01 1.515052759799671733e+01 1.521494895000561698e+01 1.513615054951185179e+01 1.512612113706941130e+01
1.504922885791994247e+01 1.510699488938415769e+01 1.517060160243176448e+01 1.509186716254499672e+01 1.508181899337649057e+01
1.500839206868327480e+01 1.506253712685471946e+01 1.512534734295877747e+01 1.504671580534080633e+01 1.503665205137181715e+01
1.496661381762458376e+01 1.501720226048604090e+01 1.507923339002264562e+01 1.500074177913357332e+01 1.499066548952260547e+01
1.492393699803531959e+01 1.497103592257747273e+01 1.503230470573168631e+01 1.495398818227504911e+01 1.494390228647349694e+01
1.488040277880642215e+01 1.492408153649020974e+01 1.498460402676688474e+01 1.490649600784787765e+01 1.489640332538964351e+01
1.483605064667459139e+01 1.487638046415338344e+01 1.493617204790597519e+01 1.485830425585455217e+01 1.484820748989056938e+01
1.479091847446147767e+01 1.482797199775486163e+01 1.488704743840536615e+01 1.480945002615369255e+01 1.479935176985424938e+01
1.474504257927286410e+01 1.477889361791470790e+01 1.483726702848506029e+01 1.475996860595551041e+01 1.474987134674926281e+01
1.469845776951261129e+01 1.472918088418420446e+01 1.478686580981443832e+01 1.470989355553957800e+01 1.469979966882278610e+01
1.465119741319226598e+01 1.467886772526470551e+01 1.473587710853158050e+01 1.465925680430708056e+01 1.464916859006167016e+01
1.460329346743320578e+01 1.462798633580461605e+01 1.468433258577629630e+01 1.460808873232366878e+01 1.459800834468484787e+01
1.455477655813553284e+01 1.457656741294246494e+01 1.463226239178833410e+01 1.455641821169975003e+01 1.454634778313360322e+01
1.450567601677406770e+01 1.452464010667364036e+01 1.457969517459202535e+01 1.450427278048765167e+01 1.449421428029210013e+01
1.445601993708200972e+01 1.447223218480096563e+01 1.452665821023382620e+01 1.445167851728206188e+01 1.444163388866716424e+01
1.440583521373535092e+01 1.441937004879894957e+01 1.447317741920751821e+01 1.439866035511655262e+01 1.438863142398319539e+01
1.435514760333236772e+01 1.436607882419185245e+01 1.441927747786345648e+01 1.434524190609872818e+01 1.433523041369564410e+01
1.430398175500099889e+01 1.431238242077153444e+01 1.436498183803697515e+01 1.429144568253036951e+01 1.428145331544570240e+01
1.425236126777789281e+01 1.425830356184937386e+01 1.431031282329758092e+01 1.423729308507656199e+01 1.422732141142482298e+01
1.420030872066255334e+01 1.420386389725157805e+01 1.425529165111792373e+01 1.418280444366666337e+01 1.417285500354255845e+01
1.414784572439299559e+01 1.414908397245765492e+01 1.419993851472584012e+01 1.412799913056530876e+01 1.411807335458593826e+01
1.409499295309056599e+01 1.409398337555824199e+01 1.414427260966522404e+01 1.407289552726954796e+01 1.406299481154121800e+01
1.404177018752052497e+01 1.403858069541628950e+01 1.408831220052443989e+01 1.401751116421328014e+01 1.400763682084432737e+01
1.398819634975758852e+01 1.398289364940789881e+01 1.403207465330560844e+01 1.396186267106820189e+01 1.395201596812956524e+01
1.393428953817370441e+01 1.392693906199678189e+01 1.397557648722632528e+01 1.390596591123064663e+01 1.389614805608693082e+01
1.388006706513482413e+01 1.387073296761216668e+01 1.391883341289849874e+01 1.384983594494435977e+01 1.384004807057344699e+01
1.382554548352533530e+01 1.381429058791542097e+01 1.386186037018066841e+01 1.379348709876604850e+01 1.378373031850466468e+01
1.377074062807541566e+01 1.375762642069220121e+01 1.380467157180789073e+01 1.373693301645624487e+01 1.372720834315145133e+01
1.371566763316591420e+01 1.370075424848775647e+01 1.374728052835406622e+01 1.368018663282839853e+01 1.367049507155237009e+01
1.366034097794129565e+01 1.364368717575966450e+01 1.368970009710929858e+01 1.362326029017153495e+01 1.361360277127760554e+01
1.360477449658949745e+01 1.358643767654008627e+01 1.363194249512975986e+01 1.356616568747583074e+01 1.355654311006982660e+01
1.354898142447881604e+01 1.352901759692672101e+01 1.357401935276815230e+01 1.350891397918662484e+01 1.349932719404101711e+01
1.349297440488565059e+01 1.347143822212172992e+01 1.351594171758694252e+01 1.345151575757882512e+01 1.344196557480766430e+01
1.343676553276742958e+01 1.341371026431886726e+01 1.345772010836729571e+01 1.339398110724833124e+01 1.338446830729172454e+01
1.338036636067627860e+01 1.335584393163133221e+01 1.339936451560556563e+01 1.333631961805037314e+01 1.332684492068052862e+01
1.332378793889713364e+01 1.329784891033644456e+01 1.334088445145068036e+01 1.327854039505977823e+01 1.326910451236801691e+01
1.326704082138595986e+01 1.323973443418909390e+01 1.328228895021533162e+01 1.322065212210027418e+01 1.321125570630787571e+01
1.321013510200888597e+01 1.318150926220773833e+01 1.322358661313466577e+01 1.316266302806799793e+01 1.315330671854138167e+01
1.315308042087358764e+01 1.312318174359753975e+01 1.316478560937237141e+01 1.310458096626334346e+01 1.309526535771340150e+01
1.309588599392491481e+01 1.306475980428020556e+01 1.310589371581279927e+01 1.304641337835238346e+01 1.303713904001448398e+01
1.303856061839282887e+01 1.300625098710494143e+01 1.304691831885334530e+01 1.298816735710976111e+01 1.297893483109947788e+01
1.298111271874231853e+01 1.294766246420674349e+01 1.298786644936321188e+01 1.292984963999914427e+01 1.292065943223841806e+01
1.292355033398082220e+01 1.288900105080440461e+01 1.292874478551605044e+01 1.287146662969144373e+01 1.286231923291115997e+01
1.286588113394816801e+01 1.283027323445751655e+01 1.286955967983967675e+01 1.281302442308973255e+01 1.280392028915641767e+01
1.280811248970201355e+01 1.277148517391799842e+01 1.281031716262462439e+01 1.275452880349168971e+01 1.274546837599460680e+01
1.275025140973257365e+01 1.271264273578192672e+01 1.275102298580103444e+01 1.269598528581458474e+01 1.268696897378834620e+01
1.269230457780618870e+01 1.265375148595543742e+01 1.269168260511351498e+01 1.263739909549308926e+01 1.262842729492684057e+01
1.263427843221839808e+01 1.259481672846170852e+01 1.263230119879649216e+01 1.257877521693999512e+01 1.256984829956616778e+01
1.257617907978412042e+01 1.253584349338925641e+01 1.257288373162712425e+01 1.252011837844746545e+01 1.251123669328177002e+01
1.251801235387614852e+01 1.247683657479798214e+01 1.251343488512621782e+01 1.246143307729779792e+01 1.245259696217934575e+01
1.245978386077775646e+01 1.241780051961178089e+01 1.245395910116066673e+01 1.240272359255918744e+01 1.239393335640427551e+01
1.240149892330349957e+01 1.235873965829854626e+01 1.239446065307060074e+01 1.234399398327945185e+01 1.233524992944734855e+01
1.234316263380376988e+01 1.229965810262339510e+01 1.233494355641814799e+01 1.228524811859556465e+01 1.227655052361147092e+01
1.228477987278976258e+01 1.224055976225883136e+01 1.227541163033183658e+01 1.222648966403651372e+01 1.221783879708291209e+01
1.222635527852728821e+01 1.218144835474741683e+01 1.221586853483444735e+01 1.216772211489957556e+01 1.215911822543461795e+01
1.216789329447982126e+01 1.212232741015794879e+01 1.215631771666947714e+01 1.210894878437439459e+01 1.210039210879119587e+01
1.210939817453922274e+01 1.206320028830676883e+01 1.209676245989924581e+01 1.205017282624073260e+01 1.204166358954345561e+01
1.205087396207434480e+01 1.200407017661652809e+01 1.203720589849391764e+01 1.199139723694360882e+01 1.198293564603576833e+01
1.199232453810179244e+01 1.194494011056499438e+01 1.197765098890548430e+01 1.193262486078950602e+01 1.192421111758124219e+01
1.193375361651195909e+01 1.188581296808083287e+01 1.191810055274197389e+01 1.187385840645882240e+01 1.186549269273319496e+01
1.187516471118589045e+01 1.182669149045454127e+01 1.185855727859084396e+01 1.181510044016340899e+01 1.180678293442175608e+01
1.181656121173351437e+01 1.176757826877630109e+01 1.179902370291355496e+01 1.175635340845624377e+01 1.174808427287771373e+01
1.175794635328802507e+01 1.170847577903884940e+01 1.173950225302641215e+01 1.169761962753329421e+01 1.168939901775758017e+01
1.169932320125608527e+01 1.164938637686361389e+01 1.167999524054127924e+01 1.163890130454645622e+01 1.163072936542651270e+01
1.164069471052480154e+01 1.159031228005802028e+01 1.162050482978381361e+01 1.158020053277895833e+01 1.157207739803247470e+01
1.158206369865128238e+01 1.153125560997903598e+01 1.156103310772858883e+01 1.152151930033056182e+01 1.151344509809049299e+01
1.152343283819356579e+01 1.147221839897434137e+01 1.150158205329802641e+01 1.146285949636993529e+01 1.145483433706379373e+01
1.146480470335932900e+01 1.141320255885431756e+01 1.144215352442286893e+01 1.140422290763081392e+01 1.139624690524417794e+01
1.140618174809776164e+01 1.135420987984843677e+01 1.138274930853110867e+01 1.134561124266188159e+01 1.133768450494730295e+01
1.134756630450373294e+01 1.129524211341843554e+01 1.132337109848379342e+01 1.128702612665382787e+01 1.127914873608441759e+01
1.128896061596382161e+01 1.123630090912419099e+01 1.126402048560818159e+01 1.122846907633932112e+01 1.122064112726574692e+01
1.123036682129897379e+01 1.117738778836470281e+01 1.120469899849320683e+01 1.116994156140755656e+01 1.116216314664879583e+01
1.117178695299884339e+01 1.111850424724259767e+01 1.114540808402029626e+01 1.111144498033315919e+01 1.110371618029567919e+01
1.111322296783659880e+01 1.105965169356560196e+01 1.108614910608462978e+01 1.105298064567272398e+01 1.104530150266645094e+01
1.105467672998608286e+01 1.100083144278910652e+01 1.102692337153530211e+01 1.099454978123026727e+01 1.098692038082752553e+01
1.099615001188737295e+01 1.094204475690861678e+01 1.096773211744716825e+01 1.093615359396859965e+01 1.092857400499282861e+01
1.093764452018027278e+01 1.088329283775910739e+01 1.090857650896760767e+01 1.087779321981792968e+01 1.087026347331136478e+01
1.087916187946222735e+01 1.082457682105826180e+01 1.084945766392060307e+01 1.081946969338723896e+01 1.081198984761284088e+01
1.082070363554905690e+01 1.076589778356813198e+01 1.079037663884815146e+01 1.076118404031211995e+01 1.075375414356275883e+01
1.076227127640517800e+01 1.070725675550029621e+01 1.073133442890254052e+01 1.070293722454562335e+01 1.069555731514046926e+01
1.070386621766191482e+01 1.064865471255203033e+01 1.067233198890969170e+01 1.064473015137065204e+01 1.063740025199064299e+01
1.064548980828673130e+01 1.059009255965965224e+01 1.061337021981115214e+01 1.058656367140494403e+01 1.057928381894296876e+01
1.058714334528574774e+01 1.053157118167125894e+01 1.055444997035162480e+01 1.052843860770419937e+01 1.052120883021608044e+01
1.052882806229030699e+01 1.047309141264006804e+01 1.049557205434643947e+01 1.047035573584706469e+01 1.046317605253195637e+01
1.047054513655720953e+01 1.041465402244264027e+01 1.043673723854172231e+01 1.041231578463458440e+01 1.040518621937516741e+01
1.041229569895264184e+01 1.035625975722011027e+01 1.037794624631055740e+01 1.035431945436668322e+01 1.034724002827853617e+01
1.035408082469449909e+01 1.029790932367350820e+01 1.031919976960130292e+01 1.029636740895008629e+01 1.028933813394575125e+01
1.029590154146537095e+01 1.023960338834098138e+01 1.026049845970693219e+01 1.023846026835006207e+01 1.023148114550291510e+01
1.023775883569369860e+01 1.018134258283291516e+01 1.020184293186783187e+01 1.018059861491544105e+01 1.017366965981265636e+01
1.017965364461808164e+01 1.012312750944350626e+01 1.014323377335181497e+01 1.012278301590336760e+01 1.011590423717611209e+01
1.012158686560948873e+01 1.006495873640164085e+01 1.008467153624227741e+01 1.006501400384461853e+01 1.005818539538386069e+01
1.006355935934715795e+01 1.000683678933240728e+01 1.002615674271033797e+01 1.000729207038666324e+01 1.000051363814641192e+01
1.000557194295293684e+01 9.948762181279976247e+00 9.967689890265660324e+00 9.949617695467235734e+00 9.942889440283947167e+00
9.947625400351848057e+00 9.890735393818314236e+00 9.909271445642934495e+00 9.891991330181378217e+00 9.885313245268438465e+00
9.889720482601941143e+00 9.832756875946854436e+00 9.850901850859489883e+00 9.834413394237543571e+00 9.827785467825030707e+00
9.831857902291343265e+00 9.774827059287238384e+00 9.792581526290222271e+00 9.776884282735801790e+00 9.770306510243846887e+00
9.774038344522223198e+00 9.716946351647766988e+00 9.734310865265458190e+00 9.719404377272976348e+00 9.712876749389774744e+00
9.716262464823589795e+00 9.659115132771898260e+00 9.676090240871548787e+00 9.661974035180584508e+00 9.655496534394323760e+00
9.658530884878942402e+00 9.601333761256869437e+00 9.617920006997522364e+00 9.604593587701780066e+00 9.598166202578847006e+00
9.600844203717505465e+00 9.543602580973089999e+00 9.559800493852867120e+00 9.547263354706352345e+00 9.540886070745493441e+00
9.543202993588955962e+00 9.485921913669340455e+00 9.501732015170379242e+00 9.489983636495153974e+00 9.483656433894713800e+00
9.485607797545883457e+00 9.428292059436028438e+00 9.443714867518291811e+00 9.432754711883131193e+00 9.426477569330636186e+00
9.428059139257067400e+00 9.370713306366878825e+00 9.385749323468289163e+00 9.375576843814567241e+00 9.369349743178085888e+00
9.370557518299079902e+00 9.313185925138196097e+00 9.327835646029223327e+00 9.318450284008335416e+00 9.312273204390910664e+00
9.313103405894020526e+00 9.255710163543838576e+00 9.269974082812959537e+00 9.261375267742657513e+00 9.255248181888545034e+00
9.255697260970691786e+00 9.198286262245730427e+00 9.212164867981549321e+00 9.204352011300814596e+00 9.198274897542429329e+00
9.198339521536771812e+00 9.140914445849645631e+00 9.154408215154070660e+00 9.147380724257589080e+00 9.141353558626995834e+00
9.141030608502390464e+00 9.083594922971924390e+00 9.096704323325313979e+00 9.090461602241246553e+00 9.084484355799855138e+00
9.083770912625588778e+00 9.026327890345624994e+00 9.039053391877406085e+00 9.033594824746234764e+00 9.027667468780450122e+00
9.026560816642881235e+00 8.969113534415656730e+00 8.981455605372095974e+00 8.976780561127322144e+00 8.970903069052640788e+00
