7.548429953243536161e+00 7.513848940337315874e+00 7.556363507519747280e+00 7.609037907436849935e+00 7.516274932609555925e+00
7.603035424255505603e+00 7.534705405969247316e+00 7.618231126015912125e+00 7.721497460607980479e+00 7.537409126119988478e+00
7.663684814301173986e+00 7.562498793776697426e+00 7.685493862522364772e+00 7.837345480049991764e+00 7.563349641048381145e+00
7.730255611315344666e+00 7.597164250570670241e+00 7.758049535509935701e+00 7.956549409733883138e+00 7.594045131343525767e+00
7.802633056478834206e+00 7.638641762979022864e+00 7.835801993777080199e+00 8.079077272834444656e+00 7.629445690550168635e+00
7.880709047603517092e+00 7.686875428335047999e+00 7.918660084188174686e+00 8.204897603342867995e+00 7.669502858888378682e+00
7.964381276410767541e+00 7.741812915738197631e+00 8.006537068917273459e+00 8.333979350231821570e+00 7.714169552050501366e+00
8.053552614186457959e+00 7.803405003629661607e+00 8.099350004392666946e+00 8.466291802097545727e+00 7.763399988477384994e+00
8.148130353708499030e+00 7.871605229411115623e+00 8.197019230103839149e+00 8.601804491765763672e+00 7.817149643018829863e+00
8.248025634698281650e+00 7.946369549628169437e+00 8.299467967359948517e+00 8.740487090559229344e+00 7.875375210786698332e+00
8.353153157239555426e+00 8.027656076549062547e+00 8.406621955263052115e+00 8.882309307452478819e+00 7.938034556407657760e+00
8.463430705763018480e+00 8.115424849221295034e+00 8.518409141286603870e+00 9.027240774198286744e+00 8.005086677113421700e+00
8.578778758482846101e+00 8.209637631226414101e+00 8.634759399284877901e+00 9.175250922364142525e+00 8.076491644711889961e+00
8.699120192480444658e+00 8.310257711981909878e+00 8.755604301106552967e+00 9.326308860108815324e+00 8.152210653401734675e+00
8.824379997512519225e+00 8.417249711228832254e+00 8.880876917456419051e+00 9.480383268600887092e+00 8.232205875910418413e+00
8.954484995779649736e+00 8.530579386519304919e+00 9.010511607907876197e+00 9.637442212590373813e+00 8.316440455187089853e+00
9.089363588034172992e+00 8.650213447405352696e+00 9.144443825669199555e+00 9.797452986119765228e+00 8.404878441915878184e+00
9.228945488484846749e+00 8.776119356842411179e+00 9.282609958441254250e+00 9.960381980333977481e+00 8.497484811423415607e+00
9.373161519165043032e+00 8.908265107620433554e+00 9.424947171581742111e+00 1.012619451077427968e+01 8.594225304503607887e+00
9.521943333121091868e+00 9.046618977644000026e+00 9.571393262346376218e+00 1.029485461685845848e+01 8.695066582361425489e+00
9.675223271768373934e+00 9.191149264472185720e+00 9.721886485778313158e+00 1.046632485726656192e+01 8.799976072032466234e+00
9.832934103422859451e+00 9.341823990854484450e+00 9.876365390646242304e+00 1.064056609710640977e+01 8.908921997606142895e+00
9.995008773175085182e+00 9.498610563681149088e+00 1.003476865031783305e+01 1.081753727785408614e+01 9.021873274569301770e+00
1.016138017067177657e+01 9.661475377005771747e+00 1.019703489062814761e+01 1.099719515116975366e+01 9.138799495211625157e+00
1.033198089470263703e+01 9.830383373979433514e+00 1.036310250812763911e+01 1.117949402973037287e+01 9.259670883598348112e+00
1.050674301434723645e+01 1.000529753078222939e+01 1.053290947548985024e+01 1.136438545538847578e+01 9.384458273103808423e+00
1.068559780470728526e+01 1.018617826147543681e+01 1.070639313351163224e+01 1.155181787513413028e+01 9.513133068221890198e+00
1.086847547092009414e+01 1.037298273467077614e+01 1.088348996972505489e+01 1.174173630374311017e+01 9.645667209294021660e+00
1.105530485737112123e+01 1.056566408828133774e+01 1.106413538234456695e+01 1.193408192597625828e+01 9.782033139508641284e+00
1.124601313728675578e+01 1.076417052490065984e+01 1.124826342704665372e+01 1.212879166831780253e+01 9.922203758677898833e+00
1.144052547911253015e+01 1.096844427055240523e+01 1.143580654204280833e+01 1.232579775103272546e+01 1.006615238604401164e+01
1.163876469040121009e+01 1.117842038034184249e+01 1.162669525008254467e+01 1.252502722405050051e+01 1.021385271578600218e+01
1.184065083409550034e+01 1.139402537359649870e+01 1.182085784603715517e+01 1.272640138549511057e+01 1.036527877445058365e+01
1.204610081050572035e+01 1.161517567908865267e+01 1.201822007439836781e+01 1.292983522279691044e+01 1.052040487752107012e+01
1.225502790878463522e+01 1.184177586971916973e+01 1.221870471143623682e+01 1.313523683257110264e+01 1.067920558429249667e+01
1.246734130645151595e+01 1.207371666497433971e+01 1.242223122589601658e+01 1.334250671183584558e+01 1.084165564772983359e+01
1.268294552966301225e+01 1.231087268773383769e+01 1.262871529063390241e+01 1.355153706420630222e+01 1.100772995971217227e+01
1.290173986157173225e+01 1.255309995898280206e+01 1.283806829985226017e+01 1.376221108070727261e+01 1.117740349809040090e+01
1.312361769230297526e+01 1.280023311046253376e+01 1.305019691407723492e+01 1.397440213722394731e+01 1.135065125913684803e+01
1.334846580324841980e+01 1.305208231230842841e+01 1.326500245220644025e+01 1.418797295460417018e+01 1.152744818922920800e+01
1.357616357650102756e+01 1.330842992788238099e+01 1.348238026954997970e+01 1.440277475738565904e+01 1.170776911401707920e+01
1.380658212585574773e+01 1.356902690209583184e+01 1.370221917610990303e+01 1.461864642331162933e+01 1.189158865226417205e+01
1.403958333796767910e+01 1.383358891527313084e+01 1.392440063143573958e+01 1.483541353736909585e+01 1.207888111845925394e+01
1.427501880035324788e+01 1.410179235302302558e+01 1.414879794552516579e+01 1.505288753495300647e+01 1.226962042110896256e+01
1.451272862764060179e+01 1.437327016680932879e+01 1.437527553265414504e+01 1.527086482247771926e+01 1.246377994670621803e+01
1.475254015867998980e+01 1.464760773760058754e+01 1.460368784273629572e+01 1.548912591407136929e+01 1.266133240786605896e+01
1.499426651517897113e+01 1.492433887702147466e+01 1.483387834728550736e+01 1.570743467906861035e+01 1.286224968182356498e+01
1.523770500587791510e+01 1.520294214941949917e+01 1.506567857021936874e+01 1.592553763257764565e+01 1.306650264914231840e+01
1.548263536967304788e+01 1.548283772192917418e+01 1.529890668795157893e+01 1.614316332404385079e+01 1.327406093977940849e+01
1.572881785877572192e+01 1.576338503002813241e+01 1.553336623839421726e+01 1.636002198145541087e+01 1.348489267568612426e+01
1.597599109610234791e+01 1.604388154321146587e+01 1.576884487269435731e+01 1.657580532976983179e+01 1.369896420133361303e+01
1.622386975436484846e+01 1.632356296092013537e+01 1.600511254443475551e+01 1.679018638526537899e+01 1.391623967262768602e+01
1.647214204006946758e+01 1.660160517815694803e+01 1.624191990482954040e+01 1.700282005097925975e+01 1.413668060108638436e+01
1.672046697853457431e+01 1.687712835221971730e+01 1.647899671251215281e+01 1.721334374189346406e+01 1.436024536812636576e+01
1.696847151769168249e+01 1.714920336100745502e+01 1.671604958300049759e+01 1.742137814666385864e+01 1.458688854402207369e+01
1.721574748083700612e+01 1.741686088122433773e+01 1.695276009649832716e+01 1.762652896926526935e+01 1.481656002903684488e+01
1.746184842629362066e+01 1.767910311331431572e+01 1.718878280104438261e+01 1.782838892574423539e+01 1.504920410180192469e+01
1.770628649328321913e+01 1.793491816808388961e+01 1.742374268463804299e+01 1.802653996369277323e+01 1.528475828281436755e+01
1.794852932874902152e+01 1.818329689253071990e+01 1.765723312697463498e+01 1.822055615877946977e+01 1.552315160852963416e+01
1.818799732014245052e+01 1.842325154178349322e+01 1.788881359903731294e+01 1.841000756174940989e+01 1.576430265987511525e+01
1.842406132279203490e+01 1.865383571585218192e+01 1.811800739590799481e+01 1.859446399740408040e+01 1.600811781954998381e+01
1.865604119522918225e+01 1.887416467883950588e+01 1.834429981615995686e+01 1.877349897779076926e+01 1.625448716583003872e+01
1.888320552476425718e+01 1.908343506828276759e+01 1.856713619931302972e+01 1.894669524969895491e+01 1.650328097866629307e+01
1.910477306771564088e+01 1.928094294702187028e+01 1.878592116356322350e+01 1.911364948799715791e+01 1.675434483022550936e+01
1.931991558958223720e+01 1.946609918823422092e+01 1.900001730986915405e+01 1.927397728743510541e+01 1.700749327650759568e+01
1.952776569406739782e+01 1.963844163639633678e+01 1.920874711052946893e+01 1.942731880126251554e+01 1.726250177145283971e+01
1.972742576037157036e+01 1.979764233960372266e+01 1.941139432727243630e+01 1.957334362690475515e+01 1.751909632681350359e+01
1.991798121038000957e+01 1.994351006188582431e+01 1.960720759443855954e+01 1.971175550768966289e+01 1.777693977406924830e+01
2.009851845109344737e+01 2.007598985975212358e+01 1.979540643078440709e+01 1.984229697292631656e+01 1.803561593940626295e+01
2.026814701515945671e+01 2.019515724534456780e+01 1.997519007355937859e+01 1.996475270926293888e+01 1.829460945871429089e+01
2.042602485360814413e+01 2.030120818107115710e+01 2.014574937560575307e+01 2.007895284085024201e+01 1.855328098015962368e+01
2.057138653461842637e+01 2.039444662622144122e+01 2.030628167165473030e+01 2.018477440316053872e+01 1.881083848809972281e+01
2.070357234887533693e+01 2.047527002387219497e+01 2.045601043936468244e+01 2.028214265373600611e+01 1.906630572064202056e+01
2.082205620088596021e+01 2.054415326515682239e+01 2.059420706407845003e+01 2.037103144852200032e+01 1.931848972228583250e+01
2.092646970365445469e+01 2.060163231650107818e+01 2.072021496904291737e+01 2.045146241338466098e+01 1.956595203803396288e+01
2.101662027348046280e+01 2.064828825846587534e+01 2.083347583025578231e+01 2.052350305522689666e+01 1.980699077308723943e+01
2.109250087286886810e+01 2.068473225481089273e+01 2.093355514081380875e+01 2.058726411517298516e+01 2.003964235919649539e+01
2.115429040224575985e+01 2.071159193100368512e+01 2.102016480464264703e+01 2.064289629982102525e+01 2.026171742824713462e+01
2.120234430434505413e+01 2.072949936704004514e+01 2.109318053463251630e+01 2.069058644340359265e+01 2.047087392979502951e+01
2.123717699457721508e+01 2.073908096734789552e+01 2.115265229932185420e+01 2.073055320607296537e+01 2.066473928049134301e+01
2.125943688250961117e+01 2.074094917510250013e+01 2.119880551403187141e+01 2.076304248140859698e+01 2.084107305121722220e+01
2.126987720777644952e+01 2.073569591176627824e+01 2.123203266243112708e+01 2.078832269392801990e+01 2.099795226566599027e+01
2.126932507495799030e+01 2.072388763175600346e+01 2.125287652105305369e+01 2.080668013173445630e+01 2.113394962647342368e+01
2.125865115351328782e+01 2.070606187867524639e+01 2.126200552799052801e+01 2.081841442971672862e+01 2.124826892827231717e+01
2.123874184034346513e+01 2.068272506038237424e+01 2.126018456146557156e+01 2.082383428885531984e+01 2.134080904677100321e+01
2.121047538783152575e+01 2.065435122887171460e+01 2.124824382312315052e+01 2.082325351416080039e+01 2.141214429591698121e+01
2.117470263528238661e+01 2.062138177577604026e+01 2.122704808506440699e+01 2.081698743140642449e+01 2.146342864140302353e+01
2.113223255965802849e+01 2.058422577458470215e+01 2.119746899033924947e+01 2.080534972039261277e+01 2.149624969410996655e+01
2.108382210696469272e+01 2.054326080942520960e+01 2.116036137128360650e+01 2.078864967473634806e+01 2.151246364659627375e+01
2.103017016942101947e+01 2.049883421977798648e+01 2.111654481127857963e+01 2.076718989185789255e+01 2.151403945646484672e+01
2.097191479658462754e+01 2.045126461398341178e+01 2.106679031951044934e+01 2.074126437445799809e+01 2.150293094142659811e+01
2.090963296393158544e+01 2.040084348413955695e+01 2.101181150621654581e+01 2.071115701973339540e+01 2.148098481561095241e+01
2.084384225785044720e+01 2.034783693473737998e+01 2.095226012521959902e+01 2.067714046835170194e+01 2.144988375852438978e+01
2.077500383700219544e+01 2.029248750303118243e+01 2.088872477416644813e+01 2.063947527542720906e+01 2.141111865721989460e+01
2.070352633677212850e+01 2.023501594761063416e+01 2.082173196070471022e+01 2.059840935462472089e+01 2.136598247318343624e+01
2.062977016744568459e+01 2.017562297603413057e+01 2.075174907083750853e+01 2.055417768801466494e+01 2.131557832574414135e+01
2.055405199919767867e+01 2.011449088995861345e+01 2.067918835944092137e+01 2.050700222907611092e+01 2.126083579196472328e+01
2.047664920914416697e+01 2.005178515744589163e+01 2.060441154731999447e+01 2.045709198333652168e+01 2.120253099985894707e+01
2.039780416068277091e+01 1.998765586495416002e+01 2.052773471518832693e+01 2.040464322981596013e+01 2.114130741510020428e+01
2.031772820972923910e+01 1.992223911255452506e+01 2.044943313811650043e+01 2.034983985418600128e+01 2.107769621944157024e+01
2.023660539432378513e+01 1.985565829953276307e+01 2.036974592984227783e+01 2.029285376796344309e+01 2.101213441718995156e+01
2.015459578210684555e+01 1.978802530175809693e+01 2.028888041408455578e+01 2.023384539131292925e+01 2.094498073272222527e+01
2.007183849407719478e+01 1.971944155026627143e+01 2.020701612403857439e+01 2.017296418022802484e+01 2.087652924590421222e+01
1.998845437719503693e+01 1.964999901720610609e+01 2.012430840092173412e+01 2.011034918190456366e+01 2.080702100782403008e+01
1.990454837912314190e+01 1.957978112732310194e+01 2.004089154559335384e+01 2.004612960626831963e+01 2.073665368274577503e+01
1.982021163216970905e+01 1.950886356148328460e+01 1.995688160691089763e+01 1.998042539912699667e+01 2.066558945750316667e+01
1.973552328481208207e+01 1.943731501101622783e+01 1.987237890138734642e+01 1.991334780691552808e+01 2.059396153052638567e+01
1.965055209714819640e+01 1.936519785100949420e+01 1.978747018357970333e+01 1.984499993666612738e+01 2.052187944151041776e+01
1.956535782563617687e+01 1.929256874937105337e+01 1.970223051738039644e+01 1.977547729732336634e+01 2.044943342688383936e+01
1.947999242915978613e+01 1.921947921544289528e+01 1.961672489138057784e+01 1.970486832657347165e+01 2.037669795544555029e+01
1.939450111140525834e+01 1.914597610244520709e+01 1.953100961419879411e+01 1.963325489527105461e+01 2.030373459423090310e+01
1.930892322569028252e+01 1.907210205226923350e+01 1.944513351554434522e+01 1.956071274000149884e+01 2.023059433917557826e+01
1.922329304934128302e+01 1.899789589778360011e+01 1.935913900028945989e+01 1.948731198277726051e+01 2.015731951558311152e+01
1.913764046569197674e+01 1.892339302995111794e+01 1.927306292887321959e+01 1.941311747116856878e+01 2.008394532704901536e+01
1.905199159674679521e+01 1.884862572594256491e+01 1.918693738166586726e+01 1.933818919512778933e+01 2.001050111473707460e+01
1.896636927483417523e+01 1.877362344480645362e+01 1.910079031748293232e+01 1.926258271067020900e+01 1.993701138390791172e+01
1.888079343236971752e+01 1.869841309253045480e+01 1.901464613853031693e+01 1.918634938933463374e+01 1.986349664326700548e+01
1.879528150801990449e+01 1.862301926703749899e+01 1.892852617578224539e+01 1.910953680946676769e+01 1.978997409286943920e+01
1.870984877472843522e+01 1.854746446856962194e+01 1.884244910603250034e+01 1.903218903529923978e+01 1.971645818823758844e+01
1.862450863282183278e+01 1.847176929683332247e+01 1.875643131017248066e+01 1.895434685440189782e+01 1.964296110335511614e+01
1.853927285706668471e+01 1.839595262342100312e+01 1.867048717971190541e+01 1.887604809651373472e+01 1.956949311153225679e+01
1.845415179628484026e+01 1.832003174159533287e+01 1.858462938709558898e+01 1.879732781230857341e+01 1.949606289960490102e+01
1.836915455690206755e+01 1.824402254483266361e+01 1.849886910828382725e+01 1.871821849712357633e+01 1.942267780641895669e+01
1.828428916037954011e+01 1.816793961652174616e+01 1.841321622721714846e+01 1.863875033567437356e+01 1.934934408441092657e+01
1.819956268400549959e+01 1.809179638840819493e+01 1.832767949239336502e+01 1.855895132347106369e+01 1.927606704425354778e+01
1.811498137892389693e+01 1.801560522357043226e+01 1.824226666688891996e+01 1.847884746825351954e+01 1.920285121547790652e+01
1.803055076880546892e+01 1.793937747127445803e+01 1.815698466309585868e+01 1.839846296089861610e+01 1.912970051879691979e+01
1.794627573342623705e+01 1.786312364353935678e+01 1.807183964344384464e+01 1.831782027430817195e+01 1.905661824620911560e+01
1.786216065225984551e+01 1.778685337676099110e+01 1.798683710543713232e+01 1.823694033680673954e+01 1.898360723691822827e+01
1.777820938453661981e+01 1.771057560661848385e+01 1.790198196170584310e+01 1.815584263351631478e+01 1.891066992293425741e+01
1.769442536631815344e+01 1.763429856124789552e+01 1.781727860109618788e+01 1.807454530922906244e+01 1.883780838847498273e+01
1.761081165031783868e+01 1.755802987116713254e+01 1.773273093786832533e+01 1.799306529886447592e+01 1.876502443214231874e+01
1.752737096010102036e+01 1.748177659118375260e+01 1.764834245286077774e+01 1.791141839315428186e+01 1.869231962249825685e+01
1.744410573962984046e+01 1.740554526131606750e+01 1.756411622572605680e+01 1.782961933263603882e+01 1.861969530785300719e+01
1.736101818089603910e+01 1.732934195383631959e+01 1.748005496219102994e+01 1.774768190498720344e+01 1.854715265899479704e+01
1.727811024848378096e+01 1.725317228721179674e+01 1.739616101904076118e+01 1.766561898983953327e+01 1.847469269767277922e+01
1.719538370723880760e+01 1.717704150181964806e+01 1.731243642911778480e+01 1.758344264402857249e+01 1.840231630462134760e+01
1.711284014779856832e+01 1.710095444839107515e+01 1.722888292850498715e+01 1.750116416359502125e+01 1.833002424175296241e+01
1.703048100679880505e+01 1.702491565599872914e+01 1.714550198663960145e+01 1.741879412730759924e+01 1.825781718869291481e+01
1.694830758305279517e+01 1.694892933189996853e+01 1.706229483898516008e+01 1.733634246512981747e+01 1.818569572680537760e+01
1.686632105225456613e+01 1.687299940571937285e+01 1.697926252092371158e+01 1.725381849630093001e+01 1.811366037555125885e+01
1.678452248078457032e+01 1.679712954156912730e+01 1.689640590117958041e+01 1.717123097285633193e+01 1.804171160897045922e+01
1.670291283759165069e+01 1.672132316016588049e+01 1.681372571295952056e+01 1.708858813098203555e+01 1.796984980781123653e+01
1.662149300411988762e+01 1.664558346493481977e+01 1.673122258187560263e+01 1.700589771655699423e+01 1.789807536393512777e+01
1.654026378307570866e+01 1.656991344501562580e+01 1.664889704961720440e+01 1.692316701239212762e+01 1.782638856568296859e+01
1.645922590626442172e+01 1.649431590849984630e+01 1.656674959375680700e+01 1.684040290723525146e+01 1.775478971615955004e+01
1.637838004187381102e+01 1.641879347981220505e+01 1.648478064362650741e+01 1.675761188341572350e+01 1.768327905539909750e+01
1.629772680103840088e+01 1.634334862744556105e+01 1.640299059257578307e+01 1.667480006159001604e+01 1.761185680853813196e+01
1.621726674375261368e+01 1.626798366579404487e+01 1.632137980749298478e+01 1.659197326933110617e+01 1.754052317578202747e+01
1.613700038449354324e+01 1.619270077299164257e+01 1.623994863629465968e+01 1.650913694309217661e+01 1.746927833573213462e+01
1.605692819758215606e+01 1.611750199881007006e+01 1.615869741372121737e+01 1.642629632250072191e+01 1.739812245123049195e+01
1.597705062217512939e+01 1.604238927204568910e+01 1.607762646455815414e+01 1.634345629696795044e+01 1.732705566142080400e+01
1.589736806697370319e+01 1.596736441538531892e+01 1.599673610714061134e+01 1.626062154377133595e+01 1.725607811054260310e+01
1.581788091461246815e+01 1.589242914512352556e+01 1.591602665582444409e+01 1.617779649974273326e+01 1.718518993759260383e+01
1.573858952567954717e+01 1.581758508541054553e+01 1.583549842236405958e+01 1.609498535710105926e+01 1.711439122537634105e+01
1.565949424234207754e+01 1.574283376727005290e+01 1.575515171711380802e+01 1.601219213299734534e+01 1.704368209326559835e+01
1.558059539156906403e+01 1.566817665067466869e+01 1.567498685000263592e+01 1.592942062556509164e+01 1.697306266459689184e+01
1.550189328794383847e+01 1.559361510801082140e+01 1.559500413117129547e+01 1.584667447860597989e+01 1.690253303921592476e+01
1.542338823607399334e+01 1.551915044690774259e+01 1.551520387141490787e+01 1.576395715402563980e+01 1.683209326189737354e+01
1.534508053263617100e+01 1.544478392569370051e+01 1.543558638254440041e+01 1.568127196410821966e+01 1.676174345328206527e+01
1.526697046807416491e+01 1.537051670519637092e+01 1.535615197765067208e+01 1.559862208295469976e+01 1.669148371001298159e+01
1.518905832800648170e+01 1.529634992722387743e+01 1.527690097127905311e+01 1.551601053059891200e+01 1.662131408152377787e+01
1.511134439436371046e+01 1.522228467044638300e+01 1.519783367956557640e+01 1.543344022454399145e+01 1.655123464501347286e+01
1.503382894631496924e+01 1.514832194509269492e+01 1.511895042034018388e+01 1.535091393680581007e+01 1.648124548146232371e+01
1.495651226098850906e+01 1.507446274100601968e+01 1.504025151319661724e+01 1.526843434891527451e+01 1.641134666044285950e+01
1.487939461406609176e+01 1.500070799212192796e+01 1.496173727954295707e+01 1.518600402863866883e+01 1.634153823878504497e+01
1.480247628030799412e+01 1.492705859110797917e+01 1.488340804264284323e+01 1.510362544340437552e+01 1.627182028554604543e+01
1.472575753389342168e+01 1.485351540192853115e+01 1.480526412764108812e+01 1.502130097743221171e+01 1.620219286349550458e+01
1.464923864859457225e+01 1.478007924532502670e+01 1.472730586157988419e+01 1.493903291913896680e+01 1.613265603628376610e+01
1.457291989803237264e+01 1.470675091663553502e+01 1.464953357340998075e+01 1.485682348750777848e+01 1.606320986643236637e+01
1.449680155591309472e+01 1.463353118098125449e+01 1.457194759399979489e+01 1.477467481779095415e+01 1.599385441635140737e+01
1.442088389614467125e+01 1.456042077053878003e+01 1.449454825613977604e+01 1.469258898057663565e+01 1.592458974753059664e+01
1.434516719288916597e+01 1.448742039958539074e+01 1.441733589454870845e+01 1.461056798034091919e+01 1.585541591568495257e+01
1.426965172063299292e+01 1.441453075425964769e+01 1.434031084586999683e+01 1.452861375545904821e+01 1.578633298763691073e+01
1.419433775425420663e+01 1.434175249639324257e+01 1.426347344866967148e+01 1.444672819413211862e+01 1.571734102879576689e+01
1.411922556905413373e+01 1.426908627335047086e+01 1.418682404342657932e+01 1.436491312180705826e+01 1.564844010712185884e+01
1.404431544077259808e+01 1.419653270598940509e+01 1.411036297253533967e+01 1.428317032113647933e+01 1.557963029368617747e+01
1.396960764559745449e+01 1.412409240107877295e+01 1.403409058029901679e+01 1.420150152289263268e+01 1.551091163941039497e+01
1.389510246017179540e+01 1.405176594925496047e+01 1.395800721292572000e+01 1.411990841434818122e+01 1.544228419151572851e+01
1.382080016159234326e+01 1.397955392112696238e+01 1.388211321851762925e+01 1.403839264333240777e+01 1.537374803780575228e+01
1.374670102740065758e+01 1.390745687715438095e+01 1.380640894706426280e+01 1.395695581534762120e+01 1.530530325112479417e+01
1.367280533557197941e+01 1.383547536258475397e+01 1.373089475043491525e+01 1.387559950434487810e+01 1.523694990776231073e+01
1.359911336450164043e+01 1.376360990902110792e+01 1.365557098236906519e+01 1.379432524579702957e+01 1.516868808788846756e+01
1.352562539298872579e+01 1.369186103898630336e+01 1.358043799846500299e+01 1.371313454779409113e+01 1.510051782561759737e+01
1.345234170021718079e+01 1.362022926199538730e+01 1.350549615617423349e+01 1.363202888732592122e+01 1.503243919247264948e+01
1.337926256573502570e+01 1.354871507868440439e+01 1.343074581478778207e+01 1.355100971339952665e+01 1.496445227965108593e+01
1.330638826943299691e+01 1.347731898156650310e+01 1.335618733542433212e+01 1.347007845192821840e+01 1.489655716512131711e+01
1.323371909152174375e+01 1.340604145185811902e+01 1.328182108102020642e+01 1.338923650216770156e+01 1.482875392930782787e+01
1.316125531250730063e+01 1.333488296590753563e+01 1.320764741630347494e+01 1.330848524464810545e+01 1.476104265528188186e+01
1.308899721316614517e+01 1.326384399192740915e+01 1.313366670782118462e+01 1.322782603727123529e+01 1.469342338674778325e+01
1.301694507451932203e+01 1.319292499029781673e+01 1.305987932378880423e+01 1.314726022049428700e+01 1.462589621872912993e+01
1.294509917780508346e+01 1.312212641740546815e+01 1.298628563434108507e+01 1.306678911758782391e+01 1.455846123470815279e+01
1.287345980445230254e+01 1.305144872281116974e+01 1.291288601139819825e+01 1.298641403485694745e+01 1.449111851673593065e+01
1.280202723605056470e+01 1.298089235128448138e+01 1.283968082827642476e+01 1.290613626585819596e+01 1.442386814827639974e+01
1.273080175432673045e+01 1.291045774394884305e+01 1.276667046040208042e+01 1.282595708885339647e+01 1.435671021371876144e+01
1.265978364110987719e+01 1.284014533643069633e+01 1.269385528493106818e+01 1.274587777193142379e+01 1.428964479478288929e+01
1.258897317830585116e+01 1.276995556209585736e+01 1.262123568026767728e+01 1.266589957114447174e+01 1.422267198064189664e+01
1.251837064786192322e+01 1.269988885076195295e+01 1.254881202681781893e+01 1.258602373288199594e+01 1.415579185947681751e+01
1.244797633173970475e+01 1.262994562871469562e+01 1.247658470679538745e+01 1.250625149532936220e+01 1.408900452084838406e+01
1.237779051188143598e+01 1.256012632087917780e+01 1.240455410361995980e+01 1.242658408777800716e+01 1.402231005571975331e+01
1.230781347017873628e+01 1.249043134943645939e+01 1.233272060246308932e+01 1.234702273399343042e+01 1.395570855895612894e+01
1.223804548844034201e+01 1.242086113471842879e+01 1.226108459040331944e+01 1.226756865049124201e+01 1.388920013016291044e+01
1.216848684835640348e+01 1.235141609626659154e+01 1.218964645571277394e+01 1.218822304976567139e+01 1.382278486340671009e+01
1.209913783147414534e+01 1.228209665155554475e+01 1.211840658816422511e+01 1.210898713916158087e+01 1.375646285775873778e+01
1.202999871914371255e+01 1.221290321788603528e+01 1.204736537951356645e+01 1.202986212239168040e+01 1.369023421419281661e+01
1.196106979251027269e+01 1.214383621190256157e+01 1.197652322268869618e+01 1.195084920209317048e+01 1.362409903563589175e+01
1.189235133246254783e+01 1.207489604937640415e+01 1.190588051186858110e+01 1.187194957949452423e+01 1.355805742705979000e+01
1.182384361958518326e+01 1.200608314665533882e+01 1.183543764329402670e+01 1.179316444898876171e+01 1.349210949548182725e+01
1.175554693415973695e+01 1.193739791993309041e+01 1.176519501434093762e+01 1.171449501133703919e+01 1.342625534998863301e+01
1.168746155607894543e+01 1.186884078565323719e+01 1.169515302336348839e+01 1.163594246668073851e+01 1.336049510184707145e+01
1.161958776485084144e+01 1.180041216127560766e+01 1.162531207087166685e+01 1.155750801448362708e+01 1.329482886453337542e+01
1.155192583954121410e+01 1.173211246464180668e+01 1.155567255846453989e+01 1.147919285115390764e+01 1.322925675378392185e+01
1.148447605872710220e+01 1.166394211487682853e+01 1.148623488842360985e+01 1.140099818316376457e+01 1.316377888283405717e+01
1.141723870048377165e+01 1.159590153240357679e+01 1.141699946528249576e+01 1.132292521773273641e+01 1.309839537160667611e+01
1.135021404231425279e+01 1.152799113867127012e+01 1.134796669461480789e+01 1.124497516079789605e+01 1.303310634227965892e+01
1.128340236113542794e+01 1.146021135713476014e+01 1.127913698237013485e+01 1.116714922443452096e+01 1.296791191831737677e+01
1.121680393322457725e+01 1.139256261284806193e+01 1.121051073683379329e+01 1.108944862710777279e+01 1.290281222540033568e+01
1.115041903417099789e+01 1.132504533265523428e+01 1.114208836726681184e+01 1.101187459104717448e+01 1.283780739143108640e+01
1.108424793885812676e+01 1.125765994578008389e+01 1.107387028305383758e+01 1.093442834047539947e+01 1.277289754310205616e+01
1.101829092138782507e+01 1.119040688346346002e+01 1.100585689589432903e+01 1.085711110948630775e+01 1.270808281389827599e+01
1.095254825506827601e+01 1.112328657943994514e+01 1.093804861838649067e+01 1.077992413737326949e+01 1.264336333779540134e+01
1.088702021235501682e+01 1.105629947010444170e+01 1.087044586325826678e+01 1.070286866971436091e+01 1.257873925098243362e+01
1.082170706479830180e+01 1.098944599430837776e+01 1.080304904510004782e+01 1.062594595897303584e+01 1.251421069188048207e+01
1.075660908302525165e+01 1.092272659398898504e+01 1.073585857959577261e+01 1.054915726664986053e+01 1.244977780148359159e+01
1.069172653666080386e+01 1.085614171398507288e+01 1.066887488249741978e+01 1.047250386222638419e+01 1.238544072418116926e+01
1.062705969431124231e+01 1.078969180213928780e+01 1.060209837094284957e+01 1.039598702251722884e+01 1.232119960484601151e+01
1.056260882350380648e+01 1.072337730971624303e+01 1.053552946335774188e+01 1.031960803476129307e+01 1.225705459148088572e+01
1.049837419063171140e+01 1.065719869122510488e+01 1.046916857817285340e+01 1.024336819584955904e+01 1.219300583449461683e+01
1.043435606093207824e+01 1.059115640468251129e+01 1.040301613470684750e+01 1.016726881235063473e+01 1.212905348672664729e+01
1.037055469840525745e+01 1.052525091181186667e+01 1.033707255375625067e+01 1.009131119982625968e+01 1.206519770461920160e+01
1.030697036579509707e+01 1.045948267790362074e+01 1.027133825605851492e+01 1.001549668663329662e+01 1.200143864764083901e+01
1.024360332452584110e+01 1.039385217224623581e+01 1.020581366272313772e+01 9.939826611822928371e+00 1.193777647577211454e+01
1.018045383464376386e+01 1.032835986805045714e+01 1.014049919651868947e+01 9.864302325270994487e+00 1.187421135263485183e+01
1.011752215479330097e+01 1.026300624252000837e+01 1.007539528008892660e+01 9.788925188919320064e+00 1.181074344454172653e+01
1.005480854213258191e+01 1.019779177715433249e+01 1.001050233592085270e+01 9.713696577863386139e+00 1.174737292053063165e+01
9.992313252311292970e+00 1.013271695767830494e+01 9.945820788327671025e+00 9.638617879729943994e+00 1.168409995311456129e+01
9.930036539404994755e+00 1.006778227420123528e+01 9.881351061429617388e+00 9.563690494430504785e+00 1.162092471719680553e+01
