3.294286182398681539e+00 3.291855776479630347e+00 3.268363397232664003e+00 3.291863291897937138e+00 3.291855627908043314e+00
3.483383337889776943e+00 3.479922938748033712e+00 3.433044296594624623e+00 3.479937785245877713e+00 3.479922672205596701e+00
3.667439295534353771e+00 3.664267322454995757e+00 3.594129549076377383e+00 3.664289259781303709e+00 3.664266944657767144e+00
3.846598699557814083e+00 3.844953618972126730e+00 3.751704845844748171e+00 3.844982396587602214e+00 3.844953134218847879e+00
4.021003094273347678e+00 4.022045395339565843e+00 3.905854731715801442e+00 4.022080764214897464e+00 4.022044807549190359e+00
4.190791002328269954e+00 4.195605113861453184e+00 4.056662617829104533e+00 4.195646829709143155e+00 4.195604426816092136e+00
4.356097997975891367e+00 4.365694151346143137e+00 4.204210793169075977e+00 4.365741975505143202e+00 4.365693368727572299e+00
4.517056776399622109e+00 4.532372818001673132e+00 4.348580435332879190e+00 4.532426517632084817e+00 4.532371943399190251e+00
4.673797219765194910e+00 4.695700375995207843e+00 4.489851620267939936e+00 4.695759724057137596e+00 4.695699412908785675e+00
4.826446460516915060e+00 4.855735057684278821e+00 4.628103331206927074e+00 4.855799832846434683e+00 4.855734009526832651e+00
4.975128942309267721e+00 5.012534083526948514e+00 4.763413466681379660e+00 5.012604070052061545e+00 5.012532953626342547e+00
5.119966478864726334e+00 5.166153679677419674e+00 4.895858847681425097e+00 5.166228667301071553e+00 5.166152471278463665e+00
5.261078310970277450e+00 5.316649095273490389e+00 5.025515223979512669e+00 5.316728879081495052e+00 5.316647811539782609e+00
5.398581161786936811e+00 5.464074619421687373e+00 5.152457279628731790e+00 5.464158999728719657e+00 5.464073263437353667e+00
5.532589290607306864e+00 5.608483597885346228e+00 5.276758637664196172e+00 5.608572380115726119e+00 5.608482172656971798e+00
5.663214545171941339e+00 5.749928449481835457e+00 5.398491864025961817e+00 5.750021444052502595e+00 5.749926957940211025e+00
5.790566412635209659e+00 5.888460682193614737e+00 5.517728470726470213e+00 5.888557704399654646e+00 5.888459127195621257e+00
5.914752069256908662e+00 6.024130908998173162e+00 5.634538918287081977e+00 6.024231778901268264e+00 6.024129293329131940e+00
6.035876428884562550e+00 6.156988863425592484e+00 5.748992617467016508e+00 6.157093405742045888e+00 6.156987189798764248e+00
6.154042190282170921e+00 6.287083414838765982e+00 5.861157930309406794e+00 6.287191458833589763e+00 6.287081685898510131e+00
6.269349883354354169e+00 6.414462583452993805e+00 5.971102170528953756e+00 6.414573962834630549e+00 6.414460801776203702e+00
6.381897914309142550e+00 6.539173555092581580e+00 6.078891603266868948e+00 6.539288107909900560e+00 6.539171723190086993e+00
6.491782609798067760e+00 6.661262695690413516e+00 6.184591444237133473e+00 6.661380264232244386e+00 6.661260816008655716e+00
6.599098260068646304e+00 6.780775565535882343e+00 6.288265858289526555e+00 6.780895996232480627e+00 6.780773640458306772e+00
6.703937161160717473e+00 6.897756933274714619e+00 6.389977957414325616e+00 6.897880076601450305e+00 6.897754965123201742e+00
6.806389656176146552e+00 7.012250789665404049e+00 6.489789798213059235e+00 7.012376500048536521e+00 7.012248780701699324e+00
6.906544175648667405e+00 7.124300361096490342e+00 6.587762378859537193e+00 7.124428496820812917e+00 7.124298313523603099e+00
7.004487277038808024e+00 7.233948122868842923e+00 6.683955635574971410e+00 7.234078545988118059e+00 7.233946038832388403e+00
7.100303683377215513e+00 7.341235812246969417e+00 6.778428438640855980e+00 7.341368388495342678e+00 7.341233693836556107e+00
7.194076321078040515e+00 7.446204441283593489e+00 6.871238587971408407e+00 7.446339039989267050e+00 7.446202290534068347e+00
7.285886356942813613e+00 7.548894309421240401e+00 6.962442808268639816e+00 7.549030803419906732e+00 7.548892128313712924e+00
7.375813234373879368e+00 7.649345015874724041e+00 7.052096743781001820e+00 7.649483281430877746e+00 7.649342806338431444e+00
7.463934708815175512e+00 7.747595471798486955e+00 7.140254952686398759e+00 7.747735388528631972e+00 7.747593235711521586e+00
7.550326882437335740e+00 7.843683912242462419e+00 7.226970901119390334e+00 7.843825363025153763e+00 7.843681651433104918e+00
7.635064238082679644e+00 7.937647907900086786e+00 7.312296956862077479e+00 7.937790778806266268e+00 7.937645624146790979e+00
7.718219672484749161e+00 8.029524376652281248e+00 7.396284382716319605e+00 8.029668556867045837e+00 8.029522071686127305e+00
7.799864528775902528e+00 8.119349594910719503e+00 7.478983329575056516e+00 8.119494976660559971e+00 8.119347270418343143e+00
7.880068628295433086e+00 8.207159208763918912e+00 7.560442829209157445e+00 8.207305687244071279e+00 8.207156866385799887e+00
7.958900301709452840e+00 8.292988244929718533e+00 7.640710786785261277e+00 8.293135718233740405e+00 8.292985886261806883e+00
8.036426419452533665e+00 8.376871121517387664e+00 7.719833973129176741e+00 8.377019490568038407e+00 8.376868748114087992e+00
8.112712421499773896e+00 8.458841658602663571e+00 7.797858016748432597e+00 8.458990827084340580e+00 8.458839271974609275e+00
8.187822346476423263e+00 8.538933088619195644e+00 7.874827395626674331e+00 8.539082962911878738e+00 8.538930690236057330e+00
8.261818860110437868e+00 8.617178066568977002e+00 7.950785428801001586e+00 8.617328555683913649e+00 8.617175657860290272e+00
8.334763283031328740e+00 8.693608680052946625e+00 8.025774267733066125e+00 8.693759695572465418e+00 8.693606262412297170e+00
8.406715617916420413e+00 8.768256459137754533e+00 8.099834887483019941e+00 8.768407915148587861e+00 8.768254033918744028e+00
8.477734575982653453e+00 8.841152386039949462e+00 8.173007077694414590e+00 8.841304199071606362e+00 8.841149954555865165e+00
8.547877602818980236e+00 8.912326904641702185e+00 8.245329433396905827e+00 8.912478993609635580e+00 8.912324468168542069e+00
8.617200903549797175e+00 8.981809929843079132e+00 8.316839345632498492e+00 8.981962215994796495e+00 8.981807489624392460e+00
8.685759467315353533e+00 9.049630856762359343e+00 8.387572991909207687e+00 9.049783263615820417e+00 9.049628414004898147e+00
8.753607091048177580e+00 9.115818569760197221e+00 8.457565326485102730e+00 9.115971023051104183e+00 9.115816125637241640e+00
8.820796402516752011e+00 9.180401451317193207e+00 8.526850070483826372e+00 9.180553878944540003e+00 9.180399006968791298e+00
8.887378882597552376e+00 9.243407390753997532e+00 8.595459701841106082e+00 9.243559722727219707e+00 9.243404947287787721e+00
8.953404886722474032e+00 9.304863792799650923e+00 8.663425445079832699e+00 9.305015961187574902e+00 9.304861351292119664e+00
9.018923665431906045e+00 9.364797586013528630e+00 8.730777260909510673e+00 9.364949524892708155e+00 9.364795147509498818e+00
9.083983383943563084e+00 9.423235231055771877e+00 8.797543835643608645e+00 9.423386876463203166e+00 9.423232796571152647e+00
9.148631140611930945e+00 9.480202728821693015e+00 8.863752570425782906e+00 9.480354018704206354e+00 9.480200299341811743e+00
9.212912984118124982e+00 9.535725628425781863e+00 8.929429570254036719e+00 9.535876502595293402e+00 9.535723204908467920e+00
9.276873929174007216e+00 9.589829035056032680e+00 8.994599632787732446e+00 9.589979435141477992e+00 9.589826618430201677e+00
9.340557970451410341e+00 9.642537617683840878e+00 9.059286236920707225e+00 9.642687487087725273e+00 9.642535208851787942e+00
9.404008094346620439e+00 9.693875616645577509e+00 9.123511531098994709e+00 9.694024900499400133e+00 9.693873216483048338e+00
9.467266288050302236e+00 9.743866851090409398e+00 9.187296321358704887e+00 9.744015496211169136e+00 9.743864460446774345e+00
9.530373545197184271e+00 9.792534726296869607e+00 9.250660059054116147e+00 9.792682681146304802e+00 9.792532345996921350e+00
9.593369867092523151e+00 9.839902240866994276e+00 9.313620828242175520e+00 9.840049455508827592e+00 9.839899871709995693e+00
9.656294258116938423e+00 9.885991993788969978e+00 9.376195332683625594e+00 9.886138419850661663e+00 9.885989636551110848e+00
9.719184713344372284e+00 9.930826191384582557e+00 9.438398882414844593e+00 9.930971782016152716e+00 9.930823846817636635e+00
9.782078195574234414e+00 9.974426654128217606e+00 9.500245379837650717e+00 9.974571363965697657e+00 9.974424322961855438e+00
9.845010597798035334e+00 1.001681482335423468e+01 9.561747305266726116e+00 1.001695860848090369e+01 1.001681250629535214e+01
9.908016685355098829e+00 1.005801176784297191e+01 9.622915701865734306e+00 1.005815458575320598e+01 1.005800946557671871e+01
9.971130009481807832e+00 1.009803819029423444e+01 9.683760159892374375e+00 1.009817999985811454e+01 1.009803590348488100e+01
1.003438278028650466e+01 1.013691443368939638e+01 9.744288800163307229e+00 1.013705519511680464e+01 1.013691216297994480e+01
1.009780568189933447e+01 1.017466048753941443e+01 9.804508256636189856e+00 1.017480016234721774e+01 1.017465823355346011e+01
1.016142760521744748e+01 1.021129599402956778e+01 9.864423657994020544e+00 1.021143454500657910e+01 1.021129375737018385e+01
1.022527526379915130e+01 1.024684025405097110e+01 9.924038608094972957e+00 1.024697764522720611e+01 1.024683803530297865e+01
1.028937264589285761e+01 1.028131223313425835e+01 9.983355165140439524e+00 1.028144842974733741e+01 1.028131003286304335e+01
1.035374024080436328e+01 1.031473056727376125e+01 1.004237381940025564e+01 1.031486553573894049e+01 1.031472838602688036e+01
1.041839396244247240e+01 1.034711356865503618e+01 1.010109346928690499e+01 1.034724727653433440e+01 1.034711140696227183e+01
1.048334368029308372e+01 1.037847923128090422e+01 1.015951139557198424e+01 1.037861164725323171e+01 1.037847708965445648e+01
1.054859126397998814e+01 1.040884523649913973e+01 1.021762323349657642e+01 1.040897633033201153e+01 1.040884311543487328e+01
1.061412806044631729e+01 1.043822895843687171e+01 1.027542294249789556e+01 1.043835870095684903e+01 1.043822685841355913e+01
1.067993176520978338e+01 1.046664746933618062e+01 1.033290277324090312e+01 1.046677583240266252e+01 1.046664539081735690e+01
1.074596273641626709e+01 1.049411754480240866e+01 1.039005323160443339e+01 1.049424450127903086e+01 1.049411548823524498e+01
1.081215994858590257e+01 1.052065566895539916e+01 1.044686303923078796e+01 1.052078119268508516e+01 1.052065363477258586e+01
1.087843699529954300e+01 1.054627803949686360e+01 1.050331909020330023e+01 1.054640210527478317e+01 1.054627602811581433e+01
1.094467880219960421e+01 1.057100057268525539e+01 1.055940640336336855e+01 1.057112315623426291e+01 1.057099858450906815e+01
1.101073992763571141e+01 1.059483890822652263e+01 1.061510806976065524e+01 1.059495998617259360e+01 1.059483694364445761e+01
1.107644538106830190e+01 1.061780841407997755e+01 1.067040519465059312e+01 1.061792796392758831e+01 1.061780647346721018e+01
1.114159464256996479e+01 1.063992419117854737e+01 1.072527683345673033e+01 1.064004219128809758e+01 1.063992227489750775e+01
1.120596897035889228e+01 1.066120107807058481e+01 1.077969992109485631e+01 1.066131750763433494e+01 1.066119918647006592e+01
1.126934126951366721e+01 1.068165365547643475e+01 1.083364919408869298e+01 1.068176849449742960e+01 1.068165178889333511e+01
1.133148707404223110e+01 1.070129625077095703e+01 1.088709710500051564e+01 1.070140948003949433e+01 1.070129440952924504e+01
1.139219489649759787e+01 1.072014294238322840e+01 1.094001372889662349e+01 1.072025454345581785e+01 1.072014112679532438e+01
1.145127445766959262e+01 1.073820756412363941e+01 1.099236666192849299e+01 1.073831751930356582e+01 1.073820577449014557e+01
1.150856197296414685e+01 1.075550370943369671e+01 1.104412091272969576e+01 1.075561200175125798e+01 1.075550194604378085e+01
1.156392242400455217e+01 1.077204473556215980e+01 1.109523878834833965e+01 1.077215134875265079e+01 1.077204299869426052e+01
1.161724930832989600e+01 1.078784376767019459e+01 1.114567977806585297e+01 1.078794868615504043e+01 1.078784205759121484e+01
1.166846262244779986e+01 1.080291370286225927e+01 1.119540044099397313e+01 1.080301691173080769e+01 1.080291201982858773e+01
1.171750583792131017e+01 1.081726721415083503e+01 1.124435430723485752e+01 1.081736869914113086e+01 1.081726555840934267e+01
1.176434248453931986e+01 1.083091675434778267e+01 1.129249180807600617e+01 1.083101650182902809e+01 1.083091512613614782e+01
1.180895276247061609e+01 1.084387455989274329e+01 1.133976025882790495e+01 1.084397255684736550e+01 1.084387295943790619e+01
1.185133043052189805e+01 1.085615265461096968e+01 1.138610392860521792e+01 1.085624888861725523e+01 1.085615108213109714e+01
1.189148008629245368e+01 1.086776285340828530e+01 1.143146424405456330e+01 1.086785731262439469e+01 1.086776130911255756e+01
1.192941486783592353e+01 1.087871676590158465e+01 1.147578018588459692e+01 1.087880943904794506e+01 1.087871524998983652e+01
1.196515455685743667e+01 1.088902579998478259e+01 1.151898894168396303e+01 1.088911667632950397e+01 1.088902431264879134e+01
1.199872403926380571e+01 1.089870116533520239e+01 1.156102686525274770e+01 1.089879023467691432e+01 1.089869970675777289e+01
1.203015207052129831e+01 1.090775387685597764e+01 1.160183074981988050e+01 1.090784112951038587e+01 1.090775244720995296e+01
1.205947029382078384e+01 1.091619475806231065e+01 1.164133934726357467e+01 1.091628018484553309e+01 1.091619335750924868e+01
1.208671246398071375e+01 1.092403444440510007e+01 1.167949497702450756e+01 1.092411803662081127e+01 1.092403307310176253e+01
1.211191383662540844e+01 1.093128338654001652e+01 1.171624500897691235e+01 1.093136513596397386e+01 1.093128204464057518e+01
1.213511068896397482e+01 1.093795185353772759e+01 1.175154301428353598e+01 1.093803175240491932e+01 1.093795054118953658e+01
1.215633994473702906e+01 1.094404993603895981e+01 1.178534945976027082e+01 1.094412797702958429e+01 1.094404865338016641e+01
1.217563888130723093e+01 1.094958754935551681e+01 1.181763193295483916e+01 1.094966372558213230e+01 1.094958629651595139e+01
1.219304490137830754e+01 1.095457443651553220e+01 1.184836497493026108e+01 1.095464874151016588e+01 1.095457321361938163e+01
1.220859535550425967e+01 1.095902017125848360e+01 1.187752963933123951e+01 1.095909259896008514e+01 1.095901897842372463e+01
1.222232740450018973e+01 1.096293416097495488e+01 1.190511289503418624e+01 1.096300470571734387e+01 1.096293299831363122e+01
1.223427791321085323e+01 1.096632564959875822e+01 1.193110696531696213e+01 1.096639430609866039e+01 1.096632451721607282e+01
1.224448336892206513e+01 1.096920372044569447e+01 1.195550866667815448e+01 1.096927048379095915e+01 1.096920261844105760e+01
1.225297981919750079e+01 1.097157729900510681e+01 1.197831878475050971e+01 1.097164216464394215e+01 1.097157622747233319e+01
1.225980282498308149e+01 1.097345515568214047e+01 1.199954150615474191e+01 1.097351811941124033e+01 1.097345411470940846e+01
1.226498742577517831e+01 1.097484590849187747e+01 1.201918391312230661e+01 1.097490696644677577e+01 1.097484489816216069e+01
1.226856811430497984e+01 1.097575802570816705e+01 1.203725554064385328e+01 1.097581717435148008e+01 1.097575704609880987e+01
1.227057881874177347e+01 1.097619982846417663e+01 1.205376799214574213e+01 1.097625706457675143e+01 1.097619887964781604e+01
1.227105289084125417e+01 1.097617949331046994e+01 1.206873460800014897e+01 1.097623481398006007e+01 1.097617857535446717e+01
1.227002309879494213e+01 1.097570505472576663e+01 1.208217018067467663e+01 1.097575845733857847e+01 1.097570416769303137e+01
1.226752162379660760e+01 1.097478440758674090e+01 1.209409071047852891e+01 1.097483588981692293e+01 1.097478355153897489e+01
1.226358005954551977e+01 1.097342530959290308e+01 1.210451319633370559e+01 1.097347486939399985e+01 1.097342448458471686e+01
1.225822941406838673e+01 1.097163538365028046e+01 1.211345545659319178e+01 1.097168301924593692e+01 1.097163458972985062e+01
1.225150011335724720e+01 1.096942212021391505e+01 1.212093597556813229e+01 1.096946783008911730e+01 1.096942135742573399e+01
1.224342200645185663e+01 1.096679287958846771e+01 1.212697377200069937e+01 1.096683666248121014e+01 1.096679214797403645e+01
1.223402437162555501e+01 1.096375489419071947e+01 1.213158828626835373e+01 1.096379674908331481e+01 1.096375419378638227e+01
1.222333592344210906e+01 1.096031527077044210e+01 1.213479928357894622e+01 1.096035519688187776e+01 1.096031460160920723e+01
1.221138482047361329e+01 1.095648099259520158e+01 1.213662677082719021e+01 1.095651898937275170e+01 1.095648035470632387e+01
1.219819867352104126e+01 1.095225892159484893e+01 1.213709092513378174e+01 1.095229498870672380e+01 1.095225831500390967e+01
1.218380455420564878e+01 1.094765580047048381e+01 1.213621203239155477e+01 1.094768993779818445e+01 1.094765522519975143e+01
1.216822900382821260e+01 1.094267825476593714e+01 1.213401043439387372e+01 1.094271046239687806e+01 1.094267771083394436e+01
1.215149804241116804e+01 1.093733279490315802e+01 1.213050648333754111e+01 1.093736307312379985e+01 1.093733228232564514e+01
1.213363717785643381e+01 1.093162581818315893e+01 1.212572050267181467e+01 1.093165416747170049e+01 1.093162533697232242e+01
1.211467141516444990e+01 1.092556361075065219e+01 1.211967275342055927e+01 1.092559003177072263e+01 1.092556316091591562e+01
1.209462526567057061e+01 1.091915234952649527e+01 1.211238340522320200e+01 1.091917684312009840e+01 1.091915193107419313e+01
1.207352275626340266e+01 1.091239810410438693e+01 1.210387251146958221e+01 1.091242067128597704e+01 1.091239771703807193e+01
1.205138743855910377e+01 1.090530683861680394e+01 1.209415998797781633e+01 1.090532748056666890e+01 1.090530648293734473e+01
1.202824239800600914e+01 1.089788441356665949e+01 1.208326559473988659e+01 1.089790313162497526e+01 1.089788408927202745e+01
1.200411026290188410e+01 1.089013658762821812e+01 1.207120892034111748e+01 1.089015338328926852e+01 1.089013629471410027e+01
1.197901321331293367e+01 1.088206901941658167e+01 1.205800936870801543e+01 1.088208389432270451e+01 1.088206875787602712e+01
1.195297298988134926e+01 1.087368726922576201e+01 1.204368614788084457e+01 1.087370022516225809e+01 1.087368703904952127e+01
1.192601090251272389e+01 1.086499680073781349e+01 1.202825826055689440e+01 1.086500783962682881e+01 1.086499660191430294e+01
1.189814783893610084e+01 1.085600298270060016e+01 1.201174449617986717e+01 1.085601210659655180e+01 1.085600281521601929e+01
1.186940427313382429e+01 1.084671109057829064e+01 1.199416342438225769e+01 1.084671830166198347e+01 1.084671095441671440e+01
1.183980027363612386e+01 1.083712630817134404e+01 1.197553338961235525e+01 1.083713160874558845e+01 1.083712620331478682e+01
1.180935551167884512e+01 1.082725372920983808e+01 1.195587250679968072e+01 1.082725712169406407e+01 1.082725365563830877e+01
1.177808926922164012e+01 1.081709835891819083e+01 1.193519865793117063e+01 1.081709984584402839e+01 1.081709831660982069e+01
1.174602044682721136e+01 1.080666511555293496e+01 1.191352948942678758e+01 1.080666469955943221e+01 1.080666510448394035e+01
1.171316757140068709e+01 1.079595883191419325e+01 1.189088241021706871e+01 1.079595651574335236e+01 1.079595885205913142e+01
1.167954880378992044e+01 1.078498425682993300e+01 1.186727459043725297e+01 1.078498004332240079e+01 1.078498430816161502e+01
1.164518194624671743e+01 1.077374605661578144e+01 1.184272296066315633e+01 1.077373994870647422e+01 1.077374613910535395e+01
1.161008444974789100e+01 1.076224881650786180e+01 1.181724421162340022e+01 1.076224081722199521e+01 1.076224893012507344e+01
1.157427342118444002e+01 1.075049704207245149e+01 1.179085479432938044e+01 1.075048715452139625e+01 1.075049718678532606e+01
1.153776563042210057e+01 1.073849516058961129e+01 1.176357092056730025e+01 1.073848338796696389e+01 1.073849533636493980e+01
1.150057751721940491e+01 1.072624752241289947e+01 1.173540856372444274e+01 1.072623386799178924e+01 1.072624772921679082e+01
1.146272519800535505e+01 1.071375840230582455e+01 1.170638345988660056e+01 1.071374286943591514e+01 1.071375864010514256e+01
1.142422447254155315e+01 1.070103200075864613e+01 1.167651110918596125e+01 1.070101459286042811e+01 1.070103226951826514e+01
1.138509083046154657e+01 1.068807244527834399e+01 1.164580677736562997e+01 1.068805316583754106e+01 1.068807274495966375e+01
1.134533945767680230e+01 1.067488379165409640e+01 1.161428549753188655e+01 1.067486264421944853e+01 1.067488412221589122e+01
1.130498524265629712e+01 1.066147002520233045e+01 1.158196207207137718e+01 1.066144701338394540e+01 1.066147038660259661e+01
1.126404278259419911e+01 1.064783506199244023e+01 1.154885107470928673e+01 1.064781018945958557e+01 1.064783545418940491e+01
1.122252638945304426e+01 1.063398275005134330e+01 1.151496685269111175e+01 1.063395602052836075e+01 1.063398317300246809e+01
1.118045009589257077e+01 1.061991687054584155e+01 1.148032352906999343e+01 1.061988828780868843e+01 1.061991732420747780e+01
1.113782766108335842e+01 1.060564113894366578e+01 1.144493500508450090e+01 1.060561070681663765e+01 1.060564162327079885e+01
1.109467257640871019e+01 1.059115920615460738e+01 1.140881496261329531e+01 1.059112692850816018e+01 1.059115972110133441e+01
1.105099807105502130e+01 1.057647465965239597e+01 1.137197686669446739e+01 1.057644054040031989e+01 1.057647520517227946e+01
1.100681711750071301e+01 1.056159102457723264e+01 1.133443396809877690e+01 1.056155506767417940e+01 1.056159160062302327e+01
1.096214243689116330e+01 1.054651176481875652e+01 1.129619930594713217e+01 1.054647397425739008e+01 1.054651237134276442e+01
1.091698650431484552e+01 1.053124028408075574e+01 1.125728571036369985e+01 1.053120066388909493e+01 1.053124092103411691e+01
1.087136155397713821e+01 1.051577992692608454e+01 1.121770580515696913e+01 1.051573848116521326e+01 1.051578059425952993e+01
1.082527958427460923e+01 1.050013397980467289e+01 1.117747201052191031e+01 1.050009071256666005e+01 1.050013467746843254e+01
1.077875236277096072e+01 1.048430567206357189e+01 1.113659654575711322e+01 1.048426058746863632e+01 1.048430640000707470e+01
1.073179143108186651e+01 1.046829817693883413e+01 1.109509143199143999e+01 1.046825127913340481e+01 1.046829893511096188e+01
1.068440810966166055e+01 1.045211461253040675e+01 1.105296849491533528e+01 1.045206590568482596e+01 1.045211540087934310e+01
1.063661350250104753e+01 1.043575804276017394e+01 1.101023936751242793e+01 1.043570753106690496e+01 1.043575886123380769e+01
1.058841850173443078e+01 1.041923147831341723e+01 1.096691549278754785e+01 1.041917916598481142e+01 1.041923232685912204e+01
1.053983379215996763e+01 1.040253787756383907e+01 1.092300812648759312e+01 1.040248376883032932e+01 1.040253875612859247e+01
1.049086985567401697e+01 1.038568014748249801e+01 1.087852833981278167e+01 1.038562424659032501e+01 1.038568105601292579e+01
1.044153697562439476e+01 1.036866114453093068e+01 1.083348702211504389e+01 1.036860345573946773e+01 1.036866208297319325e+01
1.039184524107695395e+01 1.035148367553878046e+01 1.078789488358079041e+01 1.035142420311971101e+01 1.035148464383884281e+01
1.034180455100488416e+01 1.033415049856619028e+01 1.074176245789604778e+01 1.033408924680331786e+01 1.033415149666957333e+01
1.029142461839895972e+01 1.031666432375120479e+01 1.069510010489286955e+01 1.031660129693859318e+01 1.031666535160326781e+01
1.024071497430060518e+01 1.029902781414244650e+01 1.064791801317552888e+01 1.029896301658154378e+01 1.029902887168826808e+01
1.018968497176038746e+01 1.028124358651731640e+01 1.060022620272310867e+01 1.028117702251483045e+01 1.028124467370170869e+01
1.013834378972447681e+01 1.026331421218597839e+01 1.055203452746807180e+01 1.026324588605277555e+01 1.026331532895363630e+01
1.008670043684639772e+01 1.024524221778137623e+01 1.050335267785210114e+01 1.024517213383153447e+01 1.024524336407670866e+01
1.003476375523071162e+01 1.022703008603553876e+01 1.045419018335458361e+01 1.022695824858495506e+01 1.022703126180291555e+01
9.982542424107659684e+00 1.020868025654237243e+01 1.040455641499436723e+01 1.020860666990718713e+01 1.020868146172593427e+01
9.930044963440291639e+00 1.019019512650722170e+01 1.035446058780525114e+01 1.019011979500227305e+01 1.019019636105104887e+01
9.877279737467247855e+00 1.017157705148338209e+01 1.030391176328298997e+01 1.017149997942116535e+01 1.017157831533148382e+01
9.824254958181652952e+00 1.015282834609578799e+01 1.025291885180344664e+01 1.015274953778543932e+01 1.015282963919208292e+01
9.770978688745904250e+00 1.013395128475225704e+01 1.020149061501268761e+01 1.013387074449830116e+01 1.013395260704071887e+01
9.717458846846852794e+00 1.011494810234233555e+01 1.014963566818780727e+01 1.011486583444336773e+01 1.011494945376670884e+01
9.663703207991076738e+00 1.009582099492377694e+01 1.009736248256757207e+01 1.009573700367140958e+01 1.009582237542788619e+01
9.609719408741398183e+00 1.007657212039735306e+01 1.004467938765400348e+01 1.007648641007518897e+01 1.007657352992408484e+01
9.555514949898221033e+00 1.005720359916985096e+01 9.991594573484666952e+00 1.005711617405250990e+01 1.005720503766128893e+01
9.501097199624492617e+00 1.003771751480555707e+01 9.938116092873928054e+00 1.003762837915769879e+01 1.003771898220478143e+01
9.446473396516106291e+00 1.001811591466641715e+01 9.884251863624829326e+00 1.001802507274178389e+01 1.001811741091792740e+01
9.391650652620421980e+00 9.998400810541077988e+00 9.830009670711939762e+00 9.998308266581579673e+00 9.998402335589767986e+00
9.336635956403158687e+00 9.978574179262990285e+00 9.775397168432961692e+00 9.978479937497843011e+00 9.978575733053290264e+00
9.281436175664540045e+00 9.958637963317778841e+00 9.720421882530942526e+00 9.958542027962673515e+00 9.958639545793726455e+00
9.226058060408526273e+00 9.938594071440061128e+00 9.665091212288089650e+00 9.938496446696364117e+00 9.938595682545765087e+00
9.170508245662624347e+00 9.918444379199890193e+00 9.609412432588465336e+00 9.918345069253863500e+00 9.918446018879802040e+00
9.114793254251775778e+00 9.898190729579003033e+00 9.553392695951648861e+00 9.898089738601074217e+00 9.898192397777830109e+00
9.058919499527444685e+00 9.877834933537078754e+00 9.497039034538754976e+00 9.877732265681121504e+00 9.877836630199624324e+00
9.002893288052645104e+00 9.857378770568127280e+00 9.440358362127794223e+00 9.857274429970791729e+00 9.857380495639258555e+00
8.946720822243582560e+00 9.836823989247243105e+00 9.383357476060712798e+00 9.836717980027291475e+00 9.836825742671958750e+00
8.890408202971846308e+00 9.816172307767821792e+00 9.326043059163332316e+00 9.816064634025519098e+00 9.816174089491335408e+00
8.833961432123736301e+00 9.795425414469480785e+00 9.268421681635755860e+00 9.795316080285990878e+00 9.795427224437109004e+00
8.777386415121464225e+00 9.774584968356776926e+00 9.210499802915128598e+00 9.774473977793578072e+00 9.774586806514060200e+00
8.720688963406114880e+00 9.753652599608926721e+00 9.152283773511793896e+00 9.753539956707294678e+00 9.753654465901664850e+00
8.663874796883510143e+00 9.732629910080666136e+00 9.093779836817578399e+00 9.732515618861148354e+00 9.732631804454831226e+00
8.606949546333543921e+00 9.711518473794413353e+00 9.034994130886898844e+00 9.711402538256326267e+00 9.711520396196300808e+00
8.549918755786720226e+00 9.690319837423864158e+00 8.975932690192072627e+00 9.690202261544826001e+00 9.690321787800010966e+00
8.492787884864263503e+00 9.669035520769135417e+00 8.916601447352379139e+00 9.668916308504682533e+00 9.669037499066380548e+00
8.435562311086981069e+00 9.647667017223922059e+00 8.857006234836619640e+00 9.647546172506938689e+00 9.647669023389275011e+00
8.378247332152145788e+00 9.626215794234122214e+00 8.797152786640786815e+00 9.626093320974501211e+00 9.626217828214844729e+00
8.320848168179642457e+00 9.604683293748749406e+00 8.737046739941087381e+00 9.604559195833012097e+00 9.604685355492366128e+00
8.263369963928205664e+00 9.583070932662966612e+00 8.676693636721271474e+00 9.582945213953912855e+00 9.583073022117272188e+00
8.205817790984395899e+00 9.561380103253426910e+00 8.616098925376180162e+00 9.561252767589778045e+00 9.561382220366485996e+00
8.148196649922045509e+00 9.539612173606032641e+00 8.555267962292079531e+00 9.539483224802109973e+00 9.539614318326194109e+00
8.090511472436173079e+00 9.517768488036260521e+00 8.494206013402338939e+00 9.517637929881681558e+00 9.517770660312168118e+00
8.032767123451019842e+00 9.495850367502209011e+00 8.432918255718025335e+00 9.495718203761596143e+00 9.495852567282794254e+00
7.974968403203250844e+00 9.473859110010431905e+00 8.371409778841959692e+00 9.473725344423140626e+00 9.473861337244930070e+00
7.917120049301414220e+00 9.451795991014757092e+00 8.309685586462030926e+00 9.451660627294620198e+00 9.451798245652701880e+00
7.859226738763327447e+00 9.429662263808140210e+00 8.247750597812608220e+00 9.429525305643233324e+00 9.429664545799379738e+00
7.801293090030360311e+00 9.407459159907743285e+00 8.185609649117299824e+00 9.407320610960162810e+00 9.407461469202438309e+00
7.743323664961547337e+00 9.385187889433298736e+00 8.123267495014347972e+00 9.385047753338955800e+00 9.385190225981929757e+00
7.685322970807478171e+00 9.362849641478911522e+00 8.060728809962601105e+00 9.362707921847333026e+00 9.362852005232275232e+00
7.627295462164945583e+00 9.340445584478391794e+00 7.997998189627160137e+00 9.340302284892553430e+00 9.340447975387592194e+00
7.569245542913475511e+00 9.317976866564254834e+00 7.935080152244476714e+00 9.317831990580414114e+00 9.317979284580685473e+00
7.511177568134769444e+00 9.295444615920459341e+00 7.871979139969274009e+00 9.295298167068008155e+00 9.295447060995932986e+00
7.453095846014932135e+00 9.272849941129043927e+00 7.808699520202035949e+00 9.272701922910371763e+00 9.272852413215696643e+00
7.395004639731523888e+00 9.250193931510723999e+00 7.745245586898724888e+00 9.250044347401095379e+00 9.250196430561031136e+00
