2.320602705218382056e+01
1.251726286862937165e+01
3.636986371542444196e+00
3.280807739774130205e+00
1.494856275118584676e+01
9.353982882087672479e+00
3.307969698949678072e+00
1.314863786189149897e+00
6.112048892937240296e+00
2.789587488614497790e+00
3.543177142000001112e+00
3.146848294804228896e+00
8.345654762003050564e+00
8.458182217078983101e+00
9.447543552653867138e+00
5.121190526295061884e-01
2.892142583546553070e+00
1.893481826585154959e+00
1.412769352650980137e+00
1.675854901418117326e-01
6.218576921218208625e-02
2.884642988739610087e-02
2.306990140637792397e-01
1.215467361115920020e-01
5.573874436694625789e-02
3.173019378987586292e-02
7.820648048646865191e-02
1.468112912905844038e-02
4.136957855124085981e+00
5.399139728600931276e-01
8.332174763196483980e+00
3.358175634164861645e+00
5.919995070620767130e+00
4.116428738230299089e+00
6.770416085077762824e-02
8.249202804150322643e-02
2.221410029287356380e+01
1.178351858731334545e+01
3.527991566885867680e+00
2.500701332722951697e+00
