1.057756209726785190e+00 1.138669365029677749e+00 1.073164574618494127e+00 1.002953248418388510e+00 1.135316604111581196e+00
1.114766778805890368e+00 1.275255040378880711e+00 1.145715004305056128e+00 1.005879208249275569e+00 1.265526837117375791e+00
1.171018773999658702e+00 1.409941870450426737e+00 1.217676792197400992e+00 1.008778068658265026e+00 1.390288276697513314e+00
1.226498509371877654e+00 1.542887945595690535e+00 1.289073666481561631e+00 1.011650000071247613e+00 1.509322784434562692e+00
1.281191506201233565e+00 1.674229557981813166e+00 1.359927746697570106e+00 1.014495149048938449e+00 1.622423422169098073e+00
1.335082558454001145e+00 1.804084417947640073e+00 1.430259653057121660e+00 1.017313634079449303e+00 1.729457606901277478e+00
1.388155684591787509e+00 1.932554790319118032e+00 1.500088601775880326e+00 1.020105545247649514e+00 1.830366654406512028e+00
1.440394165485873401e+00 2.059729405378359246e+00 1.569432484595792765e+00 1.022870933407607374e+00 1.925162128154030317e+00
1.491780594148764516e+00 2.185684741905534967e+00 1.638307915977827323e+00 1.025609807002163754e+00 2.013919596606426499e+00
1.542296901548057875e+00 2.310486680274872029e+00 1.706730260925181319e+00 1.028322126326628227e+00 2.096770665636565667e+00
1.591924373728821562e+00 2.434191123710779614e+00 1.774713641172151135e+00 1.031007796149435052e+00 2.173893935874057437e+00
1.640643684811322611e+00 2.556844287491534917e+00 1.842270909225995013e+00 1.033666656730420907e+00 2.245505602269864287e+00
1.688434916187417034e+00 2.678483143085215623e+00 1.909413591988328829e+00 1.036298473477756721e+00 2.311850261223710845e+00
1.735277599916440705e+00 2.799135398045256462e+00 1.976151796998411703e+00 1.038902923575368842e+00 2.373192331412796285e+00
1.781150770362263547e+00 2.918819207845698038e+00 2.042494076681861781e+00 1.041479589941605832e+00 2.429808376177796880e+00
1.826033007185073442e+00 3.037542755107096148e+00 2.108447240407872236e+00 1.044027943058429164e+00 2.481980476878011821e+00
1.869902466853367029e+00 3.155303619910302171e+00 2.174016108075567999e+00 1.046547322716595563e+00 2.529990707283264140e+00
1.912736954952368285e+00 3.272087891161925999e+00 2.239203187810292928e+00 1.049036917160688365e+00 2.574116684015424816e+00
1.954513992145182177e+00 3.387869042855793378e+00 2.304008283533391044e+00 1.051495743280900896e+00 2.614628113657286868e+00
1.995210889257902576e+00 3.502606604614903585e+00 2.368428003900300283e+00 1.053922624211672598e+00 2.651784229176756380e+00
2.034804760045152427e+00 3.616244642218653382e+00 2.432455144154530124e+00 1.056316159979727942e+00 2.685831992448696415e+00
2.073272724361419073e+00 3.728710048764035445e+00 2.496077935919850166e+00 1.058674693210763795e+00 2.717004936959421801e+00
2.110591934713805795e+00 3.839910658703208579e+00 2.559279154986221716e+00 1.060996271142367720e+00 2.745522532795689141e+00
2.146739702146287065e+00 3.949733216258020985e+00 2.622035061716441184e+00 1.063278602584369015e+00 2.771589966157185447e+00
2.181693517667592896e+00 4.058041239238912468e+00 2.684314148271350842e+00 1.065519008269524504e+00 2.795398244084790207e+00
2.215431264162485370e+00 4.164672916038625772e+00 2.746075677530106951e+00 1.067714363253910559e+00 2.817124515108317073e+00
2.247931335129619512e+00 4.269439121832907524e+00 2.807268008832691564e+00 1.069861030099386712e+00 2.836932576988056898e+00
2.279172756518459408e+00 4.372121707274941649e+00 2.867826714802342636e+00 1.071954781147762548e+00 2.854973525174336668e+00
2.309135297716683688e+00 4.472472254232468636e+00 2.927672508558661679e+00 1.073990710158266415e+00 2.871386446106643398e+00
2.337799608525839457e+00 4.570211500042471009e+00 2.986709026931302802e+00 1.075963127529874219e+00 2.886299150606043806e+00
2.365147368980244025e+00 4.665029712915913507e+00 3.044820553517682882e+00 1.077865440365939564e+00 2.899828928128659999e+00
2.391161439482193174e+00 4.756588733997685559e+00 3.101869814738059894e+00 1.079690012684074940e+00 2.912083302265287887e+00
2.415826002196951094e+00 4.844525010633275564e+00 3.157696042092485555e+00 1.081428003713676533e+00 2.923160763098824333e+00
2.439126696747277112e+00 4.928454702528045850e+00 3.212113562994463933e+00 1.083069180892578309e+00 2.933151469757393492e+00
2.461050754697061027e+00 5.007980853283435785e+00 3.264911248416625611e+00 1.084601704600803185e+00 2.942137920356481917e+00
2.481587132640076021e+00 5.082702675509639612e+00 3.315853067284105116e+00 1.086011881889716868e+00 2.950195584136133586e+00
2.500726640916328680e+00 5.152226627572543904e+00 3.364680903263905787e+00 1.087283887100528590e+00 2.957393494705201853e+00
2.518462064056807392e+00 5.216179065610721644e+00 3.411118792543135658e+00 1.088399450322756312e+00 2.963794800763145165e+00
2.534788272800529096e+00 5.274219790678284170e+00 3.454879711000796494e+00 1.089337517440754910e+00 2.969457278213781137e+00
2.549702328892232028e+00 5.326055710719940883e+00 3.495675046028215771e+00 1.090073884916564761e+00 2.974433803446779212e+00
2.563203583600980107e+00 5.371453459619600856e+00 3.533226211472655365e+00 1.090580834538465105e+00 2.978772791751616467e+00
2.575293770618066524e+00 5.410250001945525966e+00 3.567277710832250204e+00 1.090826792940772672e+00 2.982518599271891890e+00
2.585977094446946012e+00 5.442360327942266096e+00 3.597610880083085938e+00 1.090776064977647231e+00 2.985711893527072114e+00
2.595260316377688614e+00 5.467781367056558040e+00 3.624056740455169123e+00 1.090388700158497315e+00 2.988389993415626389e+00
2.603152841060227818e+00 5.486591840447444746e+00 3.646506517959092530e+00 1.089620611413528728e+00 2.990587182669793176e+00
2.609666807230753172e+00 5.498948228146983475e+00 3.664918477832479926e+00 1.088424151418523333e+00 2.992334995885745474e+00
2.614817186668247473e+00 5.505077192870411196e+00 3.679320329371571940e+00 1.086749116499832191e+00 2.993662481073496195e+00
2.618621897472807269e+00 5.505265195451332971e+00 3.689806616310907117e+00 1.084544476084658760e+00 2.994596439056666171e+00
2.621101922913196436e+00 5.499846404632185326e+00 3.696532030299386928e+00 1.081760980469767208e+00 2.995161640970576133e+00
2.622281455627362590e+00 5.489189903314850127e+00 3.699701094001980994e+00 1.078354570244847821e+00 2.995381028431815640e+00
2.622188098739509865e+00 5.473687204093516279e+00 3.699556009039611570e+00 1.074290418313724516e+00 2.995276090487881682e+00
2.773470716917640910e+00 5.772824108158411072e+00 3.899688178739050493e+00 1.127424138735097836e+00 3.045226669490966209e+00
2.911788657597023988e+00 6.029986261551028015e+00 4.071428497854549633e+00 1.172821797804636690e+00 3.092229938092949659e+00
3.037546231369309790e+00 6.249141079826877387e+00 4.217612053192178578e+00 1.210639555203438578e+00 3.136459151055501327e+00
3.151184019219938737e+00 6.434085717608291510e+00 4.340995151089910742e+00 1.241223739980828134e+00 3.178076284131480467e+00
3.253180526184166421e+00 6.588405795581354418e+00 4.444193874095236474e+00 1.265089331738891820e+00 3.217233616005032548e+00
3.344052288831429021e+00 6.715447507440130970e+00 4.529641933503337548e+00 1.282879147872546088e+00 3.254073912238885757e+00
3.424353340994400252e+00 6.818301179627734854e+00 4.599566843034622821e+00 1.295312042951241027e+00 3.288731615475099623e+00
3.494672858051771414e+00 6.899795719834546759e+00 4.655979357560874554e+00 1.303129894472608186e+00 3.321333434883973812e+00
3.555630544841916763e+00 6.962501344646048196e+00 4.700674387995952941e+00 1.307052173964928787e+00 3.351998803771198965e+00
3.607870120238539702e+00 7.008737382763542634e+00 4.735239871023150471e+00 1.307743256124305864e+00 3.380840450277187159e+00
3.652050781106018995e+00 7.040584608441684544e+00 4.761069743408706145e+00 1.305793128764244138e+00 3.407964744048482153e+00
3.688837199816831447e+00 7.059900026529460249e+00 4.779380207154568794e+00 1.301709854145249645e+00 3.433472022878591989e+00
3.718888743399922703e+00 7.068333110145238685e+00 4.791227316083825905e+00 1.295920684249311172e+00 3.457456913899212836e+00
3.742848886999767810e+00 7.067342662340379000e+00 4.797524443509844083e+00 1.288778434549485707e+00 3.480008616662976006e+00
3.761335543518351976e+00 7.058213626727250833e+00 4.799059186350573825e+00 1.280570558222462907e+00 3.501211160838911596e+00
3.774933026138831416e+00 7.042073522669788588e+00 4.796509136111870575e+00 1.271529018145229228e+00 3.521143656394245092e+00
3.784186123672437230e+00 7.019908168826948014e+00 4.790456246790133044e+00 1.261839758076550355e+00 3.539880506106160674e+00
3.789596280830350938e+00 6.992576505396549180e+00 4.781399757075784684e+00 1.251651205750318185e+00 3.557491638246257804e+00
3.791619898486339402e+00 6.960824477012239164e+00 4.769767618756038274e+00 1.241081572463331950e+00 3.574042729149252029e+00
3.790668377323303417e+00 6.925297923715293180e+00 4.755926538387818425e+00 1.230224914975455164e+00 3.589595407889435208e+00
3.787109566161605656e+00 6.886554468231597781e+00 4.740190727149608207e+00 1.219156088997302767e+00 3.604207481662717871e+00
3.781270189784537994e+00 6.845074324287840462e+00 4.722829454177591479e+00 1.207934730985738891e+00 3.617933143247957783e+00
3.773438913773789150e+00 6.801270120376965878e+00 4.704073573532345343e+00 1.196608429339937940e+00 3.630823176615618486e+00
3.763869724133217964e+00 6.755495728539600897e+00 4.684121122983372132e+00 1.185215232317215595e+00 3.642925151486409607e+00
3.752785398535392947e+00 6.708054191863418225e+00 4.663142108184198165e+00 1.173785630200182339e+00 3.654283617062852763e+00
3.740380909574468227e+00 6.659204698640685649e+00 4.641282602785920197e+00 1.162344115003167033e+00 3.664940290281286650e+00
3.726826663084146229e+00 6.609168753545275443e+00 4.618668239789879060e+00 1.150910405926986124e+00 3.674934226580740759e+00
3.712271477906881056e+00 6.558135558610546312e+00 4.595407185507211167e+00 1.139500411853168638e+00 3.684301994703221173e+00
3.696845273126196041e+00 6.506266734795220330e+00 4.571592666200483990e+00 1.128126994304769593e+00 3.693077842314457904e+00
3.680661474094328423e+00 6.453700358714541174e+00 4.547305132120617266e+00 1.116800584078576408e+00 3.701293841895018311e+00
3.663819154706664527e+00 6.400554461630824754e+00 4.522614140564085616e+00 1.105529644305732084e+00 3.708980035744232850e+00
3.646404924620064048e+00 6.346930017136958035e+00 4.497579883714316829e+00 1.094321043350156897e+00 3.716164575696331962e+00
3.628494593623932563e+00 6.292913336840778804e+00 4.472254248117820019e+00 1.083180340284009668e+00 3.722873785355167442e+00
3.605519740528585260e+00 6.235435906497355241e+00 4.444463523710302510e+00 1.071944994706870435e+00 3.717102138318104210e+00
3.582608391773127288e+00 6.178075473877000512e+00 4.416718500365777622e+00 1.060808204281240341e+00 3.711297043325781253e+00
3.559766644657816226e+00 6.120838887443369458e+00 4.389023176195226306e+00 1.049769745038366731e+00 3.705460680319601963e+00
3.536998860809960732e+00 6.063732145532256368e+00 4.361380845773296322e+00 1.038829292223161005e+00 3.699595104766651321e+00
3.514308832669001958e+00 6.006760582262502979e+00 4.333794404730960004e+00 1.027986474858802124e+00 3.693702229091955669e+00
3.491699887107819755e+00 5.949928995296700940e+00 4.306266418214396374e+00 1.017240881538812314e+00 3.687783851078723529e+00
3.469174944891329382e+00 5.893241764510766423e+00 4.278799196701774221e+00 1.006592065716116480e+00 3.681841665856643964e+00
3.446736559510127584e+00 5.836702870558458045e+00 4.251394795376400637e+00 9.960395562763538768e-01 3.675877264436899328e+00
3.424386987667674909e+00 5.780315977111426307e+00 4.224055041650953690e+00 9.855828582858899845e-01 3.669892143189205758e+00
3.402128218035830098e+00 5.724084464038464048e+00 4.196781579268770379e+00 9.752214556254789057e-01 3.663887708152688383e+00
3.379961984912475792e+00 5.668011479308690426e+00 4.169575898685853765e+00 9.649548155255637250e-01 3.657865292310236160e+00
3.357889805506496295e+00 5.612099986549854869e+00 4.142439355021861225e+00 9.547823920355551497e-01 3.651826135943325724e+00
3.335913015465317155e+00 5.556352789682582838e+00 4.115373187086817985e+00 9.447036281261019797e-01 3.645771424676782946e+00
3.314032789318692718e+00 5.500772555936539021e+00 4.088378521018468881e+00 9.347179571323847025e-01 3.639702270290102959e+00
3.292250158195700660e+00 5.445361837890713375e+00 4.061456393435216583e+00 9.248248041977175093e-01 3.633619724713152532e+00
3.270566025002924260e+00 5.390123087303662075e+00 4.034607758664328081e+00 9.150235881716988207e-01 3.627524786079475483e+00
3.248981182192721029e+00 5.335058676290911350e+00 4.007833494017225995e+00 9.053137204678994854e-01 3.621418392515796558e+00
3.227496313938777561e+00 5.280170910260232553e+00 3.981134425750718631e+00 8.956946100439796554e-01 3.615301434473740638e+00
3.206112015135300641e+00 5.225462039662075675e+00 3.954511325472729322e+00 8.861656570347890005e-01 3.609174756234501569e+00
3.184828796166290665e+00 5.170934270197578897e+00 3.927964911460331443e+00 8.767262631279533203e-01 3.603039151875708779e+00
3.163647090280957919e+00 5.116589772149540138e+00 3.901495865991465362e+00 8.673758223185259464e-01 3.596895379006941784e+00
3.142567277881638255e+00 5.062430686058902118e+00 3.875104834043261004e+00 8.581137304262969057e-01 3.590744153328555566e+00
3.121589676262805035e+00 5.008459131584631407e+00 3.848792424008304458e+00 8.489393795839055290e-01 3.584586153374833994e+00
3.100714555445251097e+00 4.954677213265844316e+00 3.822559218430046091e+00 8.398521611219685878e-01 3.578422025766203607e+00
3.079942142565436747e+00 4.901087026254460355e+00 3.796405775040575303e+00 8.308514660973882471e-01 3.572252381146629574e+00
3.059272615958739117e+00 4.847690653250563031e+00 3.770332628816225107e+00 8.219366832782142307e-01 3.566077801621663212e+00
3.038706118222398889e+00 4.794490180191523621e+00 3.744340295671871655e+00 8.131072020569987124e-01 3.559898841388960289e+00
3.018242753260943712e+00 4.741487683192648461e+00 3.718429267745569700e+00 8.043624103439172002e-01 3.553716024435499055e+00
2.997882594754500030e+00 4.688685251658299080e+00 3.692600033814068983e+00 7.957016962606509036e-01 3.547529852247526705e+00
2.977625686453440501e+00 4.636084972908493640e+00 3.666853048580636099e+00 7.871244480132235655e-01 3.541340802480791972e+00
2.957472047452687214e+00 4.583688949253169831e+00 3.641188773166361248e+00 7.786300538612137556e-01 3.535149328886054487e+00
2.937421671716456295e+00 4.531499290497523980e+00 3.615607645772937584e+00 7.702179027492733754e-01 3.528955860506458375e+00
2.917474530155044210e+00 4.479518118779687974e+00 3.590110096826418573e+00 7.618873841179618633e-01 3.522760815560201042e+00
2.897630582362122453e+00 4.427747570213618644e+00 3.564696553087005171e+00 7.536378877488111305e-01 3.516564579652365019e+00
2.877889760619781079e+00 4.376189793020034635e+00 3.539367431125230556e+00 7.454688051272172489e-01 3.510367528727910358e+00
2.858251977974007652e+00 4.324846952069862027e+00 3.514123137231242922e+00 7.373795289019390298e-01 3.504170021923124434e+00
2.838717152906779617e+00 4.273721227072506679e+00 3.488964077290564791e+00 7.293694503780038252e-01 3.497972396594716926e+00
2.819285170574385990e+00 4.222814815674647448e+00 3.463890646932476614e+00 7.214379651236065838e-01 3.491774981812036938e+00
2.799955899902094369e+00 4.172129933562856330e+00 3.438903235739909192e+00 7.135844696458270020e-01 3.485578088996785340e+00
2.780729220092191589e+00 4.121668814385738955e+00 3.414002230518315084e+00 7.058083593354528285e-01 3.479382016682324608e+00
2.761604980433622458e+00 4.071433712116323100e+00 3.389188010418123120e+00 6.981090329238069936e-01 3.473187049997597420e+00
2.742583017607115980e+00 4.021426902258829372e+00 3.364460951566984992e+00 6.904858911436113633e-01 3.466993464474330988e+00
2.723663171179544040e+00 3.971650675594555757e+00 3.339821426009889738e+00 6.829383351371889344e-01 3.460801519313095653e+00
2.704845262584478327e+00 3.922107347801369048e+00 3.315269801948762751e+00 6.754657673723900579e-01 3.454611466220931515e+00
2.686129104112678689e+00 3.872799257973074116e+00 3.290806444236412887e+00 6.680675931633029974e-01 3.448423545082171415e+00
2.667514503328117126e+00 3.823728757433843217e+00 3.266431714676901521e+00 6.607432190888931078e-01 3.442237984727126943e+00
2.649001258823701299e+00 3.774898224981918737e+00 3.242145972791180775e+00 6.534920532799630699e-01 3.436055005309277099e+00
2.630589162484481935e+00 3.726310062326961603e+00 3.217949573763664528e+00 6.463135061197992082e-01 3.429874817682177390e+00
2.612278000300059411e+00 3.677966684442828704e+00 3.193842871758076907e+00 6.392069898362321423e-01 3.423697624110622506e+00
2.594067551139545458e+00 3.629870532450736764e+00 3.169826217356262799e+00 6.321719187907801629e-01 3.417523618519516138e+00
2.575957588898431183e+00 3.582024068911363379e+00 3.145899958407326391e+00 6.252077093636041472e-01 3.411352986163264767e+00
2.557947883767199393e+00 3.534429772623127519e+00 3.122064440868609569e+00 6.183137801488037821e-01 3.405185906558694242e+00
2.540038197748735183e+00 3.487090145712029798e+00 3.098320007610721127e+00 6.114895517904819222e-01 3.399022552418483833e+00
2.522228288996533507e+00 3.440007710634778615e+00 3.074666999502139397e+00 6.047344473180074065e-01 3.392863090624449907e+00
2.504517913065793078e+00 3.393185006923093550e+00 3.051105754953666871e+00 5.980478921309881901e-01 3.386707673265790142e+00
2.486906818041342504e+00 3.346624595728518337e+00 3.027636610125487238e+00 5.914293137638411135e-01 3.380556456084012673e+00
2.469394748513187743e+00 3.300329057467234595e+00 3.004259898917534866e+00 5.848781420409189247e-01 3.374409587964050328e+00
2.451981446060805592e+00 3.254300987572141146e+00 2.980975952940008611e+00 5.783938094855227696e-01 3.368267212850624137e+00
2.434666647127048833e+00 3.208543002476901496e+00 2.957785101761893021e+00 5.719757509227462178e-01 3.362129462937102797e+00
2.417450084670791810e+00 3.163057736038204837e+00 2.934687672331376174e+00 5.656234034388379905e-01 3.355996464745938823e+00
2.400331488320440521e+00 3.117847834088973258e+00 2.911683989701814301e+00 5.593362069143812398e-01 3.349868349559125047e+00
2.383310584170683200e+00 3.072915962332675832e+00 2.888774376430204960e+00 5.531136036914663379e-01 3.343745240672781449e+00
2.366387095155856990e+00 3.028264801196876022e+00 2.865959152695262802e+00 5.469550386032077105e-01 3.337627256159092060e+00
2.349560741238763129e+00 2.983897040316129790e+00 2.843238636474012537e+00 5.408599591963566544e-01 3.331514499387039141e+00
2.332831239039796944e+00 2.939815386752244297e+00 2.820613143174893533e+00 5.348278156436588882e-01 3.325407084314172312e+00
2.316198302683539989e+00 2.896022559090452031e+00 2.798082985905820497e+00 5.288580607730547500e-01 3.319305116092773122e+00
2.299661643806987676e+00 2.852521282107051359e+00 2.775648475236692114e+00 5.229501501508306838e-01 3.313208696478347814e+00
2.283220970584981746e+00 2.809314294778097132e+00 2.753309919255216620e+00 5.171035421067026183e-01 3.307117918911532950e+00
2.266875989200332508e+00 2.766404343921518461e+00 2.731067623496579611e+00 5.113176976963120790e-01 3.301032877187219050e+00
2.250626403564177203e+00 2.723794178741520966e+00 2.708921890850366498e+00 5.055920807513991644e-01 3.294953662371582492e+00
2.234471914454812413e+00 2.681486559028533279e+00 2.686873021621488000e+00 4.999261580136344363e-01 3.288880361619433312e+00
2.218412220782758126e+00 2.639484248060099958e+00 2.664921313283608484e+00 4.943193990292777396e-01 3.282813058362293646e+00
2.202447019272216533e+00 2.597790006410610530e+00 2.643067060635941878e+00 4.887712761011859253e-01 3.276751832359281025e+00
2.186576004198324874e+00 2.556406601299273440e+00 2.621310555583105550e+00 4.832812645785653505e-01 3.270696762486222209e+00
2.170798867901832629e+00 2.515336798251485817e+00 2.599652087104770359e+00 4.778488426868350292e-01 3.264647924342497731e+00
2.155115300708868808e+00 2.474583354488777864e+00 2.578091941250158836e+00 4.724734914457378587e-01 3.258605391075951374e+00
2.139524990877784028e+00 2.434149028863381137e+00 2.556630400930120839e+00 4.671546949729354359e-01 3.252569231084400769e+00
2.124027624869378794e+00 2.394036572627434190e+00 2.535267746059115535e+00 4.618919403197416784e-01 3.246539513426894175e+00
2.108622887336892404e+00 2.354248722631007595e+00 2.514004253380530240e+00 4.566847174690893962e-01 3.240516304046998641e+00
2.093310460982344079e+00 2.314788211296642917e+00 2.492840196273899522e+00 4.515325194403327913e-01 3.234499666914601779e+00
2.078090026963501202e+00 2.275657756825902212e+00 2.471775844803504096e+00 4.464348422972986286e-01 3.228489662068484201e+00
2.062961264784338500e+00 2.236860056221480875e+00 2.450811465817291257e+00 4.413911851000534847e-01 3.222486348383035715e+00
2.047923852086612762e+00 2.198397795132918997e+00 2.429947322685027444e+00 4.364010499373872642e-01 3.216489783996802743e+00
2.032977465169949927e+00 2.160273637591699103e+00 2.409183674803287545e+00 4.314639420233341571e-01 3.210500024649393325e+00
2.018121778788804388e+00 2.122490218837694620e+00 2.388520778432499103e+00 4.265793696211182540e-01 3.204517123785358024e+00
2.003356466021784854e+00 2.085050155024827490e+00 2.367958886025638865e+00 4.217468440155487941e-01 3.198541131487115496e+00
1.988681198691042207e+00 2.047956032480627186e+00 2.347498246179966941e+00 4.169658796822967028e-01 3.192572098800286806e+00
1.974095647190607039e+00 2.011210400438010470e+00 2.327139103443588208e+00 4.122359941893256607e-01 3.186610074211922772e+00
1.959599480458210863e+00 1.974815780421089073e+00 2.306881698728067143e+00 4.075567081273506753e-01 3.180655104713929315e+00
1.945192366220772850e+00 1.938774655156503490e+00 2.286726268828568109e+00 4.029275453200946711e-01 3.174707234347488249e+00
1.930873970912297732e+00 1.903089461403205229e+00 2.266673046317553730e+00 3.983480327050475944e-01 3.168766507209002992e+00
1.916643959675787379e+00 1.867762598633473381e+00 2.246722259638688879e+00 3.938177003079054161e-01 3.162832965670411500e+00
1.902501996525719052e+00 1.832796417889518636e+00 2.226874133008844403e+00 3.893360813318060276e-01 3.156906650684573101e+00
1.888447744311479548e+00 1.798193214908489379e+00 2.207128886264839718e+00 3.849027121621186320e-01 3.150987601514309677e+00
1.874480864699221483e+00 1.763955237650440155e+00 2.187486734754573003e+00 3.805171323089414637e-01 3.145075856098700662e+00
1.860601018344077540e+00 1.730084675470141553e+00 2.167947889372968895e+00 3.761788844249316921e-01 3.139171451663150592e+00
1.846807864840823710e+00 1.696583652709635848e+00 2.148512556396734663e+00 3.718875143875594036e-01 3.133274424058558605e+00
1.833101062701387729e+00 1.663454234651342789e+00 2.129180937398536422e+00 3.676425712241402355e-01 3.127384807935277511e+00
1.819480269532342653e+00 1.630698417395167299e+00 2.109953229169978073e+00 3.634436070838022448e-01 3.121502636163984601e+00
1.805945141976274648e+00 1.598318122085898851e+00 2.090829623688324812e+00 3.592901773644534003e-01 3.115627941499286013e+00
1.792495335706017379e+00 1.566315198883189819e+00 2.071810307985225919e+00 3.551818406296034514e-01 3.109760755365232221e+00
1.779130505570230225e+00 1.534691417968519378e+00 2.052895464029622641e+00 3.511181585515205650e-01 3.103901108237252515e+00
1.765850305551599941e+00 1.503448464582031185e+00 2.034085268724878937e+00 3.470986960592227777e-01 3.098049028923532955e+00
1.752654388777033390e+00 1.472587940585537769e+00 2.015379893783560750e+00 3.431230212471519381e-01 3.092204545863605603e+00
1.739542407623436704e+00 1.442111357082825007e+00 1.996779505642801489e+00 3.391907053474862432e-01 3.086367686690465018e+00
1.726514013699236516e+00 1.412020130432180443e+00 1.978284265378968287e+00 3.353013227883055447e-01 3.080538478061752183e+00
1.713568857858637440e+00 1.382315580980928882e+00 1.959894328639290917e+00 3.314544511968826601e-01 3.074716945545425073e+00
1.700706590287035302e+00 1.352998927829790698e+00 1.941609845546801161e+00 3.276496713454664089e-01 3.068903113610290667e+00
1.687926860493261794e+00 1.324071285953606125e+00 1.923430960649521460e+00 3.238865671553921022e-01 3.063097006540824729e+00
1.675229317321980771e+00 1.295533661740440934e+00 1.905357812809856277e+00 3.201647257610368835e-01 3.057298647613577725e+00
1.662613609035034967e+00 1.267386951021143071e+00 1.887390535107299705e+00 3.164837374414368187e-01 3.051508059360247938e+00
1.650079383300022684e+00 1.239631938742781880e+00 1.869529254785781136e+00 3.128431955894382943e-01 3.045725263045932163e+00
1.637626287186359386e+00 1.212269285909427952e+00 1.851774093263246934e+00 3.092426968084883709e-01 3.039950279881905360e+00
1.625253967295322566e+00 1.185299532791567634e+00 1.834125165857254380e+00 3.056818408386575148e-01 3.034183130173205623e+00
1.612962069720279557e+00 1.158723093525512393e+00 1.816582581838969590e+00 3.021602305095298369e-01 3.028423833571242341e+00
1.600750240094559462e+00 1.132540273973428269e+00 1.799146444363980413e+00 2.986774718410428742e-01 3.022672408858593673e+00
1.588618123518756198e+00 1.106751235174176173e+00 1.781816850417878406e+00 2.952331739736453464e-01 3.016928874279191763e+00
1.576565364715058815e+00 1.081355998369172067e+00 1.764593890589984282e+00 2.918269491395872883e-01 3.011193247602855116e+00
1.564591608088238051e+00 1.056354450909267717e+00 1.747477649123857724e+00 2.884584126965240025e-01 3.005465545941608418e+00
1.552696497656529173e+00 1.031746344416529126e+00 1.730468203934562910e+00 2.851271831279154623e-01 2.999745785769854400e+00
1.540879677095873701e+00 1.007531316643134112e+00 1.713565626348200865e+00 2.818328819772920601e-01 2.994033982802369653e+00
1.529140789550067492e+00 9.837088358855208270e-01 1.696769981081788670e+00 2.785751338520825460e-01 2.988330152537696627e+00
1.517479478176602337e+00 9.602782386549476579e-01 1.680081326232495398e+00 2.753535665132791355e-01 2.982634309835728637e+00
1.505895385774844053e+00 9.372387264619262970e-01 1.663499713341838104e+00 2.721678107807865565e-01 2.976946469059085665e+00
1.494388154918071532e+00 9.145893469869480485e-01 1.647025186969072852e+00 2.690175005528750996e-01 2.971266643772257687e+00
1.482957427869103562e+00 8.923290052564246677e-01 1.630657784880775285e+00 2.659022726639507228e-01 2.965594847372808207e+00
1.471602846709570755e+00 8.704564645821273317e-01 1.614397538036714597e+00 2.628217669857252359e-01 2.959931092725185398e+00
1.460324053470527517e+00 8.489703339027729889e-01 1.598244470460365108e+00 2.597756266025086913e-01 2.954275392226377583e+00
1.449120689995221589e+00 8.278690765789847861e-01 1.582198599009595696e+00 2.567634975585282864e-01 2.948627757705681862e+00
1.437992398015315088e+00 8.071510221235167482e-01 1.566259933495294687e+00 2.537850289302067130e-01 2.942988200536927224e+00
1.426938819044662576e+00 7.868143357231193180e-01 1.550428476851630544e+00 2.508398725656981743e-01 2.937356731833227208e+00
1.415959594689045309e+00 7.668570412223185695e-01 1.534704224563151476e+00 2.479276833653240308e-01 2.931733362229031137e+00
1.405054366457588966e+00 7.472770379202968716e-01 1.519087164915473132e+00 2.450481194230380855e-01 2.926118101940843097e+00
1.394222775842497430e+00 7.280720572601633300e-01 1.503577278969734143e+00 2.422008416942600662e-01 2.920510960622564323e+00
1.383464464307677888e+00 7.092396956786408690e-01 1.488174540636705290e+00 2.393855140994806951e-01 2.914911947780674861e+00
1.372779073331173327e+00 6.907774298799647106e-01 1.472878916164861440e+00 2.366018032692188411e-01 2.909321072471997560e+00
1.362166244495031986e+00 6.726825757107328663e-01 1.457690364450301646e+00 2.338493788761943915e-01 2.903738343399143940e+00
1.351625619433016734e+00 6.549523202313288772e-01 1.442608837130209043e+00 2.311279136320754102e-01 2.898163768788834194e+00
1.341156839878064888e+00 6.375837352088791210e-01 1.427634278257654321e+00 2.284370830671438590e-01 2.892597356622458538e+00
1.330759547482988303e+00 6.205737429792121951e-01 1.412766624222786094e+00 2.257765656009061706e-01 2.887039114564883935e+00
1.320433384290165213e+00 6.039191446222346160e-01 1.398005803892609755e+00 2.231460423640696800e-01 2.881489049937936198e+00
1.310177992435388683e+00 5.876166345531707025e-01 1.383351738886018367e+00 2.205451974528440384e-01 2.875947169701780659e+00
1.299993014239908318e+00 5.716627689752954433e-01 1.368804342767692805e+00 2.179737178459264790e-01 2.870413480455861865e+00
1.289878092241335761e+00 5.560539932540576880e-01 1.354363521549263538e+00 2.154312933077944803e-01 2.864887988613860959e+00
1.279832869218126223e+00 5.407866583238432057e-01 1.340029173845164179e+00 2.129176164162641938e-01 2.859370700253358155e+00
1.269856988140560583e+00 5.258569889870575720e-01 1.325801190748133740e+00 2.104323824538079368e-01 2.853861621167751217e+00
1.259950091678851303e+00 5.112611122234984595e-01 1.311679455006116157e+00 2.079752895640484822e-01 2.848360756739009680e+00
1.250111823726607785e+00 4.969950734282870264e-01 1.297663841776644178e+00 2.055460386614715029e-01 2.842868112238121636e+00
1.240341828129959190e+00 4.830548073232772133e-01 1.283754218354140830e+00 2.031443333972597631e-01 2.837383692616779030e+00
1.230639749078762835e+00 4.694361651451177120e-01 1.269950444126140443e+00 2.007698801616226714e-01 2.831907502571161306e+00
1.221005231130122270e+00 4.561349287226618698e-01 1.256252373478496054e+00 1.984223879306408200e-01 2.826439546477820919e+00
1.211437919231907356e+00 4.431467880526402947e-01 1.242659849229156732e+00 1.961015685200849790e-01 2.820979828491915864e+00
1.201937458462146946e+00 4.304673645005528404e-01 1.229172707599693215e+00 1.938071364142947839e-01 2.815528352567655546e+00
