1.124213130304092756e+00 1.031969311252868060e+00 1.019443339653419267e+00 1.097984140325516611e+00 1.078619731258575243e+00
1.247241696372595188e+00 1.063623736178892276e+00 1.038844393580805603e+00 1.195613874956466649e+00 1.156023142856151376e+00
1.369149474538483346e+00 1.094976792001150168e+00 1.058203760788461789e+00 1.292898905311461677e+00 1.232271346701295789e+00
1.489994831089136440e+00 1.126040369465965529e+00 1.077522026146141343e+00 1.389848484414910379e+00 1.307418931811107798e+00
1.609831339533138950e+00 1.156824933672008449e+00 1.096799760791417055e+00 1.486471444409303677e+00 1.381514843602411169e+00
1.728708310560773675e+00 1.187339692016460724e+00 1.116037522513465774e+00 1.582776221779422343e+00 1.454603114852260015e+00
1.846671249025539030e+00 1.217592735437544649e+00 1.135235856116383335e+00 1.678770880673415178e+00 1.526723477667551565e+00
1.963762249733625787e+00 1.247591157653112237e+00 1.154395293763153418e+00 1.774463134366149664e+00 1.597911879129265911e+00
2.080020342021998925e+00 1.277341156210034745e+00 1.173516355300770586e+00 1.869860365098360067e+00 1.668200918371996355e+00
2.195481790796822708e+00 1.306848118376304546e+00 1.192599548566146916e+00 1.964969642402293548e+00 1.737620219002614208e+00
2.310180360613530048e+00 1.336116694324043674e+00 1.211645369673638006e+00 2.059797740047788039e+00 1.806196748117852025e+00
2.424147548182939538e+00 1.365150859584916887e+00 1.230654303284045570e+00 2.154351151721834334e+00 1.873955090774632515e+00
2.537412787778027923e+00 1.393953968394753939e+00 1.249626822855227415e+00 2.248636105539633778e+00 1.940917687151380688e+00
2.650003633291272198e+00 1.422528799254232812e+00 1.268563390874248187e+00 2.342658577481588900e+00 2.007105038265420305e+00
2.761945920094038165e+00 1.450877593796878529e+00 1.287464459070922773e+00 2.436424303831230098e+00 2.072535885046292492e+00
2.873263909354458967e+00 1.479002089866691572e+00 1.306330468612484585e+00 2.529938792690979543e+00 2.137227364715410083e+00
2.983980417066891100e+00 1.506903549554325039e+00 1.325161850278988807e+00 2.623207334634084287e+00 2.201195147740998337e+00
3.094116929712505737e+00 1.534582782815165469e+00 1.343959024618918807e+00 2.716235012553036121e+00 2.264453558086618301e+00
3.203693708184330635e+00 1.562040167188407658e+00 1.362722402084314055e+00 2.809026710751224343e+00 2.327015679024955208e+00
3.312729881384359309e+00 1.589275664050085579e+00 1.381452383144567087e+00 2.901587123322041606e+00 2.388893446423113964e+00
3.421243530698165891e+00 1.616288831762526579e+00 1.400149358377840381e+00 2.993920761853023471e+00 2.450097731105595589e+00
3.529251766388127098e+00 1.643078836021376832e+00 1.418813708538838592e+00 3.086031962485273006e+00 2.510638411653284496e+00
3.636770796806441552e+00 1.669644457650675040e+00 1.437445804601419130e+00 3.177924892356605024e+00 2.570524438790956712e+00
3.743815991208354621e+00 1.695984098053725742e+00 1.456046007774234319e+00 3.269603555446620735e+00 2.629763892343995213e+00
3.850401936843717898e+00 1.722095782489865945e+00 1.474614669487274154e+00 3.361071797842452913e+00 2.688364031600932957e+00
3.956542490918196986e+00 1.747977161315134031e+00 1.493152131346786815e+00 3.452333312432382506e+00 2.746331339796937332e+00
4.062250827938392206e+00 1.773625509297022562e+00 1.511658725055617936e+00 3.543391643035090688e+00 2.803671563330452532e+00
4.167539482889653257e+00 1.799037723088859897e+00 1.530134772295481005e+00 3.634250187961272971e+00 2.860389746237383513e+00
4.272420390638765220e+00 1.824210316927340481e+00 1.548580584567062157e+00 3.724912203001983890e+00 2.916490260368309162e+00
4.376904921901074275e+00 1.849139416596795371e+00 1.566996462983157645e+00 3.815380803829535150e+00 2.971976831676254260e+00
4.481003916069366433e+00 1.873820751686513297e+00 1.585382698009179414e+00 3.905658967789087832e+00 3.026852562896333421e+00
4.584727711160059727e+00 1.898249646150427683e+00 1.603739569144374544e+00 3.995749535053108037e+00 3.081119952945309048e+00
4.688086171096550459e+00 1.922421007163142015e+00 1.622067344535906397e+00 4.085655209097391882e+00 3.134780913257027457e+00
4.791088710516232752e+00 1.946329312251490196e+00 1.640366280516531994e+00 4.175378556452224110e+00 3.187836781252488372e+00
4.893744317256361498e+00 1.969968594668074058e+00 1.658636621054897731e+00 4.264922005662725724e+00 3.240288331113348352e+00
4.996061572643863080e+00 1.993332426970285010e+00 1.676878597105447621e+00 4.354287845386006772e+00 3.292135781994859123e+00
5.098048669685555367e+00 2.016413902710023187e+00 1.695092425842478656e+00 4.443478221526786065e+00 3.343378803780249431e+00
5.199713429225267802e+00 2.039205616210741034e+00 1.713278309759859175e+00 4.532495133300636247e+00 3.394016520463056352e+00
5.301063314104022872e+00 2.061699640306022374e+00 1.731436435614376768e+00 4.621340428084020679e+00 3.444047511212416701e+00
5.402105441327195834e+00 2.083887501966852351e+00 1.749566973186218677e+00 4.710015794882528972e+00 3.493469809153295635e+00
5.502846592205794529e+00 2.105760155691737356e+00 1.767670073824710197e+00 4.798522756215912288e+00 3.542280897877928769e+00
5.603293220399390151e+00 2.127307954552134284e+00 1.785745868740810316e+00 4.886862658167562046e+00 3.590477705676726750e+00
5.703451457740452035e+00 2.148520618745874522e+00 1.803794466999681045e+00 4.975036658305892701e+00 3.638056597457254959e+00
5.803327117664002444e+00 2.169387201525776465e+00 1.821815953156516343e+00 5.063045711101819890e+00 3.685013364301886529e+00
5.902925695998843203e+00 2.189896052335869925e+00 1.839810384466194604e+00 5.150890550410220925e+00 3.731343210584861847e+00
6.002252368793501880e+00 2.210034776995341232e+00 1.857777787581685658e+00 5.238571668455135111e+00 3.777040738554303445e+00
6.101311986745498572e+00 2.229790194748590526e+00 1.875718154636102142e+00 5.326089290664477893e+00 3.822099930256665612e+00
6.200109065672680941e+00 2.249148291995142213e+00 1.893631438578745607e+00 5.413443345519150185e+00 3.866514126653009420e+00
6.298647772297788272e+00 2.268094172510146223e+00 1.911517547603679201e+00 5.500633428401379810e+00 3.910276003751244289e+00
6.396931904402785918e+00 2.286612003949924699e+00 1.929376338469342977e+00 5.587658758181790475e+00 3.953377545549609184e+00
6.494964864133002003e+00 2.304684960454945308e+00 1.947207608456430261e+00 5.674518124953445763e+00 3.995810013544943029e+00
6.592749622864787717e+00 2.322295161139168229e+00 1.965011085645418376e+00 5.761209826957726321e+00 4.037563912535230060e+00
6.690288675575359001e+00 2.339423604296278381e+00 1.982786417110248944e+00 5.847731594130903154e+00 4.078628952390076279e+00
6.787583982018938755e+00 2.356050097129961607e+00 2.000533154514615219e+00 5.934080495280890766e+00 4.118994005426768190e+00
6.884636891169041206e+00 2.372153180884612134e+00 2.018250736454895833e+00 6.020252824708602901e+00 4.158647058978568012e+00
6.981448044254814356e+00 2.387710051241021869e+00 2.035938466705651262e+00 6.106243963245704620e+00 4.197575162671815185e+00
7.078017250194184484e+00 2.402696473943508604e+00 2.053595487280577725e+00 6.192048207109342783e+00 4.235764369879884583e+00
7.174343325144389105e+00 2.417086695644659500e+00 2.071220744899278099e+00 6.277658556065186524e+00 4.273199672741410104e+00
7.270423885074591475e+00 2.430853350089659859e+00 2.088812949026848997e+00 6.363066449882622599e+00 4.309864930035568698e+00
7.366255076385294309e+00 2.443967359849153365e+00 2.106370519094796112e+00 6.448261438729975481e+00 4.345742787142125252e+00
7.461831224295792708e+00 2.456397833981723178e+00 2.123891517786831606e+00 6.533230768684006762e+00 4.380814587182781494e+00
7.557144371343622602e+00 2.468111962194937892e+00 2.141373566240406312e+00 6.617958857660897642e+00 4.415060272331418290e+00
7.652183668213674572e+00 2.479074906311983906e+00 2.158813735887705754e+00 6.702426629275287873e+00 4.448458274168413773e+00
7.746934565530829708e+00 2.489249690159599293e+00 2.176208409840599600e+00 6.786610661590599669e+00 4.480985391775619497e+00
7.841377735687124151e+00 2.498597089348279621e+00 2.193553104714249802e+00 6.870482093863403250e+00 4.512616656142225402e+00
7.935487628407285499e+00 2.507075522861391903e+00 2.210842241045261947e+00 6.954005217012744211e+00 4.543325179279879222e+00
8.029230528965079827e+00 2.514640948905036755e+00 2.228068847266792218e+00 7.037135649126937231e+00 4.573081986249132314e+00
8.122561943400313567e+00 2.521246768061033094e+00 2.245224178288713901e+00 7.119817968809307729e+00 4.601855828081155231e+00
8.215423077791436768e+00 2.526843737544940183e+00 2.262297225619571694e+00 7.201982643454275745e+00 4.629612973576256785e+00
8.307736112182766419e+00 2.531379901192075010e+00 2.279274092051735590e+00 7.283542049209154712e+00 4.656316977587205308e+00
8.399397898318303746e+00 2.534800540645986366e+00 2.296137201377371984e+00 7.364385341453948186e+00 4.681928423460498756e+00
8.490271650654314328e+00 2.537048154259764932e+00 2.312864314421507306e+00 7.444371909166427770e+00 4.706404637275050540e+00
8.580176183841896176e+00 2.538062471320419178e+00 2.329427329944210978e+00 7.523323162550155097e+00 4.729699371717229539e+00
8.668872334050595541e+00 2.537780510158879288e+00 2.345790867145670422e+00 7.601012506233519872e+00 4.751762457877249268e+00
8.756046477014930218e+00 2.536136689757610974e+00 2.361910661187397231e+00 7.677153617005386010e+00 4.772539424186308388e+00
8.841291650064830421e+00 2.533063005261508849e+00 2.377731860140424924e+00 7.751387683729599409e+00 4.791971083267226206e+00
8.924087846692737358e+00 2.528489278311787380e+00 2.393187395154532382e+00 7.823271198646822633e+00 4.809993090123917625e+00
9.003784689990403933e+00 2.522343493258906388e+00 2.408196703572952124e+00 7.892267280517748951e+00 4.826535479253313277e+00
9.079591838912381974e+00 2.514552229713452380e+00 2.422665204266869932e+00 7.957745225538182865e+00 4.841522194767454046e+00
9.150584674999727497e+00 2.505041200516844757e+00 2.436485024495911755e+00 8.018994460349992082e+00 4.854870637454589577e+00
9.215733944177671333e+00 2.493735901894330365e+00 2.449537505090490619e+00 8.075259151973192218e+00 4.866491267393536546e+00
9.273966324712587195e+00 2.480562378909644483e+00 2.461697896962978138e+00 8.125796830120885161e+00 4.876287321953144627e+00
9.324256635552769623e+00 2.465448104524282869e+00 2.472842347099589499e+00 8.169957482179324160e+00 4.884154739511312293e+00
9.365741529909112018e+00 2.448322964569328963e+00 2.482856751676744800e+00 8.207269890991263139e+00 4.889982419673076564e+00
9.397832433704083499e+00 2.429120333742321058e+00 2.491646427948537301e+00 8.237513947969818062e+00 4.893653004087985536e+00
9.420298837644656587e+00 2.407778220014883619e+00 2.499145040717091870e+00 8.260757223167752628e+00 4.895044423815983592e+00
9.433297869113550504e+00 2.384240447020451459e+00 2.505321073474116922e+00 8.277343934872730458e+00 4.894032518815498278e+00
9.437342249604657951e+00 2.358457836781520989e+00 2.510180517499304376e+00 8.287840531850171999e+00 4.890495069892524249e+00
9.433218508302223526e+00 2.330389349659673037e+00 2.513765292025155418e+00 8.292955637873356878e+00 4.884317544910355302e+00
9.421880480875385544e+00 2.300003135019977663e+00 2.516147901484003579e+00 8.293456467346961958e+00 4.875400684704795040e+00
9.404344526215721700e+00 2.267277446672796071e+00 2.517423605112091067e+00 8.290098973971179674e+00 4.863669671326936061e+00
9.381604946750560003e+00 2.232201380311573224e+00 2.517701676161494539e+00 8.283579903713885528e+00 4.849084019596746842e+00
9.354577114738773957e+00 2.194775397865005306e+00 2.517097156392454682e+00 8.274510811991280690e+00 4.831646639744526794e+00
9.324067023898125584e+00 2.155011614264111142e+00 2.515724045808306109e+00 8.263409469885132808e+00 4.811410049448978654e+00
9.290761358257324076e+00 2.112933835125688553e+00 2.513690337263422503e+00 8.250702773151674663e+00 4.788477866241807490e+00
9.255231099537182260e+00 2.068577348098176394e+00 2.511094877354536514e+00 8.236735966690426736e+00 4.763000673190286527e+00
9.217942658474699513e+00 2.021988484641567663e+00 2.508025775194068885e+00 8.221784439423519331e+00 4.735166831364997719e+00
9.179272188261617060e+00 1.973223981601447852e+00 2.504559977158729467e+00 8.206065763269315028e+00 4.705190127138648037e+00
9.139520344889227488e+00 1.922350181999787910e+00 2.500763630126554560e+00 8.189750736217389360e+00 4.673296686457855564e+00
9.098925993592882122e+00 1.869442121357843822e+00 2.496692916636988446e+00 8.172972906425815864e+00 4.639713252592343906e+00
9.057678187674421011e+00 1.814582549389862631e+00 2.492395124457152278e+00 8.155836472829006922e+00 4.604658070169347361e+00
9.015926242824843229e+00 1.757860937283595604e+00 2.487909787961242625e+00 8.138422673204605218e+00 4.568334727111707849e+00
8.973787996593834748e+00 1.699372518586766301e+00 2.483269799417044510e+00 8.120794861279293286e+00 4.530928678737001114e+00
8.931356464139406981e+00 1.639217407781573543e+00 2.478502433164166074e+00 8.103002495670716954e+00 4.492605877558511374e+00
8.888705139163013413e+00 1.577499835827134378e+00 2.473630256098378055e+00 8.085084250262044137e+00 4.453512879244883038e+00
8.845892182743551047e+00 1.514327537292053272e+00 2.468671917244388503e+00 8.067070427962319101e+00 4.413777876686287627e+00
8.802963716525090021e+00 1.449811319958723033e+00 2.463642820543732626e+00 8.048984828764174537e+00 4.373512243443284042e+00
8.759956403737902519e+00 1.384064845915351949e+00 2.458555690945381844e+00 8.030846193684128664e+00 4.332812294906450923e+00
8.716899468833892328e+00 1.317204653757036992e+00 2.453421046410975581e+00 8.012669320710566367e+00 4.291761079307804927e+00
8.673816276953779436e+00 1.249350455613670086e+00 2.448247588922266349e+00 7.994465927854744969e+00 4.250430087251394262e+00
8.630725569516751960e+00 1.180625751044743765e+00 2.443042526915591317e+00 7.976245321468400817e+00 4.208880820862862748e+00
8.587642431740736271e+00 1.111158813925969824e+00 2.437811840348162118e+00 7.958014914662424388e+00 4.167166197552109708e+00
8.544579051238576639e+00 1.041084129892652088e+00 2.432560498175203367e+00 7.939780630276387363e+00 4.125331784070987773e+00
8.501545313834434126e+00 9.705443936726575460e-01 2.427292636588302521e+00 7.921547214824760097e+00 4.083416868338041184e+00
8.458549272446267864e+00 8.996932217497017881e-01 2.422011705034584406e+00 7.903318483748419609e+00 4.041455382550558362e+00
8.415597516865544137e+00 8.286988020582866099e-01 2.416720585855796521e+00 7.885097513358265253e+00 3.999476693597663779e+00
8.372695466048504898e+00 7.577487978271921776e-01 2.411421692366465308e+00 7.866886791624622788e+00 3.957506277169282161e+00
8.329847599699832017e+00 6.870569597557464325e-01 2.406117049326255142e+00 7.848688336861147974e+00 3.915566291257897902e+00
8.287057642194671558e+00 6.168720936093184948e-01 2.400808359037147177e+00 7.830503791419899606e+00 3.873676063201136888e+00
8.244328709084864926e+00 5.474902948761237731e-01 2.395497055729720159e+00 7.812334495868137552e+00 3.831852503102997076e+00
8.201663423909675288e+00 4.792716973611887421e-01 2.390184350327934748e+00 7.794181547866256388e+00 3.790110454640099213e+00
8.159064011773198288e+00 4.126633219785051376e-01 2.384871267409736095e+00 7.776045849036336222e+00 3.748462992835333907e+00
8.116532374359810120e+00 3.482296965911430564e-01 2.379558675742105223e+00 7.757928142367932267e+00 3.706921676973219171e+00
8.074070150265576729e+00 2.866919188445254951e-01 2.374247313563192296e+00 7.739829042148216764e+00 3.665496765604942198e+00
8.031678763629432893e+00 2.289715299005671001e-01 2.368937809550375917e+00 7.721749057992141729e+00 3.624197399524851093e+00
7.989359463427796015e+00 1.762228251805406376e-01 2.363630700243156024e+00 7.703688614173795024e+00 3.583031757682589635e+00
7.947113355302281690e+00 1.298076621723510404e-01 2.358326444546991585e+00 7.685648065181759137e+00 3.542007190213305456e+00
7.904941427397814913e+00 9.112039374772881728e-02 2.353025435829992240e+00 7.667627708345590598e+00 3.501130332106440868e+00
7.862844571388209580e+00 6.116388080625583673e-02 2.347728012030483757e+00 7.649627794039898454e+00 3.460407200475122735e+00
7.820823599623738964e+00 3.996667536602428739e-02 2.342434464118600790e+00 7.631648533990299299e+00 3.419843277918381386e+00
7.778879259144829028e+00 2.630915600344877620e-02 2.337145043193097127e+00 7.613690108030095161e+00 3.379443584069624862e+00
7.737012243162521230e+00 1.817074885479133192e-02 2.331859966442168641e+00 7.595752669620694064e+00 3.339212737113855134e+00
7.695223200504933914e+00 1.354350793396565458e-02 2.326579422168954636e+00 7.577836350367817886e+00 3.299155006756328667e+00
7.653512743337144819e+00 1.093518011202097504e-02 2.321303574023378946e+00 7.559941263724477167e+00 3.259274359854487102e+00
7.611881453570570777e+00 9.418291757964158961e-03 2.316032564571786079e+00 7.542067508035764867e+00 3.219574499870526463e+00
7.570329888140815200e+00 8.473948062379228763e-03 2.310766518331172303e+00 7.524215169046196472e+00 3.180058900955285317e+00
7.528858583373997604e+00 7.828402005173923719e-03 2.305505544332182577e+00 7.506384321969229667e+00 3.140730837471278125e+00
7.487468058611150390e+00 7.341654947071968133e-03 2.300249738299702695e+00 7.488575033199880160e+00 3.101593409584994188e+00
7.446158819215928482e+00 6.943123988790135537e-03 2.294999184506650636e+00 7.470787361733492560e+00 3.062649565478892111e+00
7.404931359079177433e+00 6.597298038109963673e-03 2.289753957353909630e+00 7.453021360344323831e+00 3.023902120651674075e+00
7.363786162705903138e+00 6.286128972878618146e-03 2.284514122719163876e+00 7.435277076566235266e+00 2.985353774704028851e+00
7.322723706958325529e+00 6.000200961978837538e-03 2.279279739109609348e+00 7.417554553509369875e+00 2.947007125948049033e+00
7.281744462513175975e+00 5.734359217926799507e-03 2.274050858649312890e+00 7.399853830546619271e+00 2.908864684130724854e+00
7.240848895082430126e+00 5.485563416600696372e-03 2.268827527925906473e+00 7.382174943884559859e+00 2.870928881520470988e+00
7.200037466437142264e+00 5.251838567573262687e-03 2.263609788717887206e+00 7.364517927037179668e+00 2.833202082568694102e+00
7.159310635267222445e+00 5.031763133866494139e-03 2.258397678620277738e+00 7.346882811233555799e+00 2.795686592327912834e+00
7.118668857904327574e+00 4.824218658827344151e-03 2.253191231583658638e+00 7.329269625755613582e+00 2.758384663785147684e+00
7.078112588930288496e+00 4.628266209967747853e-03 2.247990478379258139e+00 7.311678398222392516e+00 2.721298504244458627e+00
7.037642281689621804e+00 4.443084181922469199e-03 2.242795447000827558e+00 7.294109154831828867e+00 2.684430280874439578e+00
6.997258388721548705e+00 4.267935870084011395e-03 2.237606163012327620e+00 7.276561920563890062e+00 2.647782125522144980e+00
6.956961362124328474e+00 4.102151422113074590e-03 2.232422649849224783e+00 7.259036719353428424e+00 2.611356138878665689e+00
6.916751653862540650e+00 3.945117087518270997e-03 2.227244929079907454e+00 7.241533574235992532e+00 2.575154394070563679e+00
6.876629716026260830e+00 3.796267886593953939e-03 2.222073020632807872e+00 7.224052507472476847e+00 2.539178939759878073e+00
6.836596001049466409e+00 3.655082346145642567e-03 2.216906942993993379e+00 7.206593540654570695e+00 2.503431802762240643e+00
6.796650961893957010e+00 3.521078215553896315e-03 2.211746713379282081e+00 7.189156694794814229e+00 2.467914990283893051e+00
6.756795052203946383e+00 3.393808925251126912e-03 2.206592347884376526e+00 7.171741990403548428e+00 2.432630491798996264e+00
6.717028726435717800e+00 3.272860481587945135e-03 2.201443861615961506e+00 7.154349447554301911e+00 2.397580280595783098e+00
6.677352439965988928e+00 3.157848705483207435e-03 2.196301268806335916e+00 7.136979085940114764e+00 2.362766315036362474e+00
6.637766649182077927e+00 3.048416771532952950e-03 2.191164582913763148e+00 7.119630924921435344e+00 2.328190539552298155e+00
6.598271811556474020e+00 2.944232974529846763e-03 2.186033816710426958e+00 7.102304983567432117e+00 2.293854885401894528e+00
6.558868385708001014e+00 2.844988709891412698e-03 2.180908982359603066e+00 7.085001280691315628e+00 2.259761271210878331e+00
6.519556831451424728e+00 2.750396634639069599e-03 2.175790091483460920e+00 7.067719834880735519e+00 2.225911603314650655e+00
6.480337609837073742e+00 2.660189003850037780e-03 2.170677155222567212e+00 7.050460664523978238e+00 2.192307775918130641e+00
6.441211183181805744e+00 2.574116136789504194e-03 2.165570184288601041e+00 7.033223787832418417e+00 2.158951671088330748e+00
6.402178015092429675e+00 2.491945028213121693e-03 2.160469189010727042e+00 7.016009222859991290e+00 2.125845158592169604e+00
6.363238570482552703e+00 2.413458083619968858e-03 2.155374179375999955e+00 6.998816987519886013e+00 2.092990095590296917e+00
6.324393315583646036e+00 2.338451949822858457e-03 2.150285165065568549e+00 6.981647099599033623e+00 2.060388326197390985e+00
6.285642717951041902e+00 2.266736454587539584e-03 2.145202155486612305e+00 6.964499576770572631e+00 2.028041680916617295e+00
6.246987246465422139e+00 2.198133628864205186e-03 2.140125159800619237e+00 6.947374436604639492e+00 1.995951975957114932e+00
6.208427371330317968e+00 2.132476821655114076e-03 2.135054186948191823e+00 6.930271696577719354e+00 1.964121012440971592e+00
6.169963564066035744e+00 2.069609862461894902e-03 2.129989245671307874e+00 6.913191374080686735e+00 1.932550575505826762e+00
6.131596297500370163e+00 2.009386321509630709e-03 2.124930344532969695e+00 6.896133486425811476e+00 1.901242433309235924e+00
6.093326045756416676e+00 1.951668811665917573e-03 2.119877491934615499e+00 6.879098050852781476e+00 1.870198335938930700e+00
6.055153284237749567e+00 1.896328348137773677e-03 2.114830696131700272e+00 6.862085084533936730e+00 1.839420014234889988e+00
6.017078489611184189e+00 1.843243766157976957e-03 2.109789965247441668e+00 6.845094604578778608e+00 1.808909178526879380e+00
5.979102139787320525e+00 1.792301174681505639e-03 2.104755307285176791e+00 6.828126628037871626e+00 1.778667517291759426e+00
5.941224713899024401e+00 1.743393458522274819e-03 2.099726730139276576e+00 6.811181171906214082e+00 1.748696695734500262e+00
5.903446692277993790e+00 1.696419818947654491e-03 2.094704241604929518e+00 6.794258253126136182e+00 1.718998354296256581e+00
5.865768556429512337e+00 1.651285344969632887e-03 2.089687849386875129e+00 6.777357888589801149e+00 1.689574107093714028e+00
5.828190789005483374e+00 1.607900622254349824e-03 2.084677561107166177e+00 6.760480095141343959e+00 1.660425540292770563e+00
5.790713873775954035e+00 1.566181365207780073e-03 2.079673384312156870e+00 6.743624889578709869e+00 1.631554210420308904e+00
5.753338295598973140e+00 1.526048086435799391e-03 2.074675326478701010e+00 6.726792288655221164e+00 1.602961642617309668e+00
5.716064540388981818e+00 1.487425777743373945e-03 2.069683395019737304e+00 6.709982309080902318e+00 1.574649328836976947e+00
5.678893095083767939e+00 1.450243625321095183e-03 2.064697597289266717e+00 6.693194967523606209e+00 1.546618725991569132e+00
5.641824447610108706e+00 1.414434737823613624e-03 2.059717940586812013e+00 6.676430280609953805e+00 1.518871254051411768e+00
5.604859086848009930e+00 1.379935896211050570e-03 2.054744432161429657e+00 6.659688264926113099e+00 1.491408294100085241e+00
5.567997502593550863e+00 1.346687333519860441e-03 2.049777079215280295e+00 6.642968937018445708e+00 1.464231186349368219e+00
5.531240185520543307e+00 1.314632506103493139e-03 2.044815888906859502e+00 6.626272313394017566e+00 1.437341228118339309e+00
5.494587627140822050e+00 1.283717894795165888e-03 2.039860868353870149e+00 6.609598410521014600e+00 1.410739671780691706e+00
5.458040319763284742e+00 1.253892826787563700e-03 2.034912024635813221e+00 6.592947244829050035e+00 1.384427722684625328e+00
5.421598756451708745e+00 1.225109299094000919e-03 2.029969364796312181e+00 6.576318832709397988e+00 1.358406537049975826e+00
5.385263430981251709e+00 1.197321819319298276e-03 2.025032895845190417e+00 6.559713190515139125e+00 1.332677219847123284e+00
5.349034837793787744e+00 1.170487247573716088e-03 2.020102624760349297e+00 6.543130334561255701e+00 1.307240822662892210e+00
5.312913471951942412e+00 1.144564662686562567e-03 2.015178558489433946e+00 6.526570281124651984e+00 1.282098341558403298e+00
5.276899829091902028e+00 1.119515226911646554e-03 2.010260703951349370e+00 6.510033046444133831e+00 1.257250714924257995e+00
5.240994405375028364e+00 1.095302069116460206e-03 2.005349068037603377e+00 6.493518646720337628e+00 1.232698821338547468e+00
5.205197697438175730e+00 1.071890174114178192e-03 2.000443657613518056e+00 6.477027098115615722e+00 1.208443477433460700e+00
5.169510202342811667e+00 1.049246262072498458e-03 1.995544479519314685e+00 6.460558416753889865e+00 1.184485435776336137e+00
5.133932417522881764e+00 1.027338697719814035e-03 1.990651540571081402e+00 6.444112618720461150e+00 1.160825382771238479e+00
5.098464840731408820e+00 1.006137399677303236e-03 1.985764847561644064e+00 6.427689720061809275e+00 1.137463936587228330e+00
5.063107969985893853e+00 9.856137447623797895e-04 1.980884407261339186e+00 6.411289736785348303e+00 1.114401645119768247e+00
5.027862303512399933e+00 9.657404918769296829e-04 1.976010226418706939e+00 6.394912684859163754e+00 1.091638983991781275e+00
4.992728339688410344e+00 9.464917086283283678e-04 1.971142311761107102e+00 6.378558580211733720e+00 1.069176354600835932e+00
4.957706576984437952e+00 9.278426905304878363e-04 1.966280669995266184e+00 6.362227438731623330e+00 1.047014082219280384e+00
4.922797513904301425e+00 9.097698962882075488e-04 1.961425307807765250e+00 6.345919276267165898e+00 1.025152414153844171e+00
4.888001648924206854e+00 8.922508892849211233e-04 1.956576231865465809e+00 6.329634108626129851e+00 1.003591517971937908e+00
4.853319480430482002e+00 8.752642762763623028e-04 1.951733448815892391e+00 6.313371951575367014e+00 9.823314798010471804e-01
4.818751506656034245e+00 8.587896503782361775e-04 1.946896965287562731e+00 6.297132820840457335e+00 9.613723027080987027e-01
4.784298225615560618e+00 8.428075346356748120e-04 1.942066787890278867e+00 6.280916732105326084e+00 9.407139051656625561e-01
4.749960135039379416e+00 8.272993373587462802e-04 1.937242923215380053e+00 6.264723701011867263e+00 9.203561196111688103e-01
4.715737732306037877e+00 8.122473123990896606e-04 1.932425377835959912e+00 6.248553743159549256e+00 9.002986911066329645e-01
4.681631514373561842e+00 7.976344993641680450e-04 1.927614158307052294e+00 6.232406874105008932e+00 8.805412761041642167e-01
4.647641977709383809e+00 7.834446946022262164e-04 1.922809271165789147e+00 6.216283109361648407e+00 8.610834413240336938e-01
4.613769618219014212e+00 7.696624141560322275e-04 1.918010722931531076e+00 6.200182464399210502e+00 8.419246627511114411e-01
4.580014931173309378e+00 7.562728499852532961e-04 1.913218520105975484e+00 6.184104954643358631e+00 8.230643247551312491e-01
4.546378411134474717e+00 7.432618300314936758e-04 1.908432669173240281e+00 6.168050595475245146e+00 8.045017193409836898e-01
4.512860551880732096e+00 7.306158070965740325e-04 1.903653176599931385e+00 6.152019402231076128e+00 7.862360455329209241e-01
4.479461846329601649e+00 7.183218076298315651e-04 1.898880048835188461e+00 6.136011390201669968e+00 7.682664088981487893e-01
4.446182786459954350e+00 7.063674094820531456e-04 1.894113292310715346e+00 6.120026574632008831e+00 7.505918212135908041e-01
4.413023863232623079e+00 6.947407201490738435e-04 1.889352913440796033e+00 6.104064970720789240e+00 7.332112002801005612e-01
4.379985566509754236e+00 6.834303506787354609e-04 1.884598918622295560e+00 6.088126593619968219e+00 7.161233698873670228e-01
4.347068384972811117e+00 6.724253807167608924e-04 1.879851314234648685e+00 6.072211458434298770e+00 6.993270599318954783e-01
4.314272806039193497e+00 6.617153365445331299e-04 1.875110106639836349e+00 6.056319580220870691e+00 6.828209066909576297e-01
4.281599315777629755e+00 6.512901833263193014e-04 1.870375302182351707e+00 6.040450973988644279e+00 6.666034532536012636e-01
4.249048398822139028e+00 6.411403041448704258e-04 1.865646907189156156e+00 6.024605654697975154e+00 6.506731501110216698e-01
4.216620538284715280e+00 6.312564631686161604e-04 1.860924927969625609e+00 6.008783637260148858e+00 6.350283559058279570e-01
4.184316215666711969e+00 6.216297873059910793e-04 1.856209370815490312e+00 5.992984936536895901e+00 6.196673383405348901e-01
4.152135910768850025e+00 6.122517701011336499e-04 1.851500242000763352e+00 5.977209567339918372e+00 6.045882752449137643e-01
4.120080101599986833e+00 6.031142554804588092e-04 1.846797547781666715e+00 5.961457544430403210e+00 5.897892558002056917e-01
4.088149264284535178e+00 5.942093963812789849e-04 1.842101294396546685e+00 5.945728882518544367e+00 5.752682819198935427e-01
4.056343872968582787e+00 5.855296398121198403e-04 1.837411488065785692e+00 5.930023596263048091e+00 5.610232697827548520e-01
4.024664399724786179e+00 5.770677433037623002e-04 1.832728134991706614e+00 5.914341700270648872e+00 5.470520515161175767e-01
3.993111314455791039e+00 5.688167613443370586e-04 1.828051241358474410e+00 5.898683209095615609e+00 5.333523770254116059e-01
3.961685084796692902e+00 5.607699988478101515e-04 1.823380813331991090e+00 5.883048137239255126e+00 5.199219159654535627e-01
3.930386176016291699e+00 5.529209952310921300e-04 1.818716857059785141e+00 5.867436499149421003e+00 5.067582598495571355e-01
3.899215050916745806e+00 5.452635569117625152e-04 1.814059378670899836e+00 5.851848309220011757e+00 4.938589242897091225e-01
3.868172169731999066e+00 5.377917503720213831e-04 1.809408384275776882e+00 5.836283581790471686e+00 4.812213513628498252e-01
