2.015933997158201763e+00 2.004932102024974849e+00 2.021167280724025073e+00 2.022033403327262224e+00 2.025640667324706712e+00
2.032435220812893739e+00 2.009943155289223515e+00 2.042880311102524438e+00 2.044836644718597718e+00 2.052580037619109010e+00
2.049475905773461726e+00 2.015030972474613158e+00 2.065111244692387160e+00 2.068388205578858052e+00 2.080745057063175807e+00
2.067030813793799382e+00 2.020193605288433503e+00 2.087834183478633143e+00 2.092669021399425677e+00 2.110066920614081631e+00
2.085077053495022259e+00 2.025429327857525053e+00 2.111025061825531512e+00 2.117662332166257322e+00 2.140480837122685553e+00
2.103593908567913839e+00 2.030736620897758193e+00 2.134661532879624790e+00 2.143353537232084438e+00 2.171925801242338139e+00
2.122562674033011465e+00 2.036114156629209582e+00 2.158722857602727974e+00 2.169730054399522601e+00 2.204344372429648313e+00
2.141966500345822588e+00 2.041560784402052242e+00 2.183189796592537757e+00 2.196781182958554179e+00 2.237682461269602907e+00
2.161790245144242117e+00 2.047075517004696366e+00 2.208044504811100150e+00 2.224497970411754899e+00 2.271889123290250723e+00
2.182020332444432498e+00 2.052657517625294137e+00 2.233270429339085261e+00 2.252873082622146583e+00 2.306916360378477471e+00
2.202644619100365020e+00 2.058306087440192833e+00 2.258852210227712209e+00 2.281900677121900589e+00 2.342718929862341426e+00
2.223652268351614669e+00 2.064020653803958272e+00 2.284775584530005066e+00 2.311576279329302874e+00 2.379254161286887825e+00
2.245033630292917248e+00 2.069800759017487390e+00 2.311027293572939456e+00 2.341896661433639615e+00 2.416481780875569640e+00
2.266780129108879382e+00 2.075646049652098757e+00 2.337594993527861931e+00 2.372859723725714964e+00 2.454363743641240436e+00
2.288884156926879854e+00 2.081556266408694622e+00 2.364467169332668650e+00 2.404464378173030603e+00 2.492864073087025290e+00
2.311338974151094572e+00 2.087531234492751242e+00 2.391633052020806005e+00 2.436710434065654240e+00 2.531948708416935645e+00
2.334138616150492673e+00 2.093570854486678900e+00 2.419082539511677510e+00 2.469598485589112435e+00 2.571585359159839879e+00
2.357277806183460722e+00 2.099675093702795259e+00 2.446806120920885785e+00 2.503129801216337658e+00 2.611743367098995350e+00
2.380751874451348726e+00 2.105843978000717875e+00 2.474794804455836328e+00 2.537306214849445407e+00 2.652393575356641886e+00
2.404556683182818677e+00 2.112077584054565360e+00 2.503040048966139075e+00 2.572130018685656161e+00 2.693508204573847209e+00
2.428688557660965142e+00 2.118376032055782066e+00 2.531533699225506862e+00 2.607603857827572646e+00 2.735060735954707223e+00
2.453144223100938603e+00 2.124739478838719720e+00 2.560267925030117908e+00 2.643730626707674336e+00 2.777025801092877888e+00
2.477920747332458706e+00 2.131168111416659627e+00 2.589235164204389594e+00 2.680513367447608264e+00 2.819379078401553329e+00
2.503015489188710863e+00 2.137662140916726461e+00 2.618428069610974962e+00 2.717955170325799141e+00 2.862097195998599464e+00
2.528426052564444415e+00 2.144221796902919586e+00 2.647839460268276213e+00 2.756059076578847744e+00 2.905157640884040049e+00
2.554150246082304232e+00 2.150847322076772983e+00 2.677462276682827103e+00 2.794827983814358596e+00 2.948538674244949753e+00
2.580186048321223780e+00 2.157538967345996372e+00 2.707289540505089409e+00 2.834264554361243693e+00 2.992219252724106937e+00
2.606531578565356444e+00 2.164296987251411064e+00 2.737314318618404130e+00 2.874371126929708531e+00 3.036178955478239239e+00
2.633185073034175261e+00 2.171121635743265887e+00 2.767529691769952116e+00 2.915149631992208779e+00 3.080397916854593188e+00
2.660144866558753485e+00 2.178013162297772087e+00 2.797928727846254127e+00 2.956601511330860355e+00 3.124856764509666096e+00
2.687409379673875609e+00 2.184971808365293811e+00 2.828504459889549238e+00 2.998727642220333500e+00 3.169536562791497758e+00
2.714977111096977147e+00 2.191997804141332384e+00 2.859249868943029238e+00 3.041528266731508889e+00 3.214418761204102193e+00
2.742846635568058300e+00 2.199091365651684615e+00 2.890157871798566980e+00 3.085002926643442223e+00 3.259485147770167401e+00
2.771016607025779344e+00 2.206252692143001237e+00 2.921221313705904876e+00 3.129150404444450473e+00 3.304717807104487814e+00
2.799485767100451827e+00 2.213481963769806438e+00 2.952432966086913524e+00 3.173968670879974585e+00 3.350099083010533274e+00
2.828252958902940595e+00 2.220779339569009636e+00 2.983785529276435255e+00 3.219454839472235985e+00 3.395611545406644893e+00
2.857317146092901439e+00 2.228144955712465070e+00 3.015271640289827193e+00 3.265605128386630085e+00 3.441237961388730060e+00
2.886677437210934283e+00 2.235578924028200465e+00 3.046883885597644781e+00 3.312414829961392027e+00 3.486961270231975440e+00
2.916333115263219256e+00 2.243081330780284155e+00 3.078614818860396340e+00 3.359878288142235547e+00 3.532764562134781183e+00
2.946283672547409971e+00 2.250652235697318648e+00 3.110456983552889465e+00 3.407988883983274153e+00 3.578631060504066319e+00
2.976528850711494201e+00 2.258291671238919385e+00 3.142402940385399024e+00 3.456739029281825193e+00 3.624544107580946140e+00
3.007068686040572647e+00 2.265999642089465915e+00 3.174445299402809617e+00 3.506120168319850627e+00 3.670487153204850195e+00
3.037903559967083389e+00 2.273776124867908699e+00 3.206576756620297619e+00 3.556122787581345701e+00 3.716443746514028756e+00
3.069034254801179973e+00 2.281621068042166467e+00 3.238790135034099293e+00 3.606736433215928184e+00 3.762397530379538058e+00
3.100462014676465650e+00 2.289534392036390198e+00 3.271078429825649447e+00 3.657949735916988576e+00 3.808332238371677558e+00
3.132188611707280135e+00 2.297515989519055335e+00 3.303434857559250482e+00 3.709750442790768155e+00 3.854231694058494195e+00
3.164216417344823284e+00 2.305565725859708426e+00 3.335852909159549018e+00 3.762125455703920096e+00 3.900079812438041138e+00
3.196548478912752067e+00 2.313683439741888392e+00 3.368326406442854193e+00 3.815060875522658268e+00 3.945860603308646741e+00
3.229188601286759219e+00 2.321868943919821238e+00 3.400849561965198831e+00 3.868542051590738939e+00 3.991558176384599310e+00
3.262141433664063506e+00 2.330122026106208999e+00 3.433417041943550796e+00 3.922553635744402634e+00 4.037156747968103865e+00
3.295412561333298296e+00 2.338442449978626492e+00 3.466024032002344768e+00 3.977079640125548377e+00 4.082640648994490640e+00
3.329008602313235698e+00 2.346829956291942132e+00 3.498666305493058903e+00 4.032103498035009004e+00 4.127994334270247201e+00
3.362937308668397129e+00 2.355284264084406054e+00 3.531340294134031055e+00 4.087608127061749030e+00 4.173202392731177213e+00
3.397207672226950415e+00 2.363805071965187743e+00 3.564043160717892178e+00 4.143575993733765728e+00 4.218249558553423206e+00
3.431830034317270073e+00 2.372392059471382098e+00 3.596772873633626411e+00 4.199989178958950298e+00 4.263120722957191688e+00
3.466816198995959386e+00 2.381044888482874100e+00 3.629528282949173512e+00 4.256829443559431603e+00 4.307800946550136345e+00
3.502179549056493535e+00 2.389763204683712949e+00 3.662309197799324512e+00 4.314078293248219786e+00 4.352275472065179507e+00
3.537935163866231303e+00 2.398546639059183860e+00 3.695116464817242097e+00 4.371717042450812052e+00 4.396529737355746370e+00
3.574099937777769131e+00 2.407394809418121451e+00 3.727952047336320351e+00 4.429726876434862959e+00 4.440549388519595908e+00
3.610692697478750102e+00 2.416307321930608154e+00 3.760819105072862545e+00 4.488088911275598392e+00 4.484320293031339055e+00
3.647734316167704716e+00 2.425283772671676275e+00 3.793722073969264752e+00 4.546784251252103282e+00 4.527828552772523274e+00
3.685247821857533967e+00 2.434323749162261130e+00 3.826666745836012407e+00 4.605794043337271049e+00 4.571060516857198941e+00
3.723258496396790296e+00 2.443426831899228269e+00 3.859660347369723521e+00 4.665099528511400528e+00 4.614002794159939747e+00
3.761793960943099258e+00 2.452592595866926573e+00 3.892711618040149535e+00 4.724682089693748921e+00 4.656642265462437535e+00
3.800884242611872299e+00 2.461820612023349675e+00 3.925830886225560423e+00 4.784523296147679794e+00 4.698966095144213817e+00
3.840561815858595907e+00 2.471110448754640032e+00 3.959030142824763399e+00 4.844604944271512892e+00 4.740961742350803476e+00
3.880861610848538312e+00 2.480461673292278402e+00 3.992323111376694822e+00 4.904909094738927777e+00 4.782616971583307119e+00
3.921820979610017854e+00 2.489873853087987143e+00 4.025725313467305888e+00 4.965418105998828935e+00 4.823919862660591917e+00
3.963479609297656747e+00 2.499346557141931768e+00 4.059254127885029817e+00 5.026114664185019620e+00 4.864858820014373642e+00
4.005879370423429009e+00 2.508879357280483724e+00 4.092928841587601951e+00 5.086981809520703557e+00 4.905422581285503014e+00
4.049064086672256479e+00 2.518471829380330984e+00 4.126770690060323155e+00 5.148002959331898332e+00 4.945600225197718025e+00
4.093079212034438363e+00 2.528123554536333195e+00 4.160802884062698936e+00 5.209161927807526737e+00 4.985381178692872339e+00
4.137971400888231344e+00 2.537834120171043040e+00 4.195050619062442365e+00 5.270442942662546315e+00 5.024755223318623898e+00
4.183787957599394147e+00 2.547603121084303979e+00 4.229541062863107825e+00 5.331830658874496365e+00 5.063712500867044497e+00
4.230576154639615005e+00 2.557430160441851896e+00 4.264303316036060387e+00 5.393310169673554810e+00 5.102243518268982037e+00
4.278382412637978582e+00 2.567314850702254514e+00 4.299368338771354381e+00 5.454867014972298200e+00 5.140339151755487279e+00
4.327251342568758652e+00 2.577256814481960312e+00 4.334768836759583799e+00 5.516487187422696614e+00 5.177990650303748055e+00
4.377224659676042684e+00 2.587255685358595070e+00 4.370539097741617418e+00 5.578157136296378660e+00 5.215189638390773652e+00
4.428339990574840179e+00 2.597311108612994968e+00 4.406714769480090332e+00 5.639863769359188872e+00 5.251928118083702302e+00
4.480629609018500048e+00 2.607422741910759179e+00 4.443332569379284003e+00 5.701594452939014346e+00 5.288198470501114024e+00
4.534119150634881912e+00 2.617590255924409082e+00 4.480429915911551930e+00 5.763337010352874934e+00 5.323993456684458891e+00
4.588826370958361878e+00 2.627813334897441511e+00 4.518044472638315767e+00 5.825079718865652012e+00 5.359306217924019400e+00
4.644760021964157382e+00 2.638091677151829462e+00 4.556213597346590483e+00 5.886811305339935352e+00 5.394130275590739210e+00
4.701918927847536622e+00 2.648424995540662241e+00 4.594973691877113353e+00 5.948520940729866702e+00 5.428459530526146715e+00
4.760291337393339539e+00 2.658813017847783566e+00 4.634359452869275309e+00 6.010198233561379944e+00 5.462288262051464116e+00
4.819854618763545595e+00 2.669255487136421578e+00 4.674403030171701445e+00 6.071833222532379004e+00 5.495611126660338464e+00
4.880575340963495989e+00 2.679752162048896658e+00 4.715133108026523523e+00 6.133416368356756188e+00 5.528423156465033905e+00
4.942409757101771994e+00 2.690302817059577745e+00 4.756573933985832170e+00 6.194938544966852589e+00 5.560719757471028757e+00
5.005304671828230134e+00 2.700907242683293852e+00 4.798744331279776176e+00 6.256391030179702994e+00 5.592496707760068908e+00
5.069198643072978960e+00 2.711565245641398558e+00 4.841656740850808660e+00 6.317765495923524988e+00 5.623750155666115802e+00
5.134023441421616596e+00 2.722276648988215086e+00 4.885316347905194867e+00 6.379053998112356183e+00 5.654476618032780344e+00
5.199705672924758382e+00 2.733041292199163141e+00 4.929720352967031261e+00 6.440248966248548257e+00 5.684672978643167340e+00
5.266168464923146608e+00 2.743859031223815137e+00 4.974857447028415258e+00 6.501343192825094874e+00 5.714336486912872104e+00
5.333333119158669255e+00 2.754729738505762082e+00 5.020707543862292788e+00 6.562329822592498196e+00 5.743464756932712412e+00
5.401120650558285163e+00 2.765653302971333716e+00 5.067241807804906628e+00 6.623202341748031685e+00 5.772055766937571164e+00
5.469453150325332302e+00 2.776629629989578518e+00 5.114422996160207902e+00 6.683954567098915334e+00 5.800107859257813914e+00
5.538254934016267228e+00 2.787658641305495788e+00 5.162206110641241352e+00 6.744580635245011280e+00 5.827619740777332247e+00
5.607453457191671653e+00 2.798740274948591011e+00 5.210539327299392731e+00 6.805074991821188135e+00 5.854590483872809337e+00
5.676979999733021920e+00 2.809874485118672105e+00 5.259365151903467428e+00 6.865432380834531223e+00 5.881019527739757002e+00
5.746770134028157173e+00 2.821061242050942219e+00 5.308621731142067368e+00 6.925647834126906766e+00 5.906906679920735925e+00
5.816764001625673863e+00 2.832300531862050885e+00 5.358244241324746859e+00 6.985716660989282012e+00 5.932252117745319353e+00
5.886906428057140594e+00 2.843592356378962460e+00 5.408166276607859757e+00 7.045634437950289986e+00 5.957056389281112807e+00
5.957146906943275866e+00 2.854936732952294776e+00 5.458321165869010727e+00 7.105396998758144456e+00 5.981320413302916528e+00
6.027439483370139683e+00 2.866333694255685849e+00 5.508643162413547678e+00 7.165000424571801751e+00 6.005045477739160198e+00
6.097742563680291106e+00 2.877783288072733203e+00 5.559068466561272182e+00 7.224441034374518011e+00 6.028233236078253121e+00
6.168018675075693125e+00 2.889285577072912670e+00 5.609536059381970752e+00 7.283715375620328558e+00 6.050885701323323040e+00
6.238234194356345519e+00 2.900840638577846242e+00 5.659988341800864298e+00 7.342820215121788507e+00 6.073005237263341627e+00
6.308359061176555649e+00 2.912448564319146005e+00 5.710371586417788414e+00 7.401752530185208734e+00 6.094594547046001232e+00
6.378366487591645040e+00 2.924109460189054044e+00 5.760636218918604889e+00 7.460509499997873384e+00 6.115656659253024152e+00
6.448232672520668451e+00 2.935823445984980573e+00 5.810736951799967187e+00 7.519088497270104199e+00 6.136194911846131639e+00
6.517936527307909955e+00 2.947590655148963901e+00 5.860632795811260287e+00 7.577487080133622932e+00 6.156212934454662111e+00
6.587459416258009348e+00 2.959411234503019017e+00 5.910286974672889215e+00 7.635702984296446338e+00 6.175714629509602815e+00
6.656784914632147832e+00 2.971285343981278082e+00 5.959666767034760504e+00 7.693734115453428224e+00 6.194704152707219968e+00
6.725898585201962376e+00 2.983213156359727947e+00 6.008743296931641886e+00 7.751578541950683743e+00 6.213185893228358125e+00
6.794787773659248131e+00 2.995194856984309872e+00 6.057491290775637083e+00 7.809234487702044980e+00 6.231164454065227787e+00
6.863441422554211968e+00 3.007230643498090217e+00 6.105888815605121422e+00 7.866700325351015266e+00 6.248644632730493420e+00
6.931849902907571526e+00 3.019320725568116703e+00 6.153917010170440349e+00 7.923974569677684876e+00 6.265631402552237716e+00
7.000004862537648087e+00 3.031465324612555357e+00 6.201559817504286087e+00 7.981055871249536082e+00 6.282129894697102479e+00
7.067899089849423611e+00 3.043664673528640563e+00 6.248803725454214586e+00 8.037943010300423907e+00 6.298145381014466970e+00
7.135526391826074288e+00 3.055919016421885015e+00 6.295637519419750028e+00 8.094634890842961283e+00 6.313683257755579703e+00
7.202881485000369288e+00 3.068228608337013608e+00 6.342052050070000391e+00 8.151130535004217137e+00 6.328749030192260427e+00
7.269959898124370490e+00 3.080593714990977450e+00 6.388040017625457700e+00 8.207429077579581289e+00 6.343348298138224095e+00
7.336757885400996493e+00 3.093014612508393935e+00 6.433595773279598085e+00 8.263529760799645629e+00 6.357486742360689114e+00
7.403272349187587587e+00 3.105491587159719291e+00 6.478715137762588228e+00 8.319431929303471307e+00 6.371170111859286500e+00
7.469500771137329131e+00 3.118024935102399198e+00 6.523395236518103601e+00 8.375135025312514969e+00 6.384404211982189992e+00
7.535441150900537899e+00 3.130614962125243927e+00 6.567634350692074463e+00 8.430638583999115809e+00 6.397194893345032440e+00
7.601091951525354773e+00 3.143261983396197667e+00 6.611431782941795454e+00 8.485942229043331508e+00 6.409548041515583883e+00
7.666452050815402153e+00 3.155966323213687197e+00 6.654787736949549171e+00 8.541045668372113653e+00 6.421469567426065339e+00
7.731520697988324642e+00 3.168728314761674270e+00 6.697703209536856050e+00 8.595948690074784793e+00 6.432965398474852492e+00
7.796297475015243172e+00 3.181548299868509400e+00 6.740179894221864920e+00 8.650651158488761538e+00 6.444041470279840311e+00
7.860782262125848519e+00 3.194426628769691412e+00 6.782220095176253238e+00 8.705153010449683038e+00 6.454703719046325894e+00
7.924975207001930144e+00 3.207363659874584716e+00 6.823826650516884307e+00 8.759454251700072192e+00 6.464958074513999620e+00
7.988876697233070701e+00 3.220359759537124944e+00 6.865002864020127049e+00 8.813554953450843499e+00 6.474810453449615366e+00
8.052487335678456759e+00 3.233415301830554256e+00 6.905752444340088836e+00 8.867455249090031799e+00 6.484266753651277249e+00
8.115807918395791631e+00 3.246530668326173430e+00 6.946079450968012381e+00 8.921155331033270741e+00 6.493332848434260285e+00
8.178839414852230760e+00 3.259706247876110297e+00 6.985988246169491767e+00 8.974655447710654599e+00 6.502014581568538176e+00
8.241582950166153054e+00 3.272942436400074762e+00 7.025483452278156626e+00 9.027955900684800028e+00 6.510317762640111638e+00
8.304039789146283823e+00 3.286239636676058673e+00 7.064569913728188766e+00 9.081057041894981197e+00 6.518248162810174051e+00
8.366211321937566225e+00 3.299598258134943674e+00 7.103252663325041460e+00 9.133959271022435544e+00 6.525811510945172422e+00
8.428099051093939309e+00 3.313018716658929552e+00 7.141536892264174874e+00 9.186663032972017362e+00 6.533013490094625730e+00
8.489704579922051408e+00 3.326501434383744016e+00 7.179427923496538355e+00 9.239168815465601980e+00 6.539859734301000316e+00
8.551029601963374915e+00 3.340046839504535736e+00 7.216931188058429036e+00 9.291477146742678883e+00 6.546355825708109144e+00
8.612075891489142876e+00 3.353655366085361411e+00 7.254052204042799268e+00 9.343588593363804762e+00 6.552507291958282742e+00
8.672845294902986168e+00 3.367327453872190013e+00 7.290796557917063936e+00 9.395503758112702997e+00 6.558319603856070046e+00
8.733339722957378370e+00 3.381063548109316308e+00 7.327169887928323355e+00 9.447223277992941703e+00 6.563798173280879666e+00
8.793561143696630111e+00 3.394864099359117926e+00 7.363177869368512596e+00 9.498747822315252165e+00 6.568948351332527302e+00
8.853511576055607790e+00 3.408729563324874867e+00 7.398826201492668453e+00 9.550078090871698677e+00 6.573775426693863722e+00
8.913193084045458292e+00 3.422660400676800219e+00 7.434120595914345486e+00 9.601214812193047621e+00 6.578284624195974040e+00
8.972607771467728810e+00 3.436657076881082684e+00 7.469066766313608774e+00 9.652158741885822124e+00 6.582481103571922176e+00
9.031757777106008689e+00 3.450720062031738866e+00 7.503670419320912721e+00 9.702910661045642371e+00 6.586369958386527834e+00
9.090645270347044615e+00 3.464849830685085230e+00 7.537937246446138495e+00 9.753471374743600819e+00 6.589956215129571859e+00
9.149272447192464242e+00 3.479046861697023818e+00 7.571872916946078114e+00 9.803841710582529956e+00 6.593244832461190086e+00
9.207641526611540783e+00 3.493311638062700286e+00 7.605483071528110095e+00 9.854022517320137453e+00 6.596240700598668738e+00
9.265754747218158727e+00 3.507644646758607987e+00 7.638773316806333646e+00 9.904014663556143461e+00 6.598948640834521484e+00
9.323614364253511866e+00 3.522046378586908055e+00 7.671749220404902481e+00 9.953819036480608062e+00 6.601373405176293119e+00
9.381222646799866283e+00 3.536517328021928641e+00 7.704416306696975525e+00 1.000343654068076127e+01 6.603519676099407931e+00
9.438581875248951647e+00 3.551057993058664319e+00 7.736780053071818486e+00 1.005286809700383976e+01 6.605392066404442097e+00
9.495694338985954275e+00 3.565668875063174426e+00 7.768845886668015233e+00 1.010211464147339200e+01 6.606995119171118702e+00
9.552562334265866539e+00 3.580350478624796828e+00 7.800619181550112025e+00 1.015117712425674235e+01 6.608333307801631307e+00
9.609188162273936129e+00 3.595103311409991509e+00 7.832105256279244365e+00 1.020005650868132285e+01 6.609411036146382479e+00
9.665574127345692546e+00 3.609927884017790412e+00 7.863309371826300520e+00 1.024875377029774093e+01 6.610232638706062147e+00
9.721722535341019267e+00 3.624824709836625747e+00 7.894236729798839391e+00 1.029726989598746201e+01 6.610802380903508357e+00
9.777635692151550373e+00 3.639794304902582489e+00 7.924892470954927326e+00 1.034560588311318696e+01 6.611124459415977483e+00
9.833315902335446168e+00 3.654837187758798400e+00 7.955281673966204892e+00 1.039376273871082823e+01 6.611203002573446064e+00
9.888765467867258963e+00 3.669953879316050216e+00 7.985409354408092852e+00 1.044174147871740033e+01 6.611042070808180071e+00
9.943986686991005186e+00 3.685144902714309278e+00 8.015280463958852408e+00 1.048954312723811100e+01 6.610645657149458287e+00
9.998981853173297907e+00 3.700410783185271502e+00 8.044899889778998059e+00 1.053716871585163695e+01 6.610017687767422601e+00
1.005375325414220278e+01 3.715752047915668044e+00 8.074272454056201198e+00 1.058461928294554966e+01 6.609162022555978844e+00
1.010830317101006237e+01 3.731169225911341591e+00 8.103402913701547305e+00 1.063189587308461093e+01 6.608082455754081153e+00
1.016263387747076052e+01 3.746662847861942591e+00 8.132295960175728311e+00 1.067899953641084032e+01 6.606782716597983551e+00
1.021674763906554340e+01 3.762233446006196136e+00 8.160956219436650727e+00 1.072593132807258698e+01 6.605266470006046831e+00
1.027064671251461547e+01 3.777881553997623598e+00 8.189388251994536461e+00 1.077269230768249919e+01 6.603537317288814990e+00
1.032433334510538891e+01 3.793607706770665278e+00 8.217596553061557785e+00 1.081928353880176630e+01 6.601598796883811460e+00
1.037780977413700256e+01 3.809412440407105471e+00 8.245585552789064465e+00 1.086570608844943564e+01 6.599454385111400256e+00
1.043107822641379911e+01 3.825296292002737797e+00 8.273359616580840736e+00 1.091196102663753109e+01 6.597107496949024430e+00
1.048414091778556667e+01 3.841259799534192165e+00 8.300923045474354112e+00 1.095804942592899955e+01 6.594561486823056207e+00
1.053700005273106299e+01 3.857303501725860784e+00 8.328280076584196223e+00 1.100397236101706966e+01 6.591819649413522164e+00
1.058965782398018618e+01 3.873427937916859687e+00 8.355434883598743312e+00 1.104973090832721994e+01 6.588885220471903281e+00
1.064211641217404569e+01 3.889633647927952076e+00 8.382391577324719734e+00 1.109532614563894981e+01 6.585761377648493564e+00
1.069437798555789065e+01 3.905921171928397939e+00 8.409154206274978449e+00 1.114075915172620945e+01 6.582451241328960201e+00
1.074644469970614580e+01 3.922291050302656235e+00 8.435726757292590250e+00 1.118603100601741041e+01 6.578957875477260409e+00
1.079831869727644467e+01 3.938743823516898335e+00 8.462113156207987430e+00 1.123114278827272194e+01 6.575284288484112061e+00
1.085000210779016250e+01 3.955280031985290545e+00 8.488317268524657067e+00 1.127609557827739195e+01 6.571433434019415820e+00
1.090149704743879688e+01 3.971900215935984857e+00 8.514342900129001634e+00 1.132089045555212614e+01 6.567408211887197034e+00
1.095280561891261151e+01 3.988604915276803276e+00 8.540193798021711302e+00 1.136552849907858231e+01 6.563211468882092170e+00
1.100392991125144171e+01 4.005394669460554447e+00 8.565873651066963745e+00 1.141001078703863314e+01 6.558845999646051972e+00
1.105487199971504175e+01 4.022270017349972804e+00 8.591386090756577332e+00 1.145433839656850594e+01 6.554314547524358048e+00
1.110563394567187423e+01 4.039231497082226952e+00 8.616734691986952299e+00 1.149851240352594317e+01 6.549619805420000773e+00
1.115621779650535572e+01 4.056279645932995948e+00 8.641922973845922229e+00 1.154253388226949362e+01 6.544764416645437066e+00
1.120662558553544308e+01 4.073415000180080625e+00 8.666954400407609782e+00 1.158640390545043530e+01 6.539750975771071673e+00
1.125685933195545019e+01 4.090638094966519311e+00 8.691832381533446394e+00 1.163012354381617541e+01 6.534582029469644837e+00
1.130692104078209859e+01 4.107949464163218600e+00 8.716560273677304238e+00 1.167369386602417514e+01 6.529260077355798941e+00
1.135681270281839694e+01 4.125349640231063653e+00 8.741141380693365548e+00 1.171711593846668542e+01 6.523787572820430647e+00
1.140653629462824448e+01 4.142839154082519570e+00 8.765578954645196319e+00 1.176039082510551381e+01 6.518166923858871087e+00
1.145609377852167121e+01 4.160418534942701640e+00 8.789876196614669013e+00 1.180351958731596085e+01 6.512400493892952724e+00
1.150548710255042195e+01 4.178088310209933098e+00 8.814036257509632932e+00 1.184650328373999706e+01 6.506490602585778937e+00
1.155471820051252330e+01 4.195849005315765545e+00 8.838062238869161646e+00 1.188934297014820274e+01 6.500439526649609334e+00
1.160378899196566671e+01 4.213701143584507314e+00 8.861957193665514154e+00 1.193203969930969244e+01 6.494249500645667972e+00
1.165270138224844487e+01 4.231645246092217150e+00 8.885724127101816805e+00 1.197459452086991405e+01 6.487922717776154258e+00
1.170145726250885332e+01 4.249681831525236042e+00 8.909365997404762538e+00 1.201700848123612708e+01 6.481461330667896092e+00
1.175005850973977672e+01 4.267811416038211902e+00 8.932885716611668414e+00 1.205928262346979984e+01 6.474867452147250013e+00
1.179850698682046328e+01 4.286034513111691702e+00 8.956286151350884239e+00 1.210141798718574435e+01 6.468143156006490813e+00
1.184680454256399251e+01 4.304351633409259748e+00 8.979570123615602029e+00 1.214341560845795343e+01 6.461290477760717188e+00
1.189495301176987674e+01 4.322763284634276282e+00 9.002740411530970377e+00 1.218527651973143300e+01 6.454311415396095875e+00
1.194295421528160972e+01 4.341269971386229720e+00 9.025799750112271980e+00 1.222700174973979159e+01 6.447207930108149299e+00
1.199080996004871835e+01 4.359872195016745167e+00 9.048750832014590628e+00 1.226859232342868467e+01 6.439981947031125920e+00
1.203852203919280583e+01 4.378570453485275848e+00 9.071596308274498810e+00 1.231004926188443527e+01 6.432635355957325274e+00
1.208609223207749395e+01 4.397365241214518328e+00 9.094338789043506566e+00 1.235137358226760895e+01 6.425170012046980794e+00
1.213352230438167290e+01 4.416257048945599450e+00 9.116980844311649790e+00 1.239256629775164420e+01 6.417587736528410858e+00
1.218081400817594329e+01 4.435246363593066121e+00 9.139525004621710025e+00 1.243362841746598235e+01 6.409890317388148517e+00
1.222796908200188959e+01 4.454333668099735632e+00 9.161973761773886338e+00 1.247456094644343949e+01 6.402079510051646771e+00
1.227498925095389737e+01 4.473519441291455401e+00 9.184329569520922831e+00 1.251536488557196414e+01 6.394157038053623232e+00
1.232187622676336680e+01 4.492804157731825399e+00 9.206594844253395138e+00 1.255604123155028162e+01 6.386124593699165963e+00
1.236863170788494593e+01 4.512188287576922363e+00 9.228771965674972932e+00 1.259659097684717999e+01 6.377983838714393450e+00
1.241525737958470366e+01 4.531672296430117264e+00 9.250863277467654910e+00 1.263701510966457775e+01 6.369736404887854420e+00
1.246175491402996371e+01 4.551256645197012674e+00 9.272871087946915836e+00 1.267731461390397030e+01 6.361383894701774899e+00
1.250812597038061291e+01 4.570941789940579980e+00 9.294797670706781645e+00 1.271749046913596715e+01 6.352927881953732481e+00
1.255437219488174883e+01 4.590728181736561275e+00 9.316645265254610564e+00 1.275754365057313677e+01 6.344369912368742703e+00
1.260049522095746433e+01 4.610616266529210527e+00 9.338416077636049195e+00 1.279747512904572027e+01 6.335711504201455568e+00
1.264649666930562688e+01 4.630606484987424665e+00 9.360112281049477900e+00 1.283728587098003260e+01 6.326954148829245561e+00
1.269237814799350694e+01 4.650699272361354275e+00 9.381736016450448190e+00 1.287697683837967766e+01 6.318099311335300783e+00
1.273814125255412044e+01 4.670895058339564976e+00 9.403289393146090802e+00 1.291654898880926972e+01 6.309148431082934216e+00
1.278378756608318234e+01 4.691194266906816956e+00 9.424774489379421638e+00 1.295600327538042684e+01 6.300102922280027329e+00
1.282931865933648474e+01 4.711597316202555952e+00 9.446193352903671681e+00 1.299534064674020861e+01 6.290964174534767750e+00
1.287473609082769599e+01 4.732104618380182259e+00 9.467548001546690628e+00 1.303456204706168187e+01 6.281733553401987358e+00
1.292004140692637293e+01 4.752716579467188396e+00 9.488840423765450893e+00 1.307366841603646002e+01 6.272412400920615028e+00
1.296523614195616858e+01 4.773433599226244439e+00 9.510072579190829600e+00 1.311266068886930825e+01 6.263002036141791073e+00
1.301032181829309664e+01 4.794256071017312770e+00 9.531246399162803584e+00 1.315153979627459080e+01 6.253503755649039597e+00
1.305529994646379066e+01 4.815184381660889024e+00 9.552363787255723437e+00 1.319030666447441469e+01 6.243918834070796287e+00
1.310017202524369218e+01 4.836218911302456291e+00 9.573426619794412673e+00 1.322896221519851245e+01 6.234248524582384654e+00
1.314493954175506829e+01 4.857360033278219191e+00 9.594436746360734958e+00 1.326750736568572187e+01 6.224494059399159340e+00
1.318960397156480191e+01 4.878608113982238592e+00 9.615395990290814154e+00 1.330594302868691692e+01 6.214656650262380566e+00
1.323416677878189773e+01 4.899963512735030058e+00 9.636306149163159418e+00 1.334427011246939543e+01 6.204737488917625221e+00
1.327862941615465076e+01 4.921426581653742360e+00 9.657168995277663370e+00 1.338248952082265042e+01 6.194737747584981413e+00
1.332299332516739732e+01 4.942997665523978235e+00 9.677986276125656318e+00 1.342060215306537607e+01 6.184658579420879043e+00
1.336725993613683805e+01 4.964677101673388826e+00 9.698759714851110658e+00 1.345860890405370114e+01 6.174501118971917890e+00
1.341143066830781905e+01 4.986465219847088903e+00 9.719491010703126932e+00 1.349651066419059831e+01 6.164266482621240328e+00
