2.017037951613774194e+00 2.009241200016058659e+00 1.999546051423699566e+00 2.004072249616594803e+00 2.005739319835977419e+00
2.034350471729764021e+00 2.018642426297133863e+00 1.999300231581589982e+00 2.008216436890039258e+00 2.011700156973036169e+00
2.051916128716384957e+00 2.028192071028499743e+00 1.999253179413504222e+00 2.012433225727141117e+00 2.017868936937629698e+00
2.069715196173477878e+00 2.037879491856604552e+00 1.999396247465789367e+00 2.016723432626079227e+00 2.024233314781064053e+00
2.087729571777042104e+00 2.047694967381690656e+00 1.999721477355031363e+00 2.021088026224142187e+00 2.030782118218931842e+00
2.105942699898174730e+00 2.057629654988664569e+00 2.000221575320435097e+00 2.025528127351103880e+00 2.037505293823198560e+00
2.124339498029643281e+00 2.067675550981712629e+00 2.000889888019638629e+00 2.030045009600102812e+00 2.044393856253389874e+00
2.142906286942575456e+00 2.077825452945520901e+00 2.001720378702123160e+00 2.034640100427053344e+00 2.051439840424002181e+00
2.161630724545581916e+00 2.088072924283661980e+00 2.002707603874182674e+00 2.039314982794002695e+00 2.058636256561867661e+00
2.180501743396314307e+00 2.098412260879445324e+00 2.003846690552667731e+00 2.044071397374696897e+00 2.065977048089536083e+00
2.199509491816569628e+00 2.108838459832650170e+00 2.005133314190291394e+00 2.048911245343959298e+00 2.073457052278896651e+00
2.218645278561286016e+00 2.119347190228956901e+00 2.006563677343362606e+00 2.053836591775704434e+00 2.081071963626834886e+00
2.237901520997819471e+00 2.129934765907029792e+00 2.008134489142699319e+00 2.058849669678895378e+00 2.088818299908967724e+00
2.257271696750942525e+00 2.140598120192886533e+00 2.009842945620474275e+00 2.063952884704137514e+00 2.096693370875240436e+00
2.276750298779481430e+00 2.151334782579545912e+00 2.011686710939349254e+00 2.069148820559091995e+00 2.104695249559618730e+00
2.296332793853579357e+00 2.162142857337216117e+00 2.013663899565403703e+00 2.074440245175114939e+00 2.112822746184374267e+00
2.316015584413028350e+00 2.173021004047777982e+00 2.015773059422991675e+00 2.079830117673464152e+00 2.121075384648694495e+00
2.335795973796522151e+00 2.183968420067360583e+00 2.018013156067594238e+00 2.085321596185552462e+00 2.129453381602219864e+00
2.355672134842667020e+00 2.194984824929844702e+00 2.020383557911980876e+00 2.090918046587891599e+00 2.137957628115914943e+00
2.375643081879896368e+00 2.206070446717471878e+00 2.022884022541814097e+00 2.096623052220629724e+00 2.146589673974978574e+00
2.395708646134204312e+00 2.217226010435116468e+00 2.025514684156863865e+00 2.102440424665745766e+00 2.155351714631781768e+00
2.415869454605588551e+00 2.228452728441454145e+00 2.028276042177319827e+00 2.108374215671133811e+00 2.164246580874118919e+00
2.436126912479537499e+00 2.239752293003635764e+00 2.031168951066405715e+00 2.114428730316156635e+00 2.173277731279330105e+00
2.456483189165461933e+00 2.251126871062349988e+00 2.034194611406828557e+00 2.120608541525717872e+00 2.182449247543881921e+00
2.476941208077187540e+00 2.262579101312099272e+00 2.037354562296795457e+00 2.126918506053051328e+00 2.191765832800845804e+00
2.497504640298358503e+00 2.274112093726539108e+00 2.040650675125184055e+00 2.133363782064151781e+00 2.201232813059134763e+00
2.518177902309368665e+00 2.285729431683105162e+00 2.044085148800133034e+00 2.139949848474297145e+00 2.210856141925108709e+00
2.538966157983975958e+00 2.297435176872522522e+00 2.047660506515688095e+00 2.146682526202625230e+00 2.220642408797692369e+00
2.559875325108956989e+00 2.309233877212501174e+00 2.051379594153541319e+00 2.153568001532010445e+00 2.230598850760176610e+00
2.580912086719796772e+00 2.321130578024713564e+00 2.055245580433414432e+00 2.160612851782594657e+00 2.240733368428911021e+00
2.602083907601774548e+00 2.333130836781436290e+00 2.059261958941617010e+00 2.167824073531489315e+00 2.251054546061616701e+00
2.623399056360517623e+00 2.345240741779579974e+00 2.063432552188398272e+00 2.175209113640372838e+00 2.261571676275874410e+00
2.644866633533025091e+00 2.357466935166354638e+00 2.067761517868498711e+00 2.182775903380456572e+00 2.272294789780559654e+00
2.666496606287663607e+00 2.369816640809437658e+00 2.072253357525607687e+00 2.190532895982411965e+00 2.283234690583748172e+00
2.688299850342030783e+00 2.382297697596835739e+00 2.076912927855311342e+00 2.198489107973444323e+00 2.294402997211308470e+00
2.710288199833420730e+00 2.394918598847426416e+00 2.081745454914337046e+00 2.206654164709023203e+00 2.305812190545382556e+00
2.732474505978140122e+00 2.407688538640802900e+00 2.086756551549943328e+00 2.215038350553717450e+00 2.317475668979321668e+00
2.754872705494050056e+00 2.420617466011889984e+00 2.091952238410859533e+00 2.223652664216265951e+00 2.329407811689162777e+00
2.777497899896981703e+00 2.433716148133887813e+00 2.097338968961669270e+00 2.232508879806686330e+00 2.341624050929131950e+00
2.800366446951744415e+00 2.446996243811685456e+00 2.102923658988979483e+00 2.241619614240280889e+00 2.354140954384093209e+00
2.823496065748468897e+00 2.460470388858889468e+00 2.108713721167886579e+00 2.250998401691022721e+00 2.366976318758188480e+00
2.846905957079592042e+00 2.474152295224144371e+00 2.114717105353770776e+00 2.260659775864771071e+00 2.380149275930573793e+00
2.870616941048626636e+00 2.488056866089490171e+00 2.120942345371537030e+00 2.270619360947216947e+00 2.393680413182694977e+00
2.894651614090065106e+00 2.502200329600596795e+00 2.127398613214277479e+00 2.280893972166477823e+00 2.407591909193942836e+00
2.919034527903606069e+00 2.516600394401488749e+00 2.134095781709255402e+00 2.291501726990750942e+00 2.421907687705240786e+00
2.943792393109352368e+00 2.531276430804774602e+00 2.141044496902891670e+00 2.302462168077751503e+00 2.436653590963044902e+00
2.968954310798582519e+00 2.546249682178329365e+00 2.148256261634075237e+00 2.313796399158749129e+00 2.451857575274143386e+00
2.994552035518322608e+00 2.561543512116559285e+00 2.155743532029464671e+00 2.325527235123066028e+00 2.467549931221225457e+00
3.020620273581243076e+00 2.577183694084822285e+00 2.163519828975986936e+00 2.337679367603111125e+00 2.483763531267008329e+00
3.047197020960377589e+00 2.593198751696356830e+00 2.171599866991262839e+00 2.350279547375095479e+00 2.500534107609016843e+00
3.074323945250418078e+00 2.609620359470746553e+00 2.179999703379488896e+00 2.363356784849690584e+00 2.517900563205467623e+00
3.102046816359674164e+00 2.626483816099605129e+00 2.188736911090168213e+00 2.376942569786206327e+00 2.535905318765387051e+00
3.130415990425484907e+00 2.643828604774536295e+00 2.197830779367406784e+00 2.391071111138374672e+00 2.554594698142517384e+00
3.159486950976281072e+00 2.661699058292119613e+00 2.207302547036513296e+00 2.405779597496931821e+00 2.574019353883126193e+00
3.189320910205764026e+00 2.680145150331441961e+00 2.217175674214944436e+00 2.421108477964666772e+00 2.594234733392656089e+00
3.219985471125593524e+00 2.699223438647435636e+00 2.227476159348132256e+00 2.437101762306116193e+00 2.615301584155711456e+00
3.251555347891953218e+00 2.718998190884804877e+00 2.238232909691594497e+00 2.453807337798480592e+00 2.637286493303761858e+00
3.284113135974580988e+00 2.739542728851874109e+00 2.249478175290899884e+00 2.471277298211378870e+00 2.660262452108397291e+00
3.317750115389441756e+00 2.760941032621976543e+00 2.261248057347185814e+00 2.489568277561788001e+00 2.684309429163654670e+00
3.352567057579962206e+00 2.783289648921462689e+00 2.273583104980263947e+00 2.508741777545878460e+00 2.709514926426361381e+00
3.388674988549105205e+00 2.806699949219483958e+00 2.286529015658567143e+00 2.528864472573063793e+00 2.735974479040376828e+00
3.426195835393621270e+00 2.831300775446771834e+00 2.300137457022624066e+00 2.550008469905684638e+00 2.763792042179800124e+00
3.465262850279182683e+00 2.857241489313225191e+00 2.314467029538264331e+00 2.572251494167884900e+00 2.793080185894751821e+00
3.506020661921332771e+00 2.884695392549703641e+00 2.329584390343752975e+00 2.595676955837949329e+00 2.823959990817396903e+00
3.548624753214173477e+00 2.913863390006503629e+00 2.345565557718408023e+00 2.620373851580034330e+00 2.856560506469090654e+00
3.593240107352554613e+00 2.944977595277791682e+00 2.362497411106294187e+00 2.646436431836725056e+00 2.891017602044184898e+00
3.640038714455748448e+00 2.978304287032764730e+00 2.380479390870357204e+00 2.673963558813636787e+00 2.927472013719377042e+00
3.689195606875521616e+00 3.014145167471706355e+00 2.399625380340427050e+00 2.703057668230928634e+00 2.966066385974121644e+00
3.740883122894651969e+00 3.052835225853567813e+00 2.420065713553582576e+00 2.733823244714466583e+00 3.006941131261036126e+00
3.795263227138403028e+00 3.094734737002506009e+00 2.441949185155596336e+00 2.766364728282741936e+00 3.050229015984696535e+00
3.852477980263510293e+00 3.140212317321363855e+00 2.465444830013322708e+00 2.800783794599081222e+00 3.096048538408449513e+00
3.912638665220260936e+00 3.189616206939859477e+00 2.490743074095287390e+00 2.837176000561944633e+00 3.144496402324437945e+00
3.975814600734207005e+00 3.243233128408792521e+00 2.518055619606671236e+00 2.875626863115916088e+00 3.195639687522859429e+00
4.042023175361512344e+00 3.301239105327916423e+00 2.547613119487410760e+00 2.916207542539731357e+00 3.249508611875160824e+00
4.111222908990563418e+00 3.363653698037569750e+00 2.579659369367254484e+00 2.958970420324328110e+00 3.306090968741916658e+00
4.183311176886719274e+00 3.430314195549184486e+00 2.614440531029583514e+00 3.003944974577481553e+00 3.365329295139661614e+00
4.258127520586608483e+00 3.500883537335662155e+00 2.652188083128746765e+00 3.051134430203195080e+00 3.427121512268026748e+00
4.335462358629420976e+00 3.574893310866586127e+00 2.693095167910430021e+00 3.100513662283764127e+00 3.491325211227985115e+00
4.415069763397160507e+00 3.651807962598814239e+00 2.737288105072535060e+00 3.152028735137636151e+00 3.557765081575365862e+00
4.496682202362052294e+00 3.731089097069060667e+00 2.784797888743633099e+00 3.205598267513701582e+00 3.626242410494202151e+00
4.580025004955153634e+00 3.812243358264429283e+00 2.835539243989331215e+00 3.261116560505151529e+00 3.696545295750056859e+00
4.664828768602089504e+00 3.894848161575447776e+00 2.889305156425987064e+00 3.318458167528003600e+00 3.768458279175703751e+00
4.750838694627617542e+00 3.978558483236383836e+00 2.945781114996446792e+00 3.377483390902333849e+00 3.841770446599502620e+00
4.837820629972907405e+00 4.063101585565042306e+00 3.004576597429596152e+00 3.438044102654364664e+00 3.916281501858836833e+00
4.925564166104215325e+00 4.148266113312182313e+00 3.065265248579311930e+00 3.499989318646348213e+00 3.991805753297386072e+00
5.013883443113389404e+00 4.233889909912890381e+00 3.127423327076009674e+00 3.563170080142530338e+00 4.068174254708424087e+00
5.102616368319769613e+00 4.319848849777889299e+00 3.190658777445480432e+00 3.627443369755351643e+00 4.145235494372864871e+00
5.191622874583428526e+00 4.406047569623761540e+00 3.254628170511378205e+00 3.692674962360380508e+00 4.222855053217652532e+00
5.280782698861362867e+00 4.492412202388495146e+00 3.319042815951205316e+00 3.758741252305790148e+00 4.300914604328295532e+00
5.369993013127276171e+00 4.578884872349598290e+00 3.383667285460252749e+00 3.825530190863863034e+00 4.379310545805908284e+00
5.459166115644315198e+00 4.665419608128020812e+00 3.448313702912213952e+00 3.892941513056616287e+00 4.457952476797991004e+00
5.548227298609440972e+00 4.751979342255308048e+00 3.512834365349580601e+00 3.960886440757514837e+00 4.536761656755757599e+00
5.637112945764477523e+00 4.838533719776542341e+00 3.577114293180751137e+00 4.029287032453259698e+00 4.615669534535135732e+00
5.725768874272954889e+00 4.925057499265914629e+00 3.641064527861460398e+00 4.098075321160454365e+00 4.694616395668120390e+00
5.814148912338491293e+00 5.011529383696035289e+00 3.704616484758028516e+00 4.167192349576835930e+00 4.773550150043444518e+00
5.902213692158715830e+00 5.097931161855807858e+00 3.767717383506544060e+00 4.236587181081551634e+00 4.852425265320281511e+00
5.989929632898598477e+00 5.184247073923616611e+00 3.830326644017164828e+00 4.306215939424029138e+00 4.931201841050818935e+00
6.077268087444026357e+00 5.270463339029061167e+00 3.892413090042652790e+00 4.376040909684602909e+00 5.009844812712910489e+00
6.164204628119136053e+00 5.356567800213726471e+00 3.953952801039967824e+00 4.446029718152348487e+00 5.088323272128789654e+00
6.250718449023876744e+00 5.442549654820846072e+00 4.014927471420929095e+00 4.516154598245858409e+00 5.166609889970259495e+00
6.336791865512862998e+00 5.528399247362463242e+00 4.075323160638424369e+00 4.586391742699416518e+00 5.244680426453335542e+00
6.422409894206634107e+00 5.614107908347173215e+00 4.135129341384478074e+00 4.656720737940411858e+00 5.322513317378803066e+00
6.507559899581338847e+00 5.699667827142778975e+00 4.194338173878279008e+00 4.727124074187566194e+00 5.400089324032175675e+00
6.592231295534008773e+00 5.785071950229538906e+00 4.252943951077335250e+00 4.797586723691289912e+00 5.477391236900732707e+00
6.676415292347245511e+00 5.870313898551103193e+00 4.310942673183187246e+00 4.868095779260132261e+00 5.554403624569526521e+00
6.760104681186973608e+00 5.955387899356974657e+00 4.368331719710268679e+00 4.938640145463887521e+00 5.631112620451936834e+00
6.843293649690298963e+00 6.040288729155765424e+00 4.425109595539792551e+00 5.009210275434210935e+00 5.707505741164256463e+00
6.925977623375954018e+00 6.125011665270804428e+00 4.481275733094604696e+00 5.079797946863168434e+00 5.783571731354972378e+00
7.008153128572599755e+00 6.209552444138543237e+00 4.536830337233359600e+00 5.150396071523402952e+00 5.859300430664644566e+00
7.089817673345072180e+00 6.293907224955043844e+00 4.591774262770648818e+00 5.220998533346607573e+00 5.934682659217438427e+00
7.170969643537576488e+00 6.378072557619630878e+00 4.646108917004232453e+00 5.291600050766675167e+00 6.009710118652542121e+00
7.251608211571440421e+00 6.462045354177555545e+00 4.699836181486414688e+00 5.362196059639575907e+00 6.084375306220068502e+00
7.331733256056748083e+00 6.545822863150728921e+00 4.752958348667684518e+00 5.432782613593113652e+00 6.158671439884941812e+00
7.411345290609865799e+00 6.629402646284983547e+00 4.805478070090837051e+00 5.503356299130642171e+00 6.232592392733494968e+00
7.490445400568011891e+00 6.712782557345171597e+00 4.857398313556548608e+00 5.573914163223234297e+00 6.306132635266678221e+00
7.569035186486723354e+00 6.795960722669209808e+00 4.908722327407489594e+00 5.644453651466450061e+00 6.379287184402400612e+00
7.647116713513383957e+00 6.878935523252591722e+00 4.959453610325786244e+00 5.714972555195944715e+00 6.452051558207362980e+00
7.724692465868293390e+00 6.961705578174028020e+00 5.009595885565802931e+00 5.785468966186282813e+00 6.524421735535488764e+00
7.801765305790361538e+00 7.044269729214168052e+00 5.059153078699083927e+00 5.855941237784223041e+00 6.596394119894453567e+00
7.878338436403786282e+00 7.126627026542287524e+00 5.108129298193054169e+00 5.926387951507713581e+00 6.667965506965622957e+00
7.954415368045028245e+00 7.208776715366731480e+00 5.156528818278634851e+00 5.996807888290942579e+00 6.739133055288553997e+00
8.029999887656957824e+00 7.290718223462016034e+00 5.204356063689024481e+00 6.067200003684955156e+00 6.809894259708023867e+00
8.105096030913678362e+00 7.372451149497150524e+00 5.251615595938099013e+00 6.137563406430650126e+00 6.880246927238736987e+00
8.179708056786534343e+00 7.453975252100763171e+00 5.298312100880068876e+00 6.207897339911445656e+00 6.950189155054023793e+00
8.253840424302593348e+00 7.535290439606300517e+00 5.344450377345451031e+00 6.278201166068172689e+00 7.019719310350267527e+00
8.327497771264191329e+00 7.616396760427239343e+00 5.390035326690809647e+00 6.348474351423601725e+00 7.088836011873679510e+00
8.400684894768739142e+00 7.697294394018146413e+00 5.435071943132842698e+00 6.418716454918292236e+00 7.157538112927515073e+00
8.473406733331314555e+00 7.777983642382309881e+00 5.479565304763544198e+00 6.488927117290228530e+00 7.225824685701895511e+00
8.545668350474995734e+00 7.858464922084118065e+00 5.523520565163306806e+00 6.559106051815981608e+00 7.293695006790602342e+00
8.617474919661518129e+00 7.938738756745299163e+00 5.566942945545392263e+00 6.629253036185673409e+00 7.361148543776592668e+00
8.688831710439234968e+00 8.018805769984012954e+00 5.609837727375682981e+00 6.699367905385273936e+00 7.428184942783895295e+00
8.759744075710575117e+00 8.098666678771035521e+00 5.652210245423726853e+00 6.769450545439544165e+00 7.494804016905614041e+00
8.830217440020483366e+00 8.178322287181986283e+00 5.694065881208407731e+00 6.839500887903755100e+00 7.561005735429331409e+00
8.900257288787347676e+00 8.257773480517395015e+00 5.735410056806978574e+00 6.909518905005900713e+00 7.626790213791831974e+00
8.969869158395907149e+00 8.337021219770480940e+00 5.776248229001701873e+00 6.979504605353440638e+00 7.692157704193011369e+00
9.039058627088309095e+00 8.416066536421594080e+00 5.816585883742179774e+00 7.049458030134061026e+00 7.757108586830109509e+00
9.107831306586803066e+00 8.494910527540364242e+00 5.856428530904806529e+00 7.119379249745625415e+00 7.821643361692740548e+00
9.176192834395529019e+00 8.573554351177419264e+00 5.895781699332841796e+00 7.189268360803641400e+00 7.885762640871114115e+00
9.244148866725931057e+00 8.651999222028283754e+00 5.934650932143405555e+00 7.259125483477525620e+00 7.949467141349781052e+00
9.311705072002004258e+00 8.730246407354727012e+00 5.973041782288979640e+00 7.328950759117215163e+00 8.012757678242152792e+00
9.378867124898818020e+00 8.808297223147949495e+00 6.010959808362704493e+00 7.398744348133709181e+00 8.075635158439304462e+00
9.445640700877442342e+00 8.886153030519800211e+00 6.048410570638147910e+00 7.468506428104157990e+00 8.138100574641116580e+00
9.512031471176955577e+00 8.963815232308721903e+00 6.085399627335426054e+00 7.538237192074632276e+00 8.200154999744460937e+00
9.578045098232246701e+00 9.041285269888593490e+00 6.121932531106936359e+00 7.607936847037693795e+00 8.261799581564147843e+00
9.643687231484229017e+00 9.118564620168346124e+00 6.158014825737302189e+00 7.677605612564860849e+00 8.323035537864669209e+00
9.708963503555743557e+00 9.195654792771431829e+00 6.193652043053696765e+00 7.747243719576126786e+00 8.383864151681995835e+00
9.773879526764680747e+00 9.272557327384957304e+00 6.228849700044564841e+00 7.816851409231611925e+00 8.444286766917587173e+00
9.838440889951431956e+00 9.349273791268773337e+00 6.263613296186941959e+00 7.886428931931400044e+00 8.504304784187201705e+00
9.902653155596238932e+00 9.425805776915227696e+00 6.297948310985164611e+00 7.955976546412280470e+00 8.563919656908284495e+00
9.966521857206791069e+00 9.502154899850745906e+00 6.331860201726253301e+00 8.025494518930472054e+00 8.623132887611710373e+00
1.003005249695505974e+01 9.578322796571498543e+00 6.365354401458634293e+00 8.094983122521659524e+00 8.681946024464171074e+00
1.009325054354643036e+01 9.654311122605127693e+00 6.398436317197811363e+00 8.164442636329848568e+00 8.740360657988333060e+00
1.015612143030299919e+01 9.730121550691368526e+00 6.431111328349067513e+00 8.233873344998221100e+00 8.798378417969548337e+00
1.021867055344647035e+01 9.805755769074577799e+00 6.463384785304747915e+00 8.303275538115453713e+00 8.856000970537694528e+00
1.028090327056490771e+01 9.881215479901984011e+00 6.495262008122150377e+00 8.372649509711992621e+00 8.913230015414164598e+00
1.034282489925079673e+01 9.956502397721322950e+00 6.526748285145039574e+00 8.441995557801293515e+00 8.970067283314428153e+00
1.040444071589680775e+01 1.003161824807213343e+01 6.557848871446871897e+00 8.511313983961589003e+00 9.026514533497286052e+00
1.046575595463835562e+01 1.010656476616533084e+01 6.588568987060658522e+00 8.580605092954249002e+00 9.082573551452309601e+00
1.052677580643120336e+01 1.018134369564594799e+01 6.618913815057584138e+00 8.649869192375184923e+00 9.138246146717914797e+00
1.058750541825464708e+01 1.025595678743422923e+01 6.648888499579769906e+00 8.719106592336240524e+00 9.193534150822545215e+00
1.064794989243010015e+01 1.033040579864031905e+01 6.678498143920563734e+00 8.788317605173620706e+00 9.248439415342136982e+00
1.070811428604690363e+01 1.040469249154854126e+01 6.707747808712564819e+00 8.857502545181009879e+00 9.302963810067380379e+00
1.076800361048648647e+01 1.047881863266702318e+01 6.736642510254135630e+00 8.926661728364932102e+00 9.357109221274752642e+00
1.082762283103780554e+01 1.055278599183888844e+01 6.765187218985958317e+00 8.995795472220512679e+00 9.410877550095484878e+00
1.088697686659641128e+01 1.062659634141133402e+01 6.793386858118513949e+00 9.064904095525657013e+00 9.464270710977249479e+00
1.094607058944094291e+01 1.070025145545934464e+01 6.821246302405912232e+00 9.133987918152081775e+00 9.517290630233368631e+00
1.100490882508058732e+01 1.077375310906069927e+01 6.848770377059016923e+00 9.203047260891711545e+00 9.569939244674829482e+00
1.106349635216816196e+01 1.084710307761927339e+01 6.875963856789896411e+00 9.272082445297067821e+00 9.622218500320590451e+00
1.112183790247111048e+01 1.092030313623377680e+01 6.902831464979341192e+00 9.341093793534458456e+00 9.674130351181933207e+00
1.117993816090043424e+01 1.099335505910927324e+01 6.929377872959450180e+00 9.410081628248871510e+00 9.725676758116820864e+00
1.123780176558887689e+01 1.106626061900890257e+01 6.955607699403471678e+00 9.479046272439587639e+00 9.776859687750567574e+00
1.129543330801386958e+01 1.113902158674337706e+01 6.981525509815618591e+00 9.547988049345631723e+00 9.827681111459192209e+00
1.135283733316337695e+01 1.121163973069605646e+01 7.007135816113812865e+00 9.616907282339763441e+00 9.878143004412093475e+00
1.141001833973977320e+01 1.128411681638145936e+01 7.032443076298934947e+00 9.685804294831520167e+00 9.928247344670868557e+00
1.146698078039858615e+01 1.135645460603517165e+01 7.057451694204322834e+00 9.754679410177267584e+00 9.977996112341294577e+00
1.152372906201843783e+01 1.142865485823323013e+01 7.082166019319812378e+00 9.823532951597096385e+00 1.002739128877558095e+01
1.158026754599945285e+01 1.150071932753929893e+01 7.106590346684519055e+00 9.892365242098382083e+00 1.007643485582223697e+01
1.163660054858770465e+01 1.157264976417786073e+01 7.130728916844731202e+00 9.961176604405002522e+00 1.012512879512105890e+01
1.169273234122232275e+01 1.164444791373186305e+01 7.154585915867756718e+00 1.002996736089196617e+01 1.017347508744074069e+01
1.174866715090331404e+01 1.171611551686331332e+01 7.178165475415762664e+00 1.009873783352502663e+01 1.022147571205693595e+01
1.180440916057818157e+01 1.178765430905551170e+01 7.201471672865448426e+00 1.016748834380471855e+01 1.026913264616855770e+01
1.185996250954439724e+01 1.185906602037553625e+01 7.224508531475817286e+00 1.023621921271469226e+01 1.031644786435029992e+01
1.191533129386646550e+01 1.193035237525503511e+01 7.247280020599212946e+00 1.030493076067380365e+01 1.036342333803948179e+01
1.197051956680576978e+01 1.200151509228940583e+01 7.269790055930938522e+00 1.037362330749173900e+01 1.041006103505538505e+01
1.202553133926115159e+01 1.207255588405457480e+01 7.292042499795473809e+00 1.044229717232794918e+01 1.045636291914935434e+01
1.208037058021898602e+01 1.214347645693741740e+01 7.314041161465449470e+00 1.051095267365348107e+01 1.050233094958404756e+01
1.213504121721134688e+01 1.221427851098209949e+01 7.335789797510905430e+00 1.057959012921560493e+01 1.054796708074028011e+01
1.218954713678071755e+01 1.228496373974966005e+01 7.357292112176036625e+00 1.064820985600498915e+01 1.059327326175003847e+01
1.224389218495022646e+01 1.235553383019078666e+01 7.378551757780996923e+00 1.071681217022512911e+01 1.063825143615460611e+01
1.229808016769823809e+01 1.242599046252999173e+01 7.399572335146348045e+00 1.078539738726396280e+01 1.068290354158477840e+01
1.235211485143616095e+01 1.249633531016160504e+01 7.420357394038023635e+00 1.085396582166743684e+01 1.072723150946474568e+01
1.240599996348862888e+01 1.256657003955571028e+01 7.440910433630770981e+00 1.092251778711482579e+01 1.077123726473695520e+01
1.245973919257510154e+01 1.263669631017426020e+01 7.461234902988143958e+00 1.099105359639577451e+01 1.081492272560683432e+01
1.251333618929207248e+01 1.270671577439594202e+01 7.481334201557253927e+00 1.105957356138877579e+01 1.085828980330520821e+01
1.256679456659512084e+01 1.277663007744986601e+01 7.501211679676658584e+00 1.112807799304107093e+01 1.090134040186992692e+01
1.262011790028012825e+01 1.284644085735686758e+01 7.520870639095819321e+00 1.119656720134981320e+01 1.094407641794431463e+01
1.267330972946299816e+01 1.291614974487842638e+01 7.540314333504661626e+00 1.126504149534436650e+01 1.098649974059098433e+01
1.272637355705730222e+01 1.298575836347220580e+01 7.559545969071930216e+00 1.133350118306965548e+01 1.102861225112178367e+01
1.277931285024928520e+01 1.305526832925413139e+01 7.578568704991069716e+00 1.140194657157049285e+01 1.107041582294130322e+01
1.283213104096975066e+01 1.312468125096621030e+01 7.597385654032443369e+00 1.147037796687673783e+01 1.111191232140497220e+01
1.288483152636237783e+01 1.319399872994992329e+01 7.615999883100839973e+00 1.153879567398927541e+01 1.115310360368926723e+01
1.293741766924799741e+01 1.326322236012456912e+01 7.634414413797238730e+00 1.160719999686667236e+01 1.119399151867478004e+01
1.298989279858451340e+01 1.333235372797034657e+01 7.652632222983894117e+00 1.167559123841248336e+01 1.123457790684077295e+01
1.304226020992205726e+01 1.340139441251565522e+01 7.670656243351889891e+00 1.174396970046310607e+01 1.127486460017073533e+01
1.309452316585305809e+01 1.347034598532840199e+01 7.688489363990323788e+00 1.181233568377618326e+01 1.131485342206863365e+01
1.314668489645700333e+01 1.353921001051088169e+01 7.706134430956414150e+00 1.188068948801939584e+01 1.135454618728469001e+01
1.319874859973951864e+01 1.360798804469800061e+01 7.723594247845805505e+00 1.194903141175968209e+01 1.139394470185116326e+01
1.325071744206557156e+01 1.367668163705848805e+01 7.740871576362443385e+00 1.201736175245279625e+01 1.143305076302649148e+01
1.330259455858661788e+01 1.374529232929887712e+01 7.757969136887411743e+00 1.208568080643313714e+01 1.147186615924845476e+01
1.335438305366139389e+01 1.381382165566993869e+01 7.774889609046260475e+00 1.215398886890383778e+01 1.151039267009502787e+01
1.340608600127023742e+01 1.388227114297536602e+01 7.791635632274280354e+00 1.222228623392705060e+01 1.154863206625307726e+01
1.345770644542277061e+01 1.395064231058245952e+01 7.808209806379107221e+00 1.229057319441440477e+01 1.158658610949435186e+01
1.350924740055875439e+01 1.401893667043455594e+01 7.824614692100482216e+00 1.235885004211756133e+01 1.162425655265822044e+01
1.356071185194197248e+01 1.408715572706505981e+01 7.840852811666637834e+00 1.242711706761889268e+01 1.166164513964125504e+01
1.361210275604711661e+01 1.415530097761280715e+01 7.856926649347081515e+00 1.249537456032217086e+01 1.169875360539272613e+01
1.366342304093941706e+01 1.422337391183861932e+01 7.872838652001101778e+00 1.256362280844332346e+01 1.173558367591644291e+01
1.371467560664700258e+01 1.429137601214283215e+01 7.888591229622261558e+00 1.263186209900113077e+01 1.177213706827785877e+01
1.376586332552593461e+01 1.435930875358365277e+01 7.904186755878026993e+00 1.270009271780791238e+01 1.180841549061690188e+01
1.381698904261770799e+01 1.442717360389615422e+01 7.919627568644681759e+00 1.276831494946013912e+01 1.184442064216576718e+01
1.386805557599925010e+01 1.449497202351177805e+01 7.934915970537202767e+00 1.283652907732893667e+01 1.188015421327163956e+01
1.391906571712534912e+01 1.456270546557815493e+01 7.950054229433693109e+00 1.290473538355047722e+01 1.191561788542420786e+01
1.397002223116315633e+01 1.463037537597915794e+01 7.965044578994634250e+00 1.297293414901622732e+01 1.195081333128746337e+01
1.402092785731929858e+01 1.469798319335496650e+01 7.979889219176192761e+00 1.304112565336299667e+01 1.198574221473603174e+01
1.407178530915987835e+01 1.476553034912209306e+01 7.994590316738094060e+00 1.310931017496282358e+01 1.202040619089532925e+01
1.412259727492129535e+01 1.483301826749318231e+01 8.009150005745347300e+00 1.317748799091261169e+01 1.205480690618590067e+01
1.417336641781357898e+01 1.490044836549647300e+01 8.023570388064085179e+00 1.324565937702354468e+01 1.208894599837133832e+01
1.422409537631592968e+01 1.496782205299482804e+01 8.037853533851340160e+00 1.331382460781026111e+01 1.212282509660993668e+01
1.427478676446496486e+01 1.503514073270417484e+01 8.052001482038411595e+00 1.338198395647968830e+01 1.215644582150979858e+01
1.432544317213455543e+01 1.510240580021127244e+01 8.066016240808311366e+00 1.345013769491958655e+01 1.218980978518726133e+01
1.437606716530741835e+01 1.516961864399066329e+01 8.079899788066457589e+00 1.351828609368677725e+01 1.222291859132867664e+01
1.442666128633882394e+01 1.523678064542076527e+01 8.093654071905355352e+00 1.358642942199503878e+01 1.225577383525514819e+01
1.447722805421240366e+01 1.530389317879887123e+01 8.107281011062573484e+00 1.365456794770261695e+01 1.228837710399053762e+01
1.452776996478783289e+01 1.537095761135512539e+01 8.120782495372333543e+00 1.372270193729934640e+01 1.232072997633215827e+01
1.457828949104027849e+01 1.543797530326517986e+01 8.134160386210675497e+00 1.379083165589335636e+01 1.235283402292456678e+01
1.462878908329182970e+01 1.550494760766162194e+01 8.147416516933841280e+00 1.385895736719736604e+01 1.238469080633599440e+01
1.467927116943493537e+01 1.557187587064387557e+01 8.160552693310490824e+00 1.392707933351452354e+01 1.241630188113756716e+01
1.472973815514723128e+01 1.563876143128665852e+01 8.173570693946901500e+00 1.399519781572377575e+01 1.244766879398521198e+01
