1.663752813097099548e+01
8.594879185686366441e+00
4.122936257754139078e+00
6.284049095177518529e-01
2.902980802934710169e+00
1.536325418985420077e+00
2.462485493433237860e+00
2.809812988134674949e+00
6.289137667285880973e+00
3.124882709186937557e+00
1.050000000000000000e+01
0.000000000000000000e+00
1.000000000000000021e-03
0.000000000000000000e+00
1.607243543029729604e+00
1.674096778819555154e-01
9.829791668328843879e-02
3.404166633423127888e-03
2.112004641430340612e-01
8.206931633348375776e-02
1.000000000000000021e-03
0.000000000000000000e+00
1.000000000000000056e-01
0.000000000000000000e+00
4.508490693087400913e+00
4.791049134166859291e-01
1.176532155394331269e+01
1.994171449051578282e+00
1.365978484464178067e+01
2.605166360084411714e+00
1.585482780369443928e-02
8.943747921449574784e-03
2.232383138688668467e+01
1.225372276594631238e+01
7.000000000000000000e+00
0.000000000000000000e+00
3.598808277447887782e+00
7.792895476952670375e-01
1.498683391603639614e-01
2.531880254522126950e-01
