2.022996716913098236e+00 2.037244753158375943e+00 2.011730161100304670e+00 2.016773453202486799e+00 2.031147418716771735e+00
2.046237488470278976e+00 2.074844513432042348e+00 2.023678639434629556e+00 2.033853904299260940e+00 2.062778408228775895e+00
2.069702872938507188e+00 2.112780921850784033e+00 2.035834403072281251e+00 2.051232786530211349e+00 2.094855120161025486e+00
2.093374534851010882e+00 2.151036677226170202e+00 2.048186980785672517e+00 2.068902602693979187e+00 2.127341810291512925e+00
2.117235219740112750e+00 2.189595460878472899e+00 2.060726488312508486e+00 2.086856901095352157e+00 2.160204696752701103e+00
2.141268701748687775e+00 2.228441913384471285e+00 2.073443599091686629e+00 2.105090239787915429e+00 2.193411815725328839e+00
2.165459754181500607e+00 2.267561622651397268e+00 2.086329530175396574e+00 2.123598171539621049e+00 2.226933034702840430e+00
2.189794114233969413e+00 2.306941068983237031e+00 2.099376045311651673e+00 2.142377226139341229e+00 2.260739967974352727e+00
2.214258449586371302e+00 2.346567604885139158e+00 2.112575455528961754e+00 2.161424894682569597e+00 2.294805796554359123e+00
2.238840326294058158e+00 2.386429436574894591e+00 2.125920616681988840e+00 2.180739610111094517e+00 2.329105255425016896e+00
2.263528181639140602e+00 2.426515597114679235e+00 2.139404930647203606e+00 2.200320748776464441e+00 2.363614575001002027e+00
2.288311294064218071e+00 2.466815921201181538e+00 2.153022346183703917e+00 2.220168598668577964e+00 2.398311416811305552e+00
2.313179753280940165e+00 2.507321030025157160e+00 2.166767362108026784e+00 2.240284350555533877e+00 2.433174806554865288e+00
2.338124435596788508e+00 2.548022316350193162e+00 2.180635033744025009e+00 2.260670089670240746e+00 2.468185072907088884e+00
2.363136980616459049e+00 2.588911928282370045e+00 2.194620975811153230e+00 2.281328779240592741e+00 2.503323792867143460e+00
2.388209768279011325e+00 2.629982756608019834e+00 2.208721374386386493e+00 2.302264261063442508e+00 2.538573742131713828e+00
2.413335897172930178e+00 2.671228425794903494e+00 2.222932997319300608e+00 2.323481244829875170e+00 2.573918847902698648e+00
2.438509162262433527e+00 2.712643283320547383e+00 2.237253208339806232e+00 2.344985301619376017e+00 2.609344144529586629e+00
2.463724039102729968e+00 2.754222399756682371e+00 2.251679973674034496e+00 2.366782857166829235e+00 2.644835720481041097e+00
2.488975657333812652e+00 2.795961566254001607e+00 2.266211890433663001e+00 2.388881185319747580e+00 2.680380716996780155e+00
2.514259796550216475e+00 2.837857295405688429e+00 2.280848204568798110e+00 2.411288404117815087e+00 2.715967256567040078e+00
2.539572866492859404e+00 2.879906826352124138e+00 2.295588832724169581e+00 2.434013466660569946e+00 2.751584467702918424e+00
2.564911893607357829e+00 2.922108133367476324e+00 2.310434382877897264e+00 2.457066160577179748e+00 2.787222380207551087e+00
2.590274508221275251e+00 2.964459937146716850e+00 2.325386198926607584e+00 2.480457099387759712e+00 2.822871934957415174e+00
2.615658932811797843e+00 3.006961720192367959e+00 2.340446393879827891e+00 2.504197714899933480e+00 2.858524978186933296e+00
2.641063974014393079e+00 3.049613747161611155e+00 2.355617879723535424e+00 2.528300255910735039e+00 2.894174250905862333e+00
2.666489015112487149e+00 3.092417091475433200e+00 2.370904415545051602e+00 2.552777772868640049e+00 2.929813373290385936e+00
2.691934009355935853e+00 3.135373664523104953e+00 2.386310671916235915e+00 2.577644105815529496e+00 2.965436836415366706e+00
2.717399474789864211e+00 3.178486249040746614e+00 2.401842290519588641e+00 2.602913885200131450e+00 3.001039992936743062e+00
2.742886490108340070e+00 3.221758541024860811e+00 2.417505923566264592e+00 2.628602477799548698e+00 3.036619062207116748e+00
2.768396692782816526e+00 3.265195198271978683e+00 2.433309332126614155e+00 2.654726025291819447e+00 3.072171139901451742e+00
2.793932278504485112e+00 3.308801894451484760e+00 2.449261477510181084e+00 2.681301329356524210e+00 3.107694210161192405e+00
2.819496002046764982e+00 3.352585377709843328e+00 2.465372626925443011e+00 2.708345928956864768e+00 3.143187162319228012e+00
2.845091179728399311e+00 3.396553543272058828e+00 2.481654405292857746e+00 2.735877940057210189e+00 3.178649812009904707e+00
2.870721693233002192e+00 3.440715512362576778e+00 2.498119984274390415e+00 2.763916119164715468e+00 3.214082927204874984e+00
2.896391995172172606e+00 3.485081720778449910e+00 2.514784211970735761e+00 2.792479753866203396e+00 3.249488262200129096e+00
2.922107116507819402e+00 3.529664012652931948e+00 2.531663717604086816e+00 2.821588565806845583e+00 3.284868597409833502e+00
2.947872675359405559e+00 3.574475756190848230e+00 2.548777218277641587e+00 2.851262663896160898e+00 3.320227785710400781e+00
2.973694887627225558e+00 3.619531965839238641e+00 2.566145662895360502e+00 2.881522452132577072e+00 3.355570805803818057e+00
2.999580579474566022e+00 3.664849439829386490e+00 2.583792453896743613e+00 2.912388529193056907e+00 3.390903823659777050e+00
3.025537200990293218e+00 3.710446903505949745e+00 2.601743731837024676e+00 2.943881555137922934e+00 3.426234259983924613e+00
3.051572842593876178e+00 3.756345186575614115e+00 2.620028698431409175e+00 2.976022146702546056e+00 3.461570870472949313e+00
3.077696252529805943e+00 3.802567405475503204e+00 2.638679974447372345e+00 3.008830692320317191e+00 3.496923833372911794e+00
3.103916856284916648e+00 3.849139169454935505e+00 2.657734001645225774e+00 3.042327189398051246e+00 3.532304848391847329e+00
3.130244777843268711e+00 3.896088792468572315e+00 2.677231498026849899e+00 3.076531089086616877e+00 3.567727247355254150e+00
3.156690862465814096e+00 3.943447554714829106e+00 2.697217971451454144e+00 3.111461065749907107e+00 3.603206118385077872e+00
3.183266701161669765e+00 3.991249964662614058e+00 2.717744293642191611e+00 3.147134829306768022e+00 3.638758441684622369e+00
3.209984657012006082e+00 4.039534053652322321e+00 2.738867334330099101e+00 3.183568883409792161e+00 3.674403244476251551e+00
3.236857892326499009e+00 4.088341674781504231e+00 2.760650651483278484e+00 3.220778299531451339e+00 3.710161771785899454e+00
3.263900397053380864e+00 4.137718857016686513e+00 2.783165153351621957e+00 3.258776486215794854e+00 3.746057675567525891e+00
3.291127017554778877e+00 4.187716165812086722e+00 2.806490037120683123e+00 3.297574948783462911e+00 3.782117223698402420e+00
3.318553589035019513e+00 4.238389224944751454e+00 2.830713540008974682e+00 3.337183112048758726e+00 3.818369697128966678e+00
3.346197946073627527e+00 4.289800401146356634e+00 2.855934751392177340e+00 3.377608711116646401e+00 3.854849294640760871e+00
3.374080877141155010e+00 4.342020500639357294e+00 2.882265314135747492e+00 3.418858229808664273e+00 3.891596969395584527e+00
3.402226046281990879e+00 4.395128961998815420e+00 2.909829643821975065e+00 3.460936610031672078e+00 3.928660659735327521e+00
3.430659847313228816e+00 4.449213976009111171e+00 2.938764571070414000e+00 3.503846978071223361e+00 3.966095397207807682e+00
3.459411224806876461e+00 4.504372557523531384e+00 2.969218186776156898e+00 3.547590372528203417e+00 4.003963506293650276e+00
3.488511518971003422e+00 4.560710548073989123e+00 3.001347604055912832e+00 3.592165511437602099e+00 4.042334854135571476e+00
3.517994293445108944e+00 4.618342502930647520e+00 3.035315054579299066e+00 3.637568562323373556e+00 4.081287161156410548e+00
3.547895160870131459e+00 4.677391399450697484e+00 3.071282099739989668e+00 3.683792977698510551e+00 4.120906366564468293e+00
3.578251597184495925e+00 4.737988096182522035e+00 3.109401638221156894e+00 3.730829342175039809e+00 4.161287037839724867e+00
3.609102741565157757e+00 4.800270443663918307e+00 3.149807581800912359e+00 3.778665261987351975e+00 4.202532807006020832e+00
3.640489178919744440e+00 4.864381939276515077e+00 3.192602798822321564e+00 3.827285291749657148e+00 4.244756802213744962e+00
3.672452699375363228e+00 4.930469807689419781e+00 3.237846862348179755e+00 3.876670897039192987e+00 4.288082030877043316e+00
3.705036029225457384e+00 4.998682388517153186e+00 3.285545297987798818e+00 3.926800456907169945e+00 4.332641649273420548e+00
3.738282526910875703e+00 5.069165733068229152e+00 3.335642959414327091e+00 3.977649305054443474e+00 4.378579017370337390e+00
3.772235838258768403e+00 5.142059365358707446e+00 3.388023237942163757e+00 4.029189812080747224e+00 4.426047410562643059e+00
3.806939499315346254e+00 5.217491242134226326e+00 3.442514210713316203e+00 4.081391509993134825e+00 4.475209229124986976e+00
3.842436480518585995e+00 5.295572071791846192e+00 3.498900751438002832e+00 4.134221260427827893e+00 4.526234405957156426e+00
3.878768675782590325e+00 5.376389305279772657e+00 3.556940343150699846e+00 4.187643466588732544e+00 4.579297831030154420e+00
3.915976314170680705e+00 5.460001271666822475e+00 3.616379602120354253e+00 4.241620328342088797e+00 4.634575575516501011e+00
3.954097301942423481e+00 5.546432067815042721e+00 3.676968865254337526e+00 4.296112137653635976e+00 4.692239470394071965e+00
3.993166495403352556e+00 5.635667861254353816e+00 3.738473193473905720e+00 4.351077607938565350e+00 4.752450048283638928e+00
4.033214910972568568e+00 5.727655202773377141e+00 3.800679306056118367e+00 4.406474229299948142e+00 4.815347847466708409e+00
4.074268889419929707e+00 5.822301740397846537e+00 3.863398855930392450e+00 4.462258639379471425e+00 4.881043496690162797e+00
4.116349238536169963e+00 5.919479410344420600e+00 3.926468914650265596e+00 4.518386998168777424e+00 4.949607405223952483e+00
4.159470388635220672e+00 6.019029824856881206e+00 3.989750617064950156e+00 4.574815354857805438e+00 5.021060330587040710e+00
4.203639604290071219e+00 6.120771259452747692e+00 4.053126793693134999e+00 4.631499996763889904e+00 5.095366380596667355e+00
4.248856303843099980e+00 6.224506448044254014e+00 4.116499192046425115e+00 4.688397770730253100e+00 5.172429982416579364e+00
4.295111541208492589e+00 6.330030374524977077e+00 4.179785679233147810e+00 4.745466370753986141e+00 5.252097878414073939e+00
4.342387677283604752e+00 6.437137366092161805e+00 4.242917646443023827e+00 4.802664587654813744e+00 5.334166035835171016e+00
4.390658325098482528e+00 6.545627012965974600e+00 4.305837718973537953e+00 4.859952518920125364e+00 5.418390938813100632e+00
4.439888569327022694e+00 6.655308673458947055e+00 4.368497800610812831e+00 4.917291738916813593e+00 5.504503291788351405e+00
4.490035458506008936e+00 6.766004556003286652e+00 4.430857439713679291e+00 4.974645431180429789e+00 5.592222255695852517e+00
4.541048749162019504e+00 6.877551471473068112e+00 4.492882447422491765e+00 5.031978485069715568e+00 5.681268199716866363e+00
4.592872028896211489e+00 6.989801801182382590e+00 4.554543969255205660e+00 5.089257559181706192e+00 5.771373595890777253e+00
4.645443664132726802e+00 7.102622877449175753e+00 4.615817294759824385e+00 5.146451118219917298e+00 5.862289380894488033e+00
4.698698248465457361e+00 7.215896738540451771e+00 4.676681374488389054e+00 5.203529447554424259e+00 5.953789704454452547e+00
4.752567864841894085e+00 7.329519108680097261e+00 4.737118173273250576e+00 5.260464647417951944e+00 6.045673951120406286e+00
4.806983302450515971e+00 7.443398227493461583e+00 4.797112191630642286e+00 5.317230610070133423e+00 6.137766341029757378e+00
4.861875331457121696e+00 7.557453382139232900e+00 4.856650077372754559e+00 5.373802981802017875e+00 6.229914620702031947e+00
4.917175753590595555e+00 7.671613743492616599e+00 4.915720368779671112e+00 5.430159115725680330e+00 6.321988129220490471e+00
4.972818205948588144e+00 7.785817307264088605e+00 4.974313188218843607e+00 5.486278018372280130e+00 6.413875278039977701e+00
5.028738891351336449e+00 7.900009709058090301e+00 5.032420035160819261e+00 5.542140286222895007e+00 6.505481111307875430e+00
5.084877215478175394e+00 8.014143111273185127e+00 5.090033636096991110e+00 5.597728034750722337e+00 6.596725095212055301e+00
5.141176122340409549e+00 8.128175359612985318e+00 5.147147790099160680e+00 5.653024832870506167e+00 6.687538997224153015e+00
5.197582271159270739e+00 8.242069322279103716e+00 5.203757256214030846e+00 5.708015634708435648e+00 6.777864982757801471e+00
5.254046132253266777e+00 8.355792226915484733e+00 5.259857645711602636e+00 5.762686707444141909e+00 6.867653993776012378e+00
5.310522027438089765e+00 8.469315058781040406e+00 5.315445332828843128e+00 5.817025561442704884e+00 6.956864505967949697e+00
5.366968057729777364e+00 8.582612018391182929e+00 5.370517385123417142e+00 5.871020881031090433e+00 7.045461294907341632e+00
5.423345958205501027e+00 8.695660019155603493e+00 5.425071501245757766e+00 5.924662457212784616e+00 7.133414443974421815e+00
5.479620951447926380e+00 8.808438493600352359e+00 5.479105952605093144e+00 5.977941122770236149e+00 7.220698577010519870e+00
5.535761461652875859e+00 8.920929090598130884e+00 5.532619535074570827e+00 6.030848689778244953e+00 7.307292194707911470e+00
5.591738930604747360e+00 9.033115339200351812e+00 5.585611517180865349e+00 6.083377889202036926e+00 7.393177103246588722e+00
5.647527606983791415e+00 9.144982392031362650e+00 5.638081610267945187e+00 6.135522312978702431e+00 7.478337962926401516e+00
5.703104323829631284e+00 9.256516851158703929e+00 5.690029932190083350e+00 6.187276359051938179e+00 7.562761754672278514e+00
5.758448287395559362e+00 9.367706627664423635e+00 5.741456973374280182e+00 6.238635179241351025e+00 7.646437674502524651e+00
5.813540866961873554e+00 9.478540804240266127e+00 5.792363572662195814e+00 6.289594631737855046e+00 7.729356798916914073e+00
5.868365397313231924e+00 9.589009507030745283e+00 5.842750888237781659e+00 6.340151227821203328e+00 7.811511807083789449e+00
5.922907001094358748e+00 9.699103797421670947e+00 5.892620373219766172e+00 6.390302093679686379e+00 7.892896811334600748e+00
5.977152421734323262e+00 9.808815565014237237e+00 5.941973752494699390e+00 6.440044924391425951e+00 7.973507095944729173e+00
6.031089871877493458e+00 9.918137466434457039e+00 5.990813003731223496e+00 6.489377948335663504e+00 8.053339085101068662e+00
6.084708901233947920e+00 1.002706278755300140e+01 6.039140339160854687e+00 6.538299889293512912e+00 8.132390212068454360e+00
6.138000266076526046e+00 1.013558550842000727e+01 6.086958187598163761e+00 6.586809930045962602e+00 8.210658818538355774e+00
6.190955816013592461e+00 1.024370019333752246e+01 6.134269177652643457e+00 6.634907683352227359e+00 8.288144035490681460e+00
6.243568388209292941e+00 1.035140194007821002e+01 6.181076123330582206e+00 6.682593150094995771e+00 8.364845687772552552e+00
6.295831716669264111e+00 1.045868633781321577e+01 6.227382009050994149e+00 6.729866709299854755e+00 8.440764231363180770e+00
6.347740349971933149e+00 1.056554941479012300e+01 6.273189976649391042e+00 6.776729061653524511e+00 8.515900710109866267e+00
6.399289574737593078e+00 1.067198763352481450e+01 6.318503312157256246e+00 6.823181226475959704e+00 8.590256699321287215e+00
6.450475348402672893e+00 1.077799781066145535e+01 6.363325435244445494e+00 6.869224518938403357e+00 8.663834250833311046e+00
6.501294235874864214e+00 1.088357717333915353e+01 6.407659887592273229e+00 6.914860525282206183e+00 8.736635847715003678e+00
6.551743357371907273e+00 1.098872322540542790e+01 6.451510322457128410e+00 6.960091078222351513e+00 8.808664368972996428e+00
6.601820337892416291e+00 1.109343385477804667e+01 6.494880495505349849e+00 7.004918237061448671e+00 8.879923039245067429e+00
6.651523262317755147e+00 1.119770719460962027e+01 6.537774255683477698e+00 7.049344267145613685e+00 8.950415417475467095e+00
6.700850635598494698e+00 1.130154170516193446e+01 6.580195533936269214e+00 7.093371637171949295e+00 9.020145340468104678e+00
6.749801344669344338e+00 1.140493608531349423e+01 6.622148341225720714e+00 7.137002973455318866e+00 9.089116926051914902e+00
6.798374629570031580e+00 1.150788929727125520e+01 6.663636748295502343e+00 7.180241057157894957e+00 9.157334531956955459e+00
6.846570052440332788e+00 1.161040053072130895e+01 6.704664898215032309e+00 7.223088833762862038e+00 9.224802739189305711e+00
6.894387463260609472e+00 1.171246919536934961e+01 6.745236975168962701e+00 7.265549371580442006e+00 9.291526338452641198e+00
6.941826986640450947e+00 1.181409490668207773e+01 6.785357224280815558e+00 7.307625871798697048e+00 9.357510296107452774e+00
6.988888980461355871e+00 1.191527747737471543e+01 6.825029922287021655e+00 7.349321640145729084e+00 9.422759748602157259e+00
7.035574041951586644e+00 1.201601690235595932e+01 6.864259389071655448e+00 7.390640085008123528e+00 9.487279975032494761e+00
7.081882961854334191e+00 1.211631335715297020e+01 6.903049972856707406e+00 7.431584698708581627e+00 9.551076393004846565e+00
7.127816734816867061e+00 1.221616718011649638e+01 6.941406048124835415e+00 7.472159053196018696e+00 9.614154532380689844e+00
7.173376522083741769e+00 1.231557887155040021e+01 6.979332010830561650e+00 7.512366789308168258e+00 9.676520036638821765e+00
7.218563652105889794e+00 1.241454907905722749e+01 7.016832272250122848e+00 7.552211613194701023e+00 9.738178639068316045e+00
7.263379597647298347e+00 1.251307859289125801e+01 7.053911258178263033e+00 7.591697283178689304e+00 9.799136161158465086e+00
7.307825966282183394e+00 1.261116833693179551e+01 7.090573399703449908e+00 7.630827608900037973e+00 9.859398496970507964e+00
7.351904491063455893e+00 1.270881936100891174e+01 7.126823136741379017e+00 7.669606440829745964e+00 9.918971604738175074e+00
7.395617014629083386e+00 1.280603283988515351e+01 7.162664906203927373e+00 7.708037664702144909e+00 9.977861499972647152e+00
7.438965488289040806e+00 1.290281005812517989e+01 7.198103147692692438e+00 7.746125192869343756e+00 1.003607424189668151e+01
7.481951953132811362e+00 1.299915240050238729e+01 7.233142291774352195e+00 7.783872969960459187e+00 1.009361593250415190e+01
7.524578543821081489e+00 1.309506137308027718e+01 7.267786765240518143e+00 7.821284947541621513e+00 1.015049270202761100e+01
7.566847468978095570e+00 1.319053856406371672e+01 7.302040981321684221e+00 7.858365094036646958e+00 1.020671070959128635e+01
7.608761015846005726e+00 1.328558564035179224e+01 7.335909342640833941e+00 7.895117399501292432e+00 1.026227613034025765e+01
7.650321533374127014e+00 1.338020438500853970e+01 7.369396235584403598e+00 7.931545839945022713e+00 1.031719515539749210e+01
7.691531435110987580e+00 1.347439664691986216e+01 7.402506029452548653e+00 7.967654407511026271e+00 1.037147398205891413e+01
7.732393185511740263e+00 1.356816433840190861e+01 7.435243074688913545e+00 8.003447093349576491e+00 1.042511881164529441e+01
7.772909302167238188e+00 1.366150947082722134e+01 7.467611699506221612e+00 8.038927872294729937e+00 1.047813584337017545e+01
7.813082343732094870e+00 1.375443411511356651e+01 7.499616210691799623e+00 8.074100729809719823e+00 1.053053126985119015e+01
7.852914912474585840e+00 1.384694039694335110e+01 7.531260888708986023e+00 8.108969627215047993e+00 1.058231127466878974e+01
7.892409643377552797e+00 1.393903051803843418e+01 7.562549990000431599e+00 8.143538516828193963e+00 1.063348202561896549e+01
7.931569206427300678e+00 1.403070673408992874e+01 7.593487741580888795e+00 8.177811342015543161e+00 1.068404967494694979e+01
7.970396298086940945e+00 1.412197134912702978e+01 7.624078343840664296e+00 8.211792020681414783e+00 1.073402035236566832e+01
8.008893643481346913e+00 1.421282672558151994e+01 7.654325965410286869e+00 8.245484456205961266e+00 1.078340016551854319e+01
8.047063983544481047e+00 1.430327527153444223e+01 7.684234745790528009e+00 8.278892531379499431e+00 1.083219519418856081e+01
8.084910080467253124e+00 1.439331943533444047e+01 7.713808791118693442e+00 8.312020100972121739e+00 1.088041149020429721e+01
8.122434718384241137e+00 1.448296171352873962e+01 7.743052175711008012e+00 8.344871003406701959e+00 1.092805507315890523e+01
8.159640680171744265e+00 1.457220463975616731e+01 7.771968939863207915e+00 8.377449044668017208e+00 1.097513192949663186e+01
8.196530767754179436e+00 1.466105077877109508e+01 7.800563089498636415e+00 8.409758004518835151e+00 1.102164800985308268e+01
8.233107799294881346e+00 1.474950273699306535e+01 7.828838595891268071e+00 8.441801640428474585e+00 1.106760922715968576e+01
8.269374581320407813e+00 1.483756315114351665e+01 7.856799394082810473e+00 8.473583673569766717e+00 1.111302145701041866e+01
8.305333935744471319e+00 1.492523468111757978e+01 7.884449383761884533e+00 8.505107798691369680e+00 1.115789053186521507e+01
8.340988691601637584e+00 1.501252002149965037e+01 7.911792427085546642e+00 8.536377680839621007e+00 1.120222224152575130e+01
8.376341666251528650e+00 1.509942189174220495e+01 7.938832350134812366e+00 8.567396949556453478e+00 1.124602233734784562e+01
8.411395684166485864e+00 1.518594302904986471e+01 7.965572940597283491e+00 8.598169206278511112e+00 1.128929651808238965e+01
8.446153568426330693e+00 1.527208619691340097e+01 7.992017949415336275e+00 8.628698016698006512e+00 1.133205043998863282e+01
8.480618132310288715e+00 1.535785417827659849e+01 8.018171088620254849e+00 8.658986912842035366e+00 1.137428971777054798e+01
8.514792188207826129e+00 1.544324977000264454e+01 8.044036032839381178e+00 8.689039395603085580e+00 1.141601990912670317e+01
8.548678541268440512e+00 1.552827578867001534e+01 8.069616417688683541e+00 8.718858928035350786e+00 1.145724653003481919e+01
8.582279985592391469e+00 1.561293506546477339e+01 8.094915840631125903e+00 8.748448940091869019e+00 1.149797504773724377e+01
8.615599309994905752e+00 1.569723044086651598e+01 8.119937860382339778e+00 8.777812827597834655e+00 1.153821087530738687e+01
8.648639291569597987e+00 1.578116477020767228e+01 8.144685996888824775e+00 8.806953948678296840e+00 1.157795938124295354e+01
8.681402693675469351e+00 1.586474091933378538e+01 8.169163731590852962e+00 8.835875628682845928e+00 1.161722588041522819e+01
8.713892272821823326e+00 1.594796175909004887e+01 8.193374506876839547e+00 8.864581155887131914e+00 1.165601563648531069e+01
8.746110769851970446e+00 1.603083017107051234e+01 8.217321726824293293e+00 8.893073782494386847e+00 1.169433386481923343e+01
8.778060910109722670e+00 1.611334904390888312e+01 8.241008756430625581e+00 8.921356727105877127e+00 1.173218572606557686e+01
8.809745409702186336e+00 1.619552126770628675e+01 8.264438922574397495e+00 8.949433170362375733e+00 1.176957632998730219e+01
8.841166966485253909e+00 1.627734973948390618e+01 8.287615513214300123e+00 8.977306258114106541e+00 1.180651073592865608e+01
8.872328262077838090e+00 1.635883736015664169e+01 8.310541778410303948e+00 9.004979101191990409e+00 1.184299394842918396e+01
8.903231965768538814e+00 1.643998702940953294e+01 8.333220929617919381e+00 9.032454773449963170e+00 1.187903092172189723e+01
8.933880727158097557e+00 1.652080165033090609e+01 8.355656140586754432e+00 9.059736314511862787e+00 1.191462655869962539e+01
8.964277178751663300e+00 1.660128412705767431e+01 8.377850546982516633e+00 9.086826728050210633e+00 1.194978570769298543e+01
8.994423938335348367e+00 1.668143736023446877e+01 8.399807246954715367e+00 9.113728982127204503e+00 1.198451316748625928e+01
9.024323602795689681e+00 1.676126425090354033e+01 8.421529301203790396e+00 9.140446010961227330e+00 1.201881368399264538e+01
9.053978751080494547e+00 1.684076769870479851e+01 8.443019733159598417e+00 9.166980712663178821e+00 1.205269195054676601e+01
9.083391945862027583e+00 1.691995059770568588e+01 8.464281529396735948e+00 9.193335951165012787e+00 1.208615261100158911e+01
9.112565728020522116e+00 1.699881583989753864e+01 8.485317639636154041e+00 9.219514556443895614e+00 1.211920025585048322e+01
9.141502619666225016e+00 1.707736631381844816e+01 8.506130977312345465e+00 9.245519323443797788e+00 1.215183942483340473e+01
9.170205125615606079e+00 1.715560490056583021e+01 8.526724419511063857e+00 9.271353013871342696e+00 1.218407460759868144e+01
9.198675728298539411e+00 1.723353447708475272e+01 8.547100807615004570e+00 9.297018355560561886e+00 1.221591024176375129e+01
9.226916890837607355e+00 1.731115791511145474e+01 8.567262947229506764e+00 9.322518042674522221e+00 1.224735071499782890e+01
9.254931058029146840e+00 1.738847807740159723e+01 8.587213608844443513e+00 9.347854736950106158e+00 1.227840036519826405e+01
9.282720652232770320e+00 1.746549782075618751e+01 8.606955527811804174e+00 9.373031066704704983e+00 1.230906347935692757e+01
9.310288076047166683e+00 1.754221999522275510e+01 8.626491404929153006e+00 9.398049627985608723e+00 1.233934429569267444e+01
9.337635712816604538e+00 1.761864744065465160e+01 8.645823906577486895e+00 9.422912984928739633e+00 1.236924700303105240e+01
9.364765923668748826e+00 1.769478298938638616e+01 8.664955665141754082e+00 9.447623669408590885e+00 1.239877574072431976e+01
9.391681049604722276e+00 1.777062946565651913e+01 8.683889279317687837e+00 9.472184182085255699e+00 1.242793460058691402e+01
9.418383411755208101e+00 1.784618968252391369e+01 8.702627314414655757e+00 9.496596992382702496e+00 1.245672762551631507e+01
9.444875309235207794e+00 1.792146644420974511e+01 8.721172302759502060e+00 9.520864538709691516e+00 1.248515881068845879e+01
9.471159020846865673e+00 1.799646254571433701e+01 8.739526743948408338e+00 9.544989229300268718e+00 1.251323210451316825e+01
9.497236805204538612e+00 1.807118077002364842e+01 8.757693105290574209e+00 9.568973441945994196e+00 1.254095140776068185e+01
9.523110899076565161e+00 1.814562389020278843e+01 8.775673822046936579e+00 9.592819524723315894e+00 1.256832057486187360e+01
9.548783518909134571e+00 1.821979466917265711e+01 8.793471297870224745e+00 9.616529796379341022e+00 1.259534341434896731e+01
9.574256860818127990e+00 1.829369585714557545e+01 8.811087905102947815e+00 9.640106546389210607e+00 1.262202368861842494e+01
9.599533099320433749e+00 1.836733019352945107e+01 8.828525985145757815e+00 9.663552035588901745e+00 1.264836511499315819e+01
9.624614388703657042e+00 1.844070040682538547e+01 8.845787848795138686e+00 9.686868496426075836e+00 1.267437136595186509e+01
9.649502862887668897e+00 1.851380921228516385e+01 8.862875776596577992e+00 9.710058133254381829e+00 1.270004606930429070e+01
9.674200634551622713e+00 1.858665931363425017e+01 8.879792019194074015e+00 9.733123122841607966e+00 1.272539280910976878e+01
9.698709796292940055e+00 1.865925340305831526e+01 8.896538797680536348e+00 9.756065614571490130e+00 1.275041512571647750e+01
9.723032420406532594e+00 1.873159415909718817e+01 8.913118303950870569e+00 9.778887730885799101e+00 1.277511651628763900e+01
9.747170558367248105e+00 1.880368424818111706e+01 8.929532701049426535e+00 9.801591567639203362e+00 1.279950043551848893e+01
9.771126241775126786e+00 1.887552632468691982e+01 8.945784123519590736e+00 9.824179194419073724e+00 1.282357029566119522e+01
9.794901482096616263e+00 1.894712302906306434e+01 8.961874677748259188e+00 9.846652654917344094e+00 1.284732946723359248e+01
9.818498270416855078e+00 1.901847698919188190e+01 8.977806442310480861e+00 9.869013967283455813e+00 1.287078127949020079e+01
9.841918578223390668e+00 1.908959082050361289e+01 8.993581468316696359e+00 9.891265124488336724e+00 1.289392902068454738e+01
9.865164357124335481e+00 1.916046712430574317e+01 9.009201779749828276e+00 9.913408094614153399e+00 1.291677593865656348e+01
9.888237538798591686e+00 1.923110848899824532e+01 9.024669373810535689e+00 9.935444821289333817e+00 1.293932524125296091e+01
9.911140035661867742e+00 1.930151749023357155e+01 9.039986221254748600e+00 9.957377223963037594e+00 1.296158009673365719e+01
9.933873740570231092e+00 1.937169668942445711e+01 9.055154266729354973e+00 9.979207198161873293e+00 1.298354363423874247e+01
9.956440526924026813e+00 1.944164863483493733e+01 9.070175429104720521e+00 1.000093661610475770e+01 1.300521894423488689e+01
9.978842249228714323e+00 1.951137586177250682e+01 9.085051601807533572e+00 1.002256732687425256e+01 1.302660907896182430e+01
1.000108074280546333e+01 1.958088089126148645e+01 9.099784653151234082e+00 1.004410115672015458e+01 1.304771705280917615e+01
1.002315782401113786e+01 1.965016623102116711e+01 9.114376426662699870e+00 1.006553990908796870e+01 1.306854584285434129e+01
1.004507529069821814e+01 1.971923437567824067e+01 9.128828741405609293e+00 1.008688536584275042e+01 1.308909838923647939e+01
1.006683492195745622e+01 1.978808780559866420e+01 9.143143392301929850e+00 1.010813928693847785e+01 1.310937759553007886e+01
1.008843847841409058e+01 1.985672898775982631e+01 9.157322150450013964e+00 1.012930341077794161e+01 1.312938632932552530e+01
1.010988770260159519e+01 1.992516037597554757e+01 9.171366763440756742e+00 1.015037945374283446e+01 1.314912742252989908e+01
1.013118431874944037e+01 1.999338440987576604e+01 9.185278955670900913e+00 1.017136911257407839e+01 1.316860367177773661e+01
1.015233003312330773e+01 2.006140351568217284e+01 9.199060428652588328e+00 1.019227406313209805e+01 1.318781783900236704e+01
1.017332653432454848e+01 2.012922010644097170e+01 9.212712861319952040e+00 1.021309596101151307e+01 1.320677265166931846e+01
1.019417549314211868e+01 2.019683658113562075e+01 9.226237910333113135e+00 1.023383644092848499e+01 1.322547080327582947e+01
1.021487856289961194e+01 2.026425532537773577e+01 9.239637210378912613e+00 1.025449711924633434e+01 1.324391495384439388e+01
1.023543737968815925e+01 2.033147871164339548e+01 9.252912374468412082e+00 1.027507959263008352e+01 1.326210773010128463e+01
1.025585356231446355e+01 2.039850909850492755e+01 9.266064994231230756e+00 1.029558543871604925e+01 1.328005172612748375e+01
1.027612871260951266e+01 2.046534883124759929e+01 9.279096640206919488e+00 1.031601621550515446e+01 1.329774950367396968e+01
1.029626441568044548e+01 2.053200024210519459e+01 9.292008862132943747e+00 1.033637346370446153e+01 1.331520359237785733e+01
