2.167468543195163022e+00 2.046474053408923410e+00 2.001836842102367786e+00 2.042721935708861292e+00 2.028701757536183869e+00
2.330494754158074944e+00 2.093467031360653596e+00 2.003683066377912603e+00 2.085101421363687813e+00 2.057932562921687136e+00
2.489191806273891583e+00 2.140821973652023757e+00 2.005538712574792104e+00 2.127142850039180910e+00 2.087637499724471102e+00
2.643673676351714352e+00 2.188414828503685072e+00 2.007403821400200350e+00 2.168850930529027110e+00 2.117763639782943130e+00
2.794055386338317071e+00 2.236148892955319933e+00 2.009278434524869095e+00 2.210230712983962675e+00 2.148260775716686943e+00
2.940453186623167792e+00 2.283949455788429450e+00 2.011162594588027375e+00 2.251287626832235489e+00 2.179081928890125752e+00
3.082984670899169277e+00 2.331759108250178070e+00 2.013056345202916209e+00 2.292027527947316567e+00 2.210183655368994415e+00
3.221768815389176588e+00 2.379533863488962897e+00 2.014959730963024498e+00 2.332456752124120847e+00 2.241526181056599398e+00
3.356925937786610525e+00 2.427240055570146104e+00 2.016872797448952426e+00 2.372582172394892108e+00 2.273073400496526286e+00
3.488577574054201769e+00 2.474851915931045365e+00 2.018795591235931663e+00 2.412411258314386853e+00 2.304792772988510485e+00
3.616846273971506154e+00 2.522349705658033070e+00 2.020728159901993504e+00 2.451952135903560759e+00 2.336655146322006438e+00
3.741855318968218214e+00 2.569718288334654765e+00 2.022670552036855529e+00 2.491213647380576823e+00 2.368634533810985765e+00
3.863728368244739197e+00 2.616946044687569639e+00 2.024622817251458429e+00 2.530205410109095165e+00 2.400707865277848185e+00
3.982589041369153371e+00 2.664024048902073893e+00 2.026585006188154736e+00 2.568937874372147601e+00 2.432854727808168249e+00
4.098560447370561910e+00 2.710945443600742077e+00 2.028557170531639198e+00 2.607422379662331924e+00 2.465057107836892136e+00
4.211764671770104052e+00 2.757704965139786690e+00 2.030539363020535504e+00 2.645671209192414608e+00 2.497299142565545527e+00
4.322322233954885462e+00 2.804298582239308946e+00 2.032531637459720653e+00 2.683697642295542085e+00 2.529566885870975668e+00
4.430351527865114214e+00 2.850723220177485473e+00 2.034534048733328770e+00 2.721516004315337689e+00 2.561848091697116914e+00
4.535968258873486647e+00 2.896976549616826269e+00 2.036546652818517877e+00 2.759141713491454428e+00 2.594132016315755962e+00
4.639284889655173494e+00 2.943056824345129385e+00 2.038569506799928543e+00 2.796591324229213527e+00 2.626409239714166954e+00
4.740410106940477597e+00 2.988962756143970001e+00 2.040602668884919257e+00 2.833882566003271375e+00 2.658671505595519680e+00
4.839448320212202503e+00 3.034693417917010194e+00 2.042646198419527437e+00 2.871034376982880776e+00 2.690911578994829245e+00
4.936499202169999378e+00 3.080248168404273290e+00 2.044700155905220029e+00 2.908066931277280442e+00 2.723123120227506799e+00
5.031657279493805923e+00 3.125626593444583712e+00 2.046764603016394179e+00 2.945001658480491002e+00 2.755300573753586946e+00
5.125011581045102460e+00 3.170828459974372571e+00 2.048839602618686584e+00 2.981861253941403334e+00 2.787439070505482341e+00
5.216645349175164093e+00 3.215853679833578393e+00 2.050925218788073323e+00 3.018669677899239900e+00 2.819534342258897208e+00
5.306635818313084840e+00 3.260702281236628419e+00 2.053021516830783266e+00 3.055452141292612112e+00 2.851582646702208734e+00
5.395054063564185043e+00 3.305374386142624132e+00 2.055128563304045475e+00 3.092235075701980307e+00 2.883580701960089421e+00
5.481964920678501052e+00 3.349870192271251934e+00 2.057246426037670162e+00 3.129046084495107571e+00 2.915525629406623409e+00
5.567426977173711933e+00 3.394189958748023095e+00 2.059375174156500510e+00 3.165913871853217376e+00 2.947414903805052333e+00
5.651492633156166789e+00 3.438333994610820454e+00 2.061514878103714477e+00 3.202868145973239322e+00 2.979246309784671976e+00
5.734208229050809180e+00 3.482302649573429054e+00 2.063665609665052525e+00 3.239939492403623778e+00 3.011017903891757719e+00
5.815614236148468841e+00 3.526096306578944350e+00 2.065827441993907776e+00 3.277159213225869561e+00 3.042727981480374932e+00
5.895745504766442657e+00 3.569715375776512989e+00 2.068000449637389160e+00 3.314559127703733399e+00 3.074375047821812146e+00
5.974631563799025713e+00 3.613160289633942313e+00 2.070184708563279408e+00 3.352171330159356089e+00 3.105957792881500978e+00
6.052296964621881159e+00 3.656431498959811233e+00 2.072380296188003790e+00 3.390027901297435697e+00 3.137475069285660556e+00
6.128761661537009076e+00 3.699529469656114511e+00 2.074587291405540324e+00 3.428160570082647407e+00 3.168925873061144927e+00
6.204041420608125357e+00 3.742454680059583705e+00 2.076805774617369593e+00 3.466600324680910283e+00 3.200309326786554998e+00
6.278148248482076532e+00 3.785207618758775094e+00 2.079035827763419775e+00 3.505376972987305884e+00 3.231624664840487160e+00
6.351090832787713580e+00 3.827788782796934797e+00 2.081277534354093017e+00 3.544518656033555981e+00 3.262871220474393930e+00
6.422874986035393086e+00 3.870198676188408182e+00 2.083530979503334546e+00 3.584051320714724209e+00 3.294048414473783382e+00
6.493504085399272263e+00 3.912437808690748753e+00 2.085796249962824866e+00 3.623998162530827294e+00 3.325155745202864388e+00
6.562979501293511042e+00 3.954506694785875354e+00 2.088073434157281305e+00 3.664379053090034866e+00 3.356192779855169395e+00
6.631301008847599654e+00 3.996405852832571881e+00 2.090362622220912403e+00 3.705209971637080990e+00 3.387159146756058004e+00
6.698467176878970086e+00 4.038135804359840542e+00 2.092663906035066024e+00 3.746502463782205528e+00 3.418054528583619245e+00
6.764475730342676130e+00 4.079697073476277858e+00 2.094977379267054296e+00 3.788263153627427826e+00 3.448878656392053710e+00
6.829323882743610241e+00 4.121090186375306885e+00 2.097303137410262419e+00 3.830493336879521760e+00 3.479631304336925801e+00
6.893008636952497881e+00 4.162315670919741528e+00 2.099641277825473384e+00 3.873188681933736000e+00 3.510312285014856482e+00
6.955527052635066987e+00 4.203374056292216387e+00 2.101991899783555606e+00 3.916339062661622794e+00 3.540921445341647988e+00
7.016876480188202869e+00 4.244265872700347941e+00 2.104355104509426422e+00 3.959928541061628060e+00 3.571458662902712966e+00
7.077054761489208090e+00 4.284991651127556089e+00 2.106730995227452219e+00 4.003935509818667526e+00 3.601923842718211421e+00
7.136060398527799720e+00 4.325551923121987663e+00 2.109119677208195931e+00 4.048332995337410090e+00 3.632316914372703209e+00
7.193892691430689545e+00 4.365947220617326430e+00 2.111521257816671326e+00 4.093089111493819487e+00 3.662637829465531958e+00
7.250551847824617369e+00 4.406178075780362136e+00 2.113935846562037479e+00 4.138167644629850095e+00 3.692886559343692809e+00
7.306039065756070094e+00 4.446245020881005594e+00 2.116363555148867981e+00 4.183528742225230523e+00 3.723063093083825326e+00
7.360356592568281009e+00 4.486148588181214869e+00 2.118804497529958031e+00 4.229129672007188034e+00 3.753167435694731324e+00
7.413507762227826703e+00 4.525889309839850050e+00 2.121258789960780433e+00 4.274925615756601793e+00 3.783199606511114421e+00
7.465497013607095056e+00 4.565467717830975936e+00 2.123726551055593159e+00 4.320870462797556932e+00 3.813159637762912890e+00
7.516329892175090066e+00 4.604884343873549390e+00 2.126207901845269088e+00 4.366917570817052230e+00 3.843047573296429764e+00
7.566013037461471136e+00 4.644139719370731889e+00 2.128702965836904326e+00 4.413020468350767445e+00 3.872863467427110518e+00
7.614554158514525994e+00 4.683234375357375967e+00 2.131211869075222864e+00 4.459133478614996982e+00 3.902607383914784567e+00
7.661961999419366620e+00 4.722168842454472326e+00 2.133734740205906810e+00 4.505212252429497966e+00 3.932279395043958292e+00
7.708246296765627115e+00 4.760943650829389640e+00 2.136271710540795343e+00 4.551214204287452603e+00 3.961879580798723044e+00
7.753417730771274385e+00 4.799559330161292436e+00 2.138822914125166008e+00 4.597098851680121001e+00 3.991408028121799401e+00
7.797487871581322949e+00 4.838016409610778723e+00 2.141388487806983765e+00 4.642828062420774060e+00 4.020864830248260802e+00
7.840469122090809151e+00 4.876315417793105844e+00 2.143968571308375370e+00 4.688366218103070970e+00 4.050250086106076175e+00
7.882374658487091068e+00 4.914456882754612010e+00 2.146563307299196310e+00 4.733680303887261687e+00 4.079563899776156077e+00
7.923218369409993578e+00 4.952441331951769499e+00 2.149172841472969608e+00 4.778739935850921938e+00 4.108806380005597170e+00
7.963014794762595550e+00 4.990269292232521359e+00 2.151797322625066844e+00 4.823517337226482127e+00 4.137977639768505966e+00
8.001779064692620125e+00 5.027941289819573001e+00 2.154436902733400050e+00 4.867987274327745695e+00 4.167077795869363221e+00
8.039526839528491564e+00 5.065457850295357112e+00 2.157091737041536561e+00 4.912126961987959284e+00 4.196106968584523145e+00
8.076274251086600131e+00 5.102819498588425873e+00 2.159761984144466407e+00 4.955915947149044598e+00 4.225065281337919920e+00
8.112037845618630172e+00 5.140026758961075970e+00 2.162447806076991164e+00 4.999335977934798336e+00 4.253952860407427927e+00
8.146834528899315586e+00 5.177080154998024319e+00 2.165149368404918118e+00 5.042370864257015306e+00 4.282769834658791908e+00
8.180681513525664528e+00 5.213980209595995952e+00 2.167866840319101485e+00 5.085006334829175856e+00 4.311516335304327541e+00
8.213596268743412310e+00 5.250727444954073952e+00 2.170600394732434602e+00 5.127229894299683899e+00 4.340192495683905527e+00
8.245596472684896483e+00 5.287322382564728862e+00 2.173350208379960513e+00 5.169030683414406191e+00 4.368798451066018274e+00
8.276699967489708598e+00 5.323765543205418282e+00 2.176116461922074752e+00 5.210399344260412846e+00 4.397334338466923676e+00
8.306924716695140987e+00 5.360057446930674097e+00 2.178899340051144939e+00 5.251327891966430350e+00 4.425800296486117169e+00
8.336288765561782554e+00 5.396198613064614236e+00 2.181699031601389116e+00 5.291809593795505862e+00 4.454196465156530671e+00
8.364810203903768837e+00 5.432189560193818600e+00 2.184515729662463546e+00 5.331838856109524016e+00 4.482522985808039984e+00
8.392507131478593507e+00 5.468030806160516732e+00 2.187349631696541508e+00 5.371411119388431743e+00 4.510780000943006129e+00
8.419397625895603809e+00 5.503722868056042827e+00 2.190200939659373347e+00 5.410522761274458858e+00 4.538967654122703088e+00
8.445499712918913104e+00 5.539266262214519898e+00 2.193069860125119952e+00 5.449171007416627965e+00 4.567086089863622078e+00
8.470831339105155067e+00 5.574661504206741114e+00 2.195956604415445934e+00 5.487353849794670779e+00 4.595135453542692261e+00
8.495410346667533474e+00 5.609909108834231439e+00 2.198861388732714417e+00 5.525069972121086082e+00 4.623115891310622949e+00
8.519254450472068640e+00 5.645009590123440724e+00 2.201784434297725301e+00 5.562318681876353033e+00 4.651027550012599932e+00
8.542381217059553222e+00 5.679963461320074458e+00 2.204725967491930838e+00 5.599099848511330357e+00 4.678870577115662677e+00
8.564808045590575958e+00 5.714771234883530227e+00 2.207686220004491773e+00 5.635413847348246463e+00 4.706645120642158453e+00
8.586552150610108569e+00 5.749433422481429190e+00 2.210665428984233127e+00 5.671261508715155664e+00 4.734351329108727136e+00
8.607630546529154714e+00 5.783950534984225733e+00 2.213663837196750528e+00 5.706644071875373925e+00 4.761989351470301557e+00
8.628060033720901245e+00 5.818323082459896156e+00 2.216681693186901114e+00 5.741563143327654828e+00 4.789559337068708622e+00
8.647857186134599417e+00 5.852551574168684212e+00 2.219719251446758523e+00 5.776020659079941666e+00 4.817061435585435980e+00
8.667038340334357827e+00 5.886636518557898157e+00 2.222776772589506677e+00 5.810018850530170198e+00 4.844495796998212533e+00
8.685619585865223868e+00 5.920578423256764644e+00 2.225854523529121831e+00 5.843560213613567811e+00 4.871862571541055509e+00
8.703616756862775361e+00 5.954377795071317259e+00 2.228952777666597385e+00 5.876647480904099830e+00 4.899161909667514081e+00
8.721045424820344394e+00 5.988035139979328569e+00 2.232071815082372623e+00 5.909283596384833359e+00 4.926393962016798689e+00
8.737920892433258757e+00 6.021550963125280376e+00 2.235211922735863332e+00 5.941471692626636880e+00 4.953558879382571334e+00
8.754258188442740618e+00 6.054925768815355269e+00 2.238373394671737238e+00 5.973215070138406801e+00 4.980656812684163270e+00
8.770072063408679952e+00 6.088160060512467275e+00 2.241556532233863752e+00 6.004517178678816514e+00 5.007687912940022024e+00
8.785376986340029504e+00 6.121254340831318252e+00 2.244761644286629831e+00 6.035381600332518914e+00 5.034652331243191448e+00
8.800187142118785388e+00 6.154209111533476495e+00 2.247989047444524324e+00 6.065812034177924694e+00 5.061550218738661400e+00
8.814516429655865792e+00 6.187024873522490864e+00 2.251239066309806969e+00 6.095812282390276948e+00 5.088381726602440480e+00
8.828378460720983867e+00 6.219702126839015577e+00 2.254512033719068942e+00 6.125386237638131171e+00 5.115147006022183973e+00
8.841786559391946909e+00 6.252241370655976738e+00 2.257808290998697398e+00 6.154537871646617475e+00 5.141846208179286393e+00
8.854753762072256507e+00 6.284643103273742426e+00 2.261128188229884817e+00 6.183271224813229772e+00 5.168479484232293863e+00
8.867292818028909451e+00 6.316907822115336302e+00 2.264472084523483364e+00 6.211590396772912470e+00 5.195046985301536857e+00
8.879416190405503784e+00 6.349036023721661870e+00 2.267840348305073750e+00 6.239499537822119635e+00 5.221548862454890916e+00
8.891136057668420634e+00 6.381028203746764049e+00 2.271233357610978221e+00 6.267002841117249368e+00 5.247985266694566775e+00
8.902464315446779963e+00 6.412884856953098733e+00 2.274651500395161730e+00 6.294104535574073012e+00 5.274356348944881923e+00
8.913412578729380087e+00 6.444606477206844097e+00 2.278095174848313142e+00 6.320808879401234925e+00 5.300662260040847507e+00
8.923992184384012205e+00 6.476193557473233220e+00 2.281564789728630860e+00 6.347120154207845921e+00 5.326903150717572366e+00
8.934214193967704887e+00 6.507646589811901805e+00 2.285060764705991065e+00 6.373042659631270368e+00 5.353079171600533925e+00
8.944089396798862168e+00 6.538966065372287417e+00 2.288583530718890202e+00 6.398580708436743869e+00 5.379190473196413080e+00
8.953628313264749394e+00 6.570152474389031383e+00 2.292133530345986880e+00 6.423738622044642632e+00 5.405237205884591667e+00
8.962841198316105817e+00 6.601206306177423322e+00 2.295711218191657910e+00 6.448520726447630302e+00 5.431219519909257443e+00
8.971738045172868325e+00 6.632128049128879432e+00 2.299317061287452724e+00 6.472931348486184788e+00 5.457137565372040200e+00
8.980328589182336785e+00 6.662918190706436761e+00 2.302951539509002110e+00 6.496974812424622492e+00 5.482991492225169239e+00
8.988622311818136978e+00 6.693577217440289218e+00 2.306615146010176698e+00 6.520655436843137309e+00 5.508781450265083812e+00
8.996628444785251588e+00 6.724105614923354679e+00 2.310308387674373076e+00 6.543977531795187375e+00 5.534507589126469895e+00
9.004355974244072414e+00 6.754503867806874950e+00 2.314031785584478307e+00 6.566945396205957408e+00 5.560170058276707294e+00
9.011813645118330385e+00 6.784772459796042376e+00 2.317785875511889859e+00 6.589563315478326189e+00 5.585769007010689791e+00
9.019009965475273560e+00 6.814911873645672635e+00 2.321571208425702526e+00 6.611835559318361533e+00 5.611304584445981014e+00
9.025953210960768303e+00 6.844922591155899738e+00 2.325388351023204958e+00 6.633766379747872755e+00 5.636776939518284735e+00
9.032651429280567967e+00 6.874805093167918102e+00 2.329237886282070402e+00 6.655360009274349231e+00 5.662186220977228679e+00
9.039112444716268513e+00 6.904559859559754820e+00 2.333120414036453649e+00 6.676620659230851018e+00 5.687532577382412136e+00
9.045343862662848622e+00 6.934187369242081012e+00 2.337036551576465726e+00 6.697552518250697418e+00 5.712816157099703140e+00
9.051353074179091962e+00 6.963688100154059590e+00 2.340986934274309039e+00 6.718159750877223502e+00 5.738037108297787903e+00
9.057147260537117717e+00 6.993062529259236548e+00 2.344972216235947648e+00 6.738446496295160237e+00 5.763195578944935171e+00
9.062733397770125876e+00 7.022311132541462442e+00 2.348993070982145603e+00 6.758416867169319886e+00 5.788291716805956888e+00
9.068118261209026087e+00 7.051434385000861838e+00 2.353050192157711606e+00 6.778074948592405669e+00 5.813325669439376675e+00
9.073308429997604563e+00 7.080432760649840951e+00 2.357144294272967677e+00 6.797424797120284801e+00 5.838297584194768852e+00
9.078310291577997404e+00 7.109306732509135252e+00 2.361276113476507010e+00 6.816470439899951828e+00 5.863207608210259103e+00
9.083130046153986115e+00 7.138056772603894373e+00 2.365446408363233388e+00 6.835215873875957193e+00 5.888055888410185013e+00
9.087773711101748475e+00 7.166683351959820314e+00 2.369655960817250051e+00 6.853665065069963980e+00 5.912842571502905820e+00
9.092247125346354153e+00 7.195186940599336722e+00 2.373905576893291958e+00 6.871821947932856389e+00 5.937567803978740066e+00
9.096555953694334562e+00 7.223568007537805258e+00 2.378196087737139752e+00 6.889690424756057752e+00 5.962231732108029369e+00
9.100705691111631523e+00 7.251827020779786359e+00 2.382528350548016149e+00 6.907274365146091277e+00 5.986834501939323872e+00
9.104701666958117556e+00 7.279964447315342646e+00 2.386903249584782394e+00 6.924577605551622383e+00 6.011376259297678715e+00
9.108549049154383681e+00 7.307980753116384953e+00 2.391321697217701381e+00 6.941603948841502003e+00 6.035857149783046438e+00
9.112252848286553686e+00 7.335876403133068102e+00 2.395784635029659437e+00 6.958357163931784939e+00 6.060277318768772403e+00
9.115817921660669398e+00 7.363651861290223088e+00 2.400293034966671790e+00 6.974840985453984565e+00 6.084636911400174597e+00
9.119248977287412572e+00 7.391307590483841672e+00 2.404847900544194061e+00 6.991059113467038344e+00 6.108936072593216693e+00
9.122550577804625860e+00 7.418844052577601822e+00 2.409450268107286242e+00 7.007015213205275650e+00 6.133174947033249502e+00
9.125727144340508801e+00 7.446261708399443791e+00 2.414101208152876765e+00 7.022712914862677458e+00 6.157353679173834138e+00
9.128782960281805359e+00 7.473561017738182599e+00 2.418801826711698855e+00 7.038155813410646111e+00 6.181472413235627350e+00
9.131722175000140496e+00 7.500742439340180034e+00 2.423553266798854633e+00 7.053347468446929724e+00 6.205531293205344134e+00
9.134548807499422551e+00 7.527806430906050394e+00 2.428356709930850954e+00 7.068291404072127193e+00 6.229530462834767413e+00
9.137266749986709513e+00 7.554753449087422190e+00 2.433213377718268067e+00 7.082991108788712964e+00 6.253470065639826103e+00
9.139879771400883257e+00 7.581583949483739815e+00 2.438124533532718186e+00 7.097450035432074422e+00 6.277350244899717602e+00
9.142391520818843986e+00 7.608298386639113176e+00 2.443091484256941115e+00 7.111671601126180242e+00 6.301171143656092433e+00
9.144805530831009222e+00 7.634897214039221502e+00 2.448115582118225220e+00 7.125659187258773564e+00 6.324932904712275317e+00
9.147125220834075421e+00 7.661380884108256240e+00 2.453198226612900434e+00 7.139416139474776379e+00 6.348635670632535977e+00
9.149353900247071181e+00 7.687749848205907455e+00 2.458340866524628687e+00 7.152945767688262180e+00 6.372279583741409681e+00
9.151494771678780893e+00 7.714004556624413311e+00 2.463545002042057508e+00 7.166251346114585807e+00 6.395864786123038215e+00
9.153550933988391591e+00 7.740145458585641514e+00 2.468812186982460410e+00 7.179336113320862189e+00 6.419391419620573025e+00
9.155525385298409091e+00 7.766173002238223155e+00 2.474144031123273635e+00 7.192203272291572524e+00 6.442859625835590798e+00
9.157421025937583892e+00 7.792087634654738082e+00 2.479542202653533867e+00 7.204855990507467389e+00 6.466269546127558776e+00
9.159240661308015063e+00 7.817889801828942886e+00 2.485008430742682517e+00 7.217297400038388488e+00 6.489621321613324945e+00
9.160987004697318525e+00 7.843579948673045976e+00 2.490544508243808686e+00 7.229530597650403401e+00 6.512915093166633085e+00
9.162662680007182203e+00 7.869158519015035935e+00 2.496152294526044368e+00 7.241558644924797505e+00 6.536151001417682238e+00
9.164270224414313049e+00 7.894625955596049849e+00 2.501833718455728217e+00 7.253384568388449694e+00 6.559329186752687946e+00
9.165812090978450399e+00 7.919982700067791370e+00 2.507590781520846246e+00 7.265011359654720557e+00 6.582449789313495891e+00
9.167290651177166794e+00 7.945229192990003853e+00 2.513425561119059015e+00 7.276441975574413412e+00 6.605512948997197320e+00
9.168708197379455527e+00 7.970365873827977232e+00 2.519340214004870404e+00 7.287679338396268136e+00 6.628518805455777319e+00
9.170066945263336322e+00 7.995393180950113532e+00 2.525336979915792313e+00 7.298726335936347454e+00 6.651467498095786191e+00
9.171369036144495723e+00 8.020311551625532331e+00 2.531418185375382102e+00 7.309585821755698376e+00 6.674359166078024153e+00
9.172616539271325919e+00 8.045121422021729529e+00 2.537586247691041574e+00 7.320260615345715927e+00 6.697193948317249124e+00
9.173811454049880965e+00 8.069823227202279625e+00 2.543843679147899994e+00 7.330753502320762394e+00 6.719971983481904054e+00
9.174955712204710068e+00 8.094417401124580635e+00 2.550193091413274438e+00 7.341067234617562498e+00 6.742693409993856690e+00
9.176051179905257982e+00 8.118904376637656739e+00 2.556637200159483481e+00 7.351204530700975681e+00 6.765358366028161541e+00
9.177099659792588682e+00 8.143284585480000004e+00 2.563178829910716328e+00 7.361168075775705866e+00 6.787966989512835170e+00
9.178102892984371763e+00 8.167558458277461853e+00 2.569820919132308479e+00 7.370960522003536575e+00 6.810519418128643920e+00
9.179062561015271626e+00 8.191726424541176499e+00 2.576566525557185461e+00 7.380584488725519421e+00 6.833015789308906740e+00
9.179980287719361698e+00 8.215788912665548338e+00 2.583418831778349745e+00 7.390042562689408179e+00 6.855456240239317545e+00
9.180857641076515918e+00 8.239746349926287294e+00 2.590381151092513878e+00 7.399337298281185582e+00 6.877840907857770247e+00
9.181696134980317225e+00 8.263599162478483251e+00 2.597456933628459641e+00 7.408471217760851601e+00 6.900169928854201551e+00
9.182497230972415991e+00 8.287347775354726664e+00 2.604649772741923108e+00 7.417446811502062864e+00 6.922443439670451504e+00
9.183262339927336981e+00 8.310992612463266482e+00 2.611963411708997373e+00 7.426266538235315906e+00 6.944661576500118727e+00
9.183992823684144824e+00 8.334534096586226681e+00 2.619401750698809650e+00 7.434932825294420233e+00 6.966824475288444063e+00
9.184689996640111431e+00 8.357972649377856555e+00 2.626968854052535551e+00 7.443448068866005407e+00 6.988932271732189783e+00
9.185355127287595067e+00 8.381308691362836072e+00 2.634668957849331861e+00 7.451814634241789470e+00 7.010985101279541887e+00
9.185989439705160464e+00 8.404542641934629188e+00 2.642506477777299079e+00 7.460034856073670007e+00 7.032983099130015070e+00
9.186594115014118600e+00 8.427674919353862037e+00 2.650486017290664797e+00 7.468111038631705334e+00 7.054926400234363015e+00
9.187170292786577264e+00 8.450705940746766842e+00 2.658612376057510662e+00 7.476045456060926853e+00 7.076815139294499346e+00
9.187719072413420562e+00 8.473636122103652468e+00 2.666890558679896994e+00 7.483840352642411986e+00 7.098649450763437230e+00
9.188241514436715107e+00 8.496465878277435380e+00 2.675325783671743896e+00 7.491497943061116160e+00 7.120429468845215659e+00
9.188738641824393483e+00 8.519195622982204341e+00 2.683923492675253097e+00 7.499020412659536561e+00 7.142155327494855932e+00
9.189211441224616195e+00 8.541825768791831308e+00 2.692689359877691757e+00 7.506409917717904001e+00 7.163827160418310136e+00
9.189660864175765553e+00 8.564356727138623171e+00 2.701629301603261091e+00 7.513668585710743031e+00 7.185445101072421181e+00
9.190087828276537252e+00 8.586788908312017909e+00 2.710749486016435394e+00 7.520798515579447674e+00 7.207009282664892602e+00
9.190493218334754744e+00 8.609122721457330485e+00 2.720056342889785927e+00 7.527801778000016597e+00 7.228519838154261024e+00
9.190877887454981021e+00 8.631358574574521825e+00 2.729556573352330151e+00 7.534680415650740315e+00 7.249976900249873957e+00
9.191242658113173647e+00 8.653496874517033532e+00 2.739257159553404541e+00 7.541436443484521135e+00 7.271380601411876476e+00
9.191588323192270593e+00 8.675538026990651019e+00 2.749165374121533389e+00 7.548071848998934463e+00 7.292731073851205004e+00
9.191915646982973698e+00 8.697482436552414597e+00 2.759288789219034754e+00 7.554588592505589340e+00 7.314028449529580200e+00
9.192225366163009781e+00 8.719330506609557219e+00 2.769635285203009722e+00 7.560988607404188322e+00 7.335272860159513186e+00
9.192518190729993321e+00 8.741082639418509714e+00 2.780213058613087096e+00 7.567273800451379095e+00 7.356464437204310869e+00
9.192794804914502294e+00 8.762739236083922023e+00 2.791030629247981398e+00 7.573446052033329323e+00 7.377603311878086600e+00
9.193055868064325509e+00 8.784300696557737709e+00 2.802096846209347181e+00 7.579507216435994010e+00 7.398689615145783272e+00
9.193302015497744506e+00 8.805767419638302229e+00 2.813420892462101808e+00 7.585459122116379405e+00 7.419723477723190186e+00
9.193533859334744207e+00 8.827139802969524496e+00 2.825012287885611428e+00 7.591303571972726871e+00 7.440705030076970594e+00
9.193751989295815719e+00 8.848418243040061526e+00 2.836880890180969228e+00 7.597042343614565318e+00 7.461634402424694557e+00
9.193956973474247008e+00 8.869603135182551057e+00 2.849036893384002678e+00 7.602677189633040733e+00 7.482511724734872693e+00
9.194149359089108131e+00 8.890694873572885015e+00 2.861490823538102912e+00 7.608209837868584735e+00 7.503337126726995265e+00
9.194329673210635434e+00 8.911693851229516738e+00 2.874253531004892448e+00 7.613641991680781373e+00 7.524110737871576582e+00
9.194498423462922787e+00 8.932600460012803723e+00 2.887336178916723117e+00 7.618975330215000952e+00 7.544832687390201187e+00
9.194656098707033820e+00 8.953415090624405437e+00 2.900750227184185626e+00 7.624211508668475190e+00 7.565503104255572708e+00
9.194803169691390110e+00 8.974138132606698903e+00 2.914507411452864183e+00 7.629352158558722508e+00 7.586122117191573366e+00
9.194940089691318263e+00 8.994769974342245789e+00 2.928619716373653148e+00 7.634398887985129001e+00 7.606689854673316376e+00
9.195067295123877216e+00 9.015311003053287919e+00 2.943099342547570885e+00 7.639353281894993408e+00 7.627206444927213447e+00
9.195185206140756407e+00 9.035761604801290758e+00 2.957958666431514061e+00 7.644216902346427034e+00 7.647672015931035183e+00
9.195294227209457105e+00 9.056122164486508197e+00 2.973210192592841139e+00 7.648991288767594376e+00 7.668086695413978582e+00
9.195394747661083557e+00 9.076393065847593533e+00 2.988866497859666183e+00 7.653677958220932886e+00 7.688450610856741640e+00
9.195487142231080213e+00 9.096574691461256634e+00 3.004940166604848528e+00 7.658278405659142862e+00 7.708763889491596188e+00
9.195571771578844533e+00 9.116667422741928206e+00 3.021443716964843151e+00 7.662794104183318744e+00 7.729026658302462494e+00
9.195648982788531711e+00 9.136671639941496892e+00 3.038389517673308227e+00 7.667226505303201378e+00 7.749239044024993639e+00
9.195719109858238483e+00 9.156587722149049924e+00 3.055789695529751882e+00 7.671577039186346703e+00 7.769401173146656348e+00
9.195782474164413856e+00 9.176416047290658184e+00 3.073656033708508595e+00 7.675847114916754421e+00 7.789513171906818023e+00
9.195839384915622361e+00 9.196156992129211005e+00 3.091999861498970770e+00 7.680038120745339647e+00 7.809575166296831128e+00
9.195890139591050172e+00 9.215810932264258071e+00 3.110831936357193239e+00 7.684151424338699243e+00 7.829587282060130882e+00
9.195935024362578147e+00 9.235378242131913495e+00 3.130162319627223244e+00 7.688188373033229439e+00 7.849549644692321415e+00
9.195974314505118485e+00 9.254859295004774111e+00 3.150000247659180186e+00 7.692150294077377382e+00 7.869462379441277022e+00
9.196008274790038683e+00 9.274254462991876835e+00 3.170354000570953179e+00 7.696038494879600123e+00 7.889325611307240749e+00
9.196037159864490107e+00 9.293564117038691563e+00 3.191230771184375037e+00 7.699854263255415887e+00 7.909139465042921202e+00
9.196061214620764090e+00 9.312788626927138935e+00 3.212636537360108679e+00 7.703598867664035232e+00 7.928904065153598246e+00
9.196080674551236456e+00 9.331928361275661388e+00 3.234575940848728681e+00 7.707273557455311952e+00 7.948619535897228694e+00
9.196095766091419321e+00 9.350983687539288880e+00 3.257052176534292354e+00 7.710879563105359935e+00 7.968286001284552889e+00
9.196106706953049326e+00 9.369954972009779226e+00 3.280066895283217487e+00 7.714418096452941853e+00 7.987903585079204838e+00
9.196113706440032232e+00 9.388842579815754874e+00 3.303620124378093159e+00 7.717890350940646904e+00 8.007472410797824125e+00
9.196116965758958983e+00 9.407646874922898306e+00 3.327710208530896718e+00 7.721297501841578814e+00 8.026992601710167818e+00
9.196116678316876403e+00 9.426368220134152764e+00 3.352333774422200374e+00 7.724640706495648601e+00 8.046464280839227712e+00
9.196113030007827760e+00 9.445006977089972722e+00 3.377485720850704087e+00 7.727921104540231845e+00 8.065887570961347564e+00
9.196106199493373268e+00 9.463563506268602765e+00 3.403159235854182452e+00 7.731139818133666353e+00 8.085262594606346553e+00
9.196096358466123277e+00 9.482038166986367145e+00 3.429345841248663262e+00 7.734297952188241787e+00 8.104589474057629417e+00
9.196083671909685009e+00 9.500431317398012609e+00 3.456035463979911793e+00 7.737396594589471377e+00 8.123868331352326777e+00
9.196068298347872982e+00 9.518743314497070784e+00 3.483216532732164694e+00 7.740436816418914567e+00 8.143099288281398174e+00
