2.028364952788359155e+00 2.034282387662438740e+00 2.020561542080040240e+00 2.025643902321090817e+00 2.030531988268390542e+00
2.057331682479819790e+00 2.069230098951670982e+00 2.041632629467930560e+00 2.051732197134084501e+00 2.061746420964395199e+00
2.086869348231858101e+00 2.104791706738589063e+00 2.063180136924389618e+00 2.078249824998746220e+00 2.093596440697381489e+00
2.116949297044142142e+00 2.140918445829433026e+00 2.085172815193208073e+00 2.105182426877191482e+00 2.126037647897974558e+00
2.147545005275783847e+00 2.177564101884253756e+00 2.107581289803754032e+00 2.132516291936399799e+00 2.159027906586331369e+00
2.178632023307558896e+00 2.214685007305355668e+00 2.130378001141261191e+00 2.160238276748811082e+00 2.192527466674679903e+00
2.210187936232468786e+00 2.252239903324939174e+00 2.153537190138912205e+00 2.188335877342669544e+00 2.226498850530401530e+00
2.242192341455838012e+00 2.290189892716726128e+00 2.177034882985515285e+00 2.216797243834178310e+00 2.260906738654394399e+00
2.274626818728296751e+00 2.328498381351758351e+00 2.200848880675132957e+00 2.245611131694374762e+00 2.295717962505497756e+00
2.307474895254348013e+00 2.367131009729916524e+00 2.224958758207773890e+00 2.274766877019951394e+00 2.330901481136987474e+00
2.340722015038550374e+00 2.406055590484963425e+00 2.249345872033091442e+00 2.304254395882239681e+00 2.366428350477943976e+00
2.374355511136055696e+00 2.445242053744036248e+00 2.273993375337787004e+00 2.334064181746936306e+00 2.402271697656511051e+00
2.408364579915515780e+00 2.484662399205564753e+00 2.298886245365023395e+00 2.364187300030511807e+00 2.438406702446517471e+00
2.442740254456767346e+00 2.524290644477014567e+00 2.324011322475819874e+00 2.394615383242526097e+00 2.474810587739562528e+00
2.477475371276582905e+00 2.564102776422948704e+00 2.349357359528042810e+00 2.425340612591221134e+00 2.511462616171839635e+00
2.512564578639367330e+00 2.604076707157589876e+00 2.374915085061212849e+00 2.456355728375188452e+00 2.548344092323356236e+00
2.548004281493233325e+00 2.644192234344654668e+00 2.400677285318714382e+00 2.487654002375023765e+00 2.585438370235032313e+00
2.583792630555202141e+00 2.684430999829811704e+00 2.426638894513214684e+00 2.519229236094425062e+00 2.622730865029029523e+00
2.619929497441722877e+00 2.724776459158875674e+00 2.452797117506075875e+00 2.551075766009562429e+00 2.660209068313408753e+00
2.656416456348883237e+00 2.765213847402472780e+00 2.479151535315001098e+00 2.583188435127060423e+00 2.697862565961729242e+00
2.693256776351783621e+00 2.805730149250390770e+00 2.505704283875204386e+00 2.615562597723378957e+00 2.735683056382558043e+00
2.730455398557196656e+00 2.846314070058418189e+00 2.532460246847004992e+00 2.648194113692231344e+00 2.773664366958871863e+00
2.768018915964839177e+00 2.886956013129500231e+00 2.559427233426771142e+00 2.681079326125489715e+00 2.811802465834168707e+00
2.805955554888739378e+00 2.927648056372507579e+00 2.586616244321413571e+00 2.714215066180895697e+00 2.850095465638932346e+00
2.844275154377099213e+00 2.968383931434958711e+00 2.614041750958178145e+00 2.747598638729683795e+00 2.888543615116593521e+00
2.882989146952888770e+00 3.009159005655416497e+00 2.641721989286184957e+00 2.781227802727544329e+00 2.927149273961983322e+00
2.922110537220555138e+00 3.049970266708492250e+00 2.669679311580895220e+00 2.815100778198982301e+00 2.965916863920405877e+00
2.961653876586583412e+00 3.090816307062941526e+00 2.697940629048219741e+00 2.849216220953176393e+00 3.004852797487608917e+00
3.001635234169697686e+00 3.131697309997900636e+00 2.726537846697991263e+00 2.883573205360516312e+00 3.043965366330648958e+00
3.042072164641826948e+00 3.172615038395069753e+00 2.755508336976584705e+00 2.918171233623516603e+00 3.083264592142891392e+00
3.082983667539629824e+00 3.213572823481858354e+00 2.784895581234817730e+00 2.953010197357401889e+00 3.122762031154548090e+00
3.124390141832350309e+00 3.254575553940427746e+00 2.814749762445078130e+00 2.988090376111081969e+00 3.162470527376905594e+00
3.166313331431197753e+00 3.295629665181554646e+00 2.845128366742312842e+00 3.023412404901980821e+00 3.202403911154797278e+00
3.208776260112015777e+00 3.336743129416170905e+00 2.876096993970204796e+00 3.058977264339429958e+00 3.242576677215935455e+00
3.251803157805679412e+00 3.377925443545060968e+00 2.907729999306336133e+00 3.094786262899939633e+00 3.283003522544142516e+00
3.295419367508250819e+00 3.419187615854100137e+00 2.940111165781051472e+00 3.130841013999200673e+00 3.323698831885498084e+00
3.339651239293784268e+00 3.460542152107253688e+00 2.973334299363897593e+00 3.167143410560083527e+00 3.364676255730003174e+00
3.384526006835939516e+00 3.502003036083642940e+00 3.007503531185919954e+00 3.203695598886347362e+00 3.405948310762149323e+00
3.430071642068833526e+00 3.543585707131455820e+00 3.042733277764264166e+00 3.240499951313943416e+00 3.447525664846211590e+00
3.476316693726871687e+00 3.585307033345911165e+00 3.079147666298452712e+00 3.277559036892959909e+00 3.489416626807101185e+00
3.523290093612277296e+00 3.627185278692223402e+00 3.116879027397523316e+00 3.314875589796796529e+00 3.531626803017992700e+00
3.571020940112267006e+00 3.669240057842189540e+00 3.156065073593253612e+00 3.352452475471244586e+00 3.574158723660551651e+00
3.619538256837731893e+00 3.711492283703378359e+00 3.196844807268099053e+00 3.390292654596301691e+00 3.617011513366269249e+00
3.668870720769895399e+00 3.753964108068741368e+00 3.239352539159628286e+00 3.428399144890936778e+00 3.660180728645872072e+00
3.719046368761937504e+00 3.796678839983282483e+00 3.283709842453900407e+00 3.466774980768033476e+00 3.703658342624979394e+00
3.770092275847253926e+00 3.839660849594367598e+00 3.330015951624730519e+00 3.505423170869065075e+00 3.747432858875306305e+00
3.822034186845636228e+00 3.882935462606402766e+00 3.378337413136623724e+00 3.544346653555030091e+00 3.791489529824176419e+00
3.874896151217656737e+00 3.926528807241713714e+00 3.428698282412315113e+00 3.583548250482340158e+00 3.835810689977199317e+00
3.928700140639240779e+00 3.970467661797519643e+00 3.481072764149341303e+00 3.623030618444617268e+00 3.880376179436900497e+00
3.983465645764570962e+00 4.014779272167676716e+00 3.535382130549964419e+00 3.662796199717053280e+00 3.925163815423100999e+00
4.039209265353620459e+00 4.059491133658317707e+00 3.591497677175391257e+00 3.702847174583660195e+00 3.970149887564690783e+00
4.095944385834267010e+00 4.104630868136522892e+00 3.649248561141480884e+00 3.743185441429521809e+00 4.015309744089924138e+00
4.153681695643395066e+00 4.150227265639172991e+00 3.708435205977527183e+00 3.783812878713348482e+00 4.060619284298171650e+00
4.212429610917980405e+00 4.196311095948193071e+00 3.768844184858187063e+00 3.824731616383084898e+00 4.106056219434045751e+00
4.272193787847041513e+00 4.242914496962879589e+00 3.830261365770664561e+00 3.865943928969941545e+00 4.151600245987373761e+00
4.332976592916225833e+00 4.290070165090765997e+00 3.892482569053770991e+00 3.907452113636419089e+00 4.197233001967230592e+00
4.394776597323877709e+00 4.337810554768864790e+00 3.955320965745896977e+00 3.949258355698613610e+00 4.242937965750187779e+00
4.457588131652706842e+00 4.386167041819988732e+00 4.018611036379884816e+00 3.991364604060788412e+00 4.288700300534282306e+00
4.521400896586090568e+00 4.435169101150323812e+00 4.082209774030742366e+00 4.033772447418938256e+00 4.334506641746993516e+00
4.586199655255506435e+00 4.484843497210799335e+00 4.145995933127888833e+00 4.076482997724010460e+00 4.380344866302090523e+00
4.651964019471642509e+00 4.535213486794642535e+00 4.209868073865153271e+00 4.119496778703981121e+00 4.426203836733771269e+00
4.718668345846532830e+00 4.586298084895279459e+00 4.273742026177803410e+00 4.162813619801848830e+00 4.472073149481037291e+00
4.786281754256109799e+00 4.638111392162984181e+00 4.337548221705646689e+00 4.206432573916554674e+00 4.517942893432988605e+00
4.854768275573418279e+00 4.690662003674853864e+00 4.401229160438424159e+00 4.250351837544482869e+00 4.563803430788501814e+00
4.924087129714870059e+00 4.743952530244962773e+00 4.464737148900177033e+00 4.294568692169834279e+00 4.609645210404122118e+00
4.994193125641459119e+00 4.797979240483838836e+00 4.528032379520749551e+00 4.339079461232437929e+00 4.655458613525613742e+00
5.065037167338335422e+00 4.852731842097548487e+00 4.591081341903305635e+00 4.383879484526056913e+00 4.701233837408755001e+00
5.136566842630064578e+00 4.908193409632450432e+00 4.653855529727858986e+00 4.428963110763122657e+00 4.746960812945156150e+00
5.208727067831731006e+00 4.964340464379659146e+00 4.716330418951077519e+00 4.474323706854438143e+00 4.792629157885532010e+00
5.281460758041210291e+00 5.021143205982782298e+00 4.778484662412688877e+00 4.519953683368496122e+00 4.838228157773680316e+00
5.354709498874283824e+00 5.078565884171893252e+00 4.840299462576016509e+00 4.565844534521349196e+00 4.883746771618481475e+00
5.428414192701366936e+00 5.136567303762432424e+00 4.901758087252324536e+00 4.611986890148594753e+00 4.929173659007693331e+00
5.502515660677539167e+00 5.195101432958042054e+00 4.962845496163817316e+00 4.658370576914096617e+00 4.974497222107695293e+00
5.576955188977403388e+00 5.254118099065656189e+00 5.023548054294330711e+00 4.704984690484252496e+00 5.019705656429596097e+00
5.651675009163427355e+00 5.313563742490456931e+00 5.083853312113432388e+00 4.751817671472197802e+00 5.064787009344353663e+00
5.726618709557666165e+00 5.373382198995281023e+00 5.143749836359314820e+00 4.798857384267256165e+00 5.109729242014054762e+00
5.801731577017110730e+00 5.433515485546020152e+00 5.203227080004820593e+00 4.846091198502532116e+00 5.154520291051386316e+00
5.876960871144715881e+00 5.493904563091775550e+00 5.262275281319652720e+00 4.893506070778283146e+00 5.199148128602469221e+00
5.952256036542701523e+00 5.554490055533300996e+00 5.320885382989540169e+00 4.941088624646202909e+00 5.243600819354048426e+00
6.027568857817182213e+00 5.615212907068404036e+00 5.379048971434889914e+00 4.988825227929426731e+00 5.287866572833069156e+00
6.102853563456859476e+00 5.676014967611167528e+00 5.436758227494437712e+00 5.036702066644787479e+00 5.331933791019014990e+00
6.178066886339884434e+00 5.736839495346464091e+00 5.494005886606662337e+00 5.084705214978844978e+00 5.375791110359608105e+00
6.253168086401639236e+00 5.797631573667307414e+00 5.550785203841964055e+00 5.132820700322461072e+00 5.419427438605199043e+00
6.328118941777818307e+00 5.858338464870584517e+00 5.607089925606448588e+00 5.181034563338324794e+00 5.462831985976227323e+00
6.402883644365999771e+00 5.918909819436608544e+00 5.662914253420868960e+00 5.229332873067231269e+00 5.505994239654926403e+00
6.477429045265446383e+00 5.979298032633407090e+00 5.718252880360553014e+00 5.277701939521300289e+00 5.548904194204586915e+00
6.551724114184938941e+00 6.039458019470633765e+00 5.773100871564793124e+00 5.326128108811658990e+00 5.591552036476153731e+00
6.625740151484598606e+00 6.099347597188315540e+00 5.827453726038497983e+00 5.374597958490453742e+00 5.633928385819271689e+00
6.699450673230317399e+00 6.158927372045586601e+00 5.881307326241262068e+00 5.423098315577554729e+00 5.676024252985965468e+00
6.772831256181025772e+00 6.218160735030020092e+00 5.934657934087675279e+00 5.471616268916569048e+00 5.717831039415978367e+00
6.845859432487574558e+00 6.277013809366506436e+00 5.987502185282187916e+00 5.520139199410452946e+00 5.759340537469309851e+00
6.918514662573412188e+00 6.335455391678896930e+00 6.039837061311039257e+00 5.568654806813969849e+00 5.800544950632241736e+00
6.990778190306802919e+00 6.393456710820285771e+00 6.091659878765672609e+00 5.617151107256954212e+00 5.841436884505665894e+00
7.062632929942065374e+00 6.450991518213407439e+00 6.142968278507706437e+00 5.665616472700976125e+00 5.882009336756909512e+00
7.134063357710235032e+00 6.508035904979335484e+00 6.193760214140771936e+00 5.714039637431847396e+00 5.922255695702985712e+00
7.205055424157902344e+00 6.564568112345738449e+00 6.244033940428555418e+00 5.762409699407581520e+00 5.962169736116991636e+00
7.275596468580435072e+00 6.620568427835276104e+00 6.293788002685319682e+00 5.810716123400095690e+00 6.001745612402213936e+00
7.345675130519796703e+00 6.676019046530218048e+00 6.343021218575133346e+00 5.858948747335229079e+00 6.040977850549231754e+00
7.415281262801284967e+00 6.730903982533038565e+00 6.391732669466946959e+00 5.907097784221533310e+00 6.079861339316203761e+00
7.484405849675036748e+00 6.785208973890018314e+00 6.439921691321651487e+00 5.955153820651011287e+00 6.118391318654437860e+00
7.553040930434713474e+00 6.838921329628083079e+00 6.487587863556301571e+00 6.003107813846748186e+00 6.156563370049500605e+00
7.621179527549517552e+00 6.892029755334174723e+00 6.534730999448060906e+00 6.050951087878496004e+00 6.194373407972299184e+00
7.688815578733348310e+00 6.944524288894069919e+00 6.581351135251755302e+00 6.098675329080371021e+00 6.231817668024557832e+00
7.755943873494055119e+00 6.996396244610225246e+00 6.627448519576421226e+00 6.146272579788536028e+00 6.268892697916071732e+00
7.822559992646287874e+00 7.047638113958064388e+00 6.673023604194940006e+00 6.193735231323433510e+00 6.305595345312556610e+00
7.888660245801400350e+00 7.098243454407816344e+00 6.718077034651895652e+00 6.241056015456165618e+00 6.341922747515544856e+00
7.954241632218511882e+00 7.148206801369709318e+00 6.762609640361094243e+00 6.288227996296618549e+00 6.377872320512342874e+00
8.019301775946345856e+00 7.197523600963483759e+00 6.806622427883894488e+00 6.335244562616417774e+00 6.413441748976472567e+00
8.083838916477159131e+00 7.246190146998412906e+00 6.850116569349014028e+00 6.382099418340513530e+00 6.448628974162404326e+00
8.147851818268016189e+00 7.294203514828169865e+00 6.893093398794006177e+00 6.428786573367265333e+00 6.483432185841045303e+00
8.211339746458323319e+00 7.341561497523222179e+00 6.935554399258110791e+00 6.475300333706203837e+00 6.517849809763124114e+00
8.274302431940938618e+00 7.388262550149847563e+00 6.977501199731646508e+00 6.521635292693456876e+00 6.551880500043074207e+00
8.336740030664650192e+00 7.434305733206273636e+00 7.018935563970839731e+00 6.567786320551842749e+00 6.585523127627410211e+00
8.398653105060644108e+00 7.479690677466600768e+00 7.059859386026790418e+00 6.613748556346111585e+00 6.618776772131676367e+00
8.460042584646890518e+00 7.524417516218864677e+00 7.100274680978299280e+00 6.659517396924838017e+00 6.651640712001809952e+00
8.520909743920828561e+00 7.568486876362940485e+00 7.140183580393606455e+00 6.705088488301932159e+00 6.684114415308725299e+00
8.581256170562721053e+00 7.611899815201339514e+00 7.179588323887644563e+00 6.750457716611093062e+00 6.716197532077589294e+00
8.641083748916022600e+00 7.654657800288710234e+00 7.218491254685946323e+00 6.795621198060739943e+00 6.747889883923085641e+00
8.700394619989129552e+00 7.696762673353608974e+00 7.256894812459599997e+00 6.840575271180057371e+00 6.779191458195489517e+00
8.759191164434460219e+00 7.738216613043759295e+00 7.294801528255137946e+00 6.885316487803855523e+00 6.810102397692865850e+00
8.817476025082571667e+00 7.779022117920924906e+00 7.332214019245268055e+00 6.929841604093739171e+00 6.840622995186938837e+00
8.875251983690940705e+00 7.819181972250893509e+00 7.369134982474433215e+00 6.974147574204244471e+00 6.870753684321974752e+00
8.932522055663392635e+00 7.858699225611803563e+00 7.405567191030088203e+00 7.018231539585519485e+00 6.900495033558781799e+00
8.989289442024753995e+00 7.897577174297678582e+00 7.441513487282684913e+00 7.062090824696939606e+00 6.929847739234634041e+00
9.045557428058005556e+00 7.935819332494113532e+00 7.476976780816974255e+00 7.105722925727886441e+00 6.958812618058080268e+00
9.101329545850358471e+00 7.973429423172213149e+00 7.511960041090570250e+00 7.149125507421722148e+00 6.987390602117767635e+00
9.156609384170705468e+00 8.010411353611310403e+00 7.546466295732175311e+00 7.192296391761773044e+00 7.015582730862854888e+00
9.211400662100009740e+00 8.046769200919984044e+00 7.580498624108210848e+00 7.235233555972571118e+00 7.043390147541301438e+00
9.265707251425384428e+00 8.082507199210150262e+00 7.614060155337923241e+00 7.277935120880222541e+00 7.070814091212414887e+00
9.319533073422350711e+00 8.117629722391198399e+00 7.647154062835590516e+00 7.320399350344133360e+00 7.097855893097878344e+00
9.372882159021182602e+00 8.152141276266034353e+00 7.679783561960552341e+00 7.362624639271344584e+00 7.124516970190993170e+00
9.425758620487485473e+00 8.186046468229031703e+00 7.711951905656992068e+00 7.404609514097034939e+00 7.150798820645552389e+00
9.478166621205922127e+00 8.219350036624561540e+00 7.743662381547982143e+00 7.446352620978484715e+00 7.176703019419689689e+00
9.530110409934097859e+00 8.252056778981541996e+00 7.774918309957419282e+00 7.487852726517541413e+00 7.202231212319838427e+00
9.581594267224089023e+00 8.284171589497121957e+00 7.805723038152338589e+00 7.529108706785622829e+00 7.227385113441790132e+00
9.632622522038186474e+00 8.315699453160158683e+00 7.836079936885243846e+00 7.570119548275187960e+00 7.252166498955872953e+00
9.683199564754026767e+00 8.346645383530480800e+00 7.865992406715635710e+00 7.610884337512754172e+00 7.276577204840840807e+00
9.733329791110977069e+00 8.377014496806514998e+00 7.895463859286302899e+00 7.651402261529373305e+00 7.300619121485200758e+00
9.783017641947218124e+00 8.406811924900985389e+00 7.924497723756495304e+00 7.691672599513848851e+00 7.324294191031445855e+00
9.832267585584286707e+00 8.436042855564330978e+00 7.953097455800162585e+00 7.731694721678997517e+00 7.347604404144759904e+00
9.881084092366325677e+00 8.464712523048401493e+00 7.981266510019267457e+00 7.771468083116174874e+00 7.370551795011577312e+00
9.929471667828169146e+00 8.492826177208264937e+00 8.009008354678201158e+00 7.810992221355389731e+00 7.393138437302292587e+00
9.977434812705689993e+00 8.520389105626014370e+00 8.036326475661935476e+00 7.850266752025207850e+00 7.415366448110909836e+00
1.002497803592107140e+01 8.547406605431348225e+00 8.063224354135657634e+00 7.889291366789051629e+00 7.437237971954438365e+00
1.007210585725573004e+01 8.573883991525518056e+00 8.089705479363608731e+00 7.928065828689910610e+00 7.458755187943520326e+00
1.011882278385787970e+01 8.599826593969622124e+00 8.115773348081969374e+00 7.966589965233704440e+00 7.479920310026793473e+00
1.016513332525900459e+01 8.625239736912272193e+00 8.141431451499354210e+00 8.004863672495281079e+00 7.500735569580425199e+00
1.021104198486812642e+01 8.650128760253309679e+00 8.166683282737363214e+00 8.042886912767066576e+00 7.521203228976983013e+00
1.025655324800805346e+01 8.674498990432393697e+00 8.191532334924682246e+00 8.080659695381296359e+00 7.541325572335979111e+00
1.030167159940184440e+01 8.698355751506944955e+00 8.215982093176180001e+00 8.118182090157377573e+00 7.561104898889722925e+00
1.034640149925050423e+01 8.721704364360897799e+00 8.240036039590462380e+00 8.155454236019815895e+00 7.580543532592975531e+00
1.039074739228013478e+01 8.744550129253235937e+00 8.263697650658180294e+00 8.192476301503120339e+00 7.599643807607693091e+00
1.043471371133334813e+01 8.766898340448969762e+00 8.286970391488440058e+00 8.229248508415562213e+00 7.618408072702559153e+00
1.047830485957622670e+01 8.788754269066167524e+00 8.309857721320879520e+00 8.265771144045668706e+00 7.636838690845372035e+00
1.052152522260491274e+01 8.810123167754021267e+00 8.332363089418354463e+00 8.302044519309138337e+00 7.654938031306675050e+00
1.056437916285064382e+01 8.831010270251191230e+00 8.354489930454407798e+00 8.338068992298858007e+00 7.672708473564815890e+00
1.060687101261276233e+01 8.851420780754473583e+00 8.376241670532957428e+00 8.373844970376278951e+00 7.690152404878732639e+00
1.064900508374560317e+01 8.871359882902082106e+00 8.397621721472610545e+00 8.409372892979243730e+00 7.707272214133158883e+00
1.069078565504841194e+01 8.890832728128534868e+00 8.418633479062620495e+00 8.444653234556104948e+00 7.724070297791861606e+00
1.073221697700626187e+01 8.909844438825812674e+00 8.439280327459274034e+00 8.479686508407176859e+00 7.740549052624093207e+00
1.077330327363522500e+01 8.928400109111553462e+00 8.459565633048436339e+00 8.514473260863423931e+00 7.756710875343178380e+00
1.081404873302669856e+01 8.946504795684486311e+00 8.479492744920014147e+00 8.549014065664593431e+00 7.772558166270417956e+00
1.085445751425538852e+01 8.964163525780577402e+00 8.499064997916841335e+00 8.583309529096634805e+00 7.788093320547093690e+00
1.089453374425506382e+01 8.981381288388273987e+00 8.518285706213093889e+00 8.617360289168619403e+00 7.803318732156171222e+00
1.093428151373850632e+01 8.998163036368980627e+00 8.537158165554895817e+00 8.651167004198580202e+00 7.818236793206930102e+00
1.097370488377346653e+01 9.014513687403628239e+00 8.555685655219303243e+00 8.684730359988623860e+00 7.832849888607902322e+00
1.101280787766639691e+01 9.030438117530174225e+00 8.573871431782377428e+00 8.718051072900408371e+00 7.847160399692127974e+00
1.105159448446212167e+01 9.045941166484350759e+00 8.591718732224576272e+00 8.751129873993525266e+00 7.861170701302421016e+00
1.109006866018203752e+01 9.061027632101755103e+00 8.609230775060273899e+00 8.783967517559192473e+00 7.874883159558868861e+00
1.112823432228231191e+01 9.075702271456169257e+00 8.626410754922318347e+00 8.816564785293723006e+00 7.888300135272076297e+00
1.116609535395536490e+01 9.089969801903325930e+00 8.643261845705483282e+00 8.848922471019273317e+00 7.901423978207204435e+00
1.120365560243192249e+01 9.103834896338241833e+00 8.659787201072621343e+00 8.881041388288238636e+00 7.914257029085975503e+00
1.124091887688052971e+01 9.117302187367775090e+00 8.675989950119795679e+00 8.912922371475435313e+00 7.926801620284289029e+00
1.127788895227088339e+01 9.130376263305148399e+00 8.691873200244106812e+00 8.944566269345052945e+00 7.939060071226953674e+00
1.131456956489705057e+01 9.143061668975065004e+00 8.707440037052119663e+00 8.975973944571876473e+00 7.951034691143898492e+00
1.135096441459942795e+01 9.155362906896925779e+00 8.722693521223783719e+00 9.007146276571527110e+00 7.962727777998258816e+00
1.138707716567395778e+01 9.167284433654598885e+00 8.737636690940950857e+00 9.038084159061531508e+00 7.974141615885327106e+00
1.142291144374037160e+01 9.178830663163688897e+00 8.752272561347005819e+00 9.068788495745895517e+00 7.985278477621448268e+00
1.145847083854488346e+01 9.190005963990342863e+00 8.766604122430456059e+00 9.099260203778325007e+00 7.996140621972744889e+00
1.149375890309663362e+01 9.200814659862906808e+00 8.780634341098158657e+00 9.129500213786780449e+00 8.006730293552049460e+00
1.152877915258870445e+01 9.211261030774048564e+00 8.794366160259608378e+00 9.159509463283963981e+00 8.017049724398788157e+00
1.156353506690780186e+01 9.221349310435821067e+00 8.807802497538601116e+00 9.189288900492382339e+00 8.027101130525714723e+00
1.159803008813092440e+01 9.231083689780245294e+00 8.820946247104757276e+00 9.218839485983764348e+00 8.036886713677251493e+00
1.163226762204500631e+01 9.240468313300793213e+00 8.833800278389720262e+00 9.248162184835246435e+00 8.046408661217835601e+00
1.166625103880211078e+01 9.249507279563642825e+00 8.846367435546616420e+00 9.277257970689642974e+00 8.055669143904394147e+00
1.169998367133725381e+01 9.258204641568411830e+00 8.858650539047070893e+00 9.306127827318375623e+00 8.064670317671074784e+00
1.173346881711985112e+01 9.266564414321573295e+00 8.870652384072135632e+00 9.334772742377323240e+00 8.073414322491903050e+00
1.176670973783134855e+01 9.274590558988721867e+00 8.882375740670179098e+00 9.363193709753897309e+00 8.081903281512948567e+00
1.179970965894974277e+01 9.282286993594770053e+00 8.893823355074886194e+00 9.391391730618217082e+00 8.090139302699256518e+00
1.183247177133362626e+01 9.289657592201049141e+00 8.904997947863844132e+00 9.419367810662619078e+00 8.098124476513770986e+00
1.186499922997123058e+01 9.296706193104132154e+00 8.915902214739718445e+00 9.447122959073993798e+00 8.105860876882635679e+00
1.189729515503066892e+01 9.303436577857780776e+00 8.926538827476390381e+00 9.474658190301639138e+00 8.113350561606901934e+00
1.192936263238752481e+01 9.309852487264423715e+00 8.936910432102692425e+00 9.501974523177654675e+00 8.120595570595700252e+00
1.196120471291819243e+01 9.315957620481363222e+00 8.947019650056310169e+00 9.529072978090201929e+00 8.127597927100040920e+00
1.199282441364481500e+01 9.321755636744164519e+00 8.956869078697813791e+00 9.555954579012670536e+00 8.134359637401882281e+00
1.202422471772580259e+01 9.327250144565290668e+00 8.966461289918143507e+00 9.582620353791920564e+00 8.140882689874233691e+00
1.205540857441498304e+01 9.332444711610806465e+00 8.975798831192575378e+00 9.609071330374334252e+00 8.147169056144811350e+00
1.208637890040544072e+01 9.337342864604897485e+00 8.984884225931130786e+00 9.635308538887592533e+00 8.153220690097702672e+00
1.211713857860760868e+01 9.341948087612927054e+00 8.993719972415165742e+00 9.661333012632635331e+00 8.159039527935409097e+00
1.214769045921330104e+01 9.346263820128688948e+00 9.002308544759847209e+00 9.687145783921678799e+00 8.164627488956574197e+00
1.217803735978250224e+01 9.350293460313499949e+00 9.010652393114037650e+00 9.712747886209788462e+00 8.169986474253093434e+00
1.220818206762625735e+01 9.354040366047277288e+00 9.018753942903201093e+00 9.738140354712763624e+00 8.175118367548263265e+00
1.223812733602933278e+01 9.357507852558850203e+00 9.026615595692556226e+00 9.763324223730901252e+00 8.180025035270277911e+00
1.226787588714033639e+01 9.360699193481652358e+00 9.034239729255107321e+00 9.788300527274961027e+00 8.184708325764338710e+00
1.229743041173739293e+01 9.363617621652002398e+00 9.041628697097952028e+00 9.813070299815377595e+00 8.189170070118665379e+00
1.232679357234624717e+01 9.366266331015678404e+00 9.048784829218485370e+00 9.837634575132286230e+00 8.193412081833271188e+00
1.235596799809757584e+01 9.368648473251953490e+00 9.055710432066309323e+00 9.861994385402493180e+00 8.197436156585178324e+00
1.238495628848280816e+01 9.370767160531435991e+00 9.062407788317822011e+00 9.886150762266149528e+00 8.201244073374077459e+00
1.241376101309657010e+01 9.372625465609694118e+00 9.068879157529421420e+00 9.910104736579578244e+00 8.204837592886420339e+00
1.244238471377009603e+01 9.374226424298855775e+00 9.075126776017508945e+00 9.933857336661107595e+00 8.208218458363029768e+00
1.247082990131373670e+01 9.375573030672331498e+00 9.081152856841580245e+00 9.957409589463836141e+00 8.211388395431223231e+00
1.249909905802504184e+01 9.376668241214686006e+00 9.086959590364710238e+00 9.980762520884651323e+00 8.214349114109696259e+00
1.252719463773889252e+01 9.377514974892095623e+00 9.092549144071938372e+00 1.000391715360535017e+01 8.217102305251426486e+00
1.255511906654624354e+01 9.378116114231586309e+00 9.097923662725504457e+00 1.002687450825351689e+01 8.219649642430507441e+00
1.258287474222691316e+01 9.378474502535279811e+00 9.103085269056119699e+00 1.004963560403080791e+01 8.221992781924297944e+00
1.261046403510092162e+01 9.378592946912458927e+00 9.108036063102629143e+00 1.007220145643627873e+01 8.224133365653420569e+00
1.263788928831528757e+01 9.378474218115959715e+00 9.112778122707476669e+00 1.009457307844683527e+01 8.226073016340588850e+00
1.266515281789273040e+01 9.378121050805454217e+00 9.117313503655552154e+00 1.011675148077208952e+01 8.227813339306582208e+00
1.269225691349414653e+01 9.377536143667512647e+00 9.121644240331928444e+00 1.013873767070195697e+01 8.229355923355086588e+00
1.271920383850490133e+01 9.376722160080603885e+00 9.125772345539154173e+00 1.016053265217337476e+01 8.230702342276021710e+00
1.274599583036865802e+01 9.375681728068732568e+00 9.129699809783346609e+00 1.018213742627653673e+01 8.231854152320879692e+00
1.277263510069773744e+01 9.374417441105030946e+00 9.133428602429811249e+00 1.020355299080371836e+01 8.232812892444895780e+00
1.279912383600155579e+01 9.372931858411615025e+00 9.136960671800451905e+00 1.022478033958591404e+01 8.233580085591901465e+00
1.282546419780011426e+01 9.371227505161598970e+00 9.140297946971120524e+00 1.024582046314114514e+01 8.234157239023845776e+00
1.285165832294035937e+01 9.369306873620654841e+00 9.143442333801884203e+00 1.026667434866531714e+01 8.234545843657022246e+00
1.287770832370378749e+01 9.367172422238095209e+00 9.146395718317478440e+00 1.028734297897483607e+01 8.234747373775020307e+00
1.290361628852462417e+01 9.364826576811401182e+00 9.149159966026040536e+00 1.030782733319423272e+01 8.234763287893214212e+00
1.292938428211800073e+01 9.362271730764776478e+00 9.151736923166659210e+00 1.032812838701540592e+01 8.234595028931680716e+00
1.295501434577836974e+01 9.359510245677951090e+00 9.154128415099549443e+00 1.034824711146768017e+01 8.234244024096339487e+00
1.298050849727636802e+01 9.356544451263950180e+00 9.156336247172950138e+00 1.036818447360042406e+01 8.233711684539063214e+00
1.300586873190497172e+01 9.353376646039663456e+00 9.158362205180173632e+00 1.038794143730297215e+01 8.232999406008817189e+00
1.303109702247011370e+01 9.350009097623468435e+00 9.160208055471999344e+00 1.040751896110678842e+01 8.232108568979413121e+00
1.305619531953548140e+01 9.346444043101541865e+00 9.161875545138563837e+00 1.042691799937739816e+01 8.231040538731967615e+00
1.308116555128949088e+01 9.342683689443045836e+00 9.163366401853387799e+00 1.044613950198893093e+01 8.229796665004807110e+00
1.310600962464808106e+01 9.338730213846602624e+00 9.164682334380888307e+00 1.046518441446279368e+01 8.228378282563626911e+00
1.313072942524469688e+01 9.334585763896631860e+00 9.165825032658732496e+00 1.048405368046490871e+01 8.226786711505599925e+00
1.315532681762620903e+01 9.330252458000948934e+00 9.166796167980882259e+00 1.050274823535417390e+01 8.225023257581764113e+00
