2.015927880754053714e+00 2.001958401540717247e+00 2.774698506034973811e+00 2.033153038230364196e+00 3.259268147682453431e+00
2.031913003465868339e+00 2.003938488694815057e+00 3.524392667706030657e+00 2.065701453625357509e+00 4.467338232350574145e+00
2.047962840592446376e+00 2.005941054956101421e+00 4.250103282156929119e+00 2.097675573457031373e+00 5.616367607444926691e+00
2.064084912771755320e+00 2.007966920537085365e+00 4.952746026573425553e+00 2.129104264210885500e+00 6.706859380655086689e+00
2.080286833732789109e+00 2.010016937984638652e+00 5.633162608960197382e+00 2.160014977033141381e+00 7.741995933280326980e+00
2.096576306870159723e+00 2.012091993922184407e+00 6.292140597050990714e+00 2.190433729372885274e+00 8.724822242756344437e+00
2.112961156241289995e+00 2.014193008817304342e+00 6.930424895550414632e+00 2.220385172744599345e+00 9.658183100726494885e+00
2.129449334850339159e+00 2.016320941411427370e+00 7.548724589813031294e+00 2.249892619573943708e+00 1.054474371804496258e+01
2.146048923523122376e+00 2.018476789802563953e+00 8.147717321877415486e+00 2.278978071050148824e+00 1.138700746228293603e+01
2.162768141992001958e+00 2.020661592542370766e+00 8.728052312723443507e+00 2.307662251470379289e+00 1.218732958286570778e+01
2.179615364122356791e+00 2.022876430926365376e+00 9.290352604924233759e+00 2.335964648913889885e+00 1.294792842791014387e+01
2.196599104533707436e+00 2.025122432756259361e+00 9.835216830933459775e+00 2.363903552954087495e+00 1.367089505544391237e+01
2.213728055564461616e+00 2.027400771629613629e+00 1.036322067223274423e+01 2.391496089392052493e+00 1.435820173527367238e+01
2.231011063750796719e+00 2.029712671375597743e+00 1.087491811274015419e+01 2.418758258725502319e+00 1.501170961896008826e+01
2.248457165940069835e+00 2.032059408601917472e+00 1.137084254113191761e+01 2.445704975229402223e+00 1.563317573605156419e+01
2.266075587738332953e+00 2.034442317565565705e+00 1.185150774238016957e+01 2.472350104976482665e+00 1.622425942705520185e+01
2.283875736196433692e+00 2.036862791826615560e+00 1.231740880351373590e+01 2.498706503980195670e+00 1.678652830159474973e+01
2.301867236080143986e+00 2.039322286958122010e+00 1.276902294478191813e+01 2.524786056432105408e+00 1.732146375628116530e+01
2.320059894364959963e+00 2.041822324513618003e+00 1.320681029552373431e+01 2.550599712557062304e+00 1.783046611960697092e+01
2.338463743582821053e+00 2.044364496352244487e+00 1.363121461920922783e+01 2.576157526305780987e+00 1.831485946847629975e+01
2.357089012459219202e+00 2.046950469108173909e+00 1.404266399331326731e+01 2.601468692968254892e+00 1.877589606996797755e+01
2.375946151871850986e+00 2.049581988933470988e+00 1.444157145034793821e+01 2.626541586542363582e+00 1.921476057063268783e+01
2.395045819932963393e+00 2.052260885860606621e+00 1.482833558892064829e+01 2.651383796945095295e+00 1.963257392599562579e+01
2.414398891334326613e+00 2.054989079335837410e+00 1.520334114802289172e+01 2.676002167144860167e+00 2.003039705780959068e+01
2.434016448484348061e+00 2.057768583948888175e+00 1.556695954965493733e+01 2.700402829980578900e+00 2.040923429429959413e+01
2.453909785679050160e+00 2.060601516182576365e+00 1.591954941921946265e+01 2.724591244883661112e+00 2.077003656450578717e+01
2.474090389304095527e+00 2.063490100426532692e+00 1.626145708269616108e+01 2.748572234137418580e+00 2.111370444861930196e+01
2.494569951785405859e+00 2.066436676959405805e+00 1.659301703782494641e+01 2.772350018991018406e+00 2.144109105835135054e+01
2.515360331874690658e+00 2.069443709828314493e+00 1.691455240338311228e+01 2.795928255476143764e+00 2.175300466394902443e+01
2.536473571999920296e+00 2.072513794824430100e+00 1.722637534860675146e+01 2.819310069877146940e+00 2.205021118350920517e+01
2.557921857540573551e+00 2.075649669423187405e+00 1.752878749996553864e+01 2.842498093768728751e+00 2.233343651482786640e+01
2.579717502910600757e+00 2.078854223332933238e+00 1.782208034099615190e+01 2.865494498377836319e+00 2.260336877711105430e+01
2.601872957270089159e+00 2.082130508336331953e+00 1.810653558796827411e+01 2.888301028631746981e+00 2.286066041121083003e+01
2.624400695074401213e+00 2.085481751233724257e+00 1.838242554180160226e+01 2.910919036390279935e+00 2.310593012596502760e+01
2.647313328833603041e+00 2.088911367672745545e+00 1.865001346056775944e+01 2.933349513323968427e+00 2.333976474481086427e+01
2.670623390136629194e+00 2.092422974959228021e+00 1.890955384465492628e+01 2.955593122432218056e+00 2.356272093627679354e+01
2.694343484341469086e+00 2.096020409027003151e+00 1.916129277457224234e+01 2.977650229066185705e+00 2.377532685018937642e+01
2.718486064899046539e+00 2.099707742195563664e+00 1.940546821996314719e+01 2.999520930920716921e+00 2.397808365675205522e+01
2.743063581830104791e+00 2.103489300280485530e+00 1.964231032643153441e+01 3.021205087154572588e+00 2.417146701452074353e+01
2.768088217795452444e+00 2.107369684758319206e+00 1.987204169261667630e+01 3.042702346364071442e+00 2.435592842977724715e+01
2.793571941710854656e+00 2.111353796636214586e+00 2.009487763990149389e+01 3.064012173072365286e+00 2.453189654766818251e+01
2.819526440376619369e+00 2.115446859079290309e+00 2.031102647953478524e+01 3.085133873480304434e+00 2.469977837250369035e+01
2.845963048216153091e+00 2.119654447059899915e+00 2.052068974296802395e+01 3.106066619671157714e+00 2.485996041727932138e+01
2.872892687359204889e+00 2.123982519470876795e+00 2.072406242728115444e+01 3.126809473180373722e+00 2.501280978883558959e+01
2.900325781666278857e+00 2.128437449625102396e+00 2.092133322711135790e+01 3.147361406124558503e+00 2.515867520914848754e+01
2.928272175639349939e+00 2.133026065204421506e+00 2.111268474470458756e+01 3.167721321830480719e+00 2.529788799501806551e+01
2.956741060275503763e+00 2.137755692242713668e+00 2.129829369552310681e+01 3.187888073903974995e+00 2.543076295558140387e+01
2.985740894416526459e+00 2.142634196709864547e+00 2.147833115967650031e+01 3.207860484148942870e+00 2.555759926186364694e+01
3.015279321545494717e+00 2.147670039152515198e+00 2.165296268210008179e+01 3.227637358999158490e+00 2.567868126190532507e+01
3.045363103664695537e+00 2.152872335688066130e+00 2.182234865735820861e+01 3.247217504246198594e+00 2.579427925353023809e+01
3.075998061557034369e+00 2.158250908658017941e+00 2.198664426584995368e+01 3.266599739142951098e+00 2.590465022311460075e+01
3.107188940507624508e+00 2.163816389304146881e+00 2.214599971707512083e+01 3.285782908241216216e+00 2.601003848649199668e+01
3.138939467414338491e+00 2.169580275680661252e+00 2.230056051129578876e+01 3.304765908209440717e+00 2.611067639515458438e+01
3.171252432476570071e+00 2.175555069002966579e+00 2.245046754765498420e+01 3.323547691628191192e+00 2.620678492943091697e+01
3.204129586879183922e+00 2.181754360054828368e+00 2.259585726555022589e+01 3.342127284956193822e+00 2.629857428519920859e+01
3.237571588585621107e+00 2.188192946367128133e+00 2.273686175664833797e+01 3.360503790393350787e+00 2.638624442580714557e+01
3.271577967363853201e+00 2.194886962056385560e+00 2.287360904219792701e+01 3.378676389818298986e+00 2.646998567990663176e+01
3.306147095255233204e+00 2.201854022242796027e+00 2.300622309986721703e+01 3.396644348553123915e+00 2.654997912176364139e+01
3.341276160206962498e+00 2.209113386557949976e+00 2.313482400818345042e+01 3.414407018841881136e+00 2.662639694772745003e+01
3.376961151007110473e+00 2.216686146068838958e+00 2.325952811132661679e+01 3.431963842855152880e+00 2.669940307504345967e+01
3.413196860251229037e+00 2.224595424885422723e+00 2.338044813614363093e+01 3.449314354438124841e+00 2.676915355218150339e+01
3.449976902293378611e+00 2.232866620267601743e+00 2.349769330805218459e+01 3.466458180046338988e+00 2.683579686399497888e+01
3.487293735750661927e+00 2.241527671887916906e+00 2.361136945941814247e+01 3.483395039449951547e+00 2.689947453174372072e+01
3.525138701628943938e+00 2.250609352346426562e+00 2.372157905099917130e+01 3.500124746299996925e+00 2.696032128475355449e+01
3.563502070950641532e+00 2.260145605638031352e+00 2.382842146132212946e+01 3.516647207851915979e+00 2.701846543358649200e+01
3.602373098052907618e+00 2.270173917644551231e+00 2.393199297309260842e+01 3.532962424923469680e+00 2.707402913534727418e+01
3.641740085447751074e+00 2.280735723293775941e+00 2.403238686569008209e+01 3.549070490320672011e+00 2.712712892427908429e+01
3.681590454293161230e+00 2.291876864209168474e+00 2.412969362448799515e+01 3.564971586434913409e+00 2.717787597314715242e+01
3.721910819006246207e+00 2.303648089499901186e+00 2.422400094891728273e+01 3.580665988635274299e+00 2.722637513709159407e+01
3.762687065334026748e+00 2.316105581960446358e+00 2.431539378447399002e+01 3.596154056893462680e+00 2.727272721660383326e+01
3.803904430537740300e+00 2.329311509828944970e+00 2.440395453663664327e+01 3.611436239137097104e+00 2.731702776029886692e+01
3.845547583529824287e+00 2.343334577712198108e+00 2.448976310711714888e+01 3.626513064138372489e+00 2.735936847931646909e+01
3.887600704140737218e+00 2.358250548723566542e+00 2.457289690993442122e+01 3.641385142057727009e+00 2.739983651341813342e+01
3.930047560524127626e+00 2.374142688522120626e+00 2.465343111057205405e+01 3.656053160888456333e+00 2.743851519401975736e+01
3.972871583683911911e+00 2.391102060135355867e+00 2.473143836547870578e+01 3.670517884123956964e+00 2.747548361473284828e+01
4.016055938853152263e+00 2.409227562029433223e+00 2.480698946600622179e+01 3.684780148470666372e+00 2.751081725935634736e+01
4.059583593249548095e+00 2.428625599286665437e+00 2.488015256674972875e+01 3.698840860880269865e+00 2.754458797855425800e+01
4.103437380600980511e+00 2.449409182468537782e+00 2.495099424068074256e+01 3.712700994261056042e+00 2.757686439062021577e+01
4.147600061877406930e+00 2.471696070975730741e+00 2.501957870912576354e+01 3.726361586484995492e+00 2.760771190975253830e+01
4.192054383195281453e+00 2.495606184036867514e+00 2.508596839281339541e+01 3.739823735289484308e+00 2.763719300930479150e+01
4.236783130959260291e+00 2.521257702776543486e+00 2.515022390793339468e+01 3.753088596720251857e+00 2.766536724810163150e+01
4.281769184436837072e+00 2.548761767385750776e+00 2.521240399293002810e+01 3.766157381462506670e+00 2.769229149046517335e+01
4.326995565787600917e+00 2.578215913477281518e+00 2.527256561617061692e+01 3.779031351992641952e+00 2.771801993888205828e+01
4.372445487916258422e+00 2.609696624093885475e+00 2.533076413781449077e+01 3.791711820290458945e+00 2.774260431817213046e+01
4.418102399002006742e+00 2.643251668259663401e+00 2.538705362453862335e+01 3.804200101879290141e+00 2.776609438834117327e+01
4.463950014542430011e+00 2.678893029202636278e+00 2.544148530005155706e+01 3.816497723858647717e+00 2.778853649679057014e+01
4.509972347403841120e+00 2.716592884011414633e+00 2.549410955201088669e+01 3.828606005515557076e+00 2.780997548530402597e+01
4.556153754900346797e+00 2.756281342675777069e+00 2.554497569324598416e+01 3.840526440178913425e+00 2.783045458448562215e+01
4.602478974294042402e+00 2.797849294215029481e+00 2.559413133448741462e+01 3.852260546239775874e+00 2.785001498780998119e+01
4.648933155342593437e+00 2.841154386768577567e+00 2.564162252749808246e+01 3.863809859735441332e+00 2.786869582940823165e+01
4.695501883633863116e+00 2.886030256594064092e+00 2.568749392243491769e+01 3.875175942819039765e+00 2.788653443277283728e+01
4.742171207206355099e+00 2.932296807570650365e+00 2.573178887025835948e+01 3.886360384375977972e+00 2.790356644611072312e+01
4.788927655592260635e+00 2.979770375486919587e+00 2.577454949114856220e+01 3.897364798060964475e+00 2.791982592498653659e+01
4.835758245998519556e+00 3.028272400317753021e+00 2.581581696355240041e+01 3.908190823216603160e+00 2.793534531048278424e+01
4.882650490816778266e+00 3.077635866885248817e+00 2.585563089889181398e+01 3.918840111948046712e+00 2.795015567416489333e+01
4.929592405627847285e+00 3.127709383153949307e+00 2.589402976911335585e+01 3.929314340945029294e+00 2.796428666275894770e+01
4.976572507310933702e+00 3.178359142780156965e+00 2.593105091377732307e+01 3.939615192806338317e+00 2.797776706253673851e+01
5.023579810246276978e+00 3.229469238998433411e+00 2.596673054270875269e+01 3.949744374677225611e+00 2.799062379261493305e+01
5.070603820867468414e+00 3.280940842933040447e+00 2.600110386105279758e+01 3.959703601900383951e+00 2.800288280039109523e+01
5.117634530012599825e+00 3.332690687460014178e+00 2.603420505406202423e+01 3.969494604768252888e+00 2.801456867981100984e+01
5.164662403111609734e+00 3.384649361846965743e+00 2.606606730666383953e+01 3.979119118853186254e+00 2.802570506319291610e+01
5.211678367907668807e+00 3.436759339903410648e+00 2.609672285418086091e+01 3.988578889968974917e+00 2.803631449040582524e+01
5.258673801480387766e+00 3.488973130962458313e+00 2.612620300034816978e+01 3.997875667915229414e+00 2.804641854621913311e+01
5.305640516291654230e+00 3.541251698258975456e+00 2.615453807629362259e+01 4.007011205952167643e+00 2.805603791988920648e+01
5.352570745684701592e+00 3.593563068131207849e+00 2.618175761913333588e+01 4.015987262877215080e+00 2.806519234716195399e+01
5.399457128702784381e+00 3.645881063849275794e+00 2.620789014818490870e+01 4.024805597051862804e+00 2.807390070282617245e+01
5.446292694812362001e+00 3.698184251300259184e+00 2.623296356306689958e+01 4.033467968411967419e+00 2.808218105801388731e+01
5.493070848282491703e+00 3.750455043465638294e+00 2.625700472186537837e+01 4.041976136432901434e+00 2.809005067996700333e+01
5.539785352576573452e+00 3.802678984970278009e+00 2.628003994884560157e+01 4.050331854287939848e+00 2.809752609751615182e+01
5.586430314871663860e+00 3.854844265580074314e+00 2.630209457810792983e+01 4.058536879102160100e+00 2.810462302207254481e+01
5.633000170747014757e+00 3.906941207170862462e+00 2.632319343156789415e+01 4.066592965904373358e+00 2.811135667706327013e+01
5.679489669324710555e+00 3.958961855090970428e+00 2.634336041351255986e+01 4.074501847152700584e+00 2.811774134582273632e+01
5.725893858666912806e+00 4.010899655589926560e+00 2.636261892739823409e+01 4.082265274051603221e+00 2.812379091966113620e+01
5.772208071564365106e+00 4.062749200670000782e+00 2.638099153298271915e+01 4.089884989052244180e+00 2.812951858553600104e+01
5.818427911771617111e+00 4.114506017044991637e+00 2.639850027955133172e+01 4.097362700385605017e+00 2.813493694937596601e+01
5.864549240631099281e+00 4.166166414500004578e+00 2.641516647751385349e+01 4.104700138727969794e+00 2.814005816682210792e+01
5.910568164499825805e+00 4.217727347058663590e+00 2.643101094503928294e+01 4.111899019134854782e+00 2.814489383121583899e+01
5.956481022222975596e+00 4.269186293327834392e+00 2.644605384233613776e+01 4.118961030949039426e+00 2.814945499129615669e+01
6.002284373430141429e+00 4.320541164426009217e+00 2.646031464075081274e+01 4.125887868151023596e+00 2.815375229428493142e+01
6.047974987216743870e+00 4.371790230000647703e+00 2.647381239625539706e+01 4.132681208150887464e+00 2.815779590278579292e+01
6.093549831226081182e+00 4.422932058759311502e+00 2.648656568739882999e+01 4.139342718883551875e+00 2.816159553275817728e+01
6.139006061485171806e+00 4.473965467175450073e+00 2.649859227181329757e+01 4.145874052749393357e+00 2.816516051058372838e+01
6.184341012542385663e+00 4.524889481603756813e+00 2.650990951576105914e+01 4.152276848775232843e+00 2.816849972817163916e+01
6.229552188083876452e+00 4.575703301776933074e+00 2.652053455967229567e+01 4.158552740158989458e+00 2.817162172125927810e+01
6.274637252043377522e+00 4.626406272661187202e+00 2.653048369168223530e+01 4.164703341207895981e+00 2.817453465138753899e+01
6.319594020065326667e+00 4.676997861567713244e+00 2.653977284057639707e+01 4.170730252320173470e+00 2.817724633514653121e+01
6.364420451499070097e+00 4.727477639213571337e+00 2.654841763439026181e+01 4.176635063825430372e+00 2.817976425365273485e+01
6.409114641803570045e+00 4.777845263905949658e+00 2.655643312089141261e+01 4.182419350218462561e+00 2.818209555010649225e+01
6.453674815317917535e+00 4.828100468019846936e+00 2.656383398364691217e+01 4.188084671035148254e+00 2.818424710275407818e+01
6.498099318799081203e+00 4.878243047304615665e+00 2.657063443772543110e+01 4.193632571391370689e+00 2.818622550751503297e+01
6.542386613505706272e+00 4.928272851252168962e+00 2.657684833948305325e+01 4.199064581318842748e+00 2.818803708241378914e+01
6.586535271393258562e+00 4.978189775412192652e+00 2.658248917952847279e+01 4.204382215432906023e+00 2.818968773185319776e+01
6.630543965407764695e+00 5.027993754963140383e+00 2.658757001643284212e+01 4.209586972915249525e+00 2.819118333301873491e+01
6.674411468935968372e+00 5.077684760299115752e+00 2.659210351214071721e+01 4.214680336908761760e+00 2.819252947639224161e+01
6.718136645383016692e+00 5.127262789229940054e+00 2.659610203548352558e+01 4.219663774016108704e+00 2.819373155494430705e+01
6.761718448326030639e+00 5.176727867802571659e+00 2.659957757445065241e+01 4.224538735913479393e+00 2.819479437230577901e+01
6.805155912688886310e+00 5.226080039582018166e+00 2.660254175212480021e+01 4.229306658206297698e+00 2.819572296123449462e+01
6.848448153294017793e+00 5.275319371730547324e+00 2.660500588818662493e+01 4.233968958597258414e+00 2.819652204481009150e+01
6.891594358728408309e+00 5.324445944800803687e+00 2.660698097130638473e+01 4.238527039873522639e+00 2.819719616843786625e+01
6.934593788110317014e+00 5.373459857059480704e+00 2.660847769156175957e+01 4.242982289058081946e+00 2.819774945605232475e+01
6.977445767403142263e+00 5.422361219140727329e+00 2.660950642812669287e+01 4.247336075048703918e+00 2.819818603465855844e+01
7.020149684902247778e+00 5.471150153607566402e+00 2.661007727510257581e+01 4.251589751364119429e+00 2.819850990816071246e+01
7.062704989721524385e+00 5.519826793745130189e+00 2.661020002679189034e+01 4.255744655742837779e+00 2.819872488108055109e+01
7.105111186086242370e+00 5.568391281316355190e+00 2.660988421487580169e+01 4.259802108280764443e+00 2.819883451799174523e+01
7.147367833240759083e+00 5.616843766864013432e+00 2.660913911241383545e+01 4.263763413194597618e+00 2.819884223892507080e+01
7.189474539706488088e+00 5.665184407356989915e+00 2.660797371521194776e+01 4.267629858652655095e+00 2.819875141000658658e+01
7.231430963293290937e+00 5.713413367154150713e+00 2.660639675796966230e+01 4.271402715768295444e+00 2.819856522350452366e+01
7.273236806112190145e+00 5.761530815940803407e+00 2.660441675797324734e+01 4.275083239807227820e+00 2.819828671858669011e+01
7.314891814288547955e+00 5.809536929353926737e+00 2.660204198019518174e+01 4.278672670524851895e+00 2.819791877746507325e+01
7.356395774134340648e+00 5.857431887813064897e+00 2.659928043059136016e+01 4.282172229871344271e+00 2.819746423230866128e+01
7.397748511850844366e+00 5.905215876291709520e+00 2.659613992439397734e+01 4.285583123759545643e+00 2.819692577982968729e+01
7.438949887554671569e+00 5.952889083989522767e+00 2.659262804765129928e+01 4.288906541563195951e+00 2.819630599992488129e+01
7.479999798077721529e+00 6.000451703696946026e+00 2.658875214926516861e+01 4.292143659061840921e+00 2.819560730423523864e+01
7.520898173730513392e+00 6.047903931848833459e+00 2.658451939525900443e+01 4.295295636199780276e+00 2.819483209886293196e+01
7.561644970336775629e+00 6.095245967855028368e+00 2.657993674358308311e+01 4.298363613021185969e+00 2.819398266685767851e+01
7.602240179518569896e+00 6.142478014276113285e+00 2.657501094551003007e+01 4.301348715010784751e+00 2.819306120533230953e+01
7.642683818506674776e+00 6.189600276259199063e+00 2.656974856781667071e+01 4.304252051390374589e+00 2.819206971461580125e+01
7.682975926322706428e+00 6.236612961619620421e+00 2.656415599587400322e+01 4.307074722097616437e+00 2.819101024297177460e+01
7.723116575113251336e+00 6.283516280505443419e+00 2.655823942739908006e+01 4.309817807264022527e+00 2.818988471703303134e+01
7.763105855148433321e+00 6.330310445281353005e+00 2.655200488153133875e+01 4.312482369021220840e+00 2.818869499063016093e+01
7.802943878525761434e+00 6.376995670509535863e+00 2.654545821820956419e+01 4.315069455843259405e+00 2.818744277179234103e+01
7.842630783803613781e+00 6.423572172489522281e+00 2.653860512632008195e+01 4.317580100726353898e+00 2.818612975761963568e+01
7.882166724615431441e+00 6.470040169306077615e+00 2.653145112077924495e+01 4.320015328623870055e+00 2.818475757854609043e+01
7.921551874785920155e+00 6.516399881152461937e+00 2.652400157762417265e+01 4.322376142159749079e+00 2.818332779120256859e+01
7.960786428391074310e+00 6.562651529124351235e+00 2.651626171658018194e+01 4.324663530573095827e+00 2.818184185825565535e+01
7.999870593407607977e+00 6.608795336078006066e+00 2.650823659086134398e+01 4.326878469075875699e+00 2.818030118925096161e+01
8.038804594820566862e+00 6.654831526709798162e+00 2.649993112902099668e+01 4.329021918527415025e+00 2.817870715821570471e+01
8.077588674305909322e+00 6.700760326211140594e+00 2.649135011466984935e+01 4.331094828716969047e+00 2.817706107260478632e+01
8.116223085097699297e+00 6.746581961537156502e+00 2.648249818458501181e+01 4.333098131173896306e+00 2.817536417265529636e+01
8.154708095500323495e+00 6.792296660912538364e+00 2.647337984817306733e+01 4.335032744959995910e+00 2.817361763493071081e+01
8.193043987599583744e+00 6.837904653223406015e+00 2.646399948891945542e+01 4.336899575314601130e+00 2.817182261567529267e+01
8.231231053060236391e+00 6.883406168786045498e+00 2.645436135818368228e+01 4.338699513956980169e+00 2.816998021310523015e+01
8.269269597127467009e+00 6.928801438765976428e+00 2.644446958178638596e+01 4.340433439632257695e+00 2.816809147547198577e+01
8.307159935782687299e+00 6.974090695164133713e+00 2.643432817411979485e+01 4.342102216853525931e+00 2.816615738729194973e+01
8.344902393736811419e+00 7.019274170994083129e+00 2.642394102960176028e+01 4.343706697230597769e+00 2.816417892193732087e+01
8.382497307073258241e+00 7.064352099942346364e+00 2.641331192203226408e+01 4.345247719280128429e+00 2.816215700320214665e+01
8.419945020072187702e+00 7.109324716466653094e+00 2.640244452536359532e+01 4.346726108811732381e+00 2.816009251637855826e+01
8.457245885095508342e+00 7.154192255825472024e+00 2.639134240418957233e+01 4.348142679039420422e+00 2.815798626704041041e+01
8.494400264354364793e+00 7.198954953791212752e+00 2.638000900816618000e+01 4.349498230039515079e+00 2.815583907680145259e+01
8.531408525945801458e+00 7.243613046802451549e+00 2.636844769692156731e+01 4.350793549610514788e+00 2.815365171575993486e+01
8.568271045416867793e+00 7.288166771977808267e+00 2.635666172869349566e+01 4.352029413201883301e+00 2.815142492205392344e+01
8.604988206311828591e+00 7.332616366804622920e+00 2.634465425865334964e+01 4.353206584679488067e+00 2.814915937566940229e+01
8.641560396971526004e+00 7.376962069365341712e+00 2.633242835186702635e+01 4.354325815751264095e+00 2.814685575030751252e+01
8.677988012151573116e+00 7.421204118244187242e+00 2.631998698454375329e+01 4.355387845796451884e+00 2.814451468712952220e+01
8.714271453158618286e+00 7.465342752355564215e+00 2.630733303566617920e+01 4.356393402760134315e+00 2.814213679696649706e+01
8.750411125207966379e+00 7.509378211093321376e+00 2.629446929497592933e+01 4.357343203041101454e+00 2.813972264913368448e+01
8.786407439036874933e+00 7.553310734196447385e+00 2.628139847962498266e+01 4.358237952050238562e+00 2.813727279222451472e+01
8.822260810483820492e+00 7.597140561704942563e+00 2.626812322245334386e+01 4.359078343656882737e+00 2.813478775625495842e+01
8.857971658757559652e+00 7.640867934019368590e+00 2.625464607913874460e+01 4.359865060635411460e+00 2.813226804272630588e+01
8.893540407735470055e+00 7.684493091767534700e+00 2.624096950072726386e+01 4.360598774925619203e+00 2.812971412333816446e+01
8.928967485141473759e+00 7.728016275829366677e+00 2.622709587593664438e+01 4.361280147713520350e+00 2.812712644383202587e+01
8.964253321608026681e+00 7.771437727402191520e+00 2.621302753985669298e+01 4.361909829179032805e+00 2.812450543792798996e+01
8.999398351686311415e+00 7.814757687746759274e+00 2.619876674813884421e+01 4.362488459494722193e+00 2.812185151434926311e+01
9.034403012689457668e+00 7.857976398300023035e+00 2.618431569035570661e+01 4.363016668367424522e+00 2.811916505836780544e+01
9.069267744429563294e+00 7.901094100606043114e+00 2.616967643055277648e+01 4.363495075324065553e+00 2.811644642683952000e+01
9.103992990033948018e+00 7.944111036632928169e+00 2.615485101518189026e+01 4.363924289779321342e+00 2.811369597138909882e+01
9.138579194421870611e+00 7.987027448131062357e+00 2.613984143533008364e+01 4.364304910580342423e+00 2.811091402059130928e+01
9.173026804715954441e+00 8.029843576910177916e+00 2.612464960880266318e+01 4.364637527726634048e+00 2.810810088476012325e+01
9.207336270676604428e+00 8.072559664825799786e+00 2.610927739444279894e+01 4.364922721253496007e+00 2.810525684447950212e+01
9.241508043237038450e+00 8.115175954032803673e+00 2.609372653274012066e+01 4.365161061714880830e+00 2.810238217973718378e+01
9.275542575186541683e+00 8.157692686680272587e+00 2.607799876916500281e+01 4.365353110085158583e+00 2.809947714932436114e+01
9.309440321255090467e+00 8.200110104584130255e+00 2.606209577986422943e+01 4.365499417665251514e+00 2.809654199711660283e+01
9.343201737004617868e+00 8.242428449651672651e+00 2.604601918112081549e+01 4.365600527463207037e+00 2.809357694034857644e+01
9.376827279441050322e+00 8.284647963832258100e+00 2.602977053543560615e+01 4.365656973199704360e+00 2.809058219389250510e+01
9.410317406908717430e+00 8.326768889294754672e+00 2.601335131233594566e+01 4.365669279768624733e+00 2.808755795598844429e+01
9.443672578312646948e+00 8.368791467668946993e+00 2.599676297964638394e+01 4.365637963006530065e+00 2.808450441103138928e+01
9.476893253639071091e+00 8.410715940650726807e+00 2.598000693677748885e+01 4.365563530073313103e+00 2.808142172385024793e+01
9.509979893685574837e+00 8.452542549816403294e+00 2.596308453405854166e+01 4.365446480172651356e+00 2.807831005029942162e+01
9.542932959579571772e+00 8.494271536890993346e+00 2.594599707220403317e+01 4.365287303944147546e+00 2.807516953595528264e+01
9.575752913220158646e+00 8.535903143131676529e+00 2.592874578932696394e+01 4.365086483830562081e+00 2.807200031311045407e+01
9.608440216851825255e+00 8.577437609749608782e+00 2.591133189987569807e+01 4.364844493608767806e+00 2.806880249921655945e+01
9.640995332857995592e+00 8.618875177781324837e+00 2.589375656597089659e+01 4.364561799389418795e+00 2.806557619983021823e+01
9.673418724129321689e+00 8.660216088193417150e+00 2.587602090687343193e+01 4.364238859683836402e+00 2.806232151375455786e+01
9.705710853485721046e+00 8.701460581685577012e+00 2.585812599366539644e+01 4.363876125091890934e+00 2.805903852753854721e+01
9.737872183747628085e+00 8.742608898715747756e+00 2.584007283675474653e+01 4.363474038610142713e+00 2.805572731414960330e+01
9.769903178240010533e+00 8.783661279541862044e+00 2.582186243738608056e+01 4.363033034855140713e+00 2.805238793159710298e+01
9.801804299554394362e+00 8.824617964247103430e+00 2.580349574527460277e+01 4.362553541907722376e+00 2.804902043917141441e+01
9.833576010163351810e+00 8.865479192711239520e+00 2.578497367191117107e+01 4.362035980440359673e+00 2.804562488305895940e+01
9.865218772142499759e+00 8.906245204443289154e+00 2.576629708277478414e+01 4.361480763862386922e+00 2.804220130105266762e+01
9.896733048243863351e+00 8.946916238727817827e+00 2.574746679622273859e+01 4.360888298495825488e+00 2.803874972303692914e+01
9.928119300036440720e+00 8.987492534594268889e+00 2.572848361669296224e+01 4.360258982610741185e+00 2.803527017147256828e+01
9.959377988240454727e+00 9.027974330948385528e+00 2.570934830402660154e+01 4.359593208976703771e+00 2.803176262521598971e+01
9.990509573130909260e+00 9.068361866182783615e+00 2.569006158376600268e+01 4.358891363108764239e+00 2.802822710520095839e+01
1.002151451523404546e+01 9.108655378462307439e+00 2.567062413771595430e+01 4.358153823869370669e+00 2.802466360688983471e+01
1.005239327493896617e+01 9.148855105634329021e+00 2.565103661211204411e+01 4.357380963390395934e+00 2.802107211905375195e+01
1.008314631025837294e+01 9.188961285402660550e+00 2.563129963472619011e+01 4.356573146603885505e+00 2.801745262425492555e+01
1.011377407907026971e+01 9.228974154969348476e+00 2.561141379491780512e+01 4.355730733170952718e+00 2.801380509927128770e+01
1.014427703866576280e+01 9.268893951238425188e+00 2.559137965111716895e+01 4.354854076058384038e+00 2.801012947888691329e+01
1.017465564697030445e+01 9.308720910782191993e+00 2.557119772158876359e+01 4.353943522063222993e+00 2.800642571348872778e+01
1.020491035902739796e+01 9.348455269894111908e+00 2.555086849804910543e+01 4.352999411560573684e+00 2.800269376763447582e+01
1.023504162968957054e+01 9.388097264498238559e+00 2.553039244950626241e+01 4.352022078577157060e+00 2.799893358481111250e+01
1.026504991284220658e+01 9.427647130107477125e+00 2.550977001246516451e+01 4.351011852033084715e+00 2.799514510266130074e+01
1.029493566238296332e+01 9.467105101892638430e+00 2.548900159558741763e+01 4.349969054689097447e+00 2.799132825326955398e+01
1.032469933021242703e+01 9.506471414677577059e+00 2.546808756956758657e+01 4.348894003584863555e+00 2.798748295290494426e+01
1.035434136743846523e+01 9.545746302957391904e+00 2.544702828587785604e+01 4.347787009610159181e+00 2.798360908993368668e+01
1.038386222415668847e+01 9.584930000755504054e+00 2.542582407152287161e+01 4.346648378160701043e+00 2.797970659226574242e+01
1.041326234964742703e+01 9.624022741737034536e+00 2.540447522534682534e+01 4.345478409613907189e+00 2.797577536264081743e+01
