1.263351702104375462e+01
3.090918008961189400e+00
4.428004454831748760e+00
4.272279836481912563e-01
4.604442179770954269e+00
2.764874746763991809e+00
5.991845633510131108e+00
2.851610371690062262e+00
1.269706280760129147e+01
1.992819962469730699e+00
1.034769629478829067e+01
2.620747986733882873e-01
2.406893189099830743e-01
3.933091841768250885e-01
1.370858054026090400e+00
8.847114363919351965e-02
4.684755289799059225e-02
1.707109166215958415e-02
2.464828934895012258e-01
1.476420067929837820e-01
4.223844686740543114e-02
3.025843950569301680e-02
9.891371160983404576e-02
1.983159286712383399e-03
4.769204009831277347e+00
3.010928249299738013e-01
1.048937029050885883e+01
2.188842999090267138e+00
1.222096398365121139e+01
2.795248745314262262e+00
1.109240456230540933e-01
4.860168084456122084e-02
1.949692972414954895e+01
7.818955221559498625e+00
5.420705383386993148e+00
1.295165310684292415e+00
4.854708764132959153e+00
9.865606798228587770e-01
7.392865342334224987e-01
1.246614294450236055e-01
