8.001201467248275634e+00 7.997448375560061606e+00 8.010934365365491416e+00 8.015512723504601311e+00 8.000363059013428924e+00
8.037416447597856006e+00 8.031035569343725200e+00 8.055584660595197732e+00 8.065378218335597538e+00 8.037079808760585919e+00
8.071399587322854785e+00 8.063411651695577831e+00 8.096783227462427845e+00 8.112360167307086201e+00 8.072771659556265078e+00
8.103391310149801186e+00 8.094720549875189519e+00 8.134843607038927615e+00 8.156708492552223078e+00 8.107555565476689097e+00
8.133618872716203541e+00 8.125100192170727098e+00 8.170062164158769846e+00 8.198660723402028339e+00 8.141544103935723697e+00
8.162296609625348864e+00 8.154682980153662442e+00 8.202718645824823795e+00 8.238442255747518317e+00 8.174845807298213529e+00
8.189627047236490043e+00 8.183596025661367790e+00 8.233077380079405927e+00 8.276267283233595506e+00 8.207565333377994321e+00
8.215801424351976578e+00 8.211961235525933489e+00 8.261388172846306333e+00 8.312339309536138643e+00 8.239803496664050542e+00
8.241000207561720359e+00 8.239895488880970120e+00 8.287887080952438978e+00 8.346851635872146957e+00 8.271657408581223336e+00
8.265393706605459911e+00 8.267510902009165719e+00 8.312797137474946751e+00 8.379987906870397296e+00 8.303220623877427542e+00
8.289142615108346490e+00 8.294915009576937948e+00 8.336329086974229696e+00 8.411922615938987491e+00 8.334583218835753371e+00
8.312398521768928461e+00 8.322210925301270379e+00 8.358682073776421362e+00 8.442821522222304864e+00 8.365832012309741827e+00
8.335304406441430558e+00 8.349497497131887158e+00 8.380044250746488288e+00 8.472842120508786934e+00 8.397050618525650378e+00
8.357995026332059041e+00 8.376869438822453162e+00 8.400593404518646778e+00 8.502134037756199803e+00 8.428319516464066297e+00
8.380597355159842721e+00 8.404417477523171698e+00 8.420497502849100258e+00 8.530839396709271938e+00 8.459716169272033071e+00
8.403231008821865800e+00 8.432228520552675022e+00 8.439915215827019424e+00 8.559093167167661775e+00 8.491315099128467381e+00
8.426008627751155444e+00 8.460385772286203476e+00 8.458996386389943112e+00 8.587023537418875918e+00 8.523188007318486470e+00
8.449036338420283343e+00 8.488968906024672023e+00 8.477882552374250480e+00 8.614752322221461256e+00 8.555403867639098436e+00
8.472414016708997409e+00 8.518054155557946316e+00 8.496707407996053618e+00 8.642395219408333773e+00 8.588029014611324286e+00
8.496235584753497605e+00 8.547714484827713122e+00 8.515597193637661988e+00 8.670062073089990662e+00 8.621127232470840340e+00
8.520589332786094872e+00 8.578019668076436233e+00 8.534671080425798806e+00 8.697857148089928714e+00 8.654759823645649774e+00
8.545558212011926003e+00 8.609036420373398002e+00 8.554041540282272038e+00 8.725879415332890687e+00 8.688985690203230305e+00
8.571220132800752012e+00 8.640828501639232329e+00 8.573814702901646712e+00 8.754222802818638627e+00 8.723861408570638076e+00
8.597648225785352594e+00 8.673456806162073818e+00 8.594090713893947964e+00 8.782976438230781113e+00 8.759441302014545627e+00
8.624911087149376598e+00 8.706979476440656285e+00 8.614964025541048898e+00 8.812224870365744422e+00 8.795777511334753385e+00
8.653073007308666575e+00 8.741451982580610292e+00 8.636523730520542230e+00 8.842048270108188390e+00 8.832920059742415120e+00
8.682194192844296055e+00 8.776927219971568661e+00 8.658853817262528452e+00 8.872522627323126798e+00 8.870916915272765380e+00
8.712330963791334426e+00 8.813455596146503979e+00 8.682033404630130846e+00 8.903719939463085709e+00 8.909814051041323069e+00
8.743535956469793646e+00 8.851085099057440786e+00 8.706137064897150779e+00 8.935708387066357616e+00 8.949655497957596850e+00
8.775858306117944707e+00 8.889861394123787619e+00 8.731234976886261379e+00 8.968552496630399773e+00 8.990483399295905897e+00
8.809343817644460728e+00 8.929827861063831307e+00 8.757393198729543471e+00 9.002313291405547702e+00 9.032338059382725604e+00
8.844035127818054676e+00 8.971025699760028616e+00 8.784673884493491514e+00 9.037048430302627722e+00 9.075257990987248391e+00
8.879971845345684400e+00 9.013493937564556191e+00 8.813135445914111799e+00 9.072812337408102223e+00 9.119279954341212857e+00
8.917190689423414085e+00 9.057269542432564435e+00 8.842832776200490130e+00 9.109656318170005207e+00 9.164438996492753731e+00
8.955725613107601291e+00 9.102387421502644571e+00 8.873817397455644240e+00 9.147628665403889414e+00 9.210768482857382367e+00
8.995607916622955003e+00 9.148880478417483531e+00 8.906137610548746864e+00 9.186774752420047818e+00 9.258300128226602865e+00
9.036866346904243841e+00 9.196779641097627689e+00 8.939838682156134197e+00 9.227137112637239014e+00 9.307064015201504503e+00
9.079527182456025969e+00 9.246113896523745268e+00 8.974962934082217458e+00 9.268755504292862213e+00 9.357088612288453788e+00
9.123614306159687715e+00 9.296910311082044132e+00 9.011549889302962413e+00 9.311666962622755506e+00 9.408400781733131879e+00
9.169149260580747196e+00 9.349194035716573481e+00 9.049636396341279365e+00 9.355905831381512883e+00 9.461025784685890727e+00
9.216151291897302755e+00 9.402988294339813535e+00 9.089256684843343592e+00 9.401503778144672197e+00 9.514987266808033084e+00
9.264637366126557083e+00 9.458314371492292594e+00 9.130442486611256570e+00 9.448489782920177049e+00 9.570307239460717597e+00
9.314622167692803600e+00 9.515191579416949708e+00 9.173223074097249352e+00 9.496890102769166120e+00 9.627006042708801559e+00
9.366118072929255689e+00 9.573637196463563370e+00 9.217625283121785529e+00 9.546728205073439000e+00 9.685102301742194442e+00
9.419135088476858542e+00 9.633666390028093218e+00 9.263673601523763068e+00 9.598024662225427051e+00 9.744612844403512497e+00
9.473680769133562052e+00 9.695292146634676200e+00 9.311390062448568372e+00 9.650796999533863385e+00 9.805552605137473066e+00
9.529760065276756009e+00 9.758525075810174698e+00 9.360794233646858586e+00 9.705059485218928472e+00 9.867934503616750064e+00
9.587375133645410941e+00 9.823373245272239984e+00 9.411903115453146285e+00 9.760822844772041762e+00 9.931769246054605205e+00
9.646525074833848024e+00 9.889841942981037803e+00 9.464730985589449475e+00 9.818093895132236071e+00 9.997065103704494859e+00
9.707205585866653053e+00 9.957933363460385934e+00 9.519289199671897350e+00 9.876875046803805347e+00 1.006382761937871173e+01
9.769408588047896913e+00 1.002764621140481616e+01 9.575585787817930239e+00 9.937163707057926842e+00 1.013205921753380778e+01
9.833362848619861651e+00 1.009913156060795814e+01 9.633893128208553591e+00 9.999271314565707058e+00 1.020190300411089090e+01
9.900220683879012995e+00 1.017314360860278555e+01 9.695518435442698646e+00 1.006474022673745239e+01 1.027406015782515780e+01
9.971285894892178092e+00 1.025054218490458879e+01 9.761945849189743285e+00 1.013531232760073664e+01 1.034933360806488523e+01
1.004776117492624188e+01 1.033212898162624249e+01 9.834559259383450325e+00 1.021259365118520357e+01 1.042847674848213302e+01
1.013074644134727897e+01 1.041864444642944676e+01 9.914640351081773773e+00 1.029804710274694912e+01 1.051218968753937588e+01
1.022123378101647262e+01 1.051076236702830613e+01 1.000336345479276368e+01 1.039298060935531609e+01 1.060111304168234803e+01
1.032009936582376497e+01 1.060908233673318790e+01 1.010178702475356438e+01 1.049853032791566498e+01 1.069581925048965765e+01
1.042809201958760212e+01 1.071411936534883758e+01 1.021084071627762668e+01 1.061563772588320553e+01 1.079680067094342988e+01
1.054581762986773619e+01 1.082629003434167991e+01 1.033130708212183713e+01 1.074501983396444516e+01 1.090445347290246403e+01
1.067371897404343528e+01 1.094589448249230479e+01 1.046379689194873208e+01 1.088713199785787289e+01 1.101905697055752675e+01
1.081205078996924485e+01 1.107309430972708775e+01 1.060871752900090748e+01 1.104212564950331910e+01 1.114074803645102740e+01
1.096085072958261009e+01 1.120788684831058291e+01 1.076623466167446175e+01 1.120980391934631726e+01 1.126949229973278932e+01
1.111990808182545720e+01 1.135007827570638739e+01 1.093622934284739934e+01 1.138958296290184435e+01 1.140505484478793008e+01
1.128873416996973056e+01 1.149925938314526164e+01 1.111825507943631486e+01 1.158046935519146103e+01 1.154697692970077405e+01
1.146654035028310403e+01 1.165479094196625454e+01 1.131150220083466351e+01 1.178106558420180505e+01 1.169456676875561030e+01
1.165223151434972060e+01 1.181580513884190431e+01 1.151478061840006184e+01 1.198961330135163728e+01 1.184691190513812309e+01
1.184442312657717800e+01 1.198122889819104664e+01 1.172653159428779368e+01 1.220407677944209013e+01 1.200291801184506291e+01
1.204148726150813964e+01 1.214983073947546366e+01 1.194487655845201779e+01 1.242225891636838853e+01 1.216137156610536962e+01
1.224162724011714332e+01 1.232028632815965352e+01 1.216770479973897068e+01 1.264193231888685887e+01 1.232101665579411964e+01
1.244297318573439703e+01 1.249125305805171493e+01 1.239278957512994594e+01 1.286096419307197891e+01 1.248063161826470413e+01
1.264368436580488542e+01 1.266144141606914886e+01 1.261791617136187149e+01 1.307741662873062971e+01 1.263909243664154580e+01
1.284204232314783134e+01 1.282967266621828095e+01 1.284100058133241262e+01 1.328961220060537229e+01 1.279541509909449459e+01
1.303652200867136912e+01 1.299491727473271396e+01 1.306018173161202078e+01 1.349616399324617788e+01 1.294877572083071371e+01
1.322583455418517673e+01 1.315631323716067058e+01 1.327387877615582212e+01 1.369597592988798240e+01 1.309851193515225809e+01
1.340894235489918351e+01 1.331316722423071397e+01 1.348081286592648453e+01 1.388822247924001907e+01 1.324411150082827859e+01
1.358505193665282995e+01 1.346494433414299330e+01 1.368000088923913360e+01 1.407231666528007352e+01 1.338519436742604007e+01
1.375359202274987247e+01 1.361125061750539444e+01 1.387073004674592269e+01 1.424787352010145902e+01 1.352149193025941898e+01
1.391418377973677778e+01 1.375181279415770419e+01 1.405252217516285818e+01 1.441467382755911153e+01 1.365282683905389582e+01
1.406660875109846565e+01 1.388645782854609578e+01 1.422509483058636448e+01 1.457263093521867958e+01 1.377909475849912724e+01
1.421077803009206875e+01 1.401509401872091054e+01 1.438832371243753094e+01 1.472176186007152054e+01 1.390024873579459097e+01
1.434670465379706350e+01 1.413769442064146276e+01 1.454220884836204952e+01 1.486216317501805761e+01 1.401628627183824349e+01
1.447448000129873869e+01 1.425428273219114850e+01 1.468684572922664522e+01 1.499399119733542740e+01 1.412723888462311450e+01
1.459425404286284689e+01 1.436492146225586097e+01 1.482240114577893308e+01 1.511744610000975619e+01 1.423316379550337807e+01
1.470621943812251864e+01 1.446970300463062031e+01 1.494909410412920359e+01 1.523275934586507674e+01 1.433413736108292902e+01
1.481059953755176117e+01 1.456874118764507742e+01 1.506718009142911541e+01 1.534018339809837883e+01 1.443024992187942779e+01
1.490763786241987354e+01 1.466216619466721838e+01 1.517693963123702083e+01 1.543998465911533913e+01 1.452160196594768315e+01
1.499759129721135054e+01 1.475011958907604104e+01 1.527866922001130234e+01 1.553243760460671297e+01 1.460830107598381211e+01
1.508072390586970535e+01 1.483275054380810332e+01 1.537267405400183762e+01 1.561782014844649957e+01 1.469045955881284549e+01
1.515730267718086210e+01 1.491021303791574937e+01 1.545926258715978285e+01 1.569641013325142609e+01 1.476819257283973741e+01
1.522759392467422224e+01 1.498266377714515585e+01 1.553874253348569212e+01 1.576848279834321787e+01 1.484161677393024625e+01
1.529186070245313012e+01 1.505025993476598423e+01 1.561141782798848254e+01 1.583430873855092358e+01 1.491084921339725078e+01
1.535036120302064511e+01 1.511315822062914016e+01 1.567758641886857518e+01 1.589415259236595546e+01 1.497600647639073834e+01
1.540334733991013927e+01 1.517151383413739651e+01 1.573753872185671199e+01 1.594827198187185324e+01 1.503720412994938549e+01
1.545106385493149048e+01 1.522547964092851203e+01 1.579155667386117479e+01 1.599691678466808931e+01 1.509455626382960780e+01
1.549374766085033173e+01 1.527520563647793139e+01 1.583991291239353139e+01 1.604032872117021924e+01 1.514817501542684042e+01
1.553162747976321967e+01 1.532083854493830977e+01 1.588287023820264565e+01 1.607874108353864173e+01 1.519817044075777446e+01
1.556492362361279902e+01 1.536252150112373371e+01 1.592068143576609884e+01 1.611237861391432347e+01 1.524465032832357636e+01
1.559384794378221351e+01 1.540039385893387625e+01 1.595358933606564911e+01 1.614145746110928670e+01 1.528772004551030328e+01
1.561860386304875803e+01 1.543459106123802194e+01 1.598182683594116504e+01 1.616618526385427401e+01 1.532748243104090591e+01
1.563938644071884987e+01 1.546524458206397767e+01 1.600561698249989817e+01 1.618676126958060024e+01 1.536403773828877739e+01
1.565638249350223177e+01 1.549248191149897202e+01 1.602517312976371500e+01 1.620337649635018806e+01 1.539748362670822068e+01
1.566977084503084505e+01 1.551642653443575703e+01 1.604069923474486714e+01 1.621621394317489617e+01 1.542791517281015601e+01
1.567972257203551578e+01 1.553719793468804511e+01 1.605239011229207335e+01 1.622544879649613847e+01 1.545542486440861829e+01
1.568640121970931212e+01 1.555491172413533896e+01 1.606043173414630942e+01 1.623124866009836964e+01 1.548010264734393893e+01
1.568996306148091335e+01 1.556967959661599465e+01 1.606500165635004151e+01 1.623377382441826100e+01 1.550203591114370028e+01
1.569055734812374858e+01 1.558160955083132926e+01 1.606626922984765571e+01 1.623317757115850313e+01 1.552130957704634717e+01
1.568832655135488885e+01 1.559080589097379566e+01 1.606439595177634772e+01 1.622960640686082456e+01 1.553800602337974368e+01
1.568340665009576185e+01 1.559736933641059053e+01 1.605953575279763612e+01 1.622320028933864577e+01 1.555220534263726861e+01
1.567592741036699344e+01 1.560139711894734305e+01 1.605183532738471897e+01 1.621409289827869316e+01 1.556398527041566560e+01
1.566601263601240035e+01 1.560298306357569942e+01 1.604143443200400654e+01 1.620241189530757353e+01 1.557342128618499544e+01
1.565378040079751720e+01 1.560221768727155833e+01 1.602846620895341090e+01 1.618827917074190736e+01 1.558058660876072743e+01
1.563934331865459448e+01 1.559918831571975772e+01 1.601305750993184063e+01 1.617181110220319695e+01 1.558555227631610762e+01
1.562280876746557468e+01 1.559397918355112544e+01 1.599532911590575956e+01 1.615311873672891352e+01 1.558838720482960127e+01
1.560427912596220601e+01 1.558667153758659651e+01 1.597539606204050955e+01 1.613230810866665621e+01 1.558915824661366045e+01
1.558385199254662901e+01 1.557734373112906567e+01 1.595336787437705794e+01 1.610948035007306345e+01 1.558793024815051886e+01
1.556162039952396192e+01 1.556607131124309085e+01 1.592934881762595190e+01 1.608473202464558582e+01 1.558476610781861993e+01
1.553767302113645243e+01 1.555292711482859858e+01 1.590343818890449512e+01 1.605815519751580567e+01 1.557972682873894676e+01
1.551209436257839336e+01 1.553798136476361513e+01 1.587573044951008683e+01 1.602983776144554184e+01 1.557287157232251751e+01
1.548496497850041109e+01 1.552130175284183622e+01 1.584631564182728880e+01 1.599986350464193663e+01 1.556425772306070954e+01
1.545636160414552229e+01 1.550295353804944476e+01 1.581527931683274524e+01 1.596831239490974319e+01 1.555394090523697948e+01
1.542635742438384128e+01 1.548299962033695643e+01 1.578270309250164871e+01 1.593526066664829877e+01 1.554197510307150409e+01
1.539502210634978319e+01 1.546150061817668941e+01 1.574866445598318876e+01 1.590078106469642272e+01 1.552841259771464522e+01
1.536242211620310805e+01 1.543851498853379667e+01 1.571323733122821231e+01 1.586494295057716819e+01 1.551330413270509467e+01
1.532862069995556809e+01 1.541409903268771586e+01 1.567649191267181408e+01 1.582781249184613692e+01 1.549669888815293994e+01
1.529367819403043427e+01 1.538830707291749889e+01 1.563849512645641049e+01 1.578945277695087235e+01 1.547864453409089869e+01
1.525765201324500708e+01 1.536119139626430474e+01 1.559931056898714452e+01 1.574992397895172225e+01 1.545918731057371787e+01
1.522059691888541444e+01 1.533280245008381648e+01 1.555899882477992691e+01 1.570928346977536982e+01 1.543837202523000407e+01
1.518256502646137207e+01 1.530318882406635517e+01 1.551761750746830870e+01 1.566758595863193371e+01 1.541624214151802974e+01
1.514360603925218030e+01 1.527239733535151878e+01 1.547522146628895179e+01 1.562488361578807350e+01 1.539283977744863918e+01
1.510376726658589774e+01 1.524047312526745657e+01 1.543186289362159691e+01 1.558122618113432800e+01 1.536820578234927837e+01
1.506309383261048751e+01 1.520745965673521560e+01 1.538759143943767782e+01 1.553666110101923259e+01 1.534237975318197300e+01
1.502162866929072038e+01 1.517339885251389653e+01 1.534245438161242170e+01 1.549123358914679294e+01 1.531540006747068361e+01
1.497941273427824704e+01 1.513833107520156496e+01 1.529649666042244682e+01 1.544498678798287905e+01 1.528730395173480971e+01
1.493648499285064446e+01 1.510229525680924390e+01 1.524976109237066879e+01 1.539796179480148020e+01 1.525812746843595491e+01
1.489288261252650791e+01 1.506532888411452120e+01 1.520228835797058409e+01 1.535019783291752482e+01 1.522790560486351907e+01
1.484864095614958046e+01 1.502746808969535230e+01 1.515411722614372181e+01 1.530173225813915927e+01 1.519667225583803294e+01
1.480379375059096603e+01 1.498874770035589776e+01 1.510528452348068562e+01 1.525260072199223771e+01 1.516446029110630711e+01
1.475837308923263436e+01 1.494920124961549668e+01 1.505582535269818756e+01 1.520283718018060526e+01 1.513130157470205539e+01
1.471240957946699623e+01 1.490886108297867807e+01 1.500577305078247647e+01 1.515247403720125163e+01 1.509722698424621079e+01
1.466593234596655826e+01 1.486775832976041656e+01 1.495515940069788208e+01 1.510154215637583341e+01 1.506226646961151872e+01
1.461896916642452382e+01 1.482592302112228033e+01 1.490401457567700483e+01 1.505007099087922029e+01 1.502644904267400960e+01
1.457154647117388357e+01 1.478338406512859393e+01 1.485236734583507712e+01 1.499808859193298360e+01 1.498980284774718541e+01
1.452368946866835664e+01 1.474016933382322492e+01 1.480024503708153283e+01 1.494562172838259073e+01 1.495235515236722890e+01
1.447542214427355312e+01 1.469630567946165023e+01 1.474767369381280346e+01 1.489269589451782672e+01 1.491413239533106427e+01
1.442676737342634041e+01 1.465181896553742469e+01 1.469467805771354563e+01 1.483933541702392667e+01 1.487516020869076527e+01
1.437774692301870161e+01 1.460673413207600824e+01 1.464128169061072171e+01 1.478556346565587098e+01 1.483546342770383930e+01
1.432838155115515022e+01 1.456107518312223981e+01 1.458750700124786981e+01 1.473140214609982657e+01 1.479506614363455164e+01
1.427869101158425025e+01 1.451486527656512315e+01 1.453337530841854530e+01 1.467687251492594847e+01 1.475399168930087157e+01
1.422869414164243906e+01 1.446812669552461017e+01 1.447890690165057492e+01 1.462199465883411342e+01 1.471226270091995225e+01
1.417840886823722890e+01 1.442088093487900302e+01 1.442412107057439918e+01 1.456678771334048150e+01 1.466990110905225642e+01
1.412785228616655964e+01 1.437314869214421797e+01 1.436903618448206288e+01 1.451126992987481579e+01 1.462692817427184089e+01
1.407704066466083859e+01 1.432494990886551811e+01 1.431366969936573597e+01 1.445545869756495172e+01 1.458336451014392132e+01
1.402598951731611976e+01 1.427630380859554293e+01 1.425803824518302321e+01 1.439937059926723251e+01 1.453923008737994493e+01
1.397471360932177475e+01 1.422722889680316349e+01 1.420215761799880383e+01 1.434302143656376671e+01 1.449454427815429725e+01
1.392322701940044460e+01 1.417774302356832372e+01 1.414604287238433855e+01 1.428642627520038921e+01 1.444932584458151048e+01
1.387154314816453038e+01 1.412786336463882719e+01 1.408970830285463549e+01 1.422959947369309397e+01 1.440359298752060724e+01
1.381967477243234654e+01 1.407760648942076642e+01 1.403316753615214729e+01 1.417255471854330118e+01 1.435736334129272862e+01
1.376763405478893532e+01 1.402698834773831571e+01 1.397643350812044716e+01 1.411530505661262325e+01 1.431065399928271553e+01
1.371543259095829193e+01 1.397602431199701201e+01 1.391951855141405403e+01 1.405786292063268128e+01 1.426348153605160185e+01
1.366308142032375450e+01 1.392472919559176070e+01 1.386243437252451471e+01 1.400024016529527771e+01 1.421586200724529547e+01
1.361059106715031319e+01 1.387311726124923084e+01 1.380519213081540286e+01 1.394244808364511101e+01 1.416781098801496164e+01
1.355797155182359859e+01 1.382120226381143091e+01 1.374780242305780931e+01 1.388449744679285836e+01 1.411934356196560003e+01
1.350523242658951695e+01 1.376899743936844800e+01 1.369027534320700390e+01 1.382639851179228963e+01 1.407047436077874103e+01
1.345238278740963977e+01 1.371651555620520213e+01 1.363262048460151910e+01 1.376816106444181109e+01 1.402121756127590757e+01
1.339943130473134048e+01 1.366376890188790760e+01 1.357484697685416997e+01 1.370979442129912229e+01 1.397158690348399901e+01
1.334638623592329054e+01 1.361076932375937965e+01 1.351696350407916292e+01 1.365130747129800071e+01 1.392159571114390104e+01
1.329325545152432397e+01 1.355752823300121968e+01 1.345897832389649906e+01 1.359270867674669070e+01 1.387125688983745597e+01
1.324004644820108645e+01 1.350405661966562754e+01 1.340089929629204946e+01 1.353400610998718712e+01 1.382058295853611440e+01
1.318676637091506976e+01 1.345036507964642425e+01 1.334273389025585033e+01 1.347520744752343980e+01 1.376958604181385226e+01
1.313342202631210931e+01 1.339646381013463206e+01 1.328448921879885347e+01 1.341632002542269753e+01 1.371827789872721404e+01
1.308001989505689799e+01 1.334236264741266353e+01 1.322617203762896665e+01 1.335735083347833019e+01 1.366666992420118021e+01
1.302656615424709230e+01 1.328807105460679594e+01 1.316778878281015430e+01 1.329830650161928141e+01 1.361477316036198637e+01
1.297306670512757698e+01 1.323359815961080521e+01 1.310934556484090407e+01 1.323919340255975108e+01 1.356259831539394511e+01
1.291952714408164304e+01 1.317895274960200780e+01 1.305084820646768762e+01 1.318001758968241965e+01 1.351015576035521804e+01
1.286595282419714970e+01 1.312414329029328108e+01 1.299230223445129973e+01 1.312078478269910775e+01 1.345745555540202965e+01
1.281234887279173584e+01 1.306917794092078822e+01 1.293371291599871498e+01 1.306150050823137576e+01 1.340450744412372153e+01
1.275872011787715010e+01 1.301406455493776626e+01 1.287508524967491219e+01 1.300216999746802138e+01 1.335132087456307914e+01
1.270507119632492810e+01 1.295881070639249089e+01 1.281642399941076960e+01 1.294279820398420355e+01 1.329790499998345510e+01
1.265140655092076294e+01 1.290342368207319090e+01 1.275773368615965175e+01 1.288338989963963499e+01 1.324426868766547116e+01
1.259773036010393277e+01 1.284791051045654342e+01 1.269901861728824599e+01 1.282394960298362818e+01 1.319042054410574139e+01
1.254404663921180330e+01 1.279227795572569093e+01 1.264028288282929680e+01 1.276448160850581992e+01 1.313636891424071251e+01
1.249035922652512021e+01 1.273653253665885998e+01 1.258153037566213506e+01 1.270499003370570712e+01 1.308212184689167223e+01
1.243667174665738351e+01 1.268068053334248368e+01 1.252276479570551615e+01 1.264547878213294574e+01 1.302768719200757452e+01
1.238298767718807269e+01 1.262472799168370585e+01 1.246398966115332918e+01 1.258595157164744727e+01 1.297307255197167564e+01
1.232931033800668708e+01 1.256868073990415269e+01 1.240520831416964675e+01 1.252641196098229592e+01 1.291828527637100343e+01
1.227564287109747809e+01 1.251254437990037793e+01 1.234642393004229000e+01 1.246686332432951794e+01 1.286333246780599815e+01
1.222198829195999359e+01 1.245632432254468647e+01 1.228763953994804758e+01 1.240730888236547891e+01 1.280822106108831981e+01
1.216834947922688137e+01 1.240002578243753817e+01 1.222885801887942669e+01 1.234775171670618477e+01 1.275295776659936742e+01
1.211472915914017712e+01 1.234365375900320316e+01 1.217008208362595134e+01 1.228819473602225010e+01 1.269754903478002639e+01
1.206112995310865266e+01 1.228721308602102802e+01 1.211131435484285035e+01 1.222864072575205086e+01 1.264200117066060258e+01
1.200755436473571258e+01 1.223070843441798417e+01 1.205255731710145817e+01 1.216909234826960429e+01 1.258632027629445282e+01
1.195400475059425816e+01 1.217414429083315142e+01 1.199381327535055775e+01 1.210955211541002896e+01 1.253051225528995083e+01
1.190048339129629973e+01 1.211752493791136054e+01 1.193508449204568933e+01 1.205002243658263872e+01 1.247458281376992772e+01
1.184699245929549960e+01 1.206085456170150216e+01 1.187637310494503495e+01 1.199050560842294111e+01 1.241853750933317357e+01
1.179353400530529861e+01 1.200413718149069275e+01 1.181768109475092388e+01 1.193100379679329848e+01 1.236238172127328916e+01
1.174011001023878364e+01 1.194737662426198099e+01 1.175901039307108675e+01 1.187151908368446129e+01 1.230612064189291566e+01
1.168672236103885886e+01 1.189057661382957320e+01 1.170036282866328570e+01 1.181205344807632329e+01 1.224975932223386188e+01
1.163337284165070606e+01 1.183374073763913081e+01 1.164174011905685724e+01 1.175260876109963171e+01 1.219330265822970816e+01
1.158006317398920615e+01 1.177687243916742155e+01 1.158314390228877144e+01 1.169318681885702205e+01 1.213675538954478483e+01
1.152679499887682013e+01 1.171997502150829007e+01 1.152457574517640637e+01 1.163378932836091373e+01 1.208012209798801528e+01
1.147356987226482339e+01 1.166305169023884325e+01 1.146603712980040690e+01 1.157441790269851012e+01 1.202340724474629674e+01
1.142038929384093038e+01 1.160610552699643350e+01 1.140752946288992042e+01 1.151507409189071751e+01 1.196661515018287503e+01
1.136725469454382065e+01 1.154913947769673044e+01 1.134905409095036077e+01 1.145575936743020407e+01 1.190974997976596228e+01
1.131416743074647613e+01 1.149215640328339560e+01 1.129061228915438342e+01 1.139647511986869866e+01 1.185281578685122383e+01
1.126112881263134469e+01 1.143515905511100250e+01 1.123220524748588822e+01 1.133722268572518388e+01 1.179581650413686944e+01
1.120814009048809723e+01 1.137815007645954779e+01 1.117383412478528726e+01 1.127800333214034545e+01 1.173875593594546629e+01
1.115520244988704057e+01 1.132113200975219769e+01 1.111550001537730736e+01 1.121881825701492552e+01 1.168163774945067956e+01
1.110231703767295919e+01 1.126410731767520446e+01 1.105720394145577146e+01 1.115966861111646757e+01 1.162446552466473548e+01
1.104948494855987740e+01 1.120707836953122793e+01 1.099894689349935994e+01 1.110055548416098326e+01 1.156724272322588121e+01
1.099670722119363120e+01 1.115004742223554679e+01 1.094072980887099078e+01 1.104147990783401134e+01 1.150997268817235408e+01
1.094398486136636528e+01 1.109301667861237739e+01 1.088255356322507517e+01 1.098244287144373388e+01 1.145265866481304862e+01
1.089131882953877728e+01 1.103598825353900814e+01 1.082441899716065770e+01 1.092344531106711614e+01 1.139530380210492488e+01
1.083871003897319163e+01 1.097896417010757908e+01 1.076632691153489851e+01 1.086448811421750271e+01 1.133791114844814274e+01
1.078615937377985823e+01 1.092194637589347650e+01 1.070827806027457818e+01 1.080557213054358279e+01 1.128048364978148754e+01
1.073366767920038889e+01 1.086493675856969610e+01 1.065027315796793417e+01 1.074669816320028914e+01 1.122302417231169436e+01
1.068123576069102221e+01 1.080793713034425529e+01 1.059231288881291810e+01 1.068786697478059367e+01 1.116553549171959325e+01
1.062886439818751505e+01 1.075094923067786645e+01 1.053439789811330307e+01 1.062907929429883147e+01 1.110802028666011587e+01
1.057655433834959879e+01 1.069397474222444444e+01 1.047652879188773767e+01 1.057033580981724263e+01 1.105048115647880813e+01
1.052430629419296260e+01 1.063701528456345358e+01 1.041870615445172277e+01 1.051163717570248579e+01 1.099292062714545715e+01
1.047212095677881472e+01 1.058007240658331227e+01 1.036093053741414316e+01 1.045298401657916898e+01 1.093534114259552226e+01
1.041999898860945883e+01 1.052314760414646955e+01 1.030320245627231479e+01 1.039437692084908171e+01 1.087774505718635076e+01
1.036794102347340285e+01 1.046624232284823464e+01 1.024552240902765199e+01 1.033581644921268250e+01 1.082013466859371142e+01
1.031594767666889823e+01 1.040935795067542458e+01 1.018789086637228003e+01 1.027730313575624699e+01 1.076251219872805365e+01
1.026401953887694596e+01 1.035249581596071344e+01 1.013030826602005341e+01 1.021883748262424696e+01 1.070487979342535034e+01
1.021215717639858944e+01 1.029565720878196977e+01 1.007277503042165456e+01 1.016041996938074021e+01 1.064723953190816630e+01
1.016036113988495337e+01 1.023884336881732260e+01 1.001529155950559691e+01 1.010205105159166550e+01 1.058959343485228821e+01
1.010863195884178545e+01 1.018205547924148213e+01 9.957858227659244221e+00 1.004373115680954065e+01 1.053194345732934423e+01
1.005697014224963759e+01 1.012529468635032259e+01 9.900475390422164068e+00 9.985460694295927198e+00 1.047429148376343200e+01
1.000537618573247833e+01 1.006856209497542132e+01 9.843143387433894276e+00 9.927240051340627147e+00 1.041663935060478430e+01
9.953850565570162345e+00 1.001185876518046314e+01 9.785862537288545937e+00 9.869069587554037071e+00 1.035898883407816840e+01
9.902393739742429091e+00 9.955185712299488898e+00 9.728633139067033753e+00 9.810949651856720521e+00 1.030134165074204944e+01
9.851006158188177153e+00 9.898543921449910243e+00 9.671455480189067089e+00 9.752880573505901651e+00 1.024369946227567851e+01
9.799688256515093343e+00 9.841934338876722421e+00 9.614329830730032000e+00 9.694862665921377243e+00 1.018606388379081196e+01
9.748440459235556688e+00 9.785357867120229258e+00 9.557256442498188065e+00 9.636896215383304209e+00 1.012843647823216209e+01
9.697263161056030256e+00 9.728815382338344975e+00 9.500235557927268815e+00 9.578981497611437135e+00 1.007081875023154893e+01
9.646156767534300513e+00 9.672307726671702355e+00 9.443267405213195076e+00 9.521118782236062117e+00 1.001321216741067843e+01
