2.010286448419523087e+00 2.004557104328895001e+00 2.007984679988090271e+00 2.025833225184681563e+00 2.009841532693250166e+00
2.020722908048547595e+00 2.009181695872010565e+00 2.016067344122359106e+00 2.051772616232680591e+00 2.019724791425243193e+00
2.031310947346646412e+00 2.013874707915860096e+00 2.024247870517201342e+00 2.077805149533560325e+00 2.029649919066319530e+00
2.042052591682661511e+00 2.018637247979329086e+00 2.032526480760415755e+00 2.103918922608567499e+00 2.039617204788996219e+00
2.052950322968147834e+00 2.023470601726269802e+00 2.040903735697494614e+00 2.130103081902789519e+00 2.049627074714183816e+00
2.064007080255445103e+00 2.028376237739956345e+00 2.049380531229487268e+00 2.156347776017697004e+00 2.059680092747056879e+00
2.075226269247430810e+00 2.033355806882695127e+00 2.057958095394654130e+00 2.182644111615946958e+00 2.069776952204753773e+00
2.086611755132620871e+00 2.038411147249310940e+00 2.066637986656928661e+00 2.208984110583406046e+00 2.079918469205548348e+00
2.098167871843339416e+00 2.043544288340260362e+00 2.075422093540479906e+00 2.235360662900966133e+00 2.090105579934913749e+00
2.109899428434472757e+00 2.048757456769425556e+00 2.084312635396751379e+00 2.261767490825893567e+00 2.100339337269347517e+00
2.121811717910687012e+00 2.054053082558070731e+00 2.093312164488160043e+00 2.288199117447981656e+00 2.110620907195152718e+00
2.133910529421747082e+00 2.059433806326166128e+00 2.102423569545726068e+00 2.314650835180660060e+00 2.120951566131807908e+00
2.146202160136104098e+00 2.064902487462224379e+00 2.111650080578173050e+00 2.341118675421239193e+00 2.131332699073706038e+00
2.158693429750277115e+00 2.070462212729529572e+00 2.120995275078006337e+00 2.367599383159464832e+00 2.141765798318990832e+00
2.171391697941923216e+00 2.076116307123699212e+00 2.130463085795355926e+00 2.394090395480493516e+00 2.152252462521667464e+00
2.184304883943744446e+00 2.081868346538450876e+00 2.140057810027669039e+00 2.420589823018683084e+00 2.162794396466492852e+00
2.197441487976572461e+00 2.087722171518005432e+00 2.149784120649758545e+00 2.447096434731161452e+00 2.173393411501586492e+00
2.210810615125466949e+00 2.093681902287222396e+00 2.159647078869986192e+00 2.473609642219394278e+00 2.184051426256316653e+00
2.224422001402709625e+00 2.099751954488166650e+00 2.169652148879938736e+00 2.500129495066190533e+00 2.194770468514039230e+00
2.238286045202399599e+00 2.105937057866622553e+00 2.179805214499209054e+00 2.526656676429858361e+00 2.205552677737122380e+00
2.252413838930456436e+00 2.112242277411414015e+00 2.190112598348583628e+00 2.553192500155716083e+00 2.216400307735355568e+00
2.266817204568579047e+00 2.118673036687955147e+00 2.200581082708003233e+00 2.579738918785715818e+00 2.227315731090292239e+00
2.281508731761052289e+00 2.125235143710812569e+00 2.211217932884282256e+00 2.606298531622863734e+00 2.238301443726046447e+00
2.296501819341539630e+00 2.131934819302401252e+00 2.222030923825708992e+00 2.632874599592375464e+00 2.249360070643525056e+00
2.311810721171734251e+00 2.138778729029444658e+00 2.233028369818843117e+00 2.659471061137647752e+00 2.260494371690857207e+00
2.327450594551923491e+00 2.145774018880470368e+00 2.244219156682189631e+00 2.686092564272263505e+00 2.271707249799889805e+00
2.343437552634044962e+00 2.152928354890657925e+00 2.255612778658000028e+00 2.712744498994754228e+00 2.283001759520714824e+00
2.359788719531213275e+00 2.160249967319056275e+00 2.267219378090888249e+00 2.739433037017720007e+00 2.294381118663938235e+00
2.376522290204186483e+00 2.167747699928517680e+00 2.279049789167123752e+00 2.766165181271773132e+00 2.305848713123974214e+00
2.393657593650555526e+00 2.175431065278409903e+00 2.291115586713349028e+00 2.792948830225723267e+00 2.317408120035033381e+00
2.411215158897855204e+00 2.183310305648591854e+00 2.303429139834546557e+00 2.819792848456756484e+00 2.329063105240726905e+00
2.429216784712156407e+00 2.191396462481093099e+00 2.316003670178944596e+00 2.846707143549714658e+00 2.340817657291116127e+00
2.447685610999323469e+00 2.199701453902885184e+00 2.328853318309124898e+00 2.873702771563081182e+00 2.352675988520868344e+00
2.466646194290123884e+00 2.208238161385483345e+00 2.341993214357070752e+00 2.900792051432012908e+00 2.364642566523753597e+00
2.486124583428052759e+00 2.217020527362222992e+00 2.355439556400469758e+00 2.927988700859831983e+00 2.376722130448876591e+00
2.506148395622411318e+00 2.226063665129133451e+00 2.369209697056304798e+00 2.955307976062423680e+00 2.388919714442406139e+00
2.526746891627660307e+00 2.235383983340698322e+00 2.383322235696562430e+00 2.982766874072192209e+00 2.401240679868445582e+00
2.547951048805463969e+00 2.244999324137121555e+00 2.397797123827223764e+00 3.010384337947878741e+00 2.413690734972719465e+00
2.569793629161555071e+00 2.254929122498135818e+00 2.412655777264405277e+00 3.038181491931103650e+00 2.426275981938234239e+00
2.592309239035075485e+00 2.265194585362116708e+00 2.427921198797777347e+00 3.066181929446762044e+00 2.439002934069516293e+00
2.615534378216461953e+00 2.275818893876146998e+00 2.443618112337566206e+00 3.094412059973450368e+00 2.451878583663184230e+00
2.639507472063736149e+00 2.286827433126637388e+00 2.459773106497317841e+00 3.122901501784124179e+00 2.464910411799600354e+00
2.664268891398995809e+00 2.298248052754389370e+00 2.476414791506133195e+00 3.151683498272438655e+00 2.478106487078516107e+00
2.689860934046326424e+00 2.310111364246455690e+00 2.493573968834017496e+00 3.180795499191934272e+00 2.491475462624154424e+00
2.716327779939404774e+00 2.322451072917000925e+00 2.511283809786158727e+00 3.210279787311936861e+00 2.505026715384700342e+00
2.743715408506985476e+00 2.335304361299788578e+00 2.529580045767351848e+00 3.240184221820981314e+00 2.518770326746651023e+00
2.772071457335264721e+00 2.348712317259436411e+00 2.548501168174533316e+00 3.270563053575889167e+00 2.532717273572614225e+00
2.801445047432192581e+00 2.362720422191913361e+00 2.568088632396347659e+00 3.301478062180032147e+00 2.546879387511874260e+00
2.831886497010574821e+00 2.377379098188715290e+00 2.588387071354776303e+00 3.332999770574727627e+00 2.561269614653427951e+00
2.863446988791260583e+00 2.392744320095176569e+00 2.609444500061208760e+00 3.365208684912469828e+00 2.575901944677997601e+00
2.896178138658686230e+00 2.408878297376402688e+00 2.631312514753807452e+00 3.398197380962833414e+00 2.590791763575146511e+00
2.930131472922229197e+00 2.425850209606242647e+00 2.654046469874428382e+00 3.432072346129108276e+00 2.605955731110704665e+00
2.965357821238950198e+00 2.443737020733359966e+00 2.677705628679503569e+00 3.466956276599891584e+00 2.621412208143586664e+00
3.001906554800716886e+00 2.462624326914861328e+00 2.702353259625248860e+00 3.502990786052311734e+00 2.637181307219903736e+00
3.039824776985752486e+00 2.482607217901939833e+00 2.728056658604235185e+00 3.540339498407104379e+00 2.653285174453357875e+00
3.079156409134312433e+00 2.503791104652641319e+00 2.754887076004585378e+00 3.579191394189204622e+00 2.669748206071805630e+00
3.119941251452528874e+00 2.526292433973893914e+00 2.782919507073342569e+00 3.619764224750534165e+00 2.686597314057713515e+00
3.162213875141573816e+00 2.550239157816200475e+00 2.812232383793281887e+00 3.662307655188701716e+00 2.703862265350315930e+00
3.206002655137815349e+00 2.575770971487540972e+00 2.842906857372182294e+00 3.707105485043980408e+00 2.721576088075322364e+00
3.251328811249166062e+00 2.603038518834829507e+00 2.875026019728265325e+00 3.754476159370083277e+00 2.739775433377718006e+00
3.298205522273483403e+00 2.632202059293038854e+00 2.908673788393442816e+00 3.804768586320536272e+00 2.758501116018737598e+00
3.346637178788859579e+00 2.663428780071722013e+00 2.943933419268821794e+00 3.858352848366171095e+00 2.777798685788400057e+00
3.396618848746206343e+00 2.696888403518831634e+00 2.980885653279988556e+00 3.915602018184235256e+00 2.797718992092895984e+00
3.448135992372730829e+00 2.732746795247505300e+00 3.019606535967632510e+00 3.976862912012211648e+00 2.818318940300471365e+00
3.501164444978155821e+00 2.771157485604728077e+00 3.060164939751417013e+00 4.042416159981802259e+00 2.839662354124365962e+00
3.555670681007374156e+00 2.812251403216698531e+00 3.102619863640825315e+00 4.112430699490724706e+00 2.861820786258870264e+00
3.611612358841608028e+00 2.856125323986320463e+00 3.147017663032233958e+00 4.186922502204526886e+00 2.884874563274183235e+00
3.668939122360503013e+00 2.902830632666777877e+00 3.193389398444336447e+00 4.265732893323813002e+00 2.908913940855945679e+00
3.727593598857549484e+00 2.952364098749009624e+00 3.241748521788391457e+00 4.348537695867284114e+00 2.934040124046962461e+00
3.787512614327503080e+00 3.004663316121887640e+00 3.292089180239305968e+00 4.434885707367248742e+00 2.960366481648153414e+00
3.848628419119458854e+00 3.059607444754212313e+00 3.344385402848499389e+00 4.524257641212478198e+00 2.988019633392075214e+00
3.910869966724809021e+00 3.117023818601951657e+00 3.398591069412913335e+00 4.616125413543957556e+00 3.017140285235029307e+00
3.974164200826781013e+00 3.176700278991905879e+00 3.454641020118681904e+00 4.709998156777610134e+00 3.047883594193864010e+00
4.038437235792122770e+00 3.238399833967037011e+00 3.512453104250242486e+00 4.805448772719330464e+00 3.080418924500343714e+00
4.103615418687968308e+00 3.301875930922130831e+00 3.571930968079342517e+00 4.902122994847037951e+00 3.114928111883588535e+00
4.169626265100490947e+00 3.366885955326787361e+00 3.632967406745780892e+00 4.999736549913413874e+00 3.151602356654599202e+00
4.236399234478187559e+00 3.433201434712302991e+00 3.695447937376363345e+00 5.098066093141939703e+00 3.190636827994167479e+00
4.303866354467563049e+00 3.500614691085199404e+00 3.759254330238184227e+00 5.196938148021920334e+00 3.232222336954202024e+00
4.371962698722685836e+00 3.568942150442904193e+00 3.824267841520230693e+00 5.296218454939999098e+00 3.276533888441462761e+00
4.440626723374664131e+00 3.638025079505956771e+00 3.890372002551500952e+00 5.395802828393688522e+00 3.323716747171325814e+00
4.509800499401189988e+00 3.707728535088697264e+00 3.957454847134124876e+00 5.495609806469937908e+00 3.373870794151140551e+00
4.579429819581578798e+00 3.777939264367490502e+00 4.025410562261992453e+00 5.595574976236196818e+00 3.427035773744157243e+00
4.649464233760015830e+00 3.848563116967029796e+00 4.094140589807632402e+00 5.695646700636274318e+00 3.483180306469446652e+00
4.719857007926529846e+00 3.919522349752077250e+00 4.163554245642581364e+00 5.795782945426855015e+00 3.542198477160349412e+00
4.790565026247605829e+00 3.990753059202193587e+00 4.233568941316951495e+00 5.895948945944756936e+00 3.603914484871473256e+00
4.861548653627087546e+00 4.062202863524714935e+00 4.304110097862200668e+00 5.996115492932974078e+00 3.668095885538334766e+00
4.932771566352019299e+00 4.133828884377496848e+00 4.375110837081694015e+00 6.096257674216635891e+00 3.734472821295771183e+00
5.004200564040682586e+00 4.205596032545127372e+00 4.446511523885015471e+00 6.196353949874318978e+00 3.802758956160584347e+00
5.075805370061673649e+00 4.277475576900907406e+00 4.518259219713304908e+00 6.296385464527550546e+00 3.872670515408483727e+00
5.147558427623090793e+00 4.349443954387004929e+00 4.590307094398805354e+00 6.396335521598005336e+00 3.943940921348212836e+00
5.219434697039567972e+00 4.421481800072485591e+00 4.662613830940937731e+00 6.496189214328174977e+00 4.016330103031905630e+00
5.291411457494024084e+00 4.493573177425476572e+00 4.735143044416573410e+00 6.595933135497604738e+00 4.089628843312825168e+00
5.363468116917374573e+00 4.565704929338896711e+00 4.807862733611284689e+00 6.695555142763376821e+00 4.163659407771228338e+00
5.435586031934518836e+00 4.637866157858228533e+00 4.880744775307514161e+00 6.795044184425498734e+00 4.238273686560659392e+00
5.507748338121115417e+00 4.710047813123906302e+00 4.953764460464836539e+00 6.894390164373859875e+00 4.313349990305318293e+00
5.579939792115956365e+00 4.782242353778754840e+00 5.026900079136423116e+00 6.993583831267858208e+00 4.388789336620415149e+00
5.652146625678279079e+00 4.854443475799485874e+00 5.100132548014325806e+00 7.092616688517130008e+00 4.464511754978633284e+00
5.724356410599712675e+00 4.926645890231383440e+00 5.173445082997448097e+00 7.191480920630749729e+00 4.540452894406876716e+00
5.796557935441389198e+00 4.998845146408225304e+00 5.246822908730709223e+00 7.290169331817146769e+00 4.616561073197873455e+00
5.868741092700671125e+00 5.071037486099029046e+00 5.320253005652371137e+00 7.388675293747264838e+00 4.692794791618322137e+00
5.940896775990821332e+00 5.143219725253222130e+00 5.393723887771442627e+00 7.486992700232987019e+00 4.769120683588373488e+00
6.013016786323952978e+00 5.215389158334724939e+00 5.467225409715335438e+00 7.585115928206913161e+00 4.845511857372644116e+00
6.085093747471589154e+00 5.287543479023349313e+00 5.540748598314028328e+00 7.683039803222242448e+00 4.921946566577683591e+00
6.157121029142833990e+00 5.359680717095042013e+00 5.614285507587349677e+00 7.780759568368528889e+00 4.998407150412464972e+00
6.229092677217803242e+00 5.431799183914429285e+00 5.687829090495108986e+00 7.878270856803204936e+00 5.074879194321500364e+00
6.301003350855285845e+00 5.503897427093531469e+00 5.761373086139299105e+00 7.975569666358605758e+00 5.151350868688433948e+00
6.372848265632650389e+00 5.575974195919975784e+00 5.834911925723526238e+00 8.072652336141423746e+00 5.227812405769899584e+00
6.444623142275608174e+00 5.648028412907327933e+00 5.908440651469826221e+00 8.169515525473700635e+00 5.304255687347016135e+00
6.516324160308712976e+00 5.720059148430008733e+00 5.981954843829567992e+00 8.266156194670937651e+00 5.380673920426465529e+00
6.587947915915625785e+00 5.792065598812087046e+00 6.055450556928215988e+00 8.362571587049748345e+00 5.457061381738540717e+00
6.659491382451030006e+00 5.864047068500052973e+00 6.128924263067890621e+00 8.458759212060913413e+00 5.533413213736724678e+00
6.730951877177521858e+00 5.936002955723933994e+00 6.202372805355426344e+00 8.554716829169393577e+00 5.609725265116707327e+00
6.802327031619604725e+00 6.007932740460160126e+00 6.275793356337406870e+00 8.650442433049539304e+00 5.685993963897591819e+00
6.873614762859172167e+00 6.079835974274203636e+00 6.349183381379341462e+00 8.745934239981298930e+00 5.762216216487332510e+00
6.944813247766516540e+00 6.151712271154672784e+00 6.422540608002494267e+00 8.841190674868109056e+00 5.838389327054111178e+00
7.015920899845599301e+00 6.223561300101099647e+00 6.495862994195057638e+00 8.936210359187324315e+00 5.914510932616310335e+00
7.086936348360620030e+00 6.295382775852891299e+00 6.569148710114031786e+00 9.030992099728896605e+00 5.990578950408189662e+00
7.157858419210524126e+00 6.367176458562980201e+00 6.642396101427703314e+00 9.125534876885334157e+00 6.066591534916184969e+00
7.228686118549014772e+00 6.438942142911296074e+00 6.715603687794303056e+00 9.219837834843144009e+00 6.142547042656040013e+00
7.299418616886049094e+00 6.510679660026507776e+00 6.788770137458005394e+00 9.313900272590654339e+00 6.218444003213638105e+00
7.370055235087092704e+00 6.582388871180500978e+00 6.861894250908821213e+00 9.407721632282713742e+00 6.294281095362754819e+00
7.440595432610082050e+00 6.654069664108647864e+00 6.934974956792984813e+00 9.501301495883909709e+00 6.370057127358822235e+00
7.511038791816083915e+00 6.725721951665175169e+00 7.008011290568749274e+00 9.594639571319270033e+00 6.445771020550825625e+00
7.581385013591562583e+00 6.797345668322790857e+00 7.081002388309186379e+00 9.687735690113127518e+00 6.521421795746673133e+00
7.651633897482221336e+00 6.868940767858779495e+00 7.153947476898347979e+00 9.780589796303887695e+00 6.597008561796664949e+00
7.721785345693403357e+00 6.940507222636172813e+00 7.226845862267894383e+00 9.873201941144651883e+00 6.672530505991641547e+00
7.791839342680249025e+00 7.012045020698635334e+00 7.299696926815665954e+00 9.965572277156493186e+00 6.747986885942188096e+00
7.861795959006171230e+00 7.083554165477521813e+00 7.372500120376693111e+00 1.005770104981943369e+01 6.823377022674517178e+00
7.931655336862553973e+00 7.155034674074166823e+00 7.445254953826308864e+00 1.014958859508108091e+01 6.898700294723960624e+00
8.001417687976745796e+00 7.226486575821652103e+00 7.517960996274240415e+00 1.024123533082051196e+01 6.973956133055175144e+00
8.071083286650601707e+00 7.297909911684361539e+00 7.590617867520478512e+00 1.033264175430488407e+01 7.049144016664278034e+00
8.140652462817000057e+00 7.369304733028698706e+00 7.663225235089680787e+00 1.042380843576034977e+01 7.124263468720853254e+00
8.210125600926600598e+00 7.440671100691020001e+00 7.735782810277468613e+00 1.051473601424717863e+01 7.199314053098171406e+00
8.279503130218843765e+00 7.512009084559696959e+00 7.808290343282731527e+00 1.060542519396350336e+01 7.274295371703491497e+00
8.348785527155889952e+00 7.583318762513169276e+00 7.880747621725953778e+00 1.069587673866047695e+01 7.349207061928721529e+00
8.417973305348414925e+00 7.654600220075268524e+00 7.953154466815989032e+00 1.078609146962471854e+01 7.424048794274305862e+00
8.487067018352160375e+00 7.725853549776592999e+00 8.025510730514309188e+00 1.087607026040246438e+01 7.498820269680448014e+00
8.556067251358472348e+00 7.797078850493468494e+00 8.097816294049820840e+00 1.096581403450731251e+01 7.573521217759727975e+00
8.624974622512047162e+00 7.868276227148568225e+00 8.170071064705584973e+00 1.105532376176437026e+01 7.648151395726655366e+00
8.693789777136229802e+00 7.939445790326934649e+00 8.242274974437751922e+00 1.114460045487060746e+01 7.722710586349418094e+00
8.762513387450065139e+00 8.010587655467784174e+00 8.314427978679020725e+00 1.123364516747822250e+01 7.797198596614317800e+00
8.831146148938188389e+00 8.081701942853678489e+00 8.386530052052789230e+00 1.132245899020634283e+01 7.871615256581175224e+00
8.899688779024346630e+00 8.152788777376128948e+00 8.458581190244187198e+00 1.141104304927122470e+01 7.945960418069830666e+00
8.968142015085517116e+00 8.223848287188411987e+00 8.530581406044722925e+00 1.149939850313290179e+01 8.020233953407350569e+00
9.036506612240390979e+00 8.294880605521923300e+00 8.602530726940825545e+00 1.158752654064400822e+01 8.094435754305811415e+00
9.104783342852492467e+00 8.365885867774357720e+00 8.674429200552218333e+00 1.167542837902528952e+01 8.168565730717265438e+00
9.172972993456376400e+00 8.436864213447902827e+00 8.746276882977928935e+00 1.176310526109125476e+01 8.242623812075914103e+00
9.241076365206422949e+00 8.507815784987078800e+00 8.818073848772625567e+00 1.185055845433987542e+01 8.316609942714013215e+00
9.309094270858912168e+00 8.578740727347069495e+00 8.889820182219509093e+00 1.193778924816019504e+01 8.390524083330744176e+00
9.377027535165050054e+00 8.649639188610603213e+00 8.961515979535851883e+00 1.202479895285933686e+01 8.464366210109886879e+00
9.444876992406001648e+00 8.720511318842042670e+00 9.033161349193500556e+00 1.211158889805676964e+01 8.538136313736185201e+00
9.512643486600124376e+00 8.791357270695042914e+00 9.104756407918324967e+00 1.219816043042636444e+01 8.611834398762628240e+00
9.580327869542733410e+00 8.862177198675674106e+00 9.176301283296076861e+00 1.228451491201766110e+01 8.685460482960289497e+00
9.647931000829323978e+00 8.932971259291090149e+00 9.247796110309231210e+00 1.237065372177383615e+01 8.759014596713956990e+00
9.715453746379695943e+00 9.003739610898888301e+00 9.319241032633193811e+00 1.245657824836075633e+01 8.832496782843975325e+00
9.782896978208283301e+00 9.074482413284622240e+00 9.390636201390893945e+00 1.254228989504337832e+01 8.905907095912850124e+00
9.850261573454531572e+00 9.145199828098881767e+00 9.461981773987394817e+00 1.262779007648603802e+01 8.979245600150331796e+00
9.917548413850131084e+00 9.215892018057596502e+00 9.533277915646943157e+00 1.271308021410754030e+01 9.052512370434653732e+00
9.984758385250666279e+00 9.286559147414369164e+00 9.604524796176509227e+00 1.279816174317842403e+01 9.125707491973054530e+00
1.005189237680474079e+01 9.357201381588252431e+00 9.675722592247709031e+00 1.288303610286103940e+01 9.198831059719056569e+00
1.011895128090606732e+01 9.427818887028404760e+00 9.746871485335608654e+00 1.296770474086631530e+01 9.271883177830007483e+00
1.018593599223328816e+01 9.498411831353720913e+00 9.817971661748924106e+00 1.305216911240372113e+01 9.344863959195143011e+00
1.025284740812156592e+01 9.568980382962887887e+00 9.889023312911229269e+00 1.313643067618092530e+01 9.417773527424255775e+00
1.031968642691110993e+01 9.639524711241508115e+00 9.960026633910398886e+00 1.322049089725716442e+01 9.490612005300748777e+00
1.038645394847641867e+01 9.710044986247005738e+00 1.003098182436237451e+01 1.330435124383829226e+01 9.563379531189109883e+00
1.045315087468874538e+01 9.780541378790296392e+00 1.010188908708524735e+01 1.338801318720790690e+01 9.636076250902904761e+00
1.051977810625749044e+01 9.851014060363930014e+00 1.017274862858052664e+01 1.347147820251055883e+01 9.708702315067059274e+00
1.058633654542188296e+01 9.921463202945131954e+00 1.024356065863538667e+01 1.355474776542302173e+01 9.781257880727595833e+00
1.065282709527247818e+01 9.991888979171854146e+00 1.031432538964318191e+01 1.363782335430776449e+01 9.853743111140468969e+00
1.071925065686877510e+01 1.006229156202459762e+01 1.038504303728177014e+01 1.372070644864755273e+01 9.926158175781786497e+00
1.078560813266004814e+01 1.013267112499410239e+01 1.045571381926873755e+01 1.380339852745313856e+01 9.998503250167479095e+00
1.085190042436285296e+01 1.020302784192562662e+01 1.052633795606373646e+01 1.388590107157599540e+01 1.007077851489574982e+01
1.091812843207331696e+01 1.027336188696840225e+01 1.059691567023289949e+01 1.396821556011098053e+01 1.014298415581417423e+01
1.098429305631736597e+01 1.034367343462196587e+01 1.066744718628829425e+01 1.405034347206017742e+01 1.021512036382245547e+01
1.105039519587604246e+01 1.041396265956261047e+01 1.073793273086617006e+01 1.413228628588719893e+01 1.028718733468331514e+01
1.111643574828124059e+01 1.048422973675375758e+01 1.080837253206968818e+01 1.421404547776580785e+01 1.035918526834763220e+01
1.118241561038854748e+01 1.055447484127624236e+01 1.087876681988378813e+01 1.429562252301888314e+01 1.043111436923364899e+01
1.124833567696775027e+01 1.062469814838093285e+01 1.094911582556065177e+01 1.437701889443157377e+01 1.050297484586315200e+01
1.131419684137369153e+01 1.069489983344880280e+01 1.101941978178921389e+01 1.445823606243589055e+01 1.057476691060713136e+01
1.137999999576053689e+01 1.076508007190496308e+01 1.108967892257806120e+01 1.453927549551659837e+01 1.064649077943245992e+01
1.144574602987434275e+01 1.083523903929169308e+01 1.115989348290817418e+01 1.462013865854165040e+01 1.071814667193222270e+01
1.151143583186635055e+01 1.090537691112858454e+01 1.123006369903080248e+01 1.470082701386114543e+01 1.078973481111624189e+01
1.157707028829333318e+01 1.097549386298483398e+01 1.130018980793270700e+01 1.478134202052511270e+01 1.086125542296974267e+01
1.164265028313856476e+01 1.104559007040622376e+01 1.137027204759523968e+01 1.486168513371818101e+01 1.093270873661155029e+01
1.170817669869221511e+01 1.111566570889552352e+01 1.144031065676477077e+01 1.494185780571750755e+01 1.100409498467566394e+01
1.177365041523930778e+01 1.118572095393231081e+01 1.151030587482591550e+01 1.502186148430121015e+01 1.107541440127148036e+01
1.183907231052664422e+01 1.125575598088984819e+01 1.158025794191695113e+01 1.510169761355625440e+01 1.114666722426845702e+01
1.190444326042127621e+01 1.132577096509257153e+01 1.165016709860201161e+01 1.518136763366141295e+01 1.121785369183301562e+01
1.196976413843640685e+01 1.139576608172989047e+01 1.172003358606341550e+01 1.526087298010721760e+01 1.128897404642276925e+01
1.203503581565185954e+01 1.146574150588664232e+01 1.178985764584271578e+01 1.534021508447305848e+01 1.136002853199609319e+01
1.210025916109709954e+01 1.153569741252193559e+01 1.185963951987496934e+01 1.541939537353585266e+01 1.143101739512920112e+01
1.216543504121743524e+01 1.160563397642997074e+01 1.192937945047071224e+01 1.549841526948636350e+01 1.150194088407374160e+01
1.223056432007672001e+01 1.167555137227357065e+01 1.199907768012860387e+01 1.557727619010490550e+01 1.157279924944316107e+01
1.229564785955229134e+01 1.174544977451988181e+01 1.206873445168088033e+01 1.565597954801464908e+01 1.164359274276323930e+01
1.236068651884172276e+01 1.181532935747450530e+01 1.213835000804689912e+01 1.573452675123266253e+01 1.171432161739419797e+01
1.242568115477123492e+01 1.188519029524629644e+01 1.220792459233847360e+01 1.581291920279689656e+01 1.178498612831130465e+01
1.249063262187544154e+01 1.195503276174587981e+01 1.227745844777246198e+01 1.589115830057876444e+01 1.185558653213893621e+01
1.255554177200383137e+01 1.202485693069683315e+01 1.234695181758898208e+01 1.596924543770518845e+01 1.192612308629610318e+01
1.262040945463183661e+01 1.209466297556958558e+01 1.241640494512135362e+01 1.604718200187906163e+01 1.199659604993091300e+01
1.268523651683721276e+01 1.216445106960463640e+01 1.248581807363123630e+01 1.612496937577529010e+01 1.206700568340896140e+01
1.275002380307187622e+01 1.223422138588339081e+01 1.255519144644912366e+01 1.620260893694826976e+01 1.213735224807221158e+01
1.281477215540316728e+01 1.230397409718869639e+01 1.262452530677084539e+01 1.628010205751246176e+01 1.220763600641648594e+01
1.287948241342422584e+01 1.237370937602944920e+01 1.269381989765418872e+01 1.635745010454244053e+01 1.227785722165261006e+01
1.294415541417105864e+01 1.244342739468132741e+01 1.276307546203996424e+01 1.643465443964479888e+01 1.234801615801631414e+01
1.300879199229384042e+01 1.251312832528977737e+01 1.283229224300293403e+01 1.651171641912838695e+01 1.241811308059590502e+01
1.307339297992695926e+01 1.258281233956857648e+01 1.290147048305040833e+01 1.658863739408706905e+01 1.248814825530314288e+01
1.313795920670773754e+01 1.265247960900844681e+01 1.297061042456256175e+01 1.666541871008748288e+01 1.255812194877675658e+01
1.320249149991396465e+01 1.272213030489051278e+01 1.303971230988094732e+01 1.674206170756218981e+01 1.262803442831845224e+01
1.326699068428131589e+01 1.279176459822709688e+01 1.310877638127879585e+01 1.681856772147038015e+01 1.269788596179673412e+01
1.333145758212334719e+01 1.286138265968476624e+01 1.317780288035819503e+01 1.689493808123683039e+01 1.276767681759600848e+01
1.339589301339328564e+01 1.293098465967306510e+01 1.324679204857048553e+01 1.697117411084443006e+01 1.283740726460681003e+01
1.346029779554839045e+01 1.300057076839142134e+01 1.331574412741154667e+01 1.704727712955137875e+01 1.290707757216238427e+01
1.352467274366850702e+01 1.307014115567469226e+01 1.338465935786552663e+01 1.712324845058694223e+01 1.297668800999728944e+01
1.358901867048244938e+01 1.313969599109254638e+01 1.345353798053763228e+01 1.719908938169825063e+01 1.304623884821175572e+01
1.365333638628726121e+01 1.320923544393271776e+01 1.352238023577170267e+01 1.727480122521304651e+01 1.311573035722460467e+01
1.371762669904556908e+01 1.327875968320621070e+01 1.359118636379213463e+01 1.735038527940139730e+01 1.318516280770495541e+01
1.378189041438817775e+01 1.334826887760033465e+01 1.365995660423382674e+01 1.742584283575207849e+01 1.325453647056708029e+01
1.384612833558188072e+01 1.341776319551281915e+01 1.372869119645313596e+01 1.750117518069652078e+01 1.332385161691160924e+01
1.391034126360523615e+01 1.348724280507072493e+01 1.379739037947490665e+01 1.757638359534816885e+01 1.339310851798465762e+01
1.397452999713612165e+01 1.355670787408225486e+01 1.386605439200067913e+01 1.765146935656451888e+01 1.346230744516716449e+01
1.403869533255371671e+01 1.362615857004825770e+01 1.393468347225402049e+01 1.772643373469714589e+01 1.353144866993289064e+01
1.410283806400146034e+01 1.369559506017523987e+01 1.400327785809241732e+01 1.780127799522241006e+01 1.360053246383728265e+01
1.416695898336027604e+01 1.376501751140046181e+01 1.407183778705911692e+01 1.787600339840430763e+01 1.366955909843230366e+01
1.423105888027961363e+01 1.383442609031612491e+01 1.414036349624963051e+01 1.795061119973570385e+01 1.373852884529200047e+01
1.429513854224354397e+01 1.390382096322272787e+01 1.420885522230713249e+01 1.802510264898486980e+01 1.380744197596956546e+01
1.435919875449602046e+01 1.397320229613241516e+01 1.427731320147187333e+01 1.809947899093720025e+01 1.387629876195759770e+01
1.442324030011470271e+01 1.404257025475473775e+01 1.434573766971211661e+01 1.817374146526142553e+01 1.394509947466836763e+01
1.448726396001344696e+01 1.411192500447816833e+01 1.441412886239928781e+01 1.824789130662840364e+01 1.401384438542173783e+01
1.455127051307723640e+01 1.418126671039233955e+01 1.448248701452311771e+01 1.832192974446054023e+01 1.408253376539472157e+01
1.461526073600340503e+01 1.425059553730444861e+01 1.455081236066430606e+01 1.839585800316521613e+01 1.415116788559591932e+01
1.467923540335935151e+01 1.431991164969342911e+01 1.461910513502969344e+01 1.846967730219533621e+01 1.421974701690166398e+01
1.474319528765233045e+01 1.438921521174061446e+01 1.468736557128652009e+01 1.854338885619045030e+01 1.428827143001838351e+01
1.480714115937756326e+01 1.445850638732633975e+01 1.475559390268976756e+01 1.861699387453650445e+01 1.435674139543882255e+01
1.487107378702604876e+01 1.452778534003293487e+01 1.482379036208780754e+01 1.869049356178394916e+01 1.442515718342245279e+01
1.493499393697350897e+01 1.459705223312784916e+01 1.489195518187022493e+01 1.876388911769119261e+01 1.449351906398634426e+01
1.499890237363295675e+01 1.466630722957766686e+01 1.496008859394773616e+01 1.883718173727290335e+01 1.456182730690822069e+01
1.506279985945093003e+01 1.473555049205542034e+01 1.502819082978714960e+01 1.891037261048795770e+01 1.463008218166437580e+01
