1.919583238575221174e+01 1.919553952046126710e+01 1.917776407151560747e+01 1.929991330138771488e+01 1.916930062812975066e+01
1.919662252549635895e+01 1.919475330540374713e+01 1.916191962095693313e+01 1.940171542198646648e+01 1.914534528289397386e+01
1.920231479880234104e+01 1.919758326334871157e+01 1.915239511943211781e+01 1.950530984547471647e+01 1.912806753602991350e+01
1.921285456116605772e+01 1.920397548965496881e+01 1.914912100458944266e+01 1.961059790423616533e+01 1.911740370790510113e+01
1.922818810415562751e+01 1.921387975262855718e+01 1.915202957557244900e+01 1.971747889984040114e+01 1.911329255997761578e+01
1.924826261629649338e+01 1.922724906060237160e+01 1.916105489234119119e+01 1.982585021801158476e+01 1.911567501119601076e+01
1.927302614472069919e+01 1.924403929388582668e+01 1.917613267802999744e+01 1.993560743728930262e+01 1.912449387169520421e+01
1.930242755706536784e+01 1.926420888889231264e+01 1.919720022268363735e+01 2.004664443086793213e+01 1.913969358769103835e+01
1.933641650362516273e+01 1.928771856461827028e+01 1.922419628667117664e+01 2.015885346141836010e+01 1.916121999195729941e+01
1.937494337934320754e+01 1.931453108360034321e+01 1.925706100180587654e+01 2.027212526874119547e+01 1.918902005452614645e+01
1.941795928540529204e+01 1.934461104100980577e+01 1.929573576790181377e+01 2.038634915037060580e+01 1.922304162834466013e+01
1.946541599013848511e+01 1.937792467666834284e+01 1.934016314210765941e+01 2.050141303531398407e+01 1.926323318457174949e+01
1.951726588886630864e+01 1.941443970561100585e+01 1.939028671786531888e+01 2.061720355127751247e+01 1.930954353199343743e+01
1.957346196235664237e+01 1.945412516343111875e+01 1.944605098972617796e+01 2.073360608577307218e+01 1.936192151471576750e+01
1.963395773343463446e+01 1.949695126309250170e+01 1.950740119949717410e+01 2.085050484161748940e+01 1.942031568180566836e+01
1.969870722128238683e+01 1.954288926015089700e+01 1.957428315825506715e+01 2.096778288734189744e+01 1.948467392195713899e+01
1.976766489287093265e+01 1.959191132347228503e+01 1.964664303762665654e+01 2.108532220310731375e+01 1.955494305548688416e+01
1.984078561087815018e+01 1.964399040853856349e+01 1.972442712234795792e+01 2.120300372269960931e+01 1.963106837504520996e+01
1.991802457733607312e+01 1.969910013028423279e+01 1.980758151444241832e+01 2.132070737222229440e+01 1.971299312536165260e+01
1.999933727211336532e+01 1.975721463210760120e+01 1.989605177734743791e+01 2.143831210606536075e+01 1.980065791103084649e+01
2.008467938515448381e+01 1.981830844721157447e+01 1.998978250592580608e+01 2.155569594074567519e+01 1.989400001994830092e+01
2.017400674120824888e+01 1.988235634770797233e+01 2.008871680541979643e+01 2.167273598716804273e+01 1.999295264826961471e+01
2.026727521545474886e+01 1.994933317591041799e+01 2.019279565908359686e+01 2.178930848185239810e+01 2.009744401096018507e+01
2.036444063813425842e+01 2.001921365085402371e+01 2.030195716027114372e+01 2.190528881763020053e+01 2.020739631989691176e+01
2.046545868596152573e+01 2.009197214121410369e+01 2.041613558022732988e+01 2.202055157429686716e+01 2.032272460920793833e+01
2.057028475728855810e+01 2.016758239328136426e+01 2.053526023779742715e+01 2.213497054967857025e+01 2.044333538520817939e+01
2.067887382756168435e+01 2.024601719935624544e+01 2.065925413059397897e+01 2.224841879155330204e+01 2.056912507565593984e+01
2.079118028057675716e+01 2.032724798754707862e+01 2.078803228281963911e+01 2.236076863086084643e+01 2.069997825076838893e+01
2.090715770991446121e+01 2.041124430828510228e+01 2.092149975563994246e+01 2.247189171662994056e+01 2.083576558596925210e+01
2.102675868342592480e+01 2.049797318576781180e+01 2.105954926089912149e+01 2.258165905307769350e+01 2.097634153463699391e+01
2.114993446165055957e+01 2.058739829329207893e+01 2.120205831190628132e+01 2.268994103936163143e+01 2.112154167801433502e+01
2.127663465845911617e+01 2.067947890064429828e+01 2.134888583991265776e+01 2.279660751253391027e+01 2.127117971956679199e+01
2.140680682853500372e+01 2.077416852889941268e+01 2.149986820215645977e+01 2.290152779432802177e+01 2.142504409347852246e+01
2.154039596195106654e+01 2.087141323412788552e+01 2.165481450878017355e+01 2.300457074253579037e+01 2.158289416165594687e+01
2.167734385936575237e+01 2.097114942789737313e+01 2.181350120398679238e+01 2.310560480789740367e+01 2.174445598303627847e+01
2.181758835272070840e+01 2.107330113148810113e+01 2.197566585473462908e+01 2.320449809763477944e+01 2.190941765322349966e+01
2.196106232427343841e+01 2.117777655586605690e+01 2.214100013227738728e+01 2.330111844704515178e+01 2.207742423462341819e+01
2.210769245988234033e+01 2.128446390504534946e+01 2.230914202306480476e+01 2.339533350088551344e+01 2.224807232859879846e+01
2.225739764872246340e+01 2.139322632104485322e+01 2.247966738177584034e+01 2.348701080673597730e+01 2.242090438438165734e+01
2.241008690788224200e+01 2.150389592934119420e+01 2.265208104652195686e+01 2.357601792297815280e+01 2.259540289726719564e+01
2.256565666207564647e+01 2.161626700636034215e+01 2.282580787942673339e+01 2.366222254471342268e+01 2.277098472233639370e+01
2.272398713847217167e+01 2.173008838019051225e+01 2.300018427642605801e+01 2.374549265155140887e+01 2.294699582133234372e+01
2.288493753632615224e+01 2.184505529338417773e+01 2.317445090581951206e+01 2.382569668218540215e+01 2.312270686858627755e+01
2.304833948280377598e+01 2.196080110653198858e+01 2.334774766595452533e+01 2.390270374143371157e+01 2.329731025943616984e+01
2.321398807195347658e+01 2.207688940463077643e+01 2.351911207957866878e+01 2.397638384676276857e+01 2.346991919013615657e+01
2.338162947450404872e+01 2.219280728093095689e+01 2.368748250901848351e+01 2.404660822216652605e+01 2.363956958535625930e+01
2.355094366868030420e+01 2.230796079817483246e+01 2.385170762429007141e+01 2.411324964887460709e+01 2.380522572280391813e+01
2.372152024940780279e+01 2.242167382897387995e+01 2.401056340509692077e+01 2.417618288355179956e+01 2.396579040793985271e+01
2.389282454123948440e+01 2.253319159703199759e+01 2.416277853441641099e+01 2.423528515554212603e+01 2.412012044869268479e+01
2.406415050345722406e+01 2.264169020111574682e+01 2.430706829782633704e+01 2.429043675613927178e+01 2.426704793253758652e+01
2.423455662829918111e+01 2.274629312077037113e+01 2.444217605616061562e+01 2.434152173334140201e+01 2.440540738834307888e+01
2.440278228521552961e+01 2.284609511423677120e+01 2.456692011497242234e+01 2.438842870540702279e+01 2.453406831901736851e+01
2.456714688487328146e+01 2.294019301935944100e+01 2.468024258128417969e+01 2.443105180552474565e+01 2.465197185374418609e+01
2.472544598568947194e+01 2.302772184434426350e+01 2.478125585975298861e+01 2.446929176737555522e+01 2.475816947519323463e+01
2.487487949338132154e+01 2.310789338160100570e+01 2.486928208525998230e+01 2.450305715710248577e+01 2.485186106266264261e+01
2.501207392289686382e+01 2.318003367193590236e+01 2.494388121010645776e+01 2.453226575030246792e+01 2.493242901915465026e+01
2.513327623167125680e+01 2.324361527468698085e+01 2.500486468609618740e+01 2.455684604318006592e+01 2.499946518381661420e+01
2.523476951758856757e+01 2.329828065352283772e+01 2.505229347990472633e+01 2.457673887445195504e+01 2.505278765784873585e+01
2.531346790645083189e+01 2.334385407162044501e+01 2.508646118542268155e+01 2.459189911910535997e+01 2.509244560129063473e+01
2.536751920518126724e+01 2.338034099141441402e+01 2.510786479568127660e+01 2.460229739768628221e+01 2.511871135612076955e+01
2.539667618188077824e+01 2.340791572291663769e+01 2.511716692676045071e+01 2.460792172650914722e+01 2.513206069176257884e+01
2.540227647767692432e+01 2.342689955892967646e+01 2.511515376962159962e+01 2.460877901775085519e+01 2.513314327882363841e+01
2.538686083037401886e+01 2.343773257659693954e+01 2.510269281341536640e+01 2.460489632620062750e+01 2.512274643612708758e+01
2.535361610569367841e+01 2.344094255903196355e+01 2.508069362225661081e+01 2.459632173534633992e+01 2.510175562077402134e+01
2.530585179365132831e+01 2.343711417322102264e+01 2.505007391449092680e+01 2.458312478297944992e+01 2.507111502639979506e+01
2.524663307483849550e+01 2.342686082768388545e+01 2.501173213285598607e+01 2.456539634452349929e+01 2.503179111931426704e+01
2.517859107235959470e+01 2.341080075935771632e+01 2.496652678156665317e+01 2.454324792516249332e+01 2.498474114441772898e+01
2.510387010923527740e+01 2.338953806380556699e+01 2.491526213266858392e+01 2.451681035271792197e+01 2.493088775535667878e+01
2.502415690582013852e+01 2.336364870730475118e+01 2.485867948542728101e+01 2.448623190945555450e+01 2.487110011776472618e+01
2.494074693046503199e+01 2.333367109585404364e+01 2.479745296664631837e+01 2.445167598520843910e+01 2.480618119724669057e+01
2.485461971530029857e+01 2.330010051569677643e+01 2.473218883103521648e+01 2.441331837024988261e+01 2.473686051320686019e+01
2.476650870732627041e+01 2.326338666338714845e+01 2.466342730039296782e+01 2.437134432912043636e+01 2.466379140814908055e+01
2.467696003190480170e+01 2.322393350063698492e+01 2.459164611769198316e+01 2.432594560355542157e+01 2.458755181386124278e+01
2.458637927058495976e+01 2.318210075355578326e+01 2.451726515131792894e+01 2.427731748443967419e+01 2.450864754387650990e+01
2.449506747280553398e+01 2.313820649094130033e+01 2.444065153802256773e+01 2.422565607208996497e+01 2.442751726011256963e+01
2.440324831134348926e+01 2.309253033701172697e+01 2.436212499156247802e+01 2.417115581573890282e+01 2.434453841250486050e+01
2.431108830129425158e+01 2.304531698554519181e+01 2.428196301778663724e+01 2.411400739156344741e+01 2.426003360753860605e+01
2.421871174279278449e+01 2.299677977844999077e+01 2.420040586739874300e+01 2.405439594830682282e+01 2.417427700584540418e+01
2.412621172134307201e+01 2.294710418668647023e+01 2.411766112609088708e+01 2.399249972333628733e+01 2.408750047377789016e+01
2.403365819395290615e+01 2.289645109363660325e+01 2.403390789158804353e+01 2.392848901159008790e+01 2.399989931426135925e+01
2.394110393430802830e+01 2.284495982202319908e+01 2.394930052198154513e+01 2.386252545574852846e+01 2.391163747943620876e+01
2.384858890984155622e+01 2.279275087827724278e+01 2.386397196296238121e+01 2.379476161754084984e+01 2.382285222419050896e+01
2.375614351128936619e+01 2.273992840891774136e+01 2.377803667613704874e+01 2.372534078659433732e+01 2.373365819916224595e+01
2.366379094234931912e+01 2.268658237756134355e+01 2.369159319892701276e+01 2.365439698332353302e+01 2.364415100761812383e+01
2.357154899294367922e+01 2.263279047948642386e+01 2.360472637048883016e+01 2.358205511497248708e+01 2.355441026610984068e+01
2.347943135994870900e+01 2.257861981523554817e+01 2.351750925909560053e+01 2.350843124810882756e+01 2.346450221690179916e+01
2.338744863416101083e+01 2.252412834675640951e+01 2.343000482551080665e+01 2.343363296552625741e+01 2.337448194295778592e+01
2.329560904053524339e+01 2.246936615967596040e+01 2.334226735483832371e+01 2.335775978130143571e+01 2.328439523562991553e+01
2.320391899543456304e+01 2.241437655441036370e+01 2.325434368666223861e+01 2.328090359141999599e+01 2.319428016235548995e+01
2.311238352764691228e+01 2.235919698733429328e+01 2.316627427035382070e+01 2.320314914296564979e+01 2.310416837768098475e+01
2.302100659764787949e+01 2.230385988130901964e+01 2.307809406945326458e+01 2.312457450809153414e+01 2.301408621633892082e+01
2.292979134054540324e+01 2.224839332290022398e+01 2.298983333617715985e+01 2.304525155253901758e+01 2.292405560240791473e+01
2.283874025177054889e+01 2.219282166169433879e+01 2.290151827441319554e+01 2.296524639116514876e+01 2.283409480407376435e+01
2.274785532915471720e+01 2.213716602522189447e+01 2.281317160727531501e+01 2.288461982518333571e+01 2.274421905930954679e+01
2.265713818240368838e+01 2.208144476128085643e+01 2.272481306282971403e+01 2.280342775760588125e+01 2.265444109400694117e+01
2.256659011748543975e+01 2.202567381791978463e+01 2.263645978995803887e+01 2.272172158476857717e+01 2.256477155073335794e+01
2.247621220199195591e+01 2.196986706992919736e+01 2.254812671459038498e+01 2.263954856288736295e+01 2.247521934338874772e+01
2.238600531589808540e+01 2.191403659946566052e+01 2.245982684495229975e+01 2.255695214939984794e+01 2.238579195052024673e+01
2.229597019111435330e+01 2.185819293737537805e+01 2.237157153329053827e+01 2.247397231943184082e+01 2.229649565789350874e+01
2.220610744240051559e+01 2.180234527083896623e+01 2.228337070045258983e+01 2.239064585814983843e+01 2.220733575929964232e+01
2.211641759159969567e+01 2.174650162215302274e+01 2.219523302873622228e+01 2.230700663004103390e+01 2.211831672255754455e+01
2.202690108669242619e+01 2.169066900277803356e+01 2.210716612763208744e+01 2.222308582634781260e+01 2.202944232714659734e+01
2.193755831682089408e+01 2.163485354617821699e+01 2.201917667639367338e+01 2.213891219198569971e+01 2.194071577820851360e+01
2.184838962416879227e+01 2.157906062246681955e+01 2.193127054679328225e+01 2.205451223331955291e+01 2.185213980112827770e+01
2.175939531338067923e+01 2.152329493743791033e+01 2.184345290891925018e+01 2.196991040817570351e+01 2.176371672004571423e+01
2.167057565904943672e+01 2.146756061818793526e+01 2.175572832245027755e+01 2.188512929943941998e+01 2.167544852310894754e+01
2.158193091168174860e+01 2.141186128720817550e+01 2.166810081547904687e+01 2.180018977353749676e+01 2.158733691676153299e+01
2.149346130248478559e+01 2.135620012655632038e+01 2.158057395265783285e+01 2.171511112504451546e+01 2.149938337096048357e+01
2.140516704716728569e+01 2.130057993354947499e+01 2.149315089417447311e+01 2.162991120857823546e+01 2.141158915688511755e+01
2.131704834901129075e+01 2.124500316899919028e+01 2.140583444683723258e+01 2.154460655907464783e+01 2.132395537842191402e+01
2.122910540134888535e+01 2.118947199919010060e+01 2.131862710841313913e+01 2.145921250145576664e+01 2.123648299848840182e+01
2.114133838954906608e+01 2.113398833236175989e+01 2.123153110612308225e+01 2.137374325062715030e+01 2.114917286106962635e+01
2.105374749263098977e+01 2.107855385045526120e+01 2.114454843002531348e+01 2.128821200266742153e+01 2.106202570969065846e+01
2.096633288456856192e+01 2.102317003678184193e+01 2.105768086217775803e+01 2.120263101800163241e+01 2.097504220292253763e+01
2.087909473535016502e+01 2.096783820014421096e+01 2.097093000197282819e+01 2.111701169728107175e+01 2.088822292741618725e+01
2.079203321184111175e+01 2.091255949589647756e+01 2.088429728825735054e+01 2.103136465061451688e+01 2.080156840887316960e+01
2.070514847848638240e+01 2.085733494434469648e+01 2.079778401864045279e+01 2.094569976086244978e+01 2.071507912129306206e+01
2.061844069788468303e+01 2.080216544683697677e+01 2.071139136636942979e+01 2.086002624132331107e+01 2.062875549477907100e+01
2.053191003125802894e+01 2.074705179985210890e+01 2.062512039509748618e+01 2.077435268848697802e+01 2.054259792213570179e+01
2.044555663883652130e+01 2.069199470733953206e+01 2.053897207182131268e+01 2.068868713031872275e+01 2.045660676444978776e+01
2.035938068017414082e+01 2.063699479154557181e+01 2.045294727822436442e+01 2.060303707036009868e+01 2.037078235583281227e+01
2.027338231440824501e+01 2.058205260251270730e+01 2.036704682063655625e+01 2.051740952812348340e+01 2.028512500743847724e+01
2.018756170047309695e+01 2.052716862642779461e+01 2.028127143878723970e+01 2.043181107607081870e+01 2.019963501086398239e+01
2.010191899727573883e+01 2.047234329296159672e+01 2.019562181350604746e+01 2.034624787349838826e+01 2.011431264106984074e+01
2.001645436384095689e+01 2.041757698172828484e+01 2.011009857350525465e+01 2.026072569760430753e+01 2.002915815885317841e+01
1.993116795943085151e+01 2.036287002797591228e+01 2.002470230136043483e+01 2.017524997198799497e+01 1.994417181296198294e+01
1.984605994364346415e+01 2.030822272760179814e+01 1.993943353878838920e+01 2.008982579281269309e+01 1.985935384190304021e+01
1.976113047649413090e+01 2.025363534157904510e+01 1.985429279131083646e+01 2.000445795283649630e+01 1.977470447548734711e+01
1.967637971848255063e+01 2.019910809986378553e+01 1.976928053237950067e+01 1.991915096350038539e+01 1.969022393615525957e+01
1.959180783064799414e+01 2.014464120484949206e+01 1.968439720702853180e+01 1.983390907524323410e+01 1.960591244011299494e+01
1.950741497461466878e+01 2.009023483442100755e+01 1.959964323511179174e+01 1.974873629619838056e+01 1.952177019830899951e+01
1.942320131262888694e+01 2.003588914465833426e+01 1.951501901417542584e+01 1.966363640941190027e+01 1.943779741727366428e+01
1.933916700758941332e+01 1.998160427223148616e+01 1.943052492200920156e+01 1.957861298870983902e+01 1.935399429984234843e+01
1.925531222307203905e+01 1.992738033652323537e+01 1.934616131891487356e+01 1.949366941333022396e+01 1.927036104577878817e+01
1.917163712334942360e+01 1.987321744151262592e+01 1.926192854972531165e+01 1.940880888142441663e+01 1.918689785231315881e+01
1.908814187340687951e+01 1.981911567744659308e+01 1.917782694560346712e+01 1.932403442252365267e+01 1.910360491460702193e+01
1.900482663895472868e+01 1.976507512232556607e+01 1.909385682564687414e+01 1.923934890905756490e+01 1.902048242615545703e+01
1.892169158643783788e+01 1.971109584322372399e+01 1.901001849832028867e+01 1.915475506700362018e+01 1.893753057913531990e+01
1.883873688304266025e+01 1.965717789746390309e+01 1.892631226273618239e+01 1.907025548573947660e+01 1.885474956470708818e+01
1.875596269670226945e+01 1.960332133366335938e+01 1.884273840980033654e+01 1.898585262716374800e+01 1.877213957327675686e+01
1.867336919609956425e+01 1.954952619266546421e+01 1.875929722323801840e+01 1.890154883414495757e+01 1.868970079472324386e+01
1.859095655066898090e+01 1.949579250837026123e+01 1.867598898051409506e+01 1.881734633835315051e+01 1.860743341859600619e+01
1.850872493059688750e+01 1.944212030847526762e+01 1.859281395365892919e+01 1.873324726752381864e+01 1.852533763428692737e+01
1.842667450682086638e+01 1.938850961513686855e+01 1.850977241001054097e+01 1.864925365219956532e+01 1.844341363117990795e+01
1.834480545102797677e+01 1.933496044556080307e+01 1.842686461288231925e+01 1.856536743199099249e+01 1.836166159878112580e+01
1.826311793565220043e+01 1.928147281253014356e+01 1.834409082216428644e+01 1.848159046139460671e+01 1.828008172683250265e+01
1.818161213387109498e+01 1.922804672487727018e+01 1.826145129486489083e+01 1.839792451520252570e+01 1.819867420541056191e+01
1.810028821960178291e+01 1.917468218790628143e+01 1.817894628560043202e+01 1.831437129353558291e+01 1.811743922501263526e+01
1.801914636749636500e+01 1.912137920377117339e+01 1.809657604704033318e+01 1.823093242652895185e+01 1.803637697663195638e+01
1.793818675293676179e+01 1.906813777181463365e+01 1.801434083030339295e+01 1.814760947869687513e+01 1.795548765182310902e+01
1.785740955202911451e+01 1.901495788887170235e+01 1.793224088532162241e+01 1.806440395300083424e+01 1.787477144275902319e+01
1.777681494159768860e+01 1.896183954954197759e+01 1.785027646116985878e+01 1.798131729464080308e+01 1.779422854228058526e+01
1.769640309917841847e+01 1.890878274643491608e+01 1.776844780636481147e+01 1.789835089459605655e+01 1.771385914393972527e+01
1.761617420301207204e+01 1.885578747038866254e+01 1.768675516913653922e+01 1.781550609294783527e+01 1.763366344203690872e+01
1.753612843203703164e+01 1.880285371066694822e+01 1.760519879767594276e+01 1.773278418194802342e+01 1.755364163165350533e+01
1.745626596588178714e+01 1.874998145513685444e+01 1.752377894036138883e+01 1.765018640890265544e+01 1.747379390867981996e+01
1.737658698485708442e+01 1.869717069042835078e+01 1.744249584596437330e+01 1.756771397888526920e+01 1.739412046983923688e+01
1.729709166994780389e+01 1.864442140207750853e+01 1.736134976383899442e+01 1.748536805725974119e+01 1.731462151270887873e+01
1.721778020280454413e+01 1.859173357465585497e+01 1.728034094409458277e+01 1.740314977204404912e+01 1.723529723573726002e+01
1.713865276573494612e+01 1.853910719188690592e+01 1.719946963775493387e+01 1.732106021612879587e+01 1.715614783825922629e+01
1.705970954169472975e+01 1.848654223675092467e+01 1.711873609690423947e+01 1.723910044935242070e+01 1.707717352050846671e+01
1.698095071427848168e+01 1.843403869157973318e+01 1.703814057482165722e+01 1.715727150045218252e+01 1.699837448362790226e+01
1.690237646771019797e+01 1.838159653814212291e+01 1.695768332610568052e+01 1.707557436889162616e+01 1.691975092967816607e+01
1.682398698683357807e+01 1.832921575772076395e+01 1.687736460678869577e+01 1.699401002657453219e+01 1.684130306164435709e+01
1.674578245710205238e+01 1.827689633118227874e+01 1.679718467444364549e+01 1.691257941946117072e+01 1.676303108344118442e+01
1.666776306456861789e+01 1.822463823904000080e+01 1.671714378828243497e+01 1.683128346908126005e+01 1.668493519991692509e+01
1.658992899587537551e+01 1.817244146151107742e+01 1.663724220924802211e+01 1.675012307395754974e+01 1.660701561685596417e+01
1.651228043824286473e+01 1.812030597856801606e+01 1.655748020009976429e+01 1.666909911094919394e+01 1.652927254098012355e+01
1.643481757945915689e+01 1.806823176998540248e+01 1.647785802549342904e+01 1.658821243651108190e+01 1.645170617994909890e+01
1.635754060786869246e+01 1.801621881538225622e+01 1.639837595205597864e+01 1.650746388788148877e+01 1.637431674235993739e+01
1.628044971236091953e+01 1.796426709426041057e+01 1.631903424845565098e+01 1.642685428420333338e+01 1.629710443774563444e+01
1.620354508235863378e+01 1.791237658603936467e+01 1.623983318546802224e+01 1.634638442757736243e+01 1.622006947657288833e+01
1.612682690780615147e+01 1.786054727008791332e+01 1.616077303603802306e+01 1.626605510405724786e+01 1.614321207023918703e+01
1.605029537915718763e+01 1.780877912575289557e+01 1.608185407533874667e+01 1.618586708458946788e+01 1.606653243106917017e+01
1.597395068736251744e+01 1.775707213238532489e+01 1.600307658082689954e+01 1.610582112589790071e+01 1.599003077231038006e+01
1.589779302385740856e+01 1.770542626936419950e+01 1.592444083229555574e+01 1.602591797132121698e+01 1.591370730812839795e+01
1.582182258054877977e+01 1.765384151611815966e+01 1.584594711192426963e+01 1.594615835160390915e+01 1.583756225360144576e+01
1.574603954980213594e+01 1.760231785214524436e+01 1.576759570432681734e+01 1.586654298564241294e+01 1.576159582471445653e+01
1.567044412442826840e+01 1.755085525703089999e+01 1.568938689659685792e+01 1.578707258119274215e+01 1.568580823835263516e+01
1.559503649766966937e+01 1.749945371046445430e+01 1.561132097835157495e+01 1.570774783553885534e+01 1.561019971229455550e+01
1.551981686318674569e+01 1.744811319225416568e+01 1.553339824177363759e+01 1.562856943612453087e+01 1.553477046520481863e+01
1.544478541504374292e+01 1.739683368234097216e+01 1.545561898165145109e+01 1.554953806115377368e+01 1.545952071662624761e+01
1.536994234769444212e+01 1.734561516081113908e+01 1.537798349541804477e+01 1.547065438015758154e+01 1.538445068697168061e+01
1.529528785596758489e+01 1.729445760790779474e+01 1.530049208318852827e+01 1.539191905453145282e+01 1.530956059751537346e+01
1.522082213505204606e+01 1.724336100404157435e+01 1.522314504779638078e+01 1.531333273804621875e+01 1.523485067038398277e+01
1.514654538048176668e+01 1.719232532980041483e+01 1.514594269482862998e+01 1.523489607733091944e+01 1.516032112854719216e+01
1.507245778812039028e+01 1.714135056595849704e+01 1.506888533265997232e+01 1.515660971233153553e+01 1.508597219580793514e+01
1.499855955414566822e+01 1.709043669348466921e+01 1.499197327248602285e+01 1.507847427674714069e+01 1.501180409679229300e+01
1.492485087503359154e+01 1.703958369355006397e+01 1.491520682835566625e+01 1.500049039844280863e+01 1.493781705693900008e+01
1.485133194754224384e+01 1.698879154753508658e+01 1.483858631720266530e+01 1.492265869984248816e+01 1.486401130248860980e+01
1.477800296869540375e+01 1.693806023703618280e+01 1.476211205887652689e+01 1.484497979830261905e+01 1.479038706047229645e+01
1.470486413576586671e+01 1.688738974387187852e+01 1.468578437617276045e+01 1.476745430646640855e+01 1.471694455870033913e+01
1.463191564625849139e+01 1.683678005008849254e+01 1.460960359486249160e+01 1.469008283260141923e+01 1.464368402575023609e+01
1.455915769789296910e+01 1.678623113796548694e+01 1.453357004372156425e+01 1.461286598092059030e+01 1.457060569095447811e+01
1.448659048858634613e+01 1.673574299002041244e+01 1.445768405455911143e+01 1.453580435188715825e+01 1.449770978438800029e+01
1.441421421643521583e+01 1.668531558901361933e+01 1.438194596224566979e+01 1.445889854250565065e+01 1.442499653685527683e+01
1.434202907969767082e+01 1.663494891795261310e+01 1.430635610474087294e+01 1.438214914659847210e+01 1.435246617987708717e+01
1.427003527677495498e+01 1.658464296009625016e+01 1.423091482312072387e+01 1.430555675506910340e+01 1.428011894567693219e+01
1.419823300619283835e+01 1.653439769895859968e+01 1.415562246160453697e+01 1.422912195615361775e+01 1.420795506716713064e+01
1.412662246658269538e+01 1.648421311831270231e+01 1.408047936758149099e+01 1.415284533565955805e+01 1.413597477793455326e+01
1.405520385666229899e+01 1.643408920219409453e+01 1.400548589163687119e+01 1.407672747719382578e+01 1.406417831222603532e+01
1.398397737521632500e+01 1.638402593490416592e+01 1.393064238757806628e+01 1.400076896238036106e+01 1.399256590493342678e+01
1.391294322107656356e+01 1.633402330101340283e+01 1.385594921246026523e+01 1.392497037106712199e+01 1.392113779157831921e+01
1.384210159310183741e+01 1.628408128536447208e+01 1.378140672661183785e+01 1.384933228152370610e+01 1.384989420829641560e+01
1.377145269015762352e+01 1.623419987307520529e+01 1.370701529365946136e+01 1.377385527063015225e+01 1.377883539182156625e+01
1.370099671109536921e+01 1.618437904954147655e+01 1.363277528055306043e+01 1.369853991405658888e+01 1.370796157946942806e+01
1.363073385473151156e+01 1.613461880043997354e+01 1.355868705759052517e+01 1.362338678643491185e+01 1.363727300912079521e+01
1.356066431982620912e+01 1.608491911173091893e+01 1.348475099844219649e+01 1.354839646152274391e+01 1.356676991920458697e+01
1.349078830506175208e+01 1.603527996966068159e+01 1.341096748017513285e+01 1.347356951235956757e+01 1.349645254868044297e+01
1.342110600902067219e+01 1.598570136076434345e+01 1.333733688327714617e+01 1.339890651141604216e+01 1.342632113702098806e+01
1.335161763016355074e+01 1.593618327186823080e+01 1.326385959168069917e+01 1.332440803073649427e+01 1.335637592419372943e+01
1.328232336680649084e+01 1.588672569009236213e+01 1.319053599278655220e+01 1.325007464207470242e+01 1.328661715064258253e+01
1.321322341709832848e+01 1.583732860285287813e+01 1.311736647748725204e+01 1.317590691702382699e+01 1.321704505726904522e+01
1.314431797899755594e+01 1.578799199786442387e+01 1.304435144019042347e+01 1.310190542713977457e+01 1.314765988541297759e+01
1.307560725024886317e+01 1.573871586314250770e+01 1.297149127884184772e+01 1.302807074405977161e+01 1.307846187683303540e+01
1.300709142835936127e+01 1.568950018700583016e+01 1.289878639494837742e+01 1.295440343961606011e+01 1.300945127368671983e+01
1.293877071057449690e+01 1.564034495807860736e+01 1.282623719360064207e+01 1.288090408594305281e+01 1.294062831851003459e+01
1.287064529385366818e+01 1.559125016529284302e+01 1.275384408349556686e+01 1.280757325557937598e+01 1.287199325419670792e+01
1.280271537484558841e+01 1.554221579789063767e+01 1.268160747695868729e+01 1.273441152156554246e+01 1.280354632397719072e+01
1.273498114986324481e+01 1.549324184542643756e+01 1.260952778996627011e+01 1.266141945753755849e+01 1.273528777139723189e+01
1.266744281485856405e+01 1.544432829776930127e+01 1.253760544216721939e+01 1.258859763781615904e+01 1.266721784029591724e+01
1.260010056539674217e+01 1.539547514510517878e+01 1.246584085690477828e+01 1.251594663749178693e+01 1.259933677478335134e+01
1.253295459663027600e+01 1.534668237793914436e+01 1.239423446123800865e+01 1.244346703250517372e+01 1.253164481921800189e+01
1.246600510327265710e+01 1.529794998709768450e+01 1.232278668596304705e+01 1.237115939972360756e+01 1.246414221818362122e+01
1.239925227957175302e+01 1.524927796373093081e+01 1.225149796563413140e+01 1.229902431701412091e+01 1.239682921646585001e+01
1.233269631928287247e+01 1.520066629931495328e+01 1.218036873858438973e+01 1.222706236331291230e+01 1.232970605902832872e+01
1.226633741564149993e+01 1.515211498565402159e+01 1.210939944694637482e+01 1.215527411869122254e+01 1.226277299098837048e+01
1.220017576133566450e+01 1.510362401488288597e+01 1.203859053667234491e+01 1.208366016441775059e+01 1.219603025759227677e+01
1.213421154847804573e+01 1.505519337946907044e+01 1.196794245755427433e+01 1.201222108301776004e+01 1.212947810419021977e+01
1.206844496857771709e+01 1.500682307221518386e+01 1.189745566324359594e+01 1.194095745832906452e+01 1.206311677621070189e+01
1.200287621251158043e+01 1.495851308626121856e+01 1.182713061127064513e+01 1.186986987555484063e+01 1.199694651913464760e+01
1.193750547049546817e+01 1.491026341508689690e+01 1.175696776306380187e+01 1.179895892131362878e+01 1.193096757846901568e+01
1.187233293205490448e+01 1.486207405251399472e+01 1.168696758396832713e+01 1.172822518368628408e+01 1.186518019971996196e+01
1.180735878599558220e+01 1.481394499270871279e+01 1.161713054326487793e+01 1.165766925225997497e+01 1.179958462836563804e+01
1.174258322037346858e+01 1.476587623018403939e+01 1.154745711418766696e+01 1.158729171816961845e+01 1.173418110982850848e+01
1.167800642246459653e+01 1.471786775980214479e+01 1.147794777394228305e+01 1.151709317413656208e+01 1.166896988944727731e+01
1.161362857873453791e+01 1.466991957677678649e+01 1.140860300372314562e+01 1.144707421450462626e+01 1.160395121244834549e+01
