2.003782895727030500e+00 2.008597839765819071e+00 2.004694989405860550e+00 2.000004019982628112e+00 2.008203460880644275e+00
2.007632812466817462e+00 2.017342502290688788e+00 2.009470763667727145e+00 2.000009742881828867e+00 2.016459130592235915e+00
2.011551364293300281e+00 2.026232902478657394e+00 2.014325997984480310e+00 2.000017220006301777e+00 2.024765316886055544e+00
2.015540273200793209e+00 2.035268279765631849e+00 2.019259626656898288e+00 2.000026512147824675e+00 2.033120513650983785e+00
2.019601379042746725e+00 2.044448193973853023e+00 2.024270836386070638e+00 2.000037690245586308e+00 2.041523380901562934e+00
2.023736643599651774e+00 2.053772530057058621e+00 2.029359072826005583e+00 2.000050835793249160e+00 2.049972763423600242e+00
2.027948156711921968e+00 2.063241490576803283e+00 2.034524027823546799e+00 2.000066041456203259e+00 2.058467687800068280e+00
2.032238142728139962e+00 2.072855593054602874e+00 2.039765638693738836e+00 2.000083411728469596e+00 2.067007352143811261e+00
2.036608967300365780e+00 2.082615670802517194e+00 2.045084087927491634e+00 2.000103063664695036e+00 2.075591130047938382e+00
2.041063145280040292e+00 2.092522873713099418e+00 2.050479802371742988e+00 2.000125127687487847e+00 2.084218572674475745e+00
2.045603349456040831e+00 2.102578669150868773e+00 2.055953453423923882e+00 2.000149748376553127e+00 2.092889402084485706e+00
2.050232419238536608e+00 2.112784843651458910e+00 2.061505958355009938e+00 2.000177085434159618e+00 2.101603524960766745e+00
2.054953370658197720e+00 2.123143505685960886e+00 2.067138482703207547e+00 2.000207314793410518e+00 2.110361028670353800e+00
2.059769407486673920e+00 2.133657089445683663e+00 2.072852444153789442e+00 2.000240629725736685e+00 2.119162182325385224e+00
2.064683933328468779e+00 2.144328359995802735e+00 2.078649516482114823e+00 2.000277242027144631e+00 2.128007439249969490e+00
2.069700563701139195e+00 2.155160419083598899e+00 2.084531634474571238e+00 2.000317383364687451e+00 2.136897440632449463e+00
2.074823141081005851e+00 2.166156711598744788e+00 2.090501002980597267e+00 2.000361306813589035e+00 2.145833019631857130e+00
2.080055750671108594e+00 2.177321033545610796e+00 2.096560105015401021e+00 2.000409288350422532e+00 2.154815205930145083e+00
2.085402737497145775e+00 2.188657541954227792e+00 2.102711711520822924e+00 2.000461628521994495e+00 2.163845230909069439e+00
2.090868724747458440e+00 2.200170765813833196e+00 2.108958894057456401e+00 2.000518654192619206e+00 2.172924533686147797e+00
2.096458634707251356e+00 2.211865612133835590e+00 2.115305037970899971e+00 2.000580720971326443e+00 2.182054770087081597e+00
2.102177711516154623e+00 2.223747387233021566e+00 2.121753858351508981e+00 2.000648215386300333e+00 2.191237813266146084e+00
2.108031545803342954e+00 2.235821803275496400e+00 2.128309417130834547e+00 2.000721557099225834e+00 2.200475769761064182e+00
2.114026101965832183e+00 2.248095001103584956e+00 2.134976144590893021e+00 2.000801201455872480e+00 2.209770982221163305e+00
2.120167747996946961e+00 2.260573565889135494e+00 2.141758863027730886e+00 2.000887642401665278e+00 2.219126043079653332e+00
2.126463289719367378e+00 2.273264543951376560e+00 2.148662813105279401e+00 2.000981415545275421e+00 2.228543814051572092e+00
2.132920007335949553e+00 2.286175466771336318e+00 2.155693682323709393e+00 2.001083101567374456e+00 2.238027426849250823e+00
2.139545696449179246e+00 2.299314373796624622e+00 2.162857640272922932e+00 2.001193329855628811e+00 2.247580311728955227e+00
2.146348711056031533e+00 2.312689833104523363e+00 2.170161376847081325e+00 2.001312782563725357e+00 2.257206204326891452e+00
2.153338016019510803e+00 2.326310976390896457e+00 2.177612145892014350e+00 2.001442198632121361e+00 2.266909167170637840e+00
2.160523241595844190e+00 2.340187522403499365e+00 2.185217811279446032e+00 2.001582379044434035e+00 2.276693613482666301e+00
2.167914745838713575e+00 2.354329811240022607e+00 2.192986905278790477e+00 2.001734190435464189e+00 2.286564320312250320e+00
2.175523680800476090e+00 2.368748842752277817e+00 2.200928690524552866e+00 2.001898573182686381e+00 2.296526469526176673e+00
2.183362071630171375e+00 2.383456306914331080e+00 2.209053231988080235e+00 2.002076543628557914e+00 2.306585661159759493e+00
2.191442901828215550e+00 2.398464630590437352e+00 2.217371472480689221e+00 2.002269205333518265e+00 2.316747958175887856e+00
2.199780209094713168e+00 2.413787020908188641e+00 2.225895330292559926e+00 2.002477752022775004e+00 2.327019916736146943e+00
2.208389190302442628e+00 2.429437504298728179e+00 2.234637802019936448e+00 2.002703478564299644e+00 2.337408620827496453e+00
2.217286321578098462e+00 2.445430987573052217e+00 2.243613083896529581e+00 2.002947788063314416e+00 2.347921741139276541e+00
2.226489495596495338e+00 2.461783304794006089e+00 2.252836698859712605e+00 2.003212200336379034e+00 2.358567562091427483e+00
2.236018171132382548e+00 2.478511273047874663e+00 2.262325664894138999e+00 2.003498365378190815e+00 2.369355060799783086e+00
2.245893543961489769e+00 2.495632761155573309e+00 2.272098668300789104e+00 2.003808069076677079e+00 2.380293950909407208e+00
2.256138730458474129e+00 2.513166743615326215e+00 2.282176276663351544e+00 2.004143252061032499e+00 2.391394755095536340e+00
2.266778993807240017e+00 2.531133375091308313e+00 2.292581157525784175e+00 2.004506016822765524e+00 2.402668898512928752e+00
2.277841977091498826e+00 2.549554062552445988e+00 2.303338378539588671e+00 2.004898647345761287e+00 2.414128755600722265e+00
2.289357981245481177e+00 2.568451530108201819e+00 2.314475717814143074e+00 2.005323623302944558e+00 2.425787795838986849e+00
2.301360255001359878e+00 2.587849907151674067e+00 2.326024040184043518e+00 2.005783635813879417e+00 2.437660644462879667e+00
2.313885353456501370e+00 2.607774800282760097e+00 2.338017697845698795e+00 2.006281614043374351e+00 2.449763229859847069e+00
2.326973515468794496e+00 2.628253370813293799e+00 2.350495073085624664e+00 2.006820735510685072e+00 2.462112922981079421e+00
2.340669091158095849e+00 2.649314421685682319e+00 2.363499150148181016e+00 2.007404463740106504e+00 2.474728636273350713e+00
2.355021000182065727e+00 2.670988468385203873e+00 2.377078199125989055e+00 2.008036561691123989e+00 2.487631069773917236e+00
2.370083258962419670e+00 2.693307819853077767e+00 2.391286531051068476e+00 2.008721131219820322e+00 2.500842803346971177e+00
2.385915549389249435e+00 2.716306639574423532e+00 2.406185489538408717e+00 2.009462641665982208e+00 2.514388577373985800e+00
2.402583816447423359e+00 2.740021015249183733e+00 2.421844506212604387e+00 2.010265961421753733e+00 2.528295473509848623e+00
2.420160894076080815e+00 2.764489000772245575e+00 2.438342325675110001e+00 2.011136413901952746e+00 2.542593143746985973e+00
2.438727146145196922e+00 2.789750632082565573e+00 2.455768331048509445e+00 2.012079797075633891e+00 2.557314144391769073e+00
2.458371100621835836e+00 2.815847977810342240e+00 2.474224357088364634e+00 2.013102465036566091e+00 2.572494100189810950e+00
2.479189989534809513e+00 2.842825065721100053e+00 2.493826388346590317e+00 2.014211354580377922e+00 2.588172124265405660e+00
2.501290121231783736e+00 2.870727850563527195e+00 2.514706416417571866e+00 2.015414071956755038e+00 2.604391013895258400e+00
2.524787216013788083e+00 2.899604148385919178e+00 2.537014348729491608e+00 2.016718955101609367e+00 2.621197613259035109e+00
2.549805960109814418e+00 2.929503389520665468e+00 2.560919820423602999e+00 2.018135142557683004e+00 2.638643047261583163e+00
2.576479330836813908e+00 2.960476570125350815e+00 2.586613516811733238e+00 2.019672702887892246e+00 2.656782970105903807e+00
2.604947109785215709e+00 2.992575760279844843e+00 2.614307636557565484e+00 2.021342674113927096e+00 2.675677691001391523e+00
2.635353364556340505e+00 3.025853820556475782e+00 2.644234312245559160e+00 2.023157259176212808e+00 2.695392168048683423e+00
2.667842664733729663e+00 3.060363948558882274e+00 2.676641598662732324e+00 2.025129882987408259e+00 2.715995819969901692e+00
2.702555025157101110e+00 3.096159120068950443e+00 2.711785610870481644e+00 2.027275404187328878e+00 2.737562034338536066e+00
2.739618951431295635e+00 3.133291417095026343e+00 2.749917290948735271e+00 2.029610265429196314e+00 2.760167525115099441e+00
2.779143785862680183e+00 3.171811245491949816e+00 2.791263588091905223e+00 2.032152656942134872e+00 2.783890656653998263e+00
2.821211289315441739e+00 3.211766479119363193e+00 2.836003332681921396e+00 2.034922804802397511e+00 2.808809714683924152e+00
2.865867223981364287e+00 3.253201497074302395e+00 2.884241196043319189e+00 2.037943212074349475e+00 2.835000406437153231e+00
2.913114570677589388e+00 3.296156189574150908e+00 2.935984446011623117e+00 2.041238976856327714e+00 2.862532609340762146e+00
2.962909513075907775e+00 3.340664921591351089e+00 2.991130529106087010e+00 2.044838113236430388e+00 2.891466481774160879e+00
3.015161345093612777e+00 3.386755508010083737e+00 3.049469623442728317e+00 2.048771960238434442e+00 2.921848228570870010e+00
3.069736359764745348e+00 3.434448246520954928e+00 3.110703621187713264e+00 2.053075654983322451e+00 2.953705865371470285e+00
3.126465762654921043e+00 3.483755069393906112e+00 3.174477560740108117e+00 2.057788641414453501e+00 2.987045469739385339e+00
3.185156032811506499e+00 3.534678866936385333e+00 3.240414747265929929e+00 2.062955327443456444e+00 3.021848515367813626e+00
3.245600291289819417e+00 3.587212940379069792e+00 3.308147850464318473e+00 2.068625772409275143e+00 3.058070812211791001e+00
3.307589096520724858e+00 3.641340939113135278e+00 3.377341040144114626e+00 2.074856494436123189e+00 3.095643425154587014e+00
3.370919485727971399e+00 3.697036851075688357e+00 3.447702021393662886e+00 2.081711368030029430e+00 3.134475693240839966e+00
3.435401563259798063e+00 3.754265332870524219e+00 3.518985659422627421e+00 2.089262624786614619e+00 3.174460054369215634e+00
3.500862759150559889e+00 3.812982355210581709e+00 3.590991934034253319e+00 2.097591990482475133e+00 3.215477318360569381e+00
3.567149787302833719e+00 3.873136105618730785e+00 3.663560802970101449e+00 2.106791832555480415e+00 3.257402691306868991e+00
3.634129000539302101e+00 3.934668064950789468e+00 3.736565910330882367e+00 2.116966319842183530e+00 3.300111319306576085e+00
3.701685568323159092e+00 3.997514212127537103e+00 3.809908327362298230e+00 2.128232520203709122e+00 3.343482749867247694e+00
3.769721915965858816e+00 4.061606325696208941e+00 3.883510938747885000e+00 2.140721177357272964e+00 3.387404274188005271e+00
3.838155852357754139e+00 4.126873295187524882e+00 3.957313705952370420e+00 2.154576940037872035e+00 3.431773070416006988e+00
3.906918571245186822e+00 4.193242384297453995e+00 4.031269823399693308e+00 2.169957715484092109e+00 3.476497222494466577e+00
3.975952730897381215e+00 4.260640396767118254e+00 4.105342678859439154e+00 2.187032566631339492e+00 3.521495923068221234e+00
4.045210686001587952e+00 4.328994721448484739e+00 4.179503490704298052e+00 2.205977209215680634e+00 3.566699052390154723e+00
4.114652918181474384e+00 4.398234225901665795e+00 4.253729492033591519e+00 2.226967140073153217e+00 3.612046395596072212e+00
4.184246673984408638e+00 4.468289988304789517e+00 4.328002544441163835e+00 2.250167108399600213e+00 3.657486639245510762e+00
4.253964811170786398e+00 4.539095870467241056e+00 4.402308083022164809e+00 2.275717301719759611e+00 3.702976311791485564e+00
4.323784819256945688e+00 4.610588938685991955e+00 4.476634314130820691e+00 2.303717060644196568e+00 3.748478736466632100e+00
4.393688013952642635e+00 4.682709750871318910e+00 4.550971604956337124e+00 2.334208543733342633e+00 3.793963054756896991e+00
4.463658859809124024e+00 4.755402523436456086e+00 4.625312017736724179e+00 2.367163720624018808e+00 3.839403334237941667e+00
4.533684419635880758e+00 4.828615194562977386e+00 4.699648953182638422e+00 2.402478455901268184e+00 3.884777783838165188e+00
4.603753897896773140e+00 4.902299407768161643e+00 4.773976876480617193e+00 2.439976604244413760e+00 3.930068112252726120e+00
4.673858266156051045e+00 4.976410432342785128e+00 4.848291107098784636e+00 2.479424435875093202e+00 3.975258976111854192e+00
4.743989958139303020e+00 5.050907034801693563e+00 4.922587652284934556e+00 2.520550630104243961e+00 4.020337459013660464e+00
4.814142616482827819e+00 5.125751316905608590e+00 4.996863076584290297e+00 2.563069678645636618e+00 4.065292676957525053e+00
4.884310888332162648e+00 5.200908529238859046e+00 5.071114406140926789e+00 2.606702652917320950e+00 4.110115461036320639e+00
4.954490254539350325e+00 5.276346873326633435e+00 5.145339050613541687e+00 2.651191734427521762e+00 4.154798072591482594e+00
5.024676891398192069e+00 5.352037297614796962e+00 5.219534737705235017e+00 2.696309308441992236e+00 4.199333969705535630e+00
5.094867555744381882e+00 5.427953293641963661e+00 5.293699461994856748e+00 2.741861301753349967e+00 4.243717620079248576e+00
5.165059490300529355e+00 5.504070696523013950e+00 5.367831445932980117e+00 2.787686554617622825e+00 4.287944343810047521e+00
5.235250346901096030e+00 5.580367493053513428e+00 5.441929107755602679e+00 2.833653956393977769e+00 4.332010185429341576e+00
5.305438120388179968e+00 5.656823639442485785e+00 5.515991034548465954e+00 2.879658435037247610e+00 4.375911802004812223e+00
5.375621092839251602e+00 5.733420889973856127e+00 5.590015960280805274e+00 2.925616721053508229e+00 4.419646370150962511e+00
5.445797790615507061e+00 5.810142637408513444e+00 5.664002747938234883e+00 2.971463379803576554e+00 4.463211515098738147e+00
5.515966949647782336e+00 5.886973764987433633e+00 5.737950374786383811e+00 3.017147295488394221e+00 4.506605251074507379e+00
5.586127483702343355e+00 5.963900510978532132e+00 5.811857919728719679e+00 3.062628716549256058e+00 4.549825929978805306e+00
5.656278457003324434e+00 6.040910344369264884e+00 5.885724552662574993e+00 3.107876907254041754e+00 4.592872197752913443e+00
5.726419061995846604e+00 6.117991842205387165e+00 5.959549525487808808e+00 3.152868217569713583e+00 4.635742954956253215e+00
5.796548601409742041e+00 6.195134593500559284e+00 6.033332164356195904e+00 3.197584534120496258e+00 4.678437325631326971e+00
5.866666473209221522e+00 6.272329106145390298e+00 6.107071863001978684e+00 3.242012075914909364e+00 4.720954632139417129e+00
5.936772157564618624e+00 6.349566719664116121e+00 6.180768076879194162e+00 3.286140462934462825e+00 4.763294373708021112e+00
6.006865205601574331e+00 6.426839527917007189e+00 6.254420318173968596e+00 3.329961986182417455e+00 4.805456207445302219e+00
6.076945229869147980e+00 6.504140306595938448e+00 6.328028151085808517e+00 3.373471026355521207e+00 4.847439931874096608e+00
6.147011896350010218e+00 6.581462451844260819e+00 6.401591187775945713e+00 3.416663611876049611e+00 4.889245472776361900e+00
6.217064917707073590e+00 6.658799922312564235e+00 6.475109084868501341e+00 3.459537070003249948e+00 4.930872870565031540e+00
6.287104047479297186e+00 6.736147188094235183e+00 6.548581540253173294e+00 3.502089755892646039e+00 4.972322270337534711e+00
6.357129075045930833e+00 6.813499183392368153e+00 6.622008290078369441e+00 3.544320838619855696e+00 5.013593912676944875e+00
6.427139821291024901e+00 6.890851265489190247e+00 6.695389106424745052e+00 3.586230132809061111e+00 5.054688125476963556e+00
6.497136134855709066e+00 6.968199176962199815e+00 6.768723794584877496e+00 3.627817966655817461e+00 5.095605316720827282e+00
6.567117888970119388e+00 7.045539010740344388e+00 6.842012190864894094e+00 3.669085076777199195e+00 5.136345968091177383e+00
6.637084978682867842e+00 7.122867179593362685e+00 6.915254160538815142e+00 3.710032526424657195e+00 5.176910629318945745e+00
6.707037318439093454e+00 7.200180387222695266e+00 6.988449595979347784e+00 3.750661639080040466e+00 5.217299913000979394e+00
6.776974839971041220e+00 7.277475604472274817e+00 7.061598415024421982e+00 3.790973947526725674e+00 5.257514490190408729e+00
6.846897490461953062e+00 7.354750046080830828e+00 7.134700559317670887e+00 3.830971149466360526e+00 5.297555086173022509e+00
6.916805230943408489e+00 7.432001149859684297e+00 7.207755992983639004e+00 3.870655073737732543e+00 5.337422476665708793e+00
6.986698034889079700e+00 7.509226558163968335e+00 7.280764700712962778e+00 3.910027652808872656e+00 5.377117484360913302e+00
7.056575887003844194e+00 7.586424100189118391e+00 7.353726687412820873e+00 3.949090895238573928e+00 5.416640975759889010e+00
7.126438782138881045e+00 7.663591777709712005e+00 7.426641975395696704e+00 3.987846882473722765e+00 5.455993858268554320e+00
7.196286724272377811e+00 7.740727750586621880e+00 7.499510605357827764e+00 4.026297745854356513e+00 5.495177077463873516e+00
7.266119725480845837e+00 7.817830324136411768e+00 7.572332632999402513e+00 4.064445655339341990e+00 5.534191614638759305e+00
7.335937805654153543e+00 7.894897937504963714e+00 7.645108130485965603e+00 4.102292809203356150e+00 5.573038484516064983e+00
7.405740991077392366e+00 7.971929153111258159e+00 7.717837183362746600e+00 4.139841425948901588e+00 5.611718733022999395e+00
7.475529314703185157e+00 8.048922647389906260e+00 7.790519891415343956e+00 4.177093738365392106e+00 5.650233435222802747e+00
7.545302815041111444e+00 8.125877201834059704e+00 7.863156366544293618e+00 4.214051987715874859e+00 5.688583693163959509e+00
7.615061535856121111e+00 8.202791695088739843e+00 7.935746732849176865e+00 4.250718420333320147e+00 5.726770634774803526e+00
7.684805525755828981e+00 8.279665095489658455e+00 8.008291125241887798e+00 4.287095284230733050e+00 5.764795410965827926e+00
7.754534837645810974e+00 8.356496454591974654e+00 8.080789689383593100e+00 4.323184825355014915e+00 5.802659195712814189e+00
7.824249528472987159e+00 8.433284901213236040e+00 8.153242580387198402e+00 4.358989285965633620e+00 5.840363182920492058e+00
7.893949658924523938e+00 8.510029636153975119e+00 8.225649962911271373e+00 4.394510900424567268e+00 5.877908586372330824e+00
7.963635292982159442e+00 8.586729925284670273e+00 8.298012009921814425e+00 4.429751896612553530e+00 5.915296637360001775e+00
8.033306497893390130e+00 8.663385097740722074e+00 8.370328902796357440e+00 4.464714490247807532e+00 5.952528583962764408e+00
8.102963343739119750e+00 8.739994537027119037e+00 8.442600830262016132e+00 4.499400887598583587e+00 5.989605689542253586e+00
8.172605903314060782e+00 8.816557682882100622e+00 8.514827988382624113e+00 4.533813282977619430e+00 6.026529231590514790e+00
8.242234251901292552e+00 8.893074021736866897e+00 8.587010579731115811e+00 4.567953857349719371e+00 6.063300500908376911e+00
8.311848467065326318e+00 8.969543088963941813e+00 8.659148813265233002e+00 4.601824780600888509e+00 6.099920800021536138e+00
8.381448628557363278e+00 9.045964461370228804e+00 8.731242903679776290e+00 4.635428207254990163e+00 6.136391442867906498e+00
8.451034817873283700e+00 9.122337757264299185e+00 8.803293071238533329e+00 4.668766279414537479e+00 6.172713753206060083e+00
8.520607118710664452e+00 9.198662631988614891e+00 8.875299541242721801e+00 4.701841123760247321e+00 6.208889064235287414e+00
8.590165616028523132e+00 9.274938775932522361e+00 8.947262543851040917e+00 4.734654852529786240e+00 6.244918717323836965e+00
8.659710396340253524e+00 9.351165912570424510e+00 9.019182313639289461e+00 4.767209562652922727e+00 6.280804061440911745e+00
8.729241548108971571e+00 9.427343795200263443e+00 9.091059089402572013e+00 4.799507336080720776e+00 6.316546452246842414e+00
8.798759160404451052e+00 9.503472206857756177e+00 9.162893113805832712e+00 4.831550238835712996e+00 6.352147251309265386e+00
8.868263324066369080e+00 9.579550956113386917e+00 9.234684633158046552e+00 4.863340322250613745e+00 6.387607825572263920e+00
8.937754130964851385e+00 9.655579878079663558e+00 9.306433897151999091e+00 4.894879621372144385e+00 6.422929546360530928e+00
9.007231673843845599e+00 9.731558830244551928e+00 9.378141158611050798e+00 4.926170156535017775e+00 6.458113789096966428e+00
9.076696046781146165e+00 9.807487693320222633e+00 9.449806673309609550e+00 4.957213932001898193e+00 6.493161932411071646e+00
9.146147344479999219e+00 9.883366367895817461e+00 9.521430699697827293e+00 4.988012936915699136e+00 6.528075357844230986e+00
9.215585662604389938e+00 9.959194774792937466e+00 9.593013498791728821e+00 5.018569144724290609e+00 6.562855448562079808e+00
9.285011097605385899e+00 1.003497285244091408e+01 9.664555333880741728e+00 5.048884513490950354e+00 6.597503589934193613e+00
9.354423746544496154e+00 1.011070055704323423e+01 9.736056470476514235e+00 5.078960985754102708e+00 6.632021168138694023e+00
9.423823707289029628e+00 1.018637786036719461e+01 9.807517176007893411e+00 5.108800488758387104e+00 6.666409569026593651e+00
9.493211078143406922e+00 1.026200474986282174e+01 9.878937719818603469e+00 5.138404934260157653e+00 6.700670180472486415e+00
9.562585958021756483e+00 1.033758122679466318e+01 9.950318372855601723e+00 5.167776218950017153e+00 6.734804388237780159e+00
9.631948446418704179e+00 1.041310730622300262e+01 1.002165940769884500e+01 5.196916224151848063e+00 6.768813577460084829e+00
9.701298643138080990e+00 1.048858301554839123e+01 1.009296109826482279e+01 5.225826816275819020e+00 6.802699133730883752e+00
9.770636648562884830e+00 1.056400839427747584e+01 1.016422371984256756e+01 5.254509846610483592e+00 6.836462439305508454e+00
9.839962563366546178e+00 1.063938349295602492e+01 1.023544754882638763e+01 5.282967151617399715e+00 6.870104875203401740e+00
9.909276488571830299e+00 1.071470837272751808e+01 1.030663286274944923e+01 5.311200552901850891e+00 6.903627820787143321e+00
9.978578525591496273e+00 1.078998310463950716e+01 1.037777994004618876e+01 5.339211857366381153e+00 6.937032651903409786e+00
1.004786877603362250e+01 1.086520776901882002e+01 1.044888906008175766e+01 5.367002857274620453e+00 6.970320742072415143e+00
1.011714734181350650e+01 1.094038245509663021e+01 1.051996050295147889e+01 5.394575330375676714e+00 7.003493461596576708e+00
1.018641432505626376e+01 1.101550726022481896e+01 1.059099454954293051e+01 5.421931039978982625e+00 7.036552176839563799e+00
1.025566982805661809e+01 1.109058228977914773e+01 1.066199148122247387e+01 5.449071735085064816e+00 7.069498251131026478e+00
1.032491395334007933e+01 1.116560765624694085e+01 1.073295157990429693e+01 5.475999150472992127e+00 7.102333043231017662e+00
1.039414680351423037e+01 1.124058347929331880e+01 1.080387512818445828e+01 5.502715006812808340e+00 7.135057907584800851e+00
1.046336848134765773e+01 1.131550988488191045e+01 1.087476240868798705e+01 5.529221010776931067e+00 7.167674194931946019e+00
1.053257908972574874e+01 1.139038700528096371e+01 1.094561370448201920e+01 5.555518855134454093e+00 7.200183250472242058e+00
1.060177873157476824e+01 1.146521497853711935e+01 1.101642929924303083e+01 5.581610218869622386e+00 7.232586414824217158e+00
1.067096750995371934e+01 1.153999394819447666e+01 1.108720947636204635e+01 5.607496767278406402e+00 7.264885023979255507e+00
1.074014552791677524e+01 1.161472406292301685e+01 1.115795451958146245e+01 5.633180152078858249e+00 7.297080408020521602e+00
1.080931288857208195e+01 1.168940547624768733e+01 1.122866471302348224e+01 5.658662011516586432e+00 7.329173892031706217e+00
1.087846969506676054e+01 1.176403834623924283e+01 1.129934034049890279e+01 5.683943970469735874e+00 7.361166795603296897e+00
1.094761605051781572e+01 1.183862283529408366e+01 1.136998168599727599e+01 5.709027640556009864e+00 7.393060432234861423e+00
1.101675205806620994e+01 1.191315910987329119e+01 1.144058903362365776e+01 5.733914620238594217e+00 7.424856110049220526e+00
1.108587782081162842e+01 1.198764734026177514e+01 1.151116266722419823e+01 5.758606494930923247e+00 7.456555130918151697e+00
1.115499344181816710e+01 1.206208770033945399e+01 1.158170287064241855e+01 5.783104837101674889e+00 7.488158790521477037e+00
1.122409902412770677e+01 1.213648036737715863e+01 1.165220992765714669e+01 5.807411206381059898e+00 7.519668378800195896e+00
1.129319467069716332e+01 1.221082552183306014e+01 1.172268412176189400e+01 5.831527149659755160e+00 7.551085178898410355e+00
1.136228048443871330e+01 1.228512334716310939e+01 1.179312573632616612e+01 5.855454201198430297e+00 7.582410467815615007e+00
1.143135656818564705e+01 1.235937402964215259e+01 1.186353505454598078e+01 5.879193882716070796e+00 7.613645516558221082e+00
1.150042302467555011e+01 1.243357775819561795e+01 1.193391235925346194e+01 5.902747703519361622e+00 7.644791588712857688e+00
1.156947995657846917e+01 1.250773472423981048e+01 1.200425793309354106e+01 5.926117160587801358e+00 7.675849941252609554e+00
1.163852746644092662e+01 1.258184512153005485e+01 1.207457205846579384e+01 5.949303738641729566e+00 7.706821824528738318e+00
1.170756565671410243e+01 1.265590914601679806e+01 1.214485501733380701e+01 5.972308910324816367e+00 7.737708484117334251e+00
1.177659462973976368e+01 1.272992699570959907e+01 1.221510709141446327e+01 5.995134136250127810e+00 7.768511155792568346e+00
1.184561448772550385e+01 1.280389887054842646e+01 1.228532856210035185e+01 6.017780865033511617e+00 7.799231069151629114e+00
1.191462533277213431e+01 1.287782497228081269e+01 1.235551971032821861e+01 6.040250533545025391e+00 7.829869446607901295e+00
1.198362726683182622e+01 1.295170550434821521e+01 1.242568081671911706e+01 6.062544566910639254e+00 7.860427507374422973e+00
1.205262039172542998e+01 1.302554067177505637e+01 1.249581216150444796e+01 6.084664378544804464e+00 7.890906458942826163e+00
1.212160480913907357e+01 1.309933068106391474e+01 1.256591402444559513e+01 6.106611370404289474e+00 7.921307503142095641e+00
1.219058062059949954e+01 1.317307574009836380e+01 1.263598668492835309e+01 6.128386932987126556e+00 7.951631834517471020e+00
1.225954792749493194e+01 1.324677605804881608e+01 1.270603042189768850e+01 6.149992445389637297e+00 7.981880643285863108e+00
1.232850683105188772e+01 1.332043184528405888e+01 1.277604551380940379e+01 6.171429275497933631e+00 8.012055109897895377e+00
1.239745743233701880e+01 1.339404331328725384e+01 1.284603223870538891e+01 6.192698780038684347e+00 8.042156407961924103e+00
1.246639983226388715e+01 1.346761067457611460e+01 1.291599087414762792e+01 6.213802304626176998e+00 8.072185704147742058e+00
1.253533413157005860e+01 1.354113414262730331e+01 1.298592169718643774e+01 6.234741183921049590e+00 8.102144159201541740e+00
1.260426043083177561e+01 1.361461393180463908e+01 1.305582498443258110e+01 6.255516741711910633e+00 8.132032926090854374e+00
1.267317883045323157e+01 1.368805025729099789e+01 1.312570101198619277e+01 6.276130290950548307e+00 8.161853150229122278e+00
1.274208943066044242e+01 1.376144333502366024e+01 1.319555005542093085e+01 6.296583133890912620e+00 8.191605970194688169e+00
1.281099233151147843e+01 1.383479338163292915e+01 1.326537238984720446e+01 6.316876562195013811e+00 8.221292517940097966e+00
1.287988763287783911e+01 1.390810061438395806e+01 1.333516828984242331e+01 6.337011856956380917e+00 8.250913918354674692e+00
1.294877543445428536e+01 1.398136525112149364e+01 1.340493802944942558e+01 6.356990288818732182e+00 8.280471288717242473e+00
1.301765583575485863e+01 1.405458751021735964e+01 1.347468188222418917e+01 6.376813118106438694e+00 8.309965739453078371e+00
1.308652893610412704e+01 1.412776761052070462e+01 1.354440012117475156e+01 6.396481594838511420e+00 8.339398374276200343e+00
1.315539483465290616e+01 1.420090577131072962e+01 1.361409301876883227e+01 6.415996958826620578e+00 8.368770290270461487e+00
1.322425363035210921e+01 1.427400221225185994e+01 1.368376084696901174e+01 6.435360439825932310e+00 8.398082576707919245e+00
1.329310542196366640e+01 1.434705715335104337e+01 1.375340387717896284e+01 6.454573257546193155e+00 8.427336316186501364e+00
1.336195030805868811e+01 1.442007081491726517e+01 1.382302238025701513e+01 6.473636621733853680e+00 8.456532584549192322e+00
1.343078838704874300e+01 1.449304341752353764e+01 1.389261662654502771e+01 6.492551732328682768e+00 8.485672451438784236e+00
1.349961975711030071e+01 1.456597518197008334e+01 1.396218688581723200e+01 6.511319779476722580e+00 8.514756978608733817e+00
1.356844451623586068e+01 1.463886632924990394e+01 1.403173342729942163e+01 6.529941943591246911e+00 8.543787221339799842e+00
1.363726276222783440e+01 1.471171708051596205e+01 1.410125651969379668e+01 6.548419395531540843e+00 8.572764228161021904e+00
1.370607459272179973e+01 1.478452765705001681e+01 1.417075643112918293e+01 6.566753296606128387e+00 8.601689041601206398e+00
1.377488010511319594e+01 1.485729828023310439e+01 1.424023342918524904e+01 6.584944798625127937e+00 8.630562696555292845e+00
1.384367939661247782e+01 1.493002917151725484e+01 1.430968778091195404e+01 6.602995044080850029e+00 8.659386221565672059e+00
1.391247256424282597e+01 1.500272055239905633e+01 1.437911975278450605e+01 6.620905166154026134e+00 8.688160638531041258e+00
1.398125970484675840e+01 1.507537264439457836e+01 1.444852961072969499e+01 6.638676288749262078e+00 8.716886963406585309e+00
1.405004091503587382e+01 1.514798566901506227e+01 1.451791762013801446e+01 6.656309526689498490e+00 8.745566204932671894e+00
1.411881629123388926e+01 1.522055984774426385e+01 1.458728404582942773e+01 6.673805985716274591e+00 8.774199365563619679e+00
1.418758592967386711e+01 1.529309540201700379e+01 1.465662915207577122e+01 6.691166762522922085e+00 8.802787441319289030e+00
1.425634992639260723e+01 1.536559255319859574e+01 1.472595320262042229e+01 6.708392944941546254e+00 8.831331422228226202e+00
1.432510837721503449e+01 1.543805152256549107e+01 1.479525646062504940e+01 6.725485611948186282e+00 8.859832291681668082e+00
1.439386137777080954e+01 1.551047253128686876e+01 1.486453918870417823e+01 6.742445833698157642e+00 8.888291026763944558e+00
