2.578627859534350364e+00 2.313468169258628304e+00 2.268260138200247855e+00 2.016179578174701170e+00 2.570242207133802470e+00
3.145128130594613047e+00 2.618378820090129899e+00 2.532191789126771120e+00 2.032155557364691223e+00 3.136162366457694972e+00
3.697121147385328932e+00 2.915079265950371035e+00 2.791901230776179244e+00 2.047936578614215630e+00 3.690872011708625777e+00
4.234590910938014652e+00 3.203960001551974024e+00 3.047513513316764566e+00 2.063530977880665862e+00 4.233042726783217802e+00
4.757869718419938998e+00 3.485467586128244921e+00 3.299182727917021385e+00 2.078946754614864112e+00 4.762589737250965349e+00
5.267346933879264448e+00 3.760112687317089808e+00 3.547104523407702992e+00 2.094191618581122682e+00 5.279716211380976354e+00
5.763416068882480481e+00 4.028468937917700998e+00 3.791529544673429175e+00 2.109273005500365894e+00 5.784699778077086130e+00
6.246462940267504038e+00 4.291157868860315361e+00 4.032775224391762947e+00 2.124198089494015562e+00 6.277836691293682492e+00
6.716862606839055339e+00 4.548817319881855781e+00 4.271231466426079315e+00 2.138973784180051574e+00 6.759424321296395810e+00
7.174978691308542267e+00 4.802055770208126795e+00 4.507354294780554937e+00 2.153606768479249034e+00 7.229755125119161185e+00
7.621163420781785547e+00 5.051399904252298789e+00 4.741641575689011567e+00 2.168103499091131425e+00 7.689115132616428205e+00
8.055757878737900057e+00 5.297247391329832134e+00 4.974588318286799371e+00 2.182470218931158890e+00 8.137783101132145092e+00
8.479092325997443780e+00 5.539839346725251801e+00 5.206626460322831385e+00 2.196712965823687469e+00 8.576030233901821731e+00
8.891486556944524722e+00 5.779258477966805252e+00 5.438063429318645170e+00 2.210837583460115940e+00 9.004120225552819434e+00
9.293250251461765643e+00 6.015452018215911245e+00 5.669039241319255851e+00 2.224849740483713756e+00 9.422309439640002893e+00
9.684683320247772897e+00 6.248271447611154272e+00 5.899517450620144210e+00 2.238754934892837056e+00 9.830846922419008038e+00
1.006607624137879853e+01 6.477515788559938592e+00 6.129312112230568488e+00 2.252558504991878596e+00 1.022997479545653121e+01
1.043771038467756007e+01 6.702970569276786250e+00 6.358138213814254591e+00 2.266265637975727998e+00 1.061992845590123657e+01
1.079985832686344338e+01 6.924435096226307707e+00 6.585667469452681111e+00 2.279881377648365515e+00 1.100093672119764321e+01
1.115278415588138294e+01 7.141738221156019861e+00 6.811574722283169514e+00 2.293410634644109880e+00 1.137322197511489996e+01
1.149674376070796278e+01 7.354747814243474124e+00 7.035566737407438431e+00 2.306858195174833259e+00 1.173700048096562298e+01
1.183198511086445492e+01 7.563370206727788592e+00 7.257397368853420794e+00 2.320228729551570446e+00 1.209248246097320134e+01
1.215874852587518795e+01 7.767547694897700694e+00 7.476870776640920369e+00 2.333526799881067593e+00 1.243987225634094607e+01
1.247726693617197036e+01 7.967254730560900278e+00 7.693837856908074535e+00 2.346756868884447567e+00 1.277936881182542983e+01
1.278776612379506439e+01 8.162492358940120596e+00 7.908190071319915582e+00 2.359923307266010184e+00 1.311116522035774956e+01
1.309046499378727546e+01 8.353283259016842877e+00 8.119852362897114872e+00 2.373030400083583569e+00 1.343544970626962076e+01
1.338557574595483324e+01 8.539667284818683868e+00 8.328776408362577044e+00 2.386082357191960046e+00 1.375240498810312317e+01
1.367330421984141786e+01 8.721697780685248702e+00 8.534934796130180246e+00 2.399083314257725696e+00 1.406220899439501792e+01
1.395384993307251520e+01 8.899438526464203747e+00 8.738316313414774328e+00 2.412037347513538155e+00 1.436503476629397369e+01
1.422740650756676750e+01 9.072961116211411436e+00 8.938922201049404492e+00 2.424948472752999518e+00 1.466105058626445334e+01
1.449416162537652752e+01 9.242342799268634224e+00 9.136763168240893407e+00 2.437820658779815464e+00 1.495042027095692916e+01
1.475429745035803997e+01 9.407664810601900740e+00 9.331857060640269097e+00 2.450657829143249256e+00 1.523330315493419285e+01
1.500799061380228139e+01 9.569011095068280071e+00 9.524227085183683883e+00 2.463463871990231979e+00 1.550985436699399500e+01
1.525541255632630744e+01 9.726467295663125512e+00 9.713900459343802751e+00 2.476242644779989455e+00 1.578022481150284584e+01
1.549672957285623021e+01 9.880119925584537555e+00 9.900907351415670021e+00 2.488997981475288945e+00 1.604456143736796037e+01
1.573210309141022378e+01 1.003005571155730991e+01 1.008528008872175441e+01 2.501733699079235596e+00 1.630300725996438516e+01
1.596168973538643421e+01 1.017636109753301987e+01 1.026705253312335486e+01 2.514453603190822228e+00 1.655570146925731123e+01
1.618564157917169410e+01 1.031912186361085837e+01 1.044625960550241217e+01 2.527161495687450632e+00 1.680277964993085504e+01
1.640410618801689679e+01 1.045842282965481651e+01 1.062293691935683171e+01 2.539861179592102669e+00 1.704437370687238484e+01
1.661722687565223566e+01 1.059434762348787196e+01 1.079712049655464945e+01 2.552556466820883330e+00 1.728061217703220720e+01
1.682514272397362021e+01 1.072697850452343182e+01 1.096884656176553996e+01 2.565251183914186939e+00 1.751162014477754880e+01
1.702798882959567450e+01 1.085639623425791456e+01 1.113815134426263320e+01 2.577949178545044351e+00 1.773751947415625807e+01
1.722589633311439172e+01 1.098267999783747229e+01 1.130507095239851267e+01 2.590654327036439941e+00 1.795842883809259050e+01
1.741899263213924343e+01 1.110590730652410940e+01 1.146964128668556526e+01 2.603370539633866887e+00 1.817446380691626118e+01
1.760740142879628323e+01 1.122615397929502379e+01 1.163189790266521939e+01 2.616101768928487559e+00 1.838573699970840636e+01
1.779124291276820102e+01 1.134349409393329111e+01 1.179187605150252516e+01 2.628852015764557848e+00 1.859235807140457197e+01
1.797063380568172519e+01 1.145799996370064910e+01 1.194961057921852010e+01 2.641625336720601069e+00 1.879443391950433906e+01
1.814568753867929018e+01 1.156974220698975664e+01 1.210513589218055053e+01 2.654425852141733433e+00 1.899206863164990722e+01
1.831651428837076523e+01 1.167878969250256560e+01 1.225848593870600389e+01 2.667257751847261549e+00 1.918536367716658475e+01
1.848322115221570883e+01 1.178520958584998191e+01 1.240969418872111696e+01 2.680125305979509598e+00 1.937441792069110846e+01
1.864591217287422964e+01 1.188906735239268997e+01 1.255879357140893759e+01 2.693032868309411132e+00 1.955932768957680423e+01
1.880468845966852953e+01 1.199042678451934663e+01 1.270581658605235731e+01 2.705984948842427684e+00 1.974018690544284738e+01
1.895964826806484993e+01 1.208935002344426479e+01 1.285079507473534122e+01 2.718986016765830627e+00 1.991708706167378296e+01
1.911088708379998380e+01 1.218589760383590281e+01 1.299376053891802130e+01 2.732040824311101179e+00 2.009011739433168842e+01
1.925849785134447600e+01 1.228012847553952014e+01 1.313474379431544925e+01 2.745154257586543523e+00 2.025936484794636527e+01
1.940257082622259688e+01 1.237210004515551098e+01 1.327377526449211942e+01 2.758331347586107096e+00 2.042491421655521577e+01
1.954319383189718451e+01 1.246186821023053604e+01 1.341088481895083362e+01 2.771577304235263384e+00 2.058684816306250553e+01
1.968045232338685580e+01 1.254948739216141895e+01 1.354610182841259736e+01 2.784897468165805190e+00 2.074524727429664139e+01
1.981442929720827806e+01 1.263501057267057348e+01 1.367945518269570115e+01 2.798297404192220839e+00 2.090019016170628419e+01
1.994520547714029490e+01 1.271848932890865846e+01 1.381097326289189553e+01 2.811782885139015864e+00 2.105175344589918041e+01
2.007285931660890199e+01 1.279997387058679870e+01 1.394068396085402739e+01 2.825359881153376218e+00 2.120001189519778606e+01
2.019746715957923655e+01 1.287951307331483441e+01 1.406861468896037159e+01 2.839034579125770286e+00 2.134503839440482054e+01
2.031910330142423504e+01 1.295715451241864180e+01 1.419479239562925166e+01 2.852813397471847257e+00 2.148690406101043493e+01
2.043784001103363579e+01 1.303294450266366056e+01 1.431924353507335645e+01 2.866703001140236129e+00 2.162567826008255878e+01
2.055374760918305910e+01 1.310692812799625884e+01 1.444199409148664870e+01 2.880710316518011016e+00 2.176142864786736197e+01
2.066689452565093177e+01 1.317914927575033168e+01 1.456306964890739053e+01 2.894842547003080746e+00 2.189422125330778712e+01
2.077734735043296510e+01 1.324965066944370307e+01 1.468249531875653524e+01 2.909107194339250579e+00 2.202412046752216668e+01
2.088517086987447158e+01 1.331847390289806654e+01 1.480029573024645551e+01 2.923512066448184399e+00 2.215118915215265005e+01
2.099042816256146793e+01 1.338565947238143750e+01 1.491649509664823015e+01 2.938065305030300500e+00 2.227548861815054693e+01
2.109318068710548388e+01 1.345124679561566694e+01 1.503111731927353389e+01 2.952775380598321675e+00 2.239707871680640494e+01
2.119348805082181286e+01 1.351527426394242859e+01 1.514418574899801229e+01 2.967651156934076440e+00 2.251601785324289651e+01
2.129140865282364103e+01 1.357777924193264951e+01 1.525572336895627679e+01 2.982701859443097181e+00 2.263236302149482881e+01
2.138699895308006660e+01 1.363879812678909964e+01 1.536575279096828162e+01 2.997937165082289468e+00 2.274616987024653625e+01
2.148031388065660607e+01 1.369836634811298026e+01 1.547429624411408078e+01 3.013367169995893935e+00 2.285749269441066645e+01
2.157140742617231055e+01 1.375651841160869182e+01 1.558137554493183607e+01 3.029002457526929426e+00 2.296638452287890075e+01
2.166033151595150485e+01 1.381328792210300271e+01 1.568701215063336285e+01 3.044854102501524107e+00 2.307289710171759367e+01
2.174713711227246549e+01 1.386870760170356043e+01 1.579122713473568140e+01 3.060933709096024469e+00 2.317708096725707634e+01
2.183187384294873112e+01 1.392280932949044114e+01 1.589404123044857720e+01 3.077253435666464476e+00 2.327898545785063789e+01
2.191458993943586009e+01 1.397562414314677603e+01 1.599547481395333826e+01 3.093826034568790906e+00 2.337865874218049100e+01
2.199533244882566407e+01 1.402718229006137918e+01 1.609554790309940842e+01 3.110664876332719153e+00 2.347614787227138677e+01
2.207414725953214329e+01 1.407751322004924077e+01 1.619428016098207124e+01 3.127784001059038754e+00 2.357149877762751800e+01
2.215107909052515467e+01 1.412664563423770403e+01 1.629169094351204095e+01 3.145198140483682625e+00 2.366475633549077173e+01
2.222617138247238699e+01 1.417460748837872941e+01 1.638779926971795931e+01 3.162922770528952654e+00 2.375596435829908515e+01
2.229946647523714987e+01 1.422142601820572949e+01 1.648262381880068617e+01 3.180974137444330996e+00 2.384516565233517937e+01
2.237100581294527046e+01 1.426712776680979111e+01 1.657618296925033974e+01 3.199369402248094740e+00 2.393240202789500159e+01
2.244082941950201260e+01 1.431173858852083924e+01 1.666849478851065669e+01 3.218126325333509286e+00 2.401771432219612024e+01
2.250897621944237059e+01 1.435528368883640304e+01 1.675957703700796131e+01 3.237263822662738377e+00 2.410114244251100146e+01
2.257548464109311226e+01 1.439778761864992163e+01 1.684944717132460212e+01 3.256801575456810482e+00 2.418272536176802490e+01
2.264039208485869281e+01 1.443927431667544781e+01 1.693812236548185268e+01 3.276760268277961075e+00 2.426250117539098738e+01
2.270373487860295469e+01 1.447976710621887975e+01 1.702561950538147784e+01 3.297161518698985105e+00 2.434050709177354577e+01
2.276554840028979143e+01 1.451928872438665863e+01 1.711195518655379999e+01 3.318028001248540804e+00 2.441677947953258609e+01
2.282586714022629337e+01 1.455786133534865634e+01 1.719714573547303260e+01 3.339383510898766616e+00 2.449135387635450556e+01
2.288472473210066127e+01 1.459550654046136486e+01 1.728120721293286621e+01 3.361252894872627905e+00 2.456426500763500087e+01
2.294215397436764903e+01 1.463224540613590463e+01 1.736415541177802169e+01 3.383662094231969508e+00 2.463554682160764386e+01
2.299818674552378184e+01 1.466809846163034337e+01 1.744600584789407804e+01 3.406638125969648545e+00 2.470523248617411838e+01
2.305285408680742876e+01 1.470308573303048405e+01 1.752677380492806236e+01 3.430209074810002257e+00 2.477335443499102752e+01
2.310618695785662169e+01 1.473722673755343848e+01 1.760647431096226967e+01 3.454404075643150218e+00 2.483994434908489879e+01
2.315821492534493586e+01 1.477054051442613591e+01 1.768512213733000138e+01 3.479253269932860437e+00 2.490503321718216867e+01
2.320896684570001867e+01 1.480304562679689617e+01 1.776273181578179816e+01 3.504787705676935428e+00 2.496865134309018686e+01
2.325847087669329483e+01 1.483476017759929100e+01 1.783931765231807276e+01 3.531039274075390644e+00 2.503082834051844685e+01
2.330675446078249990e+01 1.486570182644069860e+01 1.791489371717299761e+01 3.558040596925335031e+00 2.509159313282732029e+01
2.335384445509562923e+01 1.489588779196434842e+01 1.798947383562246216e+01 3.585824762264668397e+00 2.515097406911017330e+01
2.339976707852702731e+01 1.492533487633584244e+01 1.806307162952511547e+01 3.614425349658714204e+00 2.520899886606705209e+01
2.344454790602438621e+01 1.495405945458928620e+01 1.813570049618805768e+01 3.643875839921460802e+00 2.526569452904801238e+01
2.348821190757678679e+01 1.498207751777987617e+01 1.820737361259318732e+01 3.674209509449719135e+00 2.532108756427541607e+01
2.353078348329881919e+01 1.500940466940962459e+01 1.827810394117012649e+01 3.705459096687484077e+00 2.537520389479938387e+01
2.357228635502695013e+01 1.503605611422554311e+01 1.834790424692441491e+01 3.737656401986466648e+00 2.542806884627589170e+01
2.361274363035757418e+01 1.506204669076661595e+01 1.841678708910820106e+01 3.770831833771178587e+00 2.547970714165576922e+01
2.365217815403030599e+01 1.508739090719963905e+01 1.848476481426151707e+01 3.805013932589822900e+00 2.553014304829445891e+01
2.369061194474603482e+01 1.511210291492102975e+01 1.855184958651229366e+01 3.840228852100221690e+00 2.557940028326714099e+01
2.372806636505477940e+01 1.513619646123631313e+01 1.861805337549787254e+01 3.876499827920859786e+00 2.562750199355158998e+01
2.376456234700533798e+01 1.515968504382451876e+01 1.868338795846482014e+01 3.913846633687444676e+00 2.567447087396405436e+01
2.380012062759823266e+01 1.518258181941943619e+01 1.874786492047075726e+01 3.952285046370198174e+00 2.572032912717343933e+01
2.383476112697782412e+01 1.520489959620894815e+01 1.881149567639622688e+01 3.991826343273111810e+00 2.576509846330645459e+01
2.386850353249402801e+01 1.522665088453562099e+01 1.887429145950060416e+01 4.032476851960327124e+00 2.580880010410152181e+01
2.390136693360240727e+01 1.524784792458319593e+01 1.893626331739522328e+01 4.074237567295389439e+00 2.585145485452683900e+01
2.393337003745638114e+01 1.526850265284132391e+01 1.899742213301801641e+01 4.117103818813323102e+00 2.589308306671451376e+01
2.396453107089837076e+01 1.528862669035948585e+01 1.905777862174674198e+01 4.161065151251828631e+00 2.593370462240956087e+01
2.399486784237392811e+01 1.530823142427520445e+01 1.911734333002970132e+01 4.206105305284221885e+00 2.597333901459827032e+01
2.402439774709086251e+01 1.532732796303000988e+01 1.917612663268375428e+01 4.252202316243897329e+00 2.601200532372021712e+01
2.405313773065988414e+01 1.534592713740917702e+01 1.923413875582421895e+01 4.299328751086234135e+00 2.604972221225186502e+01
2.408110441962147874e+01 1.536403953112464471e+01 1.929138976514521531e+01 4.347452080809397934e+00 2.608650792272507246e+01
2.410831394780791825e+01 1.538167549079576979e+01 1.934788956554294614e+01 4.396535169437420620e+00 2.612238035698338479e+01
2.413478220641829708e+01 1.539884511569250947e+01 1.940364791226652130e+01 4.446536865153032814e+00 2.615735702993978506e+01
2.416052459175718781e+01 1.541555825094085819e+01 1.945867441535902742e+01 4.497412683806685685e+00 2.619145504995943696e+01
2.418555624871011744e+01 1.543182454011593308e+01 1.951297853644029701e+01 4.549115508175391120e+00 2.622469120103146167e+01
2.420989190958730930e+01 1.544765339852637709e+01 1.956656958452323636e+01 4.601596310270146262e+00 2.625708191582581463e+01
2.423354599453936231e+01 1.546305400277704756e+01 1.961945673773303156e+01 4.654804862394536613e+00 2.628864327314568783e+01
2.425653260564964242e+01 1.547803532986417530e+01 1.967164903258498754e+01 4.708690383711253702e+00 2.631939099887323863e+01
2.427886548310097226e+01 1.549260615921039630e+01 1.972315536516255108e+01 4.763202250908759261e+00 2.634934052232457447e+01
2.430055810877005484e+01 1.550677506100379865e+01 1.977398449647268919e+01 4.818290396634074213e+00 2.637850694571019616e+01
2.432162358744113462e+01 1.552055038995864500e+01 1.982414506118167807e+01 4.873906193836617717e+00 2.640690503318167615e+01
2.434207481001033813e+01 1.553394033611808744e+01 1.987364556308337527e+01 4.930002317398828104e+00 2.643454926689156537e+01
2.436192428837187407e+01 1.554695289611539977e+01 1.992249436978691435e+01 4.986533295968525792e+00 2.646145383125412209e+01
2.438118432996741447e+01 1.555959586854608290e+01 1.997069973380824592e+01 5.043455725624805375e+00 2.648763261098405408e+01
2.439986690689194759e+01 1.557187688553703175e+01 2.001826978220214315e+01 5.100728400456379319e+00 2.651309919143168159e+01
2.441798377857137936e+01 1.558380341007546654e+01 2.006521251897806124e+01 5.158312608781404407e+00 2.653786690493281952e+01
2.443554644267451792e+01 1.559538273092153915e+01 2.011153582644796245e+01 5.216172205612369162e+00 2.656194880614522447e+01
2.445256606328835858e+01 1.560662196123501921e+01 2.015724747629833047e+01 5.274273299177751007e+00 2.658535765999898359e+01
2.446905353308567044e+01 1.561752807060930515e+01 2.020235512398427602e+01 5.332584318903923482e+00 2.660810599270878640e+01
2.448501969090117569e+01 1.562810786832080545e+01 2.024686630607779492e+01 5.391076006331734227e+00 2.663020607688745045e+01
2.450047503021814066e+01 1.563836799712412962e+01 2.029078845377844331e+01 5.449721331438282412e+00 2.665166992917466970e+01
2.451542967398091832e+01 1.564831496229198216e+01 2.033412888929506224e+01 5.508495449610234296e+00 2.667250931003199099e+01
2.452989353694949415e+01 1.565795512552705304e+01 2.037689482611453329e+01 5.567375537144928721e+00 2.669273576470717302e+01
2.454387657669802891e+01 1.566729470182143835e+01 2.041909336836366506e+01 5.626340644345431130e+00 2.671236060082923913e+01
2.455738837302303068e+01 1.567633975899480170e+01 2.046073152274625073e+01 5.685371581382416828e+00 2.673139487996284913e+01
2.457043818151375802e+01 1.568509624482366860e+01 2.050181619263364752e+01 5.744450812375831994e+00 2.674984945814896165e+01
2.458303510586471319e+01 1.569356997201699677e+01 2.054235417297941524e+01 5.803562298425037014e+00 2.676773497474174945e+01
2.459518819836372572e+01 1.570176661139837293e+01 2.058235216632986564e+01 5.862691435478958546e+00 2.678506185080680169e+01
2.460690622534492533e+01 1.570969172064189756e+01 2.062181678157407561e+01 5.921824895182704829e+00 2.680184028927511619e+01
2.461819773107441023e+01 1.571735073478255984e+01 2.066075453192602751e+01 5.980950523294112919e+00 2.681808030726564596e+01
2.462907111217094425e+01 1.572474896507034359e+01 2.069917183877283051e+01 6.040057305629807693e+00 2.683379171906315719e+01
2.463953455775561707e+01 1.573189160023270361e+01 2.073707502166680783e+01 6.099135151949802491e+00 2.684898412926648703e+01
2.464959610783068911e+01 1.573878372616543508e+01 2.077447029678188883e+01 6.158174978168812430e+00 2.686366696558651412e+01
2.465926364117158442e+01 1.574543031511747060e+01 2.081136382522182160e+01 6.217168444316140352e+00 2.687784947031856575e+01
2.466854487088004078e+01 1.575183621984449367e+01 2.084776166878645043e+01 6.276108055274068676e+00 2.689154069882894049e+01
2.467744726348337281e+01 1.575800619834541116e+01 2.088366980547650087e+01 6.334986930988663723e+00 2.690474951942707804e+01
2.468597819058848586e+01 1.576394490383935931e+01 2.091909413139092777e+01 6.393798892571808778e+00 2.691748464106401073e+01
2.469414487166174510e+01 1.576965688503743657e+01 2.095404039904450144e+01 6.452538258014789641e+00 2.692975459867413690e+01
2.470195436157814228e+01 1.577514658835586303e+01 2.098851435924337494e+01 6.511199942943586727e+00 2.694156774741220062e+01
2.470941352339426800e+01 1.578041837220676946e+01 2.102252165617999680e+01 6.569779253517266326e+00 2.695293229026514581e+01
2.471652910449609664e+01 1.578547649922670892e+01 2.105606785567391981e+01 6.628272008889906530e+00 2.696385627105781069e+01
2.472330770483791795e+01 1.579032513021388517e+01 2.108915844747594903e+01 6.686674345707963596e+00 2.697434757313590126e+01
2.472975577703546080e+01 1.579496834731900101e+01 2.112179881766704170e+01 6.744982812182255927e+00 2.698441391925514310e+01
2.473587965150739976e+01 1.579941014283655498e+01 2.115399428682906091e+01 6.803194250497196727e+00 2.699406289472683795e+01
2.474168551030030372e+01 1.580365442036888624e+01 2.118575012496620147e+01 6.861305812162635576e+00 2.700330193528080969e+01
2.474717940693700058e+01 1.580770499767221615e+01 2.121707151639803257e+01 6.919314916605478594e+00 2.701213832261731085e+01
2.475236726973780321e+01 1.581156561729001275e+01 2.124796357446839679e+01 6.977219221015856121e+00 2.702057920685510339e+01
2.475725489586196915e+01 1.581523994048592741e+01 2.127843133735522585e+01 7.035016617922066118e+00 2.702863160118868890e+01
2.476184796969640800e+01 1.581873154239672274e+01 2.130847975225935542e+01 7.092705186176559984e+00 2.703630238079876946e+01
2.476615205760294103e+01 1.582204393144215437e+01 2.133811373333081463e+01 7.150283209729963119e+00 2.704359828273832633e+01
2.477017261237998014e+01 1.582518053946578007e+01 2.136733811396103988e+01 7.207749119205157484e+00 2.705052592525053967e+01
2.477391494483229195e+01 1.582814472281913076e+01 2.139615766174340550e+01 7.265101523058832278e+00 2.705709179776604500e+01
2.477738428732310894e+01 1.583093976573712247e+01 2.142457707973685643e+01 7.322339147218610123e+00 2.706330225722086880e+01
2.478058575831757437e+01 1.583356888776597415e+01 2.145260098920864067e+01 7.379460869417944657e+00 2.706916354673818148e+01
2.478352437185325741e+01 1.583603523932453250e+01 2.148023396651755590e+01 7.436465664111844731e+00 2.707468179138875897e+01
2.478620500412586836e+01 1.583834189820337102e+01 2.150748052486289197e+01 7.493352633035857302e+00 2.707986299722201906e+01
2.478863246845015311e+01 1.584049188492199711e+01 2.153434511410497620e+01 7.550120959214968508e+00 2.708471305111197580e+01
2.479081146885116382e+01 1.584248815495361562e+01 2.156083212455733999e+01 7.606769931856353750e+00 2.708923773714885641e+01
2.479274661307021432e+01 1.584433359922502049e+01 2.158694587980605206e+01 7.663298909408736925e+00 2.709344272818731270e+01
2.479444239196519106e+01 1.584603104789892569e+01 2.161269064122242156e+01 7.719707336499103789e+00 2.709733358287946459e+01
2.479590322883417386e+01 1.584758327549114476e+01 2.163807062873277332e+01 7.775994720976452612e+00 2.710091576119549117e+01
2.479713344832482846e+01 1.584899299754707158e+01 2.166308999915485956e+01 7.832160638098214278e+00 2.710419462108830402e+01
2.479813728679263818e+01 1.585026286809986829e+01 2.168775285433958544e+01 7.888204721122880514e+00 2.710717541537376007e+01
2.479891888307462366e+01 1.585139549202593301e+01 2.171206324110066888e+01 7.944126656397551223e+00 2.710986329081053725e+01
2.479948230398586517e+01 1.585239341876780550e+01 2.173602512851615742e+01 7.999926182420209031e+00 2.711226331268203893e+01
2.479983152975356830e+01 1.585325913965545475e+01 2.175964246563218296e+01 8.055603080300990371e+00 2.711438044831041339e+01
2.479997045990167948e+01 1.585399509609882429e+01 2.178291913738625141e+01 8.111157177053215150e+00 2.711621957467574617e+01
2.479990290507873496e+01 1.585460368389811414e+01 2.180585897766031067e+01 8.166588334599076404e+00 2.711778547831244524e+01
2.479963261057905299e+01 1.585508724859100305e+01 2.182846577023939361e+01 8.221896454736221216e+00 2.711908281259135478e+01
2.479916324278881135e+01 1.585544808896321101e+01 2.185074323544974106e+01 8.277081469065196373e+00 2.712011620768503661e+01
2.479849839419800261e+01 1.585568844803136557e+01 2.187269505281989979e+01 8.332143346485777258e+00 2.712089018837603049e+01
2.479764157248569134e+01 1.585581051492878935e+01 2.189432486002606737e+01 8.387082074950082955e+00 2.712140919890551061e+01
2.479659623011987080e+01 1.585581645824824193e+01 2.191563624250924747e+01 8.441897666590691074e+00 2.712167760531993110e+01
2.479536574583968900e+01 1.585570839411787780e+01 2.193663273908373768e+01 8.496590179720918456e+00 2.712169963522906357e+01
2.479395343032143018e+01 1.585548839751625572e+01 2.195731783864123798e+01 8.551159666482861965e+00 2.712147949310787709e+01
2.479236251535010283e+01 1.585515849682258072e+01 2.197769497537285233e+01 8.605606201635097818e+00 2.712102131196972721e+01
2.479059618362778750e+01 1.585472064444850560e+01 2.199776755567750897e+01 8.659929903626855108e+00 2.712032913970423920e+01
2.478865754950539468e+01 1.585417680750984637e+01 2.201753893495731873e+01 8.714130889060726304e+00 2.711940695270234514e+01
2.478654966457367337e+01 1.585352889413329258e+01 2.203701242528624960e+01 8.768209284365456213e+00 2.711825862750946925e+01
2.478427550970591042e+01 1.585277877514777778e+01 2.205619129619358887e+01 8.822165246078615297e+00 2.711688796548776992e+01
2.478183801878094883e+01 1.585192828522040998e+01 2.207507876187546358e+01 8.875998946996601191e+00 2.711529874149270469e+01
2.477924006342869134e+01 1.585097918406061801e+01 2.209367801004488285e+01 8.929710558214747351e+00 2.711349464259813757e+01
2.477648445752723916e+01 1.584993324229004408e+01 2.211199218400722444e+01 8.983300270738185489e+00 2.711147929008597046e+01
2.477357395198481171e+01 1.584879218175497329e+01 2.213002438583760423e+01 9.036768293597688739e+00 2.710925623409964658e+01
2.477051125237759877e+01 1.584755768874739346e+01 2.214777767810644704e+01 9.090114836068504900e+00 2.710682893386146830e+01
2.476729900787643146e+01 1.584623141643656652e+01 2.216525507811263296e+01 9.143340120236169710e+00 2.710420082920101947e+01
2.476393981450399551e+01 1.584481496959409697e+01 2.218245956422065390e+01 9.196444380842249799e+00 2.710137528174747246e+01
2.476043621120147264e+01 1.584330993177964153e+01 2.219939408508057355e+01 9.249427855813872057e+00 2.709835559319438403e+01
2.475679069468209192e+01 1.584171785969887303e+01 2.221606154786018905e+01 9.302290791217298960e+00 2.709514500676756299e+01
2.475300571012530426e+01 1.584004027496135869e+01 2.223246482300432447e+01 9.355033444620200811e+00 2.709174668215129245e+01
2.474908365367213392e+01 1.583827866923569516e+01 2.224860674349682199e+01 9.407656075100311099e+00 2.708816375278265198e+01
2.474502686899631954e+01 1.583643449831228267e+01 2.226449009543464541e+01 9.460158947617799186e+00 2.708439928821401210e+01
2.474083766132045170e+01 1.583450918730155088e+01 2.228011764567605368e+01 9.512542336535922516e+00 2.708045630246202151e+01
2.473651828839220457e+01 1.583250414325400079e+01 2.229549212020511106e+01 9.564806519976800203e+00 2.707633775667338583e+01
2.473207096263804416e+01 1.583042074087558149e+01 2.231061621080584345e+01 9.616951778116531457e+00 2.707204654485323303e+01
2.472749784834435616e+01 1.582826032805673044e+01 2.232549257566077827e+01 9.668978398126647278e+00 2.706758551719192596e+01
2.472280107454044185e+01 1.582602422358133332e+01 2.234012383101125820e+01 9.720886673087060004e+00 2.706295748255200451e+01
2.471798272649854766e+01 1.582371371161456608e+01 2.235451256721511371e+01 9.772676896176065497e+00 2.705816519504246287e+01
2.471304484763089349e+01 1.582133006590290414e+01 2.236866134380593962e+01 9.824349365574940762e+00 2.705321136099879098e+01
2.470798943751444909e+01 1.581887452967544938e+01 2.238257268636075636e+01 9.875904384722961282e+00 2.704809863056749819e+01
2.470281846283900151e+01 1.581634832217001296e+01 2.239624908911885015e+01 9.927342257503068979e+00 2.704282959548578802e+01
2.469753385011782143e+01 1.581375263896166850e+01 2.240969301226025223e+01 9.978663291206116170e+00 2.703740682872602719e+01
2.469213748568819966e+01 1.581108863375510332e+01 2.242290688135247123e+01 1.002986779708815490e+01 2.703183284729892222e+01
2.468663121386384773e+01 1.580835746177331025e+01 2.243589310093633671e+01 1.008095608706580393e+01 2.702611012461978746e+01
2.468101685369038734e+01 1.580556024708289264e+01 2.244865404194960945e+01 1.013192847543965591e+01 2.702024108979968986e+01
2.467529618574979722e+01 1.580269809199395503e+01 2.246119204610154085e+01 1.018278528085846801e+01 2.701422810241158956e+01
2.466947095705668147e+01 1.579977207764412661e+01 2.247350942637071469e+01 1.023352682166047778e+01 2.700807351744303375e+01
2.466354288203107004e+01 1.579678325257346039e+01 2.248560845784536966e+01 1.028415341710780062e+01 2.700177963523021774e+01
2.465751363569078336e+01 1.579373265514076508e+01 2.249749139938371911e+01 1.033466538771467391e+01 2.699534871608844711e+01
2.465138484240433669e+01 1.579062130392732044e+01 2.250916047812528475e+01 1.038506305456170686e+01 2.698878298124185449e+01
2.464515813186759630e+01 1.578745019564383512e+01 2.252061789378796419e+01 1.043534674792499217e+01 2.698208459878834731e+01
2.463883508899984776e+01 1.578422030775817753e+01 2.253186581928280319e+01 1.048551679220028099e+01 2.697525571197800431e+01
2.463241726964870537e+01 1.578093259316289831e+01 2.254290639649612871e+01 1.053557351038892165e+01 2.696829842729581728e+01
2.462590620149121179e+01 1.577758798686243757e+01 2.255374174243063834e+01 1.058551722750808111e+01 2.696121481209621251e+01
2.461930337540232117e+01 1.577418741137046965e+01 2.256437395213499641e+01 1.063534826837522296e+01 2.695400689809298811e+01
2.461261021551148787e+01 1.577073176827731871e+01 2.257480509301328908e+01 1.068506696908763942e+01 2.694667667609148154e+01
