1.560891055306118957e+01 1.553087897144776441e+01 1.556181144340359523e+01 1.555161015761019172e+01 1.558300740477138113e+01
1.562043897973020101e+01 1.546681916238278554e+01 1.552803612596731142e+01 1.550761436274048677e+01 1.556974509411470464e+01
1.563457572633016923e+01 1.540780464793309612e+01 1.549865099138283320e+01 1.546799127391859052e+01 1.556018905556854648e+01
1.565131101532251989e+01 1.535381936454314200e+01 1.547363309737543879e+01 1.543271968748098644e+01 1.555431530926514583e+01
1.567063518301046798e+01 1.530484735654514594e+01 1.545295983769227810e+01 1.540177875640045357e+01 1.555210013991120732e+01
1.569253866434722688e+01 1.526087277183915525e+01 1.543660893731568251e+01 1.537514796828522279e+01 1.555352002351200724e+01
1.571701199202781929e+01 1.522187986066842491e+01 1.542455845933810465e+01 1.535280715136022067e+01 1.555855161093103867e+01
1.574404580203205661e+01 1.518785296715342703e+01 1.541678677836577549e+01 1.533473645479183389e+01 1.556717168313749333e+01
1.577363083102474839e+01 1.515877652670392806e+01 1.541327257143014506e+01 1.532091633634122552e+01 1.557935710405426200e+01
1.580575791366601734e+01 1.513463506524401403e+01 1.541399481157304763e+01 1.531132755760267017e+01 1.559508477902054402e+01
1.584041798184738781e+01 1.511541319803948014e+01 1.541893275950809361e+01 1.530595117827903451e+01 1.561433161555968141e+01
1.587760206436269073e+01 1.510109562911805625e+01 1.542806595323368235e+01 1.530476854844283352e+01 1.563707448436873726e+01
1.591730128603950689e+01 1.509166715166361961e+01 1.544137419864227212e+01 1.530776130232232646e+01 1.566329016969361376e+01
1.595950686647339722e+01 1.508711264900908944e+01 1.545883756084115035e+01 1.531491135312638718e+01 1.569295531979147640e+01
1.600421011870010801e+01 1.508741709595925506e+01 1.548043635566389753e+01 1.532620088858895535e+01 1.572604639855491904e+01
1.605140244778661085e+01 1.509256556058475773e+01 1.550615113971775649e+01 1.534161236643925186e+01 1.576253963570406036e+01
1.610107534931321638e+01 1.510254320496171765e+01 1.553596270447072847e+01 1.536112851087277420e+01 1.580241097182922339e+01
1.615322040767923184e+01 1.511733528716561992e+01 1.556985206220059226e+01 1.538473230845095330e+01 1.584563598707535093e+01
1.620782929423159757e+01 1.513692716323818210e+01 1.560780044998644911e+01 1.541240700797817631e+01 1.589218989162513118e+01
1.626489376428862244e+01 1.516130428753861459e+01 1.564978930281379377e+01 1.544413611134330822e+01 1.594204741788405855e+01
1.632440565745647021e+01 1.519045221565550285e+01 1.569580025487522157e+01 1.547990337528144700e+01 1.599518276907798331e+01
1.638635689242613935e+01 1.522435660381013811e+01 1.574581512476052580e+01 1.551969280432812504e+01 1.605156957761865755e+01
1.645073946627262629e+01 1.526300321018311479e+01 1.579981590595403773e+01 1.556348865044192920e+01 1.611118075135950534e+01
1.651754544736985508e+01 1.530637789380076619e+01 1.585778475677504673e+01 1.561127540862076479e+01 1.617398846901599541e+01
1.658676697425455160e+01 1.535446661354432152e+01 1.591970399003399983e+01 1.566303781515623328e+01 1.623996405017905431e+01
1.665839625061430240e+01 1.540725542727564168e+01 1.598555605904522992e+01 1.571876084293973186e+01 1.630907789117170381e+01
1.673242554138460036e+01 1.546473048791352589e+01 1.605532354651250060e+01 1.577842969853781874e+01 1.638129937416803728e+01
1.680884716655854305e+01 1.552687804014204254e+01 1.612898914753536417e+01 1.584202981644522978e+01 1.645659674882050183e+01
1.688765349444433994e+01 1.559368441681387729e+01 1.620653565471237911e+01 1.590954685528624246e+01 1.653493704247755858e+01
1.696883693511788493e+01 1.566513603089665096e+01 1.628794594377339777e+01 1.598096669285694915e+01 1.661628592021439488e+01
1.705238993061805175e+01 1.574121936740390737e+01 1.637320295196818165e+01 1.605627541900689437e+01 1.670060755656673379e+01
1.713830494561963036e+01 1.582192097638033523e+01 1.646228966010930250e+01 1.613545932959688045e+01 1.678786452848760291e+01
1.722657445623185879e+01 1.590722745811736516e+01 1.655518907221306435e+01 1.621850491897238200e+01 1.687801762493809576e+01
1.731719093698259115e+01 1.599712544947041870e+01 1.665188418697456285e+01 1.630539886907983060e+01 1.697102573326147379e+01
1.741014684393134715e+01 1.609160161085993579e+01 1.675235797580305785e+01 1.639612804120479339e+01 1.706684565434191825e+01
1.750543459028231297e+01 1.619064260204877570e+01 1.685659335033806983e+01 1.649067946201597579e+01 1.716543189889627996e+01
1.760304654655349310e+01 1.629423505920249227e+01 1.696457312577571486e+01 1.658904030714986888e+01 1.726673654672539371e+01
1.770297497334423298e+01 1.640236557325250288e+01 1.707627999165346466e+01 1.669119788859243769e+01 1.737070895968968642e+01
1.780521205281056041e+01 1.651502065046916101e+01 1.719169646082650615e+01 1.679713962897590562e+01 1.747729561284773325e+01
1.790974979471690531e+01 1.663218667617853797e+01 1.731080482019971711e+01 1.690685303583014587e+01 1.758643982033104081e+01
1.801658002054337615e+01 1.675384987921011160e+01 1.743358708974407989e+01 1.702032568088011644e+01 1.769808144274206541e+01
1.812569433511420769e+01 1.687999626850003310e+01 1.756002494078418508e+01 1.713754515137117806e+01 1.781215667159345628e+01
1.823708397703614281e+01 1.701061157271116286e+01 1.769009963493530080e+01 1.725849901238413153e+01 1.792859761841570787e+01
1.835073991516922831e+01 1.714568118328139690e+01 1.782379194575722892e+01 1.738317476021930119e+01 1.804733204379343547e+01
1.846665255192603894e+01 1.728519004924529412e+01 1.796108204107013151e+01 1.751155973809511579e+01 1.816828297022701477e+01
1.858481175179030842e+01 1.742912257699581247e+01 1.810194939866720532e+01 1.764364107618557398e+01 1.829136821972548432e+01
1.870520665043461150e+01 1.757746253574323347e+01 1.824637265912821604e+01 1.777940558623843259e+01 1.841650010026437911e+01
1.882782550658016163e+01 1.773019287736970995e+01 1.839432945483151016e+01 1.791883961446490758e+01 1.854358478487597139e+01
1.895265556564812215e+01 1.788729556300653911e+01 1.854579628151297399e+01 1.806192893600668015e+01 1.867252188340912866e+01
1.907968274863790725e+01 1.804875140099541753e+01 1.870074822730856212e+01 1.820865852134689078e+01 1.880320388336542692e+01
1.920889139174144233e+01 1.821453972293790358e+01 1.885915871140534961e+01 1.835901226908837458e+01 1.893551541659149606e+01
1.934026395095157014e+01 1.838463807176743359e+01 1.902099927008579883e+01 1.851297280965224701e+01 1.906933278789705000e+01
1.947378041238405189e+01 1.855902190624093961e+01 1.918623904433612992e+01 1.867052098530697890e+01 1.920452303720923481e+01
1.960941795207175886e+01 1.873766398930693455e+01 1.935484442503084423e+01 1.883163538081026900e+01 1.934094324563333345e+01
1.974715017120655247e+01 1.892053379874166197e+01 1.952677852713983242e+01 1.899629191116138216e+01 1.947843973116119543e+01
1.988694617668105380e+01 1.910759700842763920e+01 1.970200034914456921e+01 1.916446270110202477e+01 1.961684688379858343e+01
2.002876999178218043e+01 1.929881416470520250e+01 1.988046431344202958e+01 1.933611517485560682e+01 1.975598652127887078e+01
2.017257886512918219e+01 1.949413959132346719e+01 2.006211876729269861e+01 1.951121075144600425e+01 1.989566636165731950e+01
2.031832198770336007e+01 1.969351982673818213e+01 2.024690489611971245e+01 1.968970318846740497e+01 2.003567902526958733e+01
2.046593909753321938e+01 1.989689159594248125e+01 2.043475511954398627e+01 1.987153646814904207e+01 2.017580073397618179e+01
2.061535754389751673e+01 2.010417910809605146e+01 2.062559104256388309e+01 2.005664195306664510e+01 2.031578995980976288e+01
2.076648982439137825e+01 2.031529047053632553e+01 2.081932081074853613e+01 2.024493484101364871e+01 2.045538600865759093e+01
2.091923031134453126e+01 2.053011299055185290e+01 2.101583566938537118e+01 2.043630964802084549e+01 2.059430747221387037e+01
2.107345150777042520e+01 2.074850689099966772e+01 2.121500567699419904e+01 2.063063445421139264e+01 2.073225071271850695e+01
2.122899929350767678e+01 2.097029723197571371e+01 2.141667392609652154e+01 2.082774360938231695e+01 2.086888837177863820e+01
2.138568727005882053e+01 2.119526159508265195e+01 2.162064912932722649e+01 2.102742855571389313e+01 2.100386797407172423e+01
2.154329022203098631e+01 2.142311502035422066e+01 2.182669612979409024e+01 2.122942632046580869e+01 2.113681074717242225e+01
2.170153661040610515e+01 2.165348942230354723e+01 2.203452261083290864e+01 2.143340627612310811e+01 2.126731073537557393e+01
2.186010005748403984e+01 2.188590533857181342e+01 2.224376161921600570e+01 2.163895134732463532e+01 2.139493444594495486e+01
2.201859013762097916e+01 2.211973434913420533e+01 2.245394987133191123e+01 2.184553877324913884e+01 2.151922161469797601e+01
2.217654227701039460e+01 2.235415102386307495e+01 2.266449877068532714e+01 2.205251719863682425e+01 2.163968705471279819e+01
2.233340761127237428e+01 2.258807209452096032e+01 2.287465676869855713e+01 2.225908069369596021e+01 2.175582405303677191e+01
2.248854349948851450e+01 2.282008450619427009e+01 2.308346197253911214e+01 2.246424179924570907e+01 2.186710994016323895e+01
2.264120556655758776e+01 2.304836818365733819e+01 2.328968613298613732e+01 2.266680648250123653e+01 2.197301505188435655e+01
2.279054263391160262e+01 2.327062635354272047e+01 2.349177324108584131e+01 2.286535460532673270e+01 2.207301424589170580e+01
2.293559774468458912e+01 2.348404941212797326e+01 2.368777909397624981e+01 2.305823165548946108e+01 2.216660182822633018e+01
2.307531460041955995e+01 2.368534465333523897e+01 2.387532981350215522e+01 2.324355812888868655e+01 2.225330979910946283e+01
2.320855302689810529e+01 2.387087179661734382e+01 2.405162590529863564e+01 2.341926881794396564e+01 2.233272766878430460e+01
2.333411546127318204e+01 2.403690947468034977e+01 2.421352326874883332e+01 2.358318094769059314e+01 2.240452220781411441e+01
2.345078441802384361e+01 2.418004173732671092e+01 2.435772974881516006e+01 2.373309829943453764e+01 2.246845446235935029e+01
2.355736985551705942e+01 2.429759680518961673e+01 2.448111277056207413e+01 2.386694797446921967e+01 2.252439135762145384e+01
2.365276462698200532e+01 2.438802545717034320e+01 2.458109159515482389e+01 2.398293264760942023e+01 2.257230968780322655e+01
2.373600267877835890e+01 2.445109911718485662e+01 2.465601897070083126e+01 2.407967790608012137e+01 2.261229222431903096e+01
2.380631406833108699e+01 2.448787122095846769e+01 2.470543644984656950e+01 2.415634928233567891e+01 2.264451630213253708e+01
2.386316976103621101e+01 2.450042889067102436e+01 2.473011726058435045e+01 2.421271499194743626e+01 2.266923764267739472e+01
2.390631139206465150e+01 2.449152260900387645e+01 2.473188614523111184e+01 2.424914346438167101e+01 2.268677158841142827e+01
2.393575751039271182e+01 2.446418805704899313e+01 2.471328799705329970e+01 2.426653839843812932e+01 2.269747450680075218e+01
2.395179382749001107e+01 2.442143415686941310e+01 2.467721359205767584e+01 2.426622647714795278e+01 2.270172695074135660e+01
2.395494343482701183e+01 2.436604100352258229e+01 2.462657497436388709e+01 2.424982163676485669e+01 2.269991961044421913e+01
2.394592246631020060e+01 2.430044633688161326e+01 2.456407853061378788e+01 2.421908902329268187e+01 2.269244234593280751e+01
2.392558958554730353e+01 2.422671311102020653e+01 2.449210022731319825e+01 2.417582577634465579e+01 2.267967612100654051e+01
2.389489413086472069e+01 2.414654173980761698e+01 2.441264210826069103e+01 2.412176907107367541e+01 2.266198742552475665e+01
2.385482764421596258e+01 2.406130847378929971e+01 2.432734212486672121e+01 2.405853326542111859e+01 2.263972475496526471e+01
2.380638289501610316e+01 2.397211307514699996e+01 2.423751252617211449e+01 2.398757356327416446e+01 2.261321656219534759e+01
2.375052152328541410e+01 2.387982682208032870e+01 2.414418929921583512e+01 2.391017109206432067e+01 2.258277042709478621e+01
2.368815093175370023e+01 2.378513663487606067e+01 2.404818216005064002e+01 2.382743308470577048e+01 2.254867296425547707e+01
2.362010928474106208e+01 2.368858253925581892e+01 2.395012014219464902e+01 2.374030281718796331e+01 2.251119030943174337e+01
2.354715762128231660e+01 2.359058840789876754e+01 2.385049008253543690e+01 2.364957502564192993e+01 2.247056893644587205e+01
2.346997735059652612e+01 2.349148710973950926e+01 2.374966791059801352e+01 2.355591366474119397e+01 2.242703669837401037e+01
2.338917164651080327e+01 2.339154032166444352e+01 2.364794395118346060e+01 2.345986985485978238e+01 2.238080397226178420e+01
2.330526958207345700e+01 2.329095417643583588e+01 2.354554246260436301e+01 2.336189895810503714e+01 2.233206485078909154e+01
2.321873181439043421e+01 2.318989148007205259e+01 2.344263704910155610e+01 2.326237602130336768e+01 2.228099832248128109e+01
2.312995703492846999e+01 2.308848112990768797e+01 2.333936230444976800e+01 2.316160922055799531e+01 2.222776943108259928e+01
2.303928862043517611e+01 2.298682553414916185e+01 2.323582284094699801e+01 2.305985138076959373e+01 2.217253037786042569e+01
2.294702131923947164e+01 2.288500634235663611e+01 2.313210024145819688e+01 2.295730975904865190e+01 2.211542155644813334e+01
2.285340749457991549e+01 2.278308884860240369e+01 2.302825826373059570e+01 2.285415428225046597e+01 2.205657251103928829e+01
2.275866274104016185e+01 2.268112547385027611e+01 2.292434693090849862e+01 2.275052429829888467e+01 2.199610283812733158e+01
2.266297092992329709e+01 2.257915846582623587e+01 2.282040559808512015e+01 2.264653415758190391e+01 2.193412301550772980e+01
2.256648872992879262e+01 2.247722198643185365e+01 2.271646532740512114e+01 2.254227778106479718e+01 2.187073516281463270e+01
2.246934958131308946e+01 2.237534375952598609e+01 2.261255070112618881e+01 2.243783240507873700e+01 2.180603373799714717e+01
2.237166712372694022e+01 2.227354636023417100e+01 2.250868123949087263e+01 2.233326163854757951e+01 2.174010617528419331e+01
2.227353813616276668e+01 2.217184828066456959e+01 2.240487255624108798e+01 2.222861795150853581e+01 2.167303346854222568e+01
2.217504506269828113e+01 2.207026474884296618e+01 2.230113717088953962e+01 2.212394469765756355e+01 2.160489070363709274e+01
2.207625817726704298e+01 2.196880832752063384e+01 2.219748511580879935e+01 2.201927776289674910e+01 2.153574753464433655e+01
2.197723742646197920e+01 2.186748940517480477e+01 2.209392443719113786e+01 2.191464691001442944e+01 2.146566864201980707e+01
2.187803399121904846e+01 2.176631657034484491e+01 2.199046162126006365e+01 2.181007687467057465e+01 2.139471410495288595e+01
2.177869160988161568e+01 2.166529700029688854e+01 2.188710193476677190e+01 2.170558825852861062e+01 2.132293986549016296e+01
2.167924770116213296e+01 2.156443672859765570e+01 2.178384967642342573e+01 2.160119825831403162e+01 2.125039795878661053e+01
2.157973431815996435e+01 2.146374084330603083e+01 2.168070835974048904e+01 2.149692126222716126e+01 2.117713683971010852e+01
2.148017894990908871e+01 2.136321364771945852e+01 2.157768085948482906e+01 2.139276933843873252e+01 2.110320171735134309e+01
2.138060520354498451e+01 2.126285879462332673e+01 2.147476952046756793e+01 2.128875260547160053e+01 2.102863472378501442e+01
2.128103337427918973e+01 2.116267938533020398e+01 2.137197629344153782e+01 2.118487962415130710e+01 2.095347519871699760e+01
2.118148092626605816e+01 2.106267810782586380e+01 2.126930276477929027e+01 2.108115764166707606e+01 2.087775991769224504e+01
2.108196291278153112e+01 2.096285725566855973e+01 2.116675032438240578e+01 2.097759278597509081e+01 2.080152326322714273e+01
2.098249241660280262e+01 2.086321886974230466e+01 2.106432008450224913e+01 2.087419034578100963e+01 2.072479740314899033e+01
2.088308071660478760e+01 2.076376471286942405e+01 2.096201301355656810e+01 2.077095477264787249e+01 2.064761248302712460e+01
2.078373758646704772e+01 2.066449632269931769e+01 2.085982991778369211e+01 2.066788987805378142e+01 2.056999673819579044e+01
2.068447154999887161e+01 2.056541508916653527e+01 2.075777146513881988e+01 2.056499894532360173e+01 2.049197664449621570e+01
2.058528996030719682e+01 2.046652220664188704e+01 2.065583823839826039e+01 2.046228481196324722e+01 2.041357705922391474e+01
2.048619923664112363e+01 2.036781876545536107e+01 2.055403072954298693e+01 2.035974994519339631e+01 2.033482131984734309e+01
2.038720499379559215e+01 2.026930573847226569e+01 2.045234936910830825e+01 2.025739649718071078e+01 2.025573135507408296e+01
2.028831215352215978e+01 2.017098401364081894e+01 2.035079454167576429e+01 2.015522637251517324e+01 2.017632779574020674e+01
2.018952502718645192e+01 2.007285441145404192e+01 2.024936657911924343e+01 2.005324123573601014e+01 2.009663005134567726e+01
2.009084740899243116e+01 1.997491767844529065e+01 2.014806578892009981e+01 1.995144256500674373e+01 2.001665639472138736e+01
1.999228264781788411e+01 1.987717452179639466e+01 2.004689243715345981e+01 1.984983168164746559e+01 1.993642404930214340e+01
1.989383369042985805e+01 1.977962558811663030e+01 1.994584676917180133e+01 1.974840976914383006e+01 1.985594924997473498e+01
1.979550314892107110e+01 1.968227149223336525e+01 1.984492900749124900e+01 1.964717789008003024e+01 1.977524731014703363e+01
1.969729333849656783e+01 1.958511281040458485e+01 1.974413935790225594e+01 1.954613704043274680e+01 1.969433267918891772e+01
1.959920632461585299e+01 1.948815009133824105e+01 1.964347801356300138e+01 1.944528808402038678e+01 1.961321901143457325e+01
1.950124396463118615e+01 1.939138386119580559e+01 1.954294515700666679e+01 1.934463189675006589e+01 1.953191921446821411e+01
1.940340789946778344e+01 1.929481462435435191e+01 1.944254096202851301e+01 1.924416922141877606e+01 1.945044547391950474e+01
1.930569967644908758e+01 1.919844287040451647e+01 1.934226559672706358e+01 1.914390080679734041e+01 1.936880938048576084e+01
1.920812059981435027e+01 1.910226907289175102e+01 1.924211922202065139e+01 1.904382734234434338e+01 1.928702181712981201e+01
1.911067196421051406e+01 1.900629369358144771e+01 1.914210199592180928e+01 1.894394946270993785e+01 1.920509320121687935e+01
1.901335484052836478e+01 1.891051718405887527e+01 1.904221407221638174e+01 1.884426780133020074e+01 1.912303329551079045e+01
1.891617029070635780e+01 1.881493998623842856e+01 1.894245560290066166e+01 1.874478293767537451e+01 1.904085144208039537e+01
1.881911922975706730e+01 1.871956253561743466e+01 1.884282673871413749e+01 1.864549544785092294e+01 1.895855645054520267e+01
1.872220253438829474e+01 1.862438526123920823e+01 1.874332762961056531e+01 1.854640588221726816e+01 1.887615669780707250e+01
1.862542100113794064e+01 1.852940858769962773e+01 1.864395842584551488e+01 1.844751478331891548e+01 1.879366014041129063e+01
1.852877538131019008e+01 1.843463293592862584e+01 1.854471927787044550e+01 1.834882267654041499e+01 1.871107432751170307e+01
1.843226637548343305e+01 1.834005872349018418e+01 1.844561033652134796e+01 1.825033008718926197e+01 1.862840645268988027e+01
1.833589464695670657e+01 1.824568636634812790e+01 1.834663175455715134e+01 1.815203752743179777e+01 1.854566333589691496e+01
1.823966082712794901e+01 1.815151627815044932e+01 1.824778368623404745e+01 1.805394550510969509e+01 1.846285149613269283e+01
1.814356550778174793e+01 1.805754887164556877e+01 1.814906628654096465e+01 1.795605452655985701e+01 1.837997710542496321e+01
1.804760926681281674e+01 1.796378455872821078e+01 1.805047971500179571e+01 1.785836508797792632e+01 1.829704607584464071e+01
1.795179264366750260e+01 1.787022375200655233e+01 1.795202413063109503e+01 1.776087768908793407e+01 1.821406401329989677e+01
1.785611616999843676e+01 1.777686686238523350e+01 1.785369969703078752e+01 1.766359282339628933e+01 1.813103627694441755e+01
1.776058035033120319e+01 1.768371430379161779e+01 1.775550658027330897e+01 1.756651098582180381e+01 1.804796797222752858e+01
1.766518568046841153e+01 1.759076648999738524e+01 1.765744494781423413e+01 1.746963267060974800e+01 1.796486396563711452e+01
1.756993263979366660e+01 1.749802383469225475e+01 1.755951497174187992e+01 1.737295837315107505e+01 1.788172891046156110e+01
1.747482170069788410e+01 1.740548675548399871e+01 1.746171682626258104e+01 1.727648858956768763e+01 1.779856723898142334e+01
1.737985332396481652e+01 1.731315566866233624e+01 1.736405068915713201e+01 1.718022381851736924e+01 1.771538319775044812e+01
1.728502796649346251e+01 1.722103099397761028e+01 1.726651674162932437e+01 1.708416456060034960e+01 1.763218083123081215e+01
1.719034607750165478e+01 1.712911315272490143e+01 1.716911516835696716e+01 1.698831131813968653e+01 1.754896402055122095e+01
1.709580810228585079e+01 1.703740256729942715e+01 1.707184615774917802e+01 1.689266459745055826e+01 1.746573646401721192e+01
1.700141448332481886e+01 1.694589966309346707e+01 1.697470990187952466e+01 1.679722490614713948e+01 1.738250171090162866e+01
1.690716565888882172e+01 1.685460486727159690e+01 1.687770659681320851e+01 1.670199275631060942e+01 1.729926315267238479e+01
1.681306206735451880e+01 1.676351860945128180e+01 1.678083644259942631e+01 1.660696866252505188e+01 1.721602403675223414e+01
1.671910414457124716e+01 1.667264132179947822e+01 1.668409964311425142e+01 1.651215314338199036e+01 1.713278747708992000e+01
1.662529232750704722e+01 1.658197343872714313e+01 1.658749640667909020e+01 1.641754672110941371e+01 1.704955645190177194e+01
1.653162705269215138e+01 1.649151539764144658e+01 1.649102694561827676e+01 1.632314992199518144e+01 1.696633382270499624e+01
1.643810875870674337e+01 1.640126763833895396e+01 1.639469147664149773e+01 1.622896327638658320e+01 1.688312232627949072e+01
1.634473788482973333e+01 1.631123060330654795e+01 1.629849022089817012e+01 1.613498731891244020e+01 1.679992459539276339e+01
1.625151487356751545e+01 1.622140473809975703e+01 1.620242340399826730e+01 1.604122258867564099e+01 1.671674314911184211e+01
1.615844016891821866e+01 1.613179049059846903e+01 1.610649125615026733e+01 1.594766962895634066e+01 1.663358041222839390e+01
1.606551421870034346e+01 1.604238831192785142e+01 1.601069401228921052e+01 1.585432898793402856e+01 1.655043870912459880e+01
1.597273747350006445e+01 1.595319865594592557e+01 1.591503191212332879e+01 1.576120121803539575e+01 1.646732027403724175e+01
1.588011038766430616e+01 1.586422197934692058e+01 1.581950520023423756e+01 1.566828687667155329e+01 1.638422725484969078e+01
1.578763341954960531e+01 1.577545874191030606e+01 1.572411412621322135e+01 1.557558652584240200e+01 1.630116171391071234e+01
1.569530703155666806e+01 1.568690940629322839e+01 1.562885894470951342e+01 1.548310073248413232e+01 1.621812563781985617e+01
1.560313169079256390e+01 1.559857443822745893e+01 1.553373991554780176e+01 1.539083006841348933e+01 1.613512093371261003e+01
1.551110786892662041e+01 1.551045430646670376e+01 1.543875730382164768e+01 1.529877511043757998e+01 1.605214944091521545e+01
1.541923604283594607e+01 1.542254948276726978e+01 1.534391137999299382e+01 1.520693644040675885e+01 1.596921292589631669e+01
1.532751669438995101e+01 1.533486044205016086e+01 1.524920242000115245e+01 1.511531464523758572e+01 1.588631309338176578e+01
1.523595031114497189e+01 1.524738766222845143e+01 1.515463070533369638e+01 1.502391031704011048e+01 1.580345158016710094e+01
1.514453738601049437e+01 1.516013162435760186e+01 1.506019652318652646e+01 1.493272405302255379e+01 1.572062996695983195e+01
1.505327841797010535e+01 1.507309281263175116e+01 1.496590016652860200e+01 1.484175645571205493e+01 1.563784978084587607e+01
1.496217391158422316e+01 1.498627171426784699e+01 1.487174193420238133e+01 1.475100813280975309e+01 1.555511248957256143e+01
1.487122437798053554e+01 1.489966881970500445e+01 1.477772213112168487e+01 1.466047969738764323e+01 1.547241950248427145e+01
1.478043033469569600e+01 1.481328462246355748e+01 1.468384106825111424e+01 1.457017176782089329e+01 1.538977219656677953e+01
1.468979230523745727e+01 1.472711961919792145e+01 1.459009906284420133e+01 1.448008496787288557e+01 1.530717189914485488e+01
1.459931082011597603e+01 1.464117430973744582e+01 1.449649643850579039e+01 1.439021992672094719e+01 1.522461986440294446e+01
1.450898641706555914e+01 1.455544919700956541e+01 1.440303352528977676e+01 1.430057727898122266e+01 1.514211733669841031e+01
1.441881964030573293e+01 1.446994478713165933e+01 1.430971065991783853e+01 1.421115766475098496e+01 1.505966551178584467e+01
1.432881104082542478e+01 1.438466158934867600e+01 1.421652818577092958e+01 1.412196172960012497e+01 1.497726553228938862e+01
1.423896117778251735e+01 1.429960011603813363e+01 1.412348645313825557e+01 1.403299012469328133e+01 1.489491850660828298e+01
1.414927061738849901e+01 1.421476088275815286e+01 1.403058581929694171e+01 1.394424350677503988e+01 1.481262551668940475e+01
1.405973993275419254e+01 1.413014440815455153e+01 1.393782664861091902e+01 1.385572253799782061e+01 1.473038760366056366e+01
1.397036970548752244e+01 1.404575121405086158e+01 1.384520931279581291e+01 1.376742788634212111e+01 1.464820576640292060e+01
1.388116052478540396e+01 1.396158182538898984e+01 1.375273419088282623e+01 1.367936022540665064e+01 1.456608098423057385e+01
1.379211298753246950e+01 1.387763677020436326e+01 1.366040166951577106e+01 1.359152023433349044e+01 1.448401420268560891e+01
1.370322769898568005e+01 1.379391657968710128e+01 1.356821214304360446e+01 1.350390859792708653e+01 1.440200633170726796e+01
1.361450527255404452e+01 1.371042178809604906e+01 1.347616601361340827e+01 1.341652600686231445e+01 1.432005825953196698e+01
1.352594633006021319e+01 1.362715293279943474e+01 1.338426369148626804e+01 1.332937315746695184e+01 1.423817084750372608e+01
1.343755150183923952e+01 1.354411055425634025e+01 1.329250559498574269e+01 1.324245075161028851e+01 1.415634492851306447e+01
1.334932142688427881e+01 1.346129519596486190e+01 1.320089215083079637e+01 1.315575949716166093e+01 1.407458130954745634e+01
1.326125675301484108e+01 1.337870740451622176e+01 1.310942379425028115e+01 1.306930010769732142e+01 1.399288077934216190e+01
1.317335813701244973e+01 1.329634772951926891e+01 1.301810096908407388e+01 1.298307330246528402e+01 1.391124410261141975e+01
1.308562624474255820e+01 1.321421672361000788e+01 1.292692412824981041e+01 1.289707980658585207e+01 1.382967201524817114e+01
1.299806175131176644e+01 1.313231494245204622e+01 1.283589373341936835e+01 1.281132035101755307e+01 1.374816524151557395e+01
1.291066534119110720e+01 1.305064294462399310e+01 1.274501025546207522e+01 1.272579567249436749e+01 1.366672448387980943e+01
1.282343770839067432e+01 1.296920129176496239e+01 1.265427417472670868e+01 1.264050651352802035e+01 1.358535042120115399e+01
1.273637955657812171e+01 1.288799054846659509e+01 1.256368598166337947e+01 1.255545362257197084e+01 1.350404371665283598e+01
1.264949159928122313e+01 1.280701128223680918e+01 1.247324617562952653e+01 1.247063775390924789e+01 1.342280501793842085e+01
1.256277455993403969e+01 1.272626406331364457e+01 1.238295526611384645e+01 1.238605966752348664e+01 1.334163495414147604e+01
1.247622917208471804e+01 1.264574946509870124e+01 1.229281377319173707e+01 1.230172012943071813e+01 1.326053413578296158e+01
1.238985617964787700e+01 1.256546806380166892e+01 1.220282222780002890e+01 1.221761991147294779e+01 1.317950316222523099e+01
1.230365633690084337e+01 1.248542043838982174e+01 1.211298117034562338e+01 1.213375979126688797e+01 1.309854261721799595e+01
1.221763040865399930e+01 1.240560717042707672e+01 1.202329115236140389e+01 1.205014055229431236e+01 1.301765306699989821e+01
1.213177917054516897e+01 1.232602884463862836e+01 1.193375273717525964e+01 1.196676298399550120e+01 1.293683506827432339e+01
1.204610340915996325e+01 1.224668604839733277e+01 1.184436649937127584e+01 1.188362788161768080e+01 1.285608916420465242e+01
1.196060392201004241e+01 1.216757937165955106e+01 1.175513302426695361e+01 1.180073604611255256e+01 1.277541588429448538e+01
1.187528151790016473e+01 1.208870940694940721e+01 1.166605290920808535e+01 1.171808828447429818e+01 1.269481574623769404e+01
1.179013701716802487e+01 1.201007674974903772e+01 1.157712676451970069e+01 1.163568540949285079e+01 1.261428925846836258e+01
1.170517125152400162e+01 1.193168199806256169e+01 1.148835521220435574e+01 1.155352823962760134e+01 1.253383691797143307e+01
1.162038506445232677e+01 1.185352575231478767e+01 1.139973888652763812e+01 1.147161759927906211e+01 1.245345920914724047e+01
1.153577931154108782e+01 1.177560861546655424e+01 1.131127843468467731e+01 1.138995431867546770e+01 1.237315660991667698e+01
1.145135486023896476e+01 1.169793119316555696e+01 1.122297451820587000e+01 1.130853923375240200e+01 1.229292958826890647e+01
1.136711259029440946e+01 1.162049409346176354e+01 1.113482781074762862e+01 1.122737318613189750e+01 1.221277860141771221e+01
1.128305339404099605e+01 1.154329792663696885e+01 1.104683899983434436e+01 1.114645702335925925e+01 1.213270409973614150e+01
1.119917817633876389e+01 1.146634330543857239e+01 1.095900878701975145e+01 1.106579159866724105e+01 1.205270652602538917e+01
1.111548785479312507e+01 1.138963084504648116e+01 1.087133788962300684e+01 1.098537777075148725e+01 1.197278631476552313e+01
1.103198336011118919e+01 1.131316116289435492e+01 1.078382703777395690e+01 1.090521640426480232e+01 1.189294389251725015e+01
1.094866563622764666e+01 1.123693487837342886e+01 1.069647697702943034e+01 1.082530836945128527e+01 1.181317968066824164e+01
1.086553564028588781e+01 1.116095261328655575e+01 1.060928846843393281e+01 1.074565454202813797e+01 1.173349409382945296e+01
1.078259434307273779e+01 1.108521499159931167e+01 1.052226228995297852e+01 1.066625580333029433e+01 1.165388753907911301e+01
1.069984272930177660e+01 1.100972263934426998e+01 1.043539923366798661e+01 1.058711304037290191e+01 1.157436041961926954e+01
