3.084928355061110139e+01 3.085612726225203772e+01 3.090245083434423989e+01 3.083664688457007585e+01 3.081120740244955769e+01
3.080607614950722706e+01 3.082267225222067353e+01 3.091138443352572196e+01 3.078250893984616354e+01 3.073230521233870860e+01
3.077035026833645759e+01 3.079956273473311157e+01 3.092678125095406472e+01 3.073751236571994738e+01 3.066324914666396495e+01
3.074208012558106162e+01 3.078672840129198107e+01 3.094862192335415330e+01 3.070158589652891834e+01 3.060399718373608380e+01
3.072124135594216554e+01 3.078410075160223158e+01 3.097688726049958774e+01 3.067466063363164253e+01 3.055450934221650172e+01
3.070781075884428901e+01 3.079161297740375858e+01 3.101155823441953174e+01 3.065666989143622345e+01 3.051474748727960318e+01
3.070176610339706613e+01 3.080919984683724877e+01 3.105261596798725421e+01 3.064754905526715945e+01 3.048467515951400131e+01
3.070308597446567234e+01 3.083679758739238252e+01 3.110004172278091517e+01 3.064723544931565513e+01 3.046425742284424842e+01
3.071174964919090655e+01 3.087434376519512114e+01 3.115381688607888222e+01 3.065566821323238500e+01 3.045346072833430995e+01
3.072773699636399414e+01 3.092177715809295080e+01 3.121392295683689966e+01 3.067278818593645440e+01 3.045225279119966899e+01
3.075102839312317471e+01 3.097903761961437041e+01 3.128034153047139654e+01 3.069853779528466831e+01 3.046060247869962367e+01
3.078160465483235342e+01 3.104606593040155360e+01 3.135305428224546276e+01 3.073286095227046744e+01 3.047847970683561059e+01
3.081944697501051067e+01 3.112280363316172327e+01 3.143204294902333729e+01 3.077570294841406096e+01 3.050585534395961318e+01
3.086453687280888047e+01 3.120919284648841341e+01 3.151728930912100779e+01 3.082701035496666364e+01 3.054270111950556554e+01
3.091685614604056909e+01 3.130517605213059440e+01 3.160877515993577447e+01 3.088673092247652718e+01 3.058898953610220417e+01
3.097638682807237487e+01 3.141069584931618408e+01 3.170648229298556586e+01 3.095481347915646353e+01 3.064469378330811011e+01
3.104311114710054298e+01 3.152569466866299663e+01 3.181039246592365544e+01 3.103120782634244534e+01 3.070978765113401110e+01
3.111701148644449333e+01 3.165011443691368243e+01 3.192048737102033940e+01 3.111586462913877682e+01 3.078424544135853580e+01
3.119807034454123595e+01 3.178389618224206359e+01 3.203674859951114229e+01 3.120873530010212349e+01 3.086804187442686853e+01
3.128627029329739528e+01 3.192697956820361682e+01 3.215915760110053156e+01 3.130977187351756541e+01 3.096115198940199065e+01
3.138159393336704994e+01 3.207930234238617828e+01 3.228769563778023155e+01 3.141892686744737517e+01 3.106355103401940099e+01
3.148402384476995763e+01 3.224079968369255766e+01 3.242234373095696753e+01 3.153615313029295208e+01 3.117521434135036174e+01
3.159354253103378696e+01 3.241140342955841191e+01 3.256308260069185678e+01 3.166140366807611173e+01 3.129611718887803207e+01
3.171013235473306224e+01 3.259104116175316079e+01 3.270989259561521578e+01 3.179463144799784047e+01 3.142623463489776725e+01
3.183377546187971063e+01 3.277963512618850217e+01 3.286275361178408616e+01 3.193578917306514597e+01 3.156554132603251261e+01
3.196445369208453258e+01 3.297710095888534454e+01 3.302164499839844325e+01 3.208482902165436457e+01 3.171401126823124983e+01
3.210214847071364375e+01 3.318334618663343605e+01 3.318654544784026683e+01 3.224170234478300756e+01 3.187161755184881073e+01
3.224684067837966950e+01 3.339826846703748942e+01 3.335743286695555554e+01 3.240635931251360091e+01 3.203833201915654172e+01
3.239851049197572053e+01 3.362175352904952774e+01 3.353428422581811930e+01 3.257874849934327699e+01 3.221412485984316731e+01
3.255713719001165884e+01 3.385367277114627882e+01 3.371707537934931764e+01 3.275881639651378663e+01 3.239896411655892905e+01
3.272269891317351664e+01 3.409388047154227053e+01 3.390578085611454640e+01 3.294650683684510994e+01 3.259281507815545353e+01
3.289517236864647032e+01 3.434221056198087751e+01 3.410037360725316802e+01 3.314176031489454033e+01 3.279563953284094424e+01
3.307453246373840727e+01 3.459847291617450082e+01 3.430082470679519702e+01 3.334451318183248958e+01 3.300739484654566525e+01
3.326075185040110682e+01 3.486244910473388359e+01 3.450710299246496504e+01 3.355469669029258739e+01 3.322803282337569897e+01
3.345380035731029977e+01 3.513388757283000530e+01 3.471917463326823139e+01 3.377223585926303429e+01 3.345749829441611922e+01
3.365364427958876803e+01 3.541249820544440041e+01 3.493700260665326596e+01 3.399704812289618161e+01 3.369572736810057734e+01
3.386024548809393053e+01 3.569794625905602459e+01 3.516054606343614353e+01 3.422904171935587669e+01 3.394264525941972721e+01
3.407356030920094270e+01 3.598984566114913264e+01 3.538975955275456897e+01 3.446811376619792355e+01 3.419816359563935038e+01
3.429353811240795835e+01 3.628775170984488341e+01 3.562459207170769560e+01 3.471414795688208699e+01 3.446217707187958723e+01
3.452011952478583368e+01 3.659115325033860699e+01 3.586498589422110683e+01 3.496701179824636796e+01 3.473455930332354313e+01
3.475323416868329218e+01 3.689946446174400307e+01 3.611087512067503980e+01 3.522655329052127371e+01 3.501515768645761995e+01
3.499279778888332260e+01 3.721201646212858805e+01 3.636218387265835617e+01 3.549259692862327853e+01 3.530378704417613278e+01
3.523870859840700120e+01 3.752804902947011811e+01 3.661882403443937051e+01 3.576493887382540038e+01 3.560022178887811606e+01
3.549084262380435462e+01 3.784670284256667827e+01 3.688069241331496073e+01 3.604334111451044009e+01 3.590418629466289957e+01
3.574904777019710878e+01 3.816701276665581588e+01 3.714766715144715903e+01 3.632752438728569899e+01 3.621534313046250730e+01
3.601313625744398195e+01 3.848790282828078091e+01 3.741960317051215412e+01 3.661715958409624960e+01 3.653327877728716544e+01
3.628287498607179629e+01 3.880818364792930453e+01 3.769632636347630239e+01 3.691185731272513948e+01 3.685748644900149884e+01
3.655797329729004019e+01 3.912655318844842611e+01 3.797762615911329931e+01 3.721115521660112790e+01 3.718734567630531984e+01
3.683806748521541863e+01 3.944160172569596767e+01 3.826324597470620148e+01 3.751450260094618727e+01 3.752209842780409588e+01
3.712270132469186734e+01 3.975182191920246311e+01 3.855287093339382665e+01 3.782124186813487654e+01 3.786082177288371042e+01
3.741130182101575485e+01 4.005562472829195286e+01 3.884611205186926952e+01 3.813058626442020937e+01 3.820239749040312205e+01
3.774288347011140132e+01 4.038290466294559877e+01 3.917124691487326515e+01 3.848053347589717532e+01 3.858472939492428821e+01
3.815482553989158276e+01 4.075933204371642660e+01 3.955564075646648092e+01 3.890685997413777386e+01 3.904298525453955904e+01
3.864334976142513511e+01 4.117665869000666135e+01 3.999711857180918884e+01 3.940468662617588791e+01 3.957090927622030563e+01
3.920363870718325217e+01 4.162637468535175600e+01 4.049292688391002315e+01 3.996812375975273568e+01 4.016096736580854554e+01
3.982959173687718391e+01 4.209986069246610185e+01 4.103956473407713190e+01 4.059007858713943762e+01 4.080422532272497449e+01
4.051356436367915137e+01 4.258856106849066947e+01 4.163257643111499107e+01 4.126206394524929522e+01 4.149028918821620238e+01
4.124611916121365596e+01 4.308416860197626619e+01 4.226630818804884626e+01 4.197403535920183515e+01 4.220734366990057396e+01
4.201583589717284895e+01 4.357880979151141076e+01 4.293364189168667622e+01 4.271429972461621105e+01 4.294232592103733737e+01
4.280925031640758505e+01 4.406521868302156975e+01 4.362573824105040643e+01 4.346955554036263436e+01 4.368126436879302332e+01
4.361100750153048011e+01 4.453688765994495924e+01 4.433184913651996339e+01 4.422513426876655274e+01 4.440979248351020914e+01
4.440431427932157504e+01 4.498818530757041145e+01 4.503929157601031363e+01 4.496550347648247481e+01 4.511381514412349247e+01
4.517174052299385778e+01 4.541443437152128837e+01 4.573369955337533099e+01 4.567505301392763073e+01 4.578026581774160775e+01
4.589634267016002411e+01 4.581194649864699642e+01 4.639966265121195477e+01 4.633911252912815115e+01 4.639785738743656651e+01
4.656297515248004260e+01 4.617801434367747504e+01 4.702179246518533517e+01 4.694505848450312868e+01 4.695771237832826728e+01
4.715955486150251375e+01 4.651086518302770401e+01 4.758612136796588032e+01 4.748329943505534345e+01 4.745377022519068788e+01
4.767800445763988648e+01 4.680958293343665133e+01 4.808157043257656937e+01 4.794792254483478899e+01 4.788291041196330156e+01
4.811465956355401374e+01 4.707400714847216960e+01 4.850111432765488928e+01 4.833686010469084948e+01 4.824478863196164014e+01
4.847006994008599179e+01 4.730461809810842055e+01 4.884231156704509402e+01 4.865156570292327842e+01 4.854143900172750392e+01
4.874829232759711317e+01 4.750241655647401728e+01 4.910706873917361293e+01 4.889631715307150017e+01 4.877673135564422324e+01
4.895588824453950139e+01 4.766880569173804361e+01 4.930076654855412244e+01 4.907733441049249024e+01 4.895578116610736430e+01
4.910086504053431611e+01 4.780548078466087247e+01 4.943105325696638630e+01 4.920189894898619798e+01 4.908439442280645437e+01
4.919174591518965656e+01 4.791433069806742395e+01 4.950663455135235580e+01 4.927760711938427107e+01 4.916860154565399910e+01
4.923686773561931318e+01 4.799735331630409263e+01 4.953628954849578747e+01 4.931181965933956945e+01 4.921430445185629310e+01
4.924392564476440981e+01 4.805658572758883906e+01 4.952820503463269119e+01 4.931131099840367682e+01 4.922703695627438947e+01
4.921973186035793901e+01 4.809404880860232367e+01 4.948961219373327936e+01 4.928208698309198610e+01 4.921182371059136784e+01
4.917013425143287009e+01 4.811170510018366997e+01 4.942665544868021499e+01 4.922932653749838749e+01 4.917311625313570289e+01
4.910003948207992153e+01 4.811142840199941872e+01 4.934441215249051993e+01 4.915740414320252683e+01 4.911478409838114345e+01
4.901349536058688017e+01 4.809498330528921173e+01 4.924699473680667694e+01 4.906995829859262415e+01 4.904014155870002156e+01
4.891379986166909788e+01 4.806401286162612507e+01 4.913768717656441964e+01 4.896998103673979585e+01 4.895199512482060555e+01
4.880361595248464823e+01 4.802003269076407577e+01 4.901908626584275908e+01 4.885991239802534380e+01 4.885270043222703151e+01
4.868508028199281057e+01 4.796443001067957113e+01 4.889323204076521279e+01 4.874173048591451618e+01 4.874422146483991725e+01
4.855989990758688890e+01 4.789846628931491779e+01 4.876172065691003610e+01 4.861703237817562950e+01 4.862818746224870381e+01
4.842943505144678795e+01 4.782328243777835297e+01 4.862579823239745025e+01 4.848710411291400391e+01 4.850594502745242664e+01
4.829476290936158733e+01 4.773982137287465832e+01 4.848643391844719019e+01 4.835297395261341791e+01 4.837859477644541073e+01
4.815674283389421362e+01 4.764895564279316886e+01 4.834438549623495618e+01 4.821547093308416265e+01 4.824704691287600866e+01
4.801606349796106343e+01 4.755155238135957774e+01 4.820024764118127081e+01 4.807526676254996545e+01 4.811205922598357887e+01
4.787327253499445590e+01 4.744837884667285266e+01 4.805448511229703001e+01 4.793290060708933709e+01 4.797425328172565884e+01
4.772880614693055179e+01 4.734011319223889558e+01 4.790746196985892169e+01 4.778880579679591278e+01 4.783413915154403639e+01
4.758301246003129847e+01 4.722735433293765084e+01 4.775946412535229513e+01 4.764333113698471323e+01 4.769213574903183428e+01
4.743616991707487074e+01 4.711063090711390799e+01 4.761071673601551169e+01 4.749675788549647137e+01 4.754858748859730611e+01
4.728850175145166190e+01 4.699040935968582744e+01 4.746139762658742001e+01 4.734931326377962080e+01 4.740377789769311079e+01
4.714018737896657996e+01 4.686710119220622062e+01 4.731164765640590986e+01 4.720118120765224745e+01 4.725794072075107266e+01
4.699137136984073493e+01 4.674106943517744384e+01 4.716157873969881109e+01 4.705251092483090503e+01 4.711126896805735242e+01
4.684217052308433438e+01 4.661263440392724533e+01 4.701128006263633807e+01 4.690342371198538984e+01 4.696392228654116252e+01
4.669267945293487543e+01 4.648207880117813318e+01 4.686082291355126017e+01 4.675401839129128234e+01 4.681603296384389523e+01
4.654297500821288480e+01 4.634965222874273394e+01 4.671026444494285101e+01 4.660437565207190858e+01 4.666771082095439027e+01
4.639311977532671705e+01 4.621557516844698910e+01 4.655965061189095877e+01 4.645456152351529511e+01 4.651904720184682418e+01
4.624316486108538271e+01 4.608004248877423947e+01 4.640901847231702959e+01 4.630463015712903285e+01 4.637011822987717125e+01
4.609315210842239452e+01 4.594322652962719644e+01 4.625839799403320285e+01 4.615462606030709480e+01 4.622098746867093411e+01
4.594311586435966888e+01 4.580527981320554431e+01 4.610781347774807415e+01 4.600458589276850319e+01 4.607170809924389232e+01
4.579308439484034210e+01 4.566633742445750244e+01 4.595728468108620035e+01 4.585453991430376419e+01 4.592232470387440202e+01
4.564308101935118600e+01 4.552651910028240678e+01 4.580682770900943268e+01 4.570451315392728020e+01 4.577287472999384477e+01
4.549312502322360530e+01 4.538593106249373932e+01 4.565645572123241180e+01 4.555452635602613753e+01 4.562338969342831518e+01
4.534323239306750253e+01 4.524466762568142286e+01 4.550617949586762023e+01 4.540459674763872044e+01 4.547389616920772681e+01
4.519341641112708885e+01 4.510281260760665845e+01 4.535600787980852999e+01 4.525473866199973827e+01 4.532441660886153301e+01
4.504368813684353512e+01 4.496044056650872989e+01 4.520594814961533103e+01 4.510496404666739068e+01 4.517497001539252466e+01
4.489405679801924975e+01 4.481761788671627045e+01 4.505600630146175689e+01 4.495528287763115571e+01 4.502557250243815901e+01
4.474453010936321107e+01 4.467440373190601122e+01 4.490618728504578883e+01 4.480570349858039947e+01 4.487623775783627167e+01
4.459511453248818924e+01 4.453085088164765892e+01 4.475649519205811799e+01 4.465623289870769241e+01 4.472697742883968175e+01
4.444581548888622535e+01 4.438700646668689132e+01 4.460693340929535822e+01 4.450687694096844638e+01 4.457780144280488344e+01
4.429663753444628327e+01 4.424291261518781937e+01 4.445750474284059095e+01 4.435764054993016003e+01 4.442871827466379386e+01
4.414758450296252335e+01 4.409860702116326792e+01 4.430821151924647694e+01 4.420852786671032675e+01 4.427973517043683671e+01
4.399865962463448454e+01 4.395412344474736699e+01 4.415905566809656335e+01 4.405954237702496812e+01 4.413085833436262106e+01
4.384986562381673281e+01 4.380949215282981868e+01 4.401003878961304139e+01 4.391068701723154533e+01 4.398209308586235267e+01
4.370120480006936248e+01 4.366474030743111001e+01 4.386116221009068994e+01 4.376196426231651060e+01 4.383344399144851167e+01
4.355267909538601856e+01 4.351989230828731792e+01 4.371242702751055020e+01 4.361337619905388152e+01 4.368491497578362726e+01
4.340429015016755443e+01 4.337497009528467373e+01 4.356383414912006913e+01 4.346492458694799410e+01 4.353650941535773455e+01
4.325603934986601473e+01 4.322999341566985265e+01 4.341538432249638646e+01 4.331661090909866374e+01 4.338823021764952159e+01
4.310792786398826593e+01 4.308498006034156447e+01 4.326707816125922079e+01 4.316843641473585080e+01 4.324007988814205561e+01
4.295995667874106516e+01 4.293994607297636179e+01 4.311891616641666047e+01 4.302040215485483543e+01 4.309206058715861332e+01
4.281212662444409034e+01 4.279490593528030473e+01 4.297089874411548038e+01 4.287250901212611609e+01 4.294417417813075133e+01
4.266443839857230813e+01 4.264987273123620781e+01 4.282302622043676621e+01 4.272475772604470734e+01 4.279642226874079114e+01
4.251689258518189263e+01 4.250485829285950956e+01 4.267529885375479637e+01 4.257714891411576730e+01 4.264880624596303704e+01
4.236948967130926746e+01 4.235987332966286090e+01 4.252771684507835914e+01 4.242968308973196656e+01 4.250132730590996744e+01
4.222223006084755781e+01 4.221492754375545076e+01 4.238028034672644395e+01 4.228236067728552428e+01 4.235398647950511730e+01
4.207511408630979588e+01 4.207002973226563824e+01 4.223298946961512712e+01 4.213518202496451437e+01 4.220678465439426219e+01
4.192814201881876812e+01 4.192518787855917850e+01 4.208584428939533240e+01 4.198814741560691033e+01 4.205972259377731604e+01
4.178131407660910668e+01 4.178040923354112124e+01 4.193884485162787712e+01 4.184125707592205146e+01 4.191280095259919136e+01
4.163463043227329052e+01 4.163570038837017506e+01 4.179199117615848991e+01 4.169451118433390491e+01 4.176602029148580897e+01
4.148809121895190799e+01 4.149106733911845168e+01 4.164528326082069754e+01 4.154790987767854915e+01 4.161938108876837106e+01
4.134169653562767621e+01 4.134651554474454827e+01 4.149872108457714859e+01 4.140145325691857181e+01 4.147288375086728962e+01
4.119544645166448049e+01 4.120204997900728472e+01 4.135230461018820591e+01 4.125514139200630837e+01 4.132652862127672933e+01
4.104934101070241326e+01 4.105767517686305723e+01 4.120603378648337412e+01 4.110897432607993096e+01 4.118031598834900819e+01
4.090338023400876466e+01 4.091339527611631155e+01 4.105990855029794773e+01 4.096295207904793756e+01 4.103424609204925844e+01
4.075756412336321688e+01 4.076921405477406068e+01 4.091392882812644416e+01 4.081707465066723017e+01 4.088831912982546157e+01
4.061189266354814720e+01 4.062513496459302331e+01 4.076809453753742218e+01 4.067134202319522984e+01 4.074253526171680306e+01
4.046636582449970376e+01 4.048116116124109709e+01 4.062240558838514914e+01 4.052575416367186278e+01 4.059689461480569861e+01
4.032098356317026600e+01 4.033729553142960356e+01 4.047686188384972183e+01 4.038031102588880117e+01 4.045139728710314841e+01
4.017574582514237136e+01 4.019354071734790779e+01 4.033146332133054557e+01 4.023501255209099980e+01 4.030604335094434987e+01
4.003065254603012590e+01 4.004989913868815421e+01 4.018620979321575959e+01 4.008985867444837936e+01 4.016083285596019437e+01
3.988570365269753637e+01 3.990637301251068436e+01 4.004110118754521608e+01 3.994484931633086688e+01 4.001576583168118617e+01
3.974089906431927943e+01 3.976296437118272564e+01 3.989613738858292891e+01 3.979998439341429162e+01 3.987084228982224232e+01
3.959623869330575729e+01 3.961967507858837223e+01 3.975131827731159717e+01 3.965526381464102457e+01 3.972606222629013217e+01
3.945172244611068635e+01 3.947650684478978889e+01 3.960664373186141773e+01 3.951068748305533518e+01 3.958142562294936084e+01
3.930735022393740508e+01 3.933346123929871396e+01 3.946211362788234567e+01 3.936625529653088762e+01 3.943693244917766805e+01
3.916312192335711728e+01 3.919053970310011437e+01 3.931772783886493272e+01 3.922196714840508491e+01 3.929258266323778770e+01
3.901903743685117121e+01 3.904774355955456144e+01 3.917348623642077854e+01 3.907782292803283042e+01 3.914837621348868879e+01
3.887509665328674657e+01 3.890507402429189909e+01 3.902938869052726290e+01 3.893382252127041454e+01 3.900431303945638462e+01
3.873129945833508714e+01 3.876253221419702299e+01 3.888543506973977770e+01 3.878996581089914031e+01 3.886039307278166177e+01
3.858764573484160820e+01 3.862011915557761910e+01 3.874162524137713604e+01 3.864625267699639721e+01 3.871661623805987773e+01
3.844413536314801405e+01 3.847783579159433742e+01 3.859795907168380324e+01 3.850268299726113241e+01 3.857298245358604305e+01
3.830076822137913695e+01 3.833568298902547156e+01 3.845443642597169998e+01 3.835925664729973050e+01 3.842949163201647167e+01
3.815754418569681405e+01 3.819366154443033423e+01 3.831105716874432687e+01 3.821597350087726142e+01 3.828614368095708187e+01
3.801446313052290549e+01 3.805177218976950826e+01 3.816782116380566947e+01 3.807283343013871502e+01 3.814293850348705206e+01
3.787152492873758547e+01 3.791001559753375005e+01 3.802472827435581593e+01 3.792983630580381060e+01 3.799987599862539156e+01
3.772872945185503113e+01 3.776839238542751787e+01 3.788177836307500712e+01 3.778698199733891983e+01 3.785695606174719785e+01
3.758607657017917347e+01 3.762690312064985676e+01 3.773897129219747626e+01 3.764427037310886703e+01 3.771417858495524200e+01
3.744356615294225321e+01 3.748554832380973778e+01 3.759630692357661275e+01 3.750170130051103712e+01 3.757154345741214030e+01
3.730119806842799335e+01 3.734432847250969445e+01 3.745378511874240957e+01 3.735927464609408588e+01 3.742905056563760269e+01
3.715897218408117908e+01 3.720324400462848757e+01 3.731140573895206103e+01 3.721699027566308615e+01 3.728669979377460919e+01
3.701688836660553505e+01 3.706229532133003346e+01 3.716916864523479802e+01 3.707484805437270126e+01 3.714449102382801016e+01
3.687494648205089476e+01 3.692148278982360665e+01 3.702707369843148655e+01 3.693284784680996324e+01 3.700242413587875490e+01
3.673314639589101915e+01 3.678080674589746479e+01 3.688512075922965749e+01 3.679098951706769327e+01 3.686049900827618586e+01
3.659148797309341461e+01 3.664026749624639478e+01 3.674330968819464971e+01 3.664927292880985732e+01 3.671871551781100607e+01
3.644997107818151960e+01 3.649986532061119959e+01 3.660164034579710091e+01 3.650769794532971702e+01 3.657707353987088794e+01
3.630859557529056758e+01 3.635960047374678794e+01 3.646011259243746849e+01 3.636626442960161398e+01 3.643557294858066342e+01
3.616736132821771577e+01 3.621947318723386644e+01 3.631872628846777928e+01 3.622497224432713381e+01 3.629421361692866554e+01
3.602626820046688039e+01 3.607948367114772736e+01 3.617748129421093495e+01 3.608382125197636014e+01 3.615299541688077767e+01
3.588531605528915236e+01 3.593963211559643867e+01 3.603637746997801372e+01 3.594281131482461689e+01 3.601191821948339822e+01
3.574450475571908470e+01 3.579991869213969125e+01 3.589541467608349734e+01 3.580194229498541603e+01 3.587098189495647205e+01
3.560383416460729933e+01 3.566034355509827947e+01 3.575459277285908399e+01 3.566121405443986703e+01 3.573018631277773949e+01
3.546330414464991065e+01 3.552090684276353727e+01 3.561391162066579597e+01 3.552062645506305927e+01 3.558953134175886390e+01
3.532291455841507144e+01 3.538160867851513558e+01 3.547337107990494331e+01 3.538017935864761654e+01 3.544901685011448222e+01
3.518266526836680441e+01 3.524244917185467330e+01 3.533297101102783699e+01 3.523987262692496358e+01 3.530864270552506667e+01
3.504255613688667381e+01 3.510342841936227387e+01 3.519271127454452852e+01 3.509970612158427627e+01 3.516840877519376818e+01
3.490258702629326137e+01 3.496454650558217736e+01 3.505259173103160464e+01 3.495967970428954885e+01 3.502831492589759677e+01
3.476275779885978778e+01 3.482580350384340306e+01 3.491261224113917194e+01 3.481979323669496296e+01 3.488836102403451633e+01
3.462306831683007857e+01 3.468719947702050632e+01 3.477277266559711677e+01 3.468004658045868638e+01 3.474854693566637565e+01
3.448351844243307340e+01 3.454873447823932509e+01 3.463307286522073980e+01 3.454043959725529334e+01 3.460887252655753343e+01
3.434410803789585742e+01 3.441040855153092082e+01 3.449351270091574406e+01 3.440097214878696263e+01 3.446933766221021500e+01
3.420483696545559127e+01 3.427222173244253156e+01 3.435409203368281084e+01 3.426164409679352474e+01 3.432994220789689876e+01
3.406570508737026159e+01 3.413417404860405213e+01 3.421481072462165685e+01 3.412245530306158514e+01 3.419068602868964035e+01
3.392671226592851497e+01 3.399626552024950144e+01 3.407566863493463671e+01 3.398340562943275955e+01 3.405156898948693822e+01
3.378785836345853255e+01 3.385849616070834855e+01 3.393666562593006120e+01 3.384449493781109197e+01 3.391259095503834686e+01
3.364914324233611609e+01 3.372086597686175224e+01 3.379780155902516015e+01 3.370572309016967694e+01 3.377375178996673810e+01
3.351056676499207043e+01 3.358337496956713153e+01 3.365907629574869020e+01 3.356708994855674888e+01 3.363505135878897789e+01
3.337212879391888976e+01 3.344602313405310667e+01 3.352048969774337905e+01 3.342859537510117462e+01 3.349648952593459938e+01
3.323382919167688243e+01 3.330881046028913062e+01 3.338204162676803577e+01 3.329023923201739166e+01 3.335806615576299095e+01
3.309566782089970616e+01 3.317173693332976825e+01 3.324373194469946924e+01 3.315202138160991296e+01 3.321978111257917732e+01
3.295764454429950518e+01 3.303480253363601804e+01 3.310556051353428586e+01 3.301394168627737002e+01 3.308163426064827917e+01
3.281975922467145779e+01 3.289800723737666743e+01 3.296752719539043852e+01 3.287600000851620763e+01 3.294362546420867943e+01
3.268201172489808926e+01 3.276135101670871563e+01 3.282963185250859084e+01 3.273819621092400922e+01 3.280575458748428019e+01
3.254440190795305199e+01 3.262483384004031706e+01 3.269187434725346009e+01 3.260053015620254513e+01 3.266802149469562266e+01
3.240692963690471373e+01 3.248845567227698439e+01 3.255425454211491143e+01 3.246300170716048683e+01 3.253042605007013321e+01
3.226959477491934791e+01 3.235221647505230891e+01 3.241677229970900953e+01 3.232561072671594360e+01 3.239296811785163044e+01
3.213239718526410371e+01 3.221611620694369549e+01 3.227942748277893514e+01 3.218835707789866518e+01 3.225564756230893693e+01
3.199533673130968481e+01 3.208015482367488858e+01 3.214221995419583067e+01 3.205124062385214501e+01 3.211846424774392972e+01
3.185841327653283628e+01 3.194433227830652200e+01 3.200514957695952489e+01 3.191426122783546759e+01 3.198141803849884113e+01
3.172162668451858281e+01 3.180864852141430532e+01 3.186821621419922579e+01 3.177741875322500675e+01 3.184450879896310127e+01
3.158497681896230702e+01 3.167310350125670482e+01 3.173141972917412446e+01 3.164071306351594259e+01 3.170773639357954110e+01
3.144846354367163599e+01 3.153769716393271594e+01 3.159475998527391738e+01 3.150414402232368971e+01 3.157110068685020110e+01
3.131208672256819270e+01 3.140242945353030635e+01 3.145823684601928960e+01 3.136771149338514419e+01 3.143460154334160350e+01
3.117584621968919478e+01 3.126730031226586703e+01 3.132185017506236946e+01 3.123141534055983115e+01 3.129823882768969767e+01
3.103974189918886850e+01 3.113230968061568049e+01 3.118559983618708387e+01 3.109525542783097762e+01 3.116201240460437916e+01
3.090377362533980943e+01 3.099745749744018397e+01 3.104948569330953134e+01 3.095923161930642920e+01 3.102592213887367834e+01
3.076794126253421169e+01 3.086274370010069745e+01 3.091350761047824847e+01 3.082334377921953816e+01 3.088996789536763288e+01
3.063224467528497286e+01 3.072816822456979580e+01 3.077766545187451541e+01 3.068759177192993803e+01 3.075414953904186532e+01
3.049668372822672779e+01 3.059373100553561287e+01 3.064195908181257266e+01 3.055197546192423275e+01 3.061846693494089422e+01
3.036125828611680433e+01 3.045943197650046130e+01 3.050638836473982707e+01 3.041649471381667524e+01 3.048291994820120010e+01
3.022596821383606169e+01 3.032527106987396337e+01 3.037095316523703659e+01 3.028114939234971459e+01 3.034750844405404635e+01
3.009081337638970055e+01 3.019124821706124351e+01 3.023565334801849502e+01 3.014593936239454663e+01 3.021223228782810821e+01
2.995579363890796998e+01 3.005736334854670844e+01 3.010048877793211730e+01 3.001086448895157233e+01 3.007709134495192060e+01
2.982090886664683538e+01 2.992361639397318029e+01 2.996545931995959222e+01 2.987592463715083468e+01 2.994208548095609146e+01
2.968615892498859310e+01 2.979000728221710403e+01 2.983056483921648550e+01 2.974111967225241671e+01 2.980721456147542270e+01
2.955154367944241756e+01 2.965653594146001026e+01 2.969580520095228238e+01 2.960644945964677177e+01 2.967247845225082159e+01
2.941706299564486926e+01 2.952320229925643957e+01 2.956118027055049780e+01 2.947191386485504339e+01 2.953787701913109487e+01
2.928271673936034958e+01 2.939000628259846692e+01 2.942668991352870833e+01 2.933751275352935295e+01 2.940341012807462207e+01
2.914850477648155191e+01 2.925694781797713517e+01 2.929233399553858774e+01 2.920324599145304489e+01 2.926907764515087607e+01
2.901442697302979923e+01 2.912402683144120275e+01 2.915811238236597092e+01 2.906911344454091051e+01 2.913487943654186196e+01
2.888048319515544193e+01 2.899124324865293545e+01 2.902402493993082189e+01 2.893511497883938688e+01 2.900081536854344932e+01
2.874667330913814567e+01 2.885859699494147534e+01 2.889007153428728358e+01 2.880125046052674875e+01 2.886688530756659432e+01
2.861299718138721104e+01 2.872608799535388258e+01 2.875625203162366006e+01 2.866751975591323998e+01 2.873308912013847305e+01
2.847945467844180101e+01 2.859371617470395677e+01 2.862256629826242360e+01 2.853392273144122626e+01 2.859942667290355800e+01
2.834604566697120731e+01 2.846148145761893744e+01 2.848901420066019341e+01 2.840045925368531243e+01 2.846589783262458084e+01
2.821277001377506011e+01 2.832938376858430374e+01 2.835559560540770718e+01 2.826712918935244190e+01 2.833250246618345969e+01
2.807962758578351625e+01 2.819742303198684397e+01 2.822231037922981400e+01 2.813393240528200323e+01 2.819924044058212687e+01
2.794661825005744404e+01 2.806559917215597366e+01 2.808915838898543171e+01 2.800086876844586925e+01 2.806611162294333539e+01
2.781374187378856888e+01 2.793391211340343361e+01 2.795613950166752204e+01 2.786793814594850005e+01 2.793311588051139083e+01
2.768099832429961893e+01 2.780236178006164849e+01 2.782325358440303376e+01 2.773514040502696787e+01 2.780025308065280498e+01
2.754838746904446012e+01 2.767094809652064313e+01 2.769050050445287781e+01 2.760247541305101393e+01 2.766752309085693895e+01
2.741590917560819207e+01 2.753967098726367979e+01 2.755788012921186336e+01 2.746994303752306621e+01 2.753492577873656444e+01
2.728356331170725113e+01 2.740853037690171590e+01 2.742539232620865519e+01 2.733754314607828562e+01 2.740246101202842155e+01
2.715134974518950273e+01 2.727752619020680314e+01 2.729303696310572391e+01 2.720527560648455179e+01 2.727012865859371971e+01
2.701926834403430533e+01 2.714665835214440648e+01 2.716081390769928205e+01 2.707314028664250216e+01 2.713792858641859596e+01
2.688731897635258505e+01 2.701592678790463609e+01 2.702872302791923786e+01 2.694113705458550356e+01 2.700586066361455195e+01
2.675550151038688540e+01 2.688533142293295342e+01 2.689676419182912070e+01 2.680926577847966996e+01 2.687392475841883765e+01
