2.090689345808783983e+01 2.088066168370737685e+01 2.080805308322632285e+01 2.100708373100824389e+01 2.082756490162031682e+01
2.109839276609972814e+01 2.104645922093419941e+01 2.090274344184891220e+01 2.129409327914632755e+01 2.094063828583632869e+01
2.129122497969279948e+01 2.121412598210018885e+01 2.100083423904299806e+01 2.157781245781139390e+01 2.105598661597870347e+01
2.148534299394848546e+01 2.138362234457878941e+01 2.110231707625233710e+01 2.185825308399429190e+01 2.117360480599223749e+01
2.168069655544553598e+01 2.155490756076386560e+01 2.120718366887896522e+01 2.213542584793446366e+01 2.129348785714888947e+01
2.187723216344778976e+01 2.172793916053842622e+01 2.131542583361026644e+01 2.240934050103398079e+01 2.141563083890858721e+01
2.207489320446835279e+01 2.190267329976434496e+01 2.142703548375944322e+01 2.268000583446787388e+01 2.154002888276831484e+01
2.227362015064434075e+01 2.207906500145455198e+01 2.154200462757531298e+01 2.294742979907194425e+01 2.166667718095838424e+01
2.247335059943332070e+01 2.225706732914689567e+01 2.166032536533051456e+01 2.321161962203063567e+01 2.179557098521463843e+01
2.267401934936996710e+01 2.243663168948999953e+01 2.178198988751126564e+01 2.347258189439216025e+01 2.192670560559841419e+01
2.287555846031107620e+01 2.261770807980131792e+01 2.190699047231872143e+01 2.373032263376508766e+01 2.206007640913962575e+01
2.307789738223342013e+01 2.280024503740691699e+01 2.203531948211219671e+01 2.398484735531410905e+01 2.219567881894821681e+01
2.328096307713367707e+01 2.298418956386754886e+01 2.216696935789292411e+01 2.423616110180203265e+01 2.233350831278308846e+01
2.348468012757612655e+01 2.316948713634246104e+01 2.230193261603491450e+01 2.448426855665931612e+01 2.247356042106401119e+01
2.368897086634953553e+01 2.335608169115008437e+01 2.244020183694006576e+01 2.472917409856672322e+01 2.261583072450577703e+01
2.389375546620504309e+01 2.354391567482045033e+01 2.258176966946383146e+01 2.497088184960666268e+01 2.276031485773271612e+01
2.409895210933063936e+01 2.373293005966882774e+01 2.272662880288855192e+01 2.520939572187085886e+01 2.290700849983779364e+01
2.430447713387136588e+01 2.392306435319661517e+01 2.287477197183181943e+01 2.544471946008391683e+01 2.305590737886794273e+01
2.451024524049916664e+01 2.411425662572774442e+01 2.302619192767552292e+01 2.567685670462412872e+01 2.320700726340146858e+01
2.471616931512825133e+01 2.430644351554557048e+01 2.318088142365426307e+01 2.590581103623626191e+01 2.336030396422042443e+01
2.492216115217342320e+01 2.449956026324752045e+01 2.333883320051762666e+01 2.613158593291340281e+01 2.351579332983216020e+01
2.512813074155612725e+01 2.469354075328257991e+01 2.350003994325134471e+01 2.635418493933577366e+01 2.367347124525096902e+01
2.533398751545258065e+01 2.488831751748790566e+01 2.366449426461433703e+01 2.657361151242469077e+01 2.383333362706689940e+01
2.553963944041602474e+01 2.508382177720380213e+01 2.383218865368020190e+01 2.678986926528040158e+01 2.399537642018074024e+01
2.574499412188466962e+01 2.527998353837272205e+01 2.400311541983846553e+01 2.700296180030304782e+01 2.415959558987625755e+01
2.594995831970759070e+01 2.547673145535750194e+01 2.417726666250080925e+01 2.721289287193583561e+01 2.432598712673243213e+01
2.615443843439900462e+01 2.567399315330687415e+01 2.435463415401848408e+01 2.741966633172527068e+01 2.449454701903856702e+01
2.635834058702335980e+01 2.587169497487477798e+01 2.453520930081576168e+01 2.762328613546690548e+01 2.466527127463423241e+01
2.656157068966736645e+01 2.606976220276724376e+01 2.471898301098264739e+01 2.782375640445431841e+01 2.483815589467852547e+01
2.676403473122674725e+01 2.626811915058575053e+01 2.490594556320737851e+01 2.802108135045050830e+01 2.501319684725165615e+01
2.696563885177583941e+01 2.646668902072282847e+01 2.509608652671561657e+01 2.821526536091498372e+01 2.519039010998583805e+01
2.716628952920860485e+01 2.666539419113575704e+01 2.528939449179793542e+01 2.840631293797318335e+01 2.536973158860924471e+01
2.736589378644086779e+01 2.686415607515972326e+01 2.548585697279976259e+01 2.859422874225284161e+01 2.555121714214835293e+01
2.756435928823165682e+01 2.706289529045900011e+01 2.568546010540376301e+01 2.877901756109704223e+01 2.573484253613793982e+01
2.776159454558720086e+01 2.726153170093073186e+01 2.588818835746091196e+01 2.896068432989083874e+01 2.592060344029742325e+01
2.795750906253113399e+01 2.745998442762051539e+01 2.609402433914111796e+01 2.913923410311936024e+01 2.610849537794155140e+01
2.815201343804585221e+01 2.765817199979852248e+01 2.630294822284898615e+01 2.931467206569035255e+01 2.629851371677454708e+01
2.834501958926002985e+01 2.785601231620339036e+01 2.651493752650814884e+01 2.948700348229253976e+01 2.649065359225914662e+01
2.853644077473229501e+01 2.805342279336142042e+01 2.672996647200584164e+01 2.965623372883366926e+01 2.668490989257385593e+01
2.872619184668193881e+01 2.825032041314971565e+01 2.694800538225325681e+01 2.982236822922532937e+01 2.688127715703490495e+01
2.891418925698420850e+01 2.844662174841053925e+01 2.716902027231334671e+01 2.998541247478951277e+01 2.707974952737233210e+01
2.910035128981633790e+01 2.864224312204006750e+01 2.739297169502676255e+01 3.014537196806388764e+01 2.728032064916905597e+01
2.928459806690545975e+01 2.883710057751313371e+01 2.761981428527802862e+01 3.030225223221941988e+01 2.748298352959916357e+01
2.946685176569011233e+01 2.903111002404970620e+01 2.784949550492619608e+01 3.045605876172018966e+01 2.768773048937677927e+01
2.964703659949257641e+01 2.922418728423384593e+01 2.808195449340383121e+01 3.060679701563832467e+01 2.789455284590944117e+01
2.982507904177219160e+01 2.941624815096599121e+01 2.831712124497007466e+01 3.075447236669258189e+01 2.810344094878946564e+01
3.000090776438517182e+01 2.960720848770689884e+01 2.855491450906025364e+01 3.089909009635570314e+01 2.831438365318455652e+01
3.017445387165771820e+01 2.979698427495270252e+01 2.879524091275716557e+01 3.104065533671772670e+01 2.852736837020842842e+01
3.034565080343791266e+01 2.998549170227701666e+01 2.903799272926243447e+01 3.117917306356507723e+01 2.874238036798366380e+01
3.051443456611085381e+01 3.017264723193378728e+01 2.928304593055969463e+01 3.131464803971045896e+01 2.895940273069316362e+01
3.068074361480607593e+01 3.035836766898879091e+01 2.953025866915171704e+01 3.144708480058291045e+01 2.917841552564772911e+01
3.084451907015949246e+01 3.054257023551138772e+01 2.977946797809471846e+01 3.157648760262706844e+01 2.939939549517407968e+01
3.100570458643666782e+01 3.072517264434883444e+01 3.003048825278991529e+01 3.170286040169639818e+01 2.962231522110231197e+01
3.116424655018829171e+01 3.090609315479668595e+01 3.028310788537585196e+01 3.182620680569096905e+01 2.984714220079579405e+01
3.132009393877422454e+01 3.108525065800903775e+01 3.053708659299720907e+01 3.194653004873140745e+01 3.007383832333411888e+01
3.147319849322765606e+01 3.126256473678298420e+01 3.079215296796026635e+01 3.206383294809398166e+01 3.030235816892318823e+01
3.162351457607606164e+01 3.143795571230455366e+01 3.104800069929884287e+01 3.217811787603427831e+01 3.053264783815034633e+01
3.177099931349817297e+01 3.161134475362327478e+01 3.130428637121620028e+01 3.228938672488545336e+01 3.076464318823087041e+01
3.191561245663039159e+01 3.178265387539496345e+01 3.156062602423127927e+01 3.239764087327787223e+01 3.099826821203244975e+01
3.205731649109264936e+01 3.195180606066888274e+01 3.181659313446586523e+01 3.250288116204949773e+01 3.123343276783224809e+01
3.219607650527819942e+01 3.211872528632802926e+01 3.207171558480874296e+01 3.260510786517904336e+01 3.147003023708475666e+01
3.233186026694134796e+01 3.228333655926635259e+01 3.232547513494109381e+01 3.270432068704287332e+01 3.170793446317816944e+01
3.246463809974263626e+01 3.244556604058219307e+01 3.257730447337962687e+01 3.280051871993822488e+01 3.194699648018132265e+01
3.259438292888071231e+01 3.260534099039232814e+01 3.282658986129307976e+01 3.289370046894553923e+01 3.218704087895812194e+01
3.272107016561100323e+01 3.276258993224351457e+01 3.307267133899445355e+01 3.298386381649428500e+01 3.242786182386254268e+01
3.284467772489450255e+01 3.291724262347182872e+01 3.331484539838385217e+01 3.307100607759339539e+01 3.266921856644443523e+01
3.296518591746560389e+01 3.306923009699857374e+01 3.355236939819817366e+01 3.315512394705743304e+01 3.291083053471291464e+01
3.308257744255621446e+01 3.321848478092357482e+01 3.378446805071079950e+01 3.323621362953566205e+01 3.315237230569039895e+01
3.319683728724500327e+01 3.336494040411677986e+01 3.401034208905132061e+01 3.331427084352085899e+01 3.339346840447876019e+01
3.330795269747905962e+01 3.350853218437443815e+01 3.422917867451948126e+01 3.338929089455191956e+01 3.363368809065158871e+01
3.341591308418304607e+01 3.364919675044095015e+01 3.444016423135867200e+01 3.346126876458876609e+01 3.387254034339858322e+01
3.352070997619374992e+01 3.378687219267697373e+01 3.464249871749775167e+01 3.353019923085163612e+01 3.410946970044948756e+01
3.362233693220481712e+01 3.392149816077665747e+01 3.483541146190034254e+01 3.359607698413720556e+01 3.434385319416237081e+01
3.372078947947399286e+01 3.405301575209149689e+01 3.501817787075589195e+01 3.365889680556700370e+01 3.457499808063173674e+01
3.381606503052871204e+01 3.418136769701354183e+01 3.519013624019156339e+01 3.371865376980576201e+01 3.480214224835320636e+01
3.390816281144023492e+01 3.430649824951847648e+01 3.535070383546761263e+01 3.377534345077688727e+01 3.502445794262053624e+01
3.399708378231053985e+01 3.442835324618454962e+01 3.549939134839089405e+01 3.382896215951248564e+01 3.524105856989029917e+01
3.408283055868503908e+01 3.454688016911030957e+01 3.563581476133576587e+01 3.387950724841596895e+01 3.545100806455433684e+01
3.416540733497629390e+01 3.466202803489183992e+01 3.575970444794783276e+01 3.392697739678076374e+01 3.565333498797443923e+01
3.424481980235555056e+01 3.477374756034785719e+01 3.587090980390695449e+01 3.397137290451872360e+01 3.584705135118949215e+01
3.432107507436618477e+01 3.488199103383282562e+01 3.596940020342880473e+01 3.401269606593714201e+01 3.603117518809053621e+01
3.439418160439353045e+01 3.498671238195475297e+01 3.605526183332653289e+01 3.405095148363110980e+01 3.620475600992575238e+01
3.446414911283788740e+01 3.508786719171158097e+01 3.612869078312647986e+01 3.408614639425035620e+01 3.636690223728687954e+01
3.453098850697227107e+01 3.518541261458101843e+01 3.618998294555218820e+01 3.411829100299839723e+01 3.651680910856914153e+01
3.459471180921759270e+01 3.527930749873930694e+01 3.623952146169123978e+01 3.414739875245658141e+01 3.665378533068321332e+01
3.465533208188226411e+01 3.536951225676660471e+01 3.627776253939303786e+01 3.417348660363843749e+01 3.677727622963880805e+01
3.471286335627316078e+01 3.545598893453834677e+01 3.630522051181792875e+01 3.419657518566289411e+01 3.688688172155543299e+01
3.476732056452934216e+01 3.553870119517368664e+01 3.632245289887172390e+01 3.421668894403840966e+01 3.698236773241193021e+01
3.481871946946495910e+01 3.561761424755909644e+01 3.633004600815272767e+01 3.423385621592854733e+01 3.706367025408526672e+01
3.486707660549517840e+01 3.569269493617973410e+01 3.632860191426684082e+01 3.424810922834885218e+01 3.713089187965726268e+01
3.491240920923210211e+01 3.576391162315384520e+01 3.631872684730419820e+01 3.425948401864905435e+01 3.718429136050289685e+01
3.495473517135702224e+01 3.583123424804948343e+01 3.630102128766512237e+01 3.426802028645646914e+01 3.722426732872177269e+01
3.499407296808792722e+01 3.589463428535126610e+01 3.627607183121433110e+01 3.427376118418422379e+01 3.725133772752500505e+01
3.503044162577985077e+01 3.595408469824626252e+01 3.624444478173573003e+01 3.427675304646607657e+01 3.726611666404830459e+01
3.506386065345181180e+01 3.600955998656967694e+01 3.620668136159373773e+01 3.427704508098040748e+01 3.726929036557339003e+01
3.509435002190853226e+01 3.606103609756271311e+01 3.616329434147094446e+01 3.427468903854360605e+01 3.726159374037604266e+01
3.512193009754386708e+01 3.610849046229825632e+01 3.611476583582521016e+01 3.426973884080050681e+01 3.724378864112731691e+01
3.514662163787765792e+01 3.615190195066767842e+01 3.606154636840211936e+01 3.426225029776794173e+01 3.721664472955985303e+01
3.516844572683773151e+01 3.619125084852427676e+01 3.600405455115505760e+01 3.425228062587935085e+01 3.718092336791248442e+01
3.518742378877669097e+01 3.622651885989166942e+01 3.594267750194894262e+01 3.423988808628525504e+01 3.713736467715343537e+01
3.520357752718009436e+01 3.625768907001710772e+01 3.587777176399545453e+01 3.422513165335988816e+01 3.708667768088158567e+01
3.521692896148355345e+01 3.628474593698120998e+01 3.580966458809830755e+01 3.420807075199202529e+01 3.702953327872978662e+01
3.522750035880571318e+01 3.630767527576958997e+01 3.573865546189517062e+01 3.418876496539950693e+01 3.696655969305179923e+01
3.523531428962181877e+01 3.632646424377773542e+01 3.566501779264793015e+01 3.416727374348636204e+01 3.689833998820651573e+01
3.524039357684110030e+01 3.634110131330878346e+01 3.558900066282947705e+01 3.414365616088877431e+01 3.682541125907658142e+01
3.524276137505920303e+01 3.635157630324933109e+01 3.551083061426763976e+01 3.411797071529144176e+01 3.674826511096732418e+01
3.524244111207087116e+01 3.635788030443803365e+01 3.543071340885823872e+01 3.409027516263969204e+01 3.666734909490311622e+01
3.523945660447355266e+01 3.636000572085124105e+01 3.534883572510199912e+01 3.406062636772867336e+01 3.658306881226125995e+01
3.523383199751266659e+01 3.635794627097646980e+01 3.526536678511182998e+01 3.402908018065117801e+01 3.649579045687655565e+01
3.522559190725490907e+01 3.635169697420468538e+01 3.518045989080373204e+01 3.399569132989713438e+01 3.640584359375753820e+01
3.521476136721839367e+01 3.634125416137134579e+01 3.509425386108019751e+01 3.396051334350231343e+01 3.631352406193811078e+01
3.520136599366278318e+01 3.632661549856224070e+01 3.500687436639925920e+01 3.392359849933755811e+01 3.621909686133993489e+01
3.518543193962168658e+01 3.630777998279062047e+01 3.491843515897040362e+01 3.388499776735509528e+01 3.612279895448740064e+01
3.516698608323040531e+01 3.628474800125811583e+01 3.482903920713530255e+01 3.384476078118618148e+01 3.602484194267835704e+01
3.514605598817103527e+01 3.625752133943220912e+01 3.473877973065805946e+01 3.380293579613101684e+01 3.592541455471244660e+01
3.512267010872320583e+01 3.622610325024373168e+01 3.464774113696709890e+01 3.375956970569062321e+01 3.582468518037847360e+01
3.509685776090942966e+01 3.619049850055286299e+01 3.455599988127327293e+01 3.371470801794782091e+01 3.572280379715585497e+01
3.506864932744981900e+01 3.615071347657301715e+01 3.446362524302188035e+01 3.366839490546533398e+01 3.561990395773915452e+01
3.503807624948228039e+01 3.610675627617448669e+01 3.437068002833475333e+01 3.362067318109217950e+01 3.551610471681385661e+01
3.500517120584997599e+01 3.605863682305688656e+01 3.427722120450156496e+01 3.357158436188337447e+01 3.541151202203620585e+01
3.496996813784858205e+01 3.600636702238492859e+01 3.418330047236714364e+01 3.352116864821231701e+01 3.530622023555538647e+01
3.493250237101005951e+01 3.594996095588994223e+01 3.408896478120419715e+01 3.346946498114696311e+01 3.520031343213768338e+01
3.489281068617837889e+01 3.588943509351770444e+01 3.399425679590586213e+01 3.341651103860486671e+01 3.509386665370560365e+01
3.485093134742340482e+01 3.582480863873161070e+01 3.389921528577881560e+01 3.336234329359717776e+01 3.498694675061790349e+01
3.480690423271639844e+01 3.575610387804675838e+01 3.380387556772934232e+01 3.330699701183068839e+01 3.487961336980097826e+01
3.476077073117006933e+01 3.568334663917394778e+01 3.370826972423424195e+01 3.325050632781454141e+01 3.477191982336776732e+01
3.471257396188420330e+01 3.560656688523577884e+01 3.361242715881994059e+01 3.319290423442773630e+01 3.466391371352897011e+01
3.466235853257776967e+01 3.552579947337565613e+01 3.351637454546695949e+01 3.313422266172718622e+01 3.455563758917553230e+01
3.461017063069194677e+01 3.544108513965375806e+01 3.342013634777856623e+01 3.307449247747575782e+01 3.444712951693427527e+01
3.455605791076120425e+01 3.535247180961140856e+01 3.332373484862237234e+01 3.301374354222530627e+01 3.433842363722428104e+01
3.450006942804873944e+01 3.526001626579336801e+01 3.322719039527596863e+01 3.295200473390707430e+01 3.422955050597247606e+01
3.444225552450857464e+01 3.516378644509777729e+01 3.313052165863945930e+01 3.288930397869567201e+01 3.412053753241185206e+01
3.438266771037769587e+01 3.506386452735731041e+01 3.303374567863917832e+01 3.282566829037897804e+01 3.401140934602126009e+01
3.432135845811205144e+01 3.496035125528096188e+01 3.293687811640017316e+01 3.276112379341758185e+01 3.390218807059449091e+01
3.425838104849242427e+01 3.485337185184938136e+01 3.283993332929626519e+01 3.269569576115038956e+01 3.379289359643311030e+01
3.419378938566412529e+01 3.474308430784080315e+01 3.274292448842718528e+01 3.262940863949120995e+01 3.368354382738124997e+01
3.412763776217995115e+01 3.462969077307253940e+01 3.264586373906774242e+01 3.256228608269712765e+01 3.357415491704784216e+01
3.405998067529294104e+01 3.451345240704712580e+01 3.254876220303115275e+01 3.249435097827249308e+01 3.346474141732618079e+01
3.399087261827634165e+01 3.439470618400354596e+01 3.245163015650168603e+01 3.242562547684677554e+01 3.335531646512303894e+01
3.392036786301636653e+01 3.427387628907551687e+01 3.235447703857950330e+01 3.235613101736525721e+01 3.324589193911524632e+01
3.384852026775295997e+01 3.415146303282610774e+01 3.225731156134994393e+01 3.228588835368196897e+01 3.313647858236431887e+01
3.377538308400452394e+01 3.402798923696966682e+01 3.216014177173772737e+01 3.221491757904307462e+01 3.302708611671670980e+01
3.370100879036972685e+01 3.390391393630655159e+01 3.206297508700386345e+01 3.214323814910613208e+01 3.291772335175467390e+01
3.362544893715389804e+01 3.377956833477257703e+01 3.196581838498369521e+01 3.207086890744306373e+01 3.280839827276602705e+01
3.354875398886134263e+01 3.365515306816233476e+01 3.186867801211713314e+01 3.199782810372812847e+01 3.269911812810368446e+01
3.347097322049427959e+01 3.353077530358059732e+01 3.177155985487129897e+01 3.192413342137891874e+01 3.258988952080846957e+01
3.339215461761997972e+01 3.340648809237605121e+01 3.167446936710506122e+01 3.184980199008711566e+01 3.248071842782562157e+01
3.331234477163970098e+01 3.328231665805659389e+01 3.157741160037952000e+01 3.177485041602567506e+01 3.237161037845170597e+01
3.323158883176983380e+01 3.315827271638922724e+01 3.148039125042290109e+01 3.169929478914222543e+01 3.226257029662372133e+01
3.314993045985517739e+01 3.303436165199234154e+01 3.138341265979822481e+01 3.162315071425064517e+01 3.215360281772178297e+01
3.306741177968414291e+01 3.291058591130232003e+01 3.128647990815641577e+01 3.154643331571454112e+01 3.204471202946926667e+01
3.298407336737104600e+01 3.278694658812627694e+01 3.118959673316003034e+01 3.146915726713427119e+01 3.193590178626785914e+01
3.289995425365302850e+01 3.266344415543887436e+01 3.109276666682007217e+01 3.139133679549756906e+01 3.182717552007621009e+01
3.281509191592210328e+01 3.254007880444186895e+01 3.099599302796442046e+01 3.131298570712903739e+01 3.171853643495324349e+01
3.272952229349765219e+01 3.241685058985903822e+01 3.089927880515135072e+01 3.123411738887140032e+01 3.160998742606613732e+01
3.264327982207917955e+01 3.229375951325658178e+01 3.080262692335891117e+01 3.115474484609692496e+01 3.150153118724994883e+01
3.255639745715780720e+01 3.217080554777591317e+01 3.070604003483269651e+01 3.107488069948293585e+01 3.139317016172131503e+01
3.246890670349006314e+01 3.204798865400506003e+01 3.060952061801530277e+01 3.099453717935983121e+01 3.128490663412719286e+01
3.238083766735146440e+01 3.192530878953920492e+01 3.051307104255908698e+01 3.091372620101505930e+01 3.117674268098041068e+01
3.229221909254158618e+01 3.180276590878048992e+01 3.041669345867617835e+01 3.083245932171438142e+01 3.106868023649782629e+01
3.220307840357722995e+01 3.168035996726657899e+01 3.032038993301880581e+01 3.075074773568622533e+01 3.096072107755241376e+01
3.211344176163717634e+01 3.155809092003962490e+01 3.022416238466487926e+01 3.066860237136023670e+01 3.085286684428181303e+01
3.202333411575028066e+01 3.143595872276913639e+01 3.012801260882046250e+01 3.058603382479642008e+01 3.074511905969746195e+01
3.193277923327755019e+01 3.131396333150775391e+01 3.003194231359081101e+01 3.050305236709836265e+01 3.063747912526911321e+01
3.184179976661346956e+01 3.119210470377038291e+01 2.993595307837850328e+01 3.041966802503326406e+01 3.052994834886163389e+01
3.175041730658642791e+01 3.107038279887881060e+01 2.984004641688125403e+01 3.033589052627024074e+01 3.042252793704093961e+01
3.165865238662552628e+01 3.094879757723134972e+01 2.974422374892917631e+01 3.025172931514212848e+01 3.031521901964517340e+01
3.156652460589826603e+01 3.082734899905975112e+01 2.964848639657437346e+01 3.016719360186451837e+01 3.020802264007967608e+01
3.147405260670610971e+01 3.070603702507908750e+01 2.955283563528920254e+01 3.008229233166321492e+01 3.010093978097494727e+01
3.138125414916565248e+01 3.058486161747706333e+01 2.945727264587277006e+01 2.999703420008093602e+01 2.999397134873827397e+01
3.128814616045016095e+01 3.046382273980588806e+01 2.936179855469158184e+01 2.991142768476834490e+01 2.988711820143162257e+01
3.119474477639408860e+01 3.034292035750552330e+01 2.926641443101865647e+01 2.982548102512453525e+01 2.978038113156129896e+01
3.110106535323834720e+01 3.022215443519423062e+01 2.917112127323660431e+01 2.973920223684605446e+01 2.967376089078387125e+01
3.100712253432833876e+01 3.010152493954578290e+01 2.907592004111205242e+01 2.965259913872294106e+01 2.956725817672193557e+01
3.091293030646702533e+01 2.998103183918261649e+01 2.898081163729125720e+01 2.956567933105663570e+01 2.946087365119619861e+01
3.081850193677671257e+01 2.986067510201824504e+01 2.888579691914144121e+01 2.947845021245180064e+01 2.935460793232538990e+01
3.072385014668004999e+01 2.974045469787909113e+01 2.879087670635177787e+01 2.939091900384606149e+01 2.924846160650548654e+01
3.062898704113165849e+01 2.962037059740358202e+01 2.869605176938269864e+01 2.930309272578485036e+01 2.914243522501537953e+01
3.053392414543456468e+01 2.950042277253381684e+01 2.860132285103338745e+01 2.921497821753166235e+01 2.903652931074493893e+01
3.043867250847945627e+01 2.938061119617618644e+01 2.850669065466098218e+01 2.912658215504333015e+01 2.893074435855232451e+01
3.034324262440452458e+01 2.926093584234683931e+01 2.841215584831116558e+01 2.903791103258707551e+01 2.882508083771485019e+01
3.024764455037601607e+01 2.914139668606376432e+01 2.831771907649287101e+01 2.894897118152716686e+01 2.871953919517468634e+01
3.015188789370112588e+01 2.902199370351769403e+01 2.822338094596751645e+01 2.885976878202105667e+01 2.861411985507053757e+01
3.005598179839928008e+01 2.890272687191461287e+01 2.812914204367053017e+01 2.877030984975688455e+01 2.850882322345724518e+01
2.995993505426429593e+01 2.878359616989482106e+01 2.803500292924189097e+01 2.868060025375312350e+01 2.840364968660486866e+01
2.986375603302214898e+01 2.866460157704609202e+01 2.794096413565583603e+01 2.859064572375435631e+01 2.829859961529014711e+01
2.976745274673094244e+01 2.854574307402738143e+01 2.784702617824075332e+01 2.850045183924784453e+01 2.819367336240787481e+01
2.967103288839405550e+01 2.842702064283754737e+01 2.775318954782459713e+01 2.841002404768818934e+01 2.808887127086052260e+01
2.957450377371714012e+01 2.830843426640091565e+01 2.765945471752683105e+01 2.831936766861634425e+01 2.798419367048695605e+01
2.947787245470941286e+01 2.818998392897766081e+01 2.756582214281397825e+01 2.822848788343794624e+01 2.787964087083080145e+01
2.938114566857555587e+01 2.807166961631018154e+01 2.747229225917089934e+01 2.813738975466965897e+01 2.777521318282838436e+01
2.928432985659199872e+01 2.795349131537026466e+01 2.737886548935533781e+01 2.804607822693583685e+01 2.767091090682792043e+01
2.918743122513212995e+01 2.783544901446330044e+01 2.728554223878060725e+01 2.795455811813679503e+01 2.756673431800122387e+01
2.909045569378699625e+01 2.771754270275056342e+01 2.719232289879621689e+01 2.786283413872011394e+01 2.746268370133386583e+01
2.899340896279926838e+01 2.759977237062183164e+01 2.709920784895568246e+01 2.777091089009506675e+01 2.735875933072196275e+01
2.889629650389338877e+01 2.748213800919655370e+01 2.700619745345919043e+01 2.767879285779073584e+01 2.725496146376676165e+01
2.879912354929544804e+01 2.736463961111179799e+01 2.691329206727922596e+01 2.758648442982905280e+01 2.715129035784633160e+01
2.870189515180672402e+01 2.724727717027943541e+01 2.682049203312694274e+01 2.749398989334928700e+01 2.704774626643360236e+01
2.860461614935215735e+01 2.713005068453824009e+01 2.672779768270372713e+01 2.740131342189034669e+01 2.694432943334490460e+01
2.850729119378054932e+01 2.701296015039076792e+01 2.663520933936592172e+01 2.730845910948866262e+01 2.684104009730281959e+01
2.840992477186775744e+01 2.689600556586814406e+01 2.654272731540704555e+01 2.721543095621696295e+01 2.673787849552972418e+01
2.831252117618287656e+01 2.677918693097639036e+01 2.645035191595257729e+01 2.712223287493508295e+01 2.663484485947180147e+01
2.821508456025276246e+01 2.666250424672469066e+01 2.635808343753683758e+01 2.702886867668932069e+01 2.653193941600313366e+01
2.811761891440263383e+01 2.654595751592026076e+01 2.626592216829791582e+01 2.693534207277463111e+01 2.642916239081543495e+01
2.802012807463060184e+01 2.642954674260847625e+01 2.617386839039058444e+01 2.684165673340179836e+01 2.632651400599253932e+01
2.792261575197579759e+01 2.631327193208920079e+01 2.608192237719892859e+01 2.674781623674990882e+01 2.622399447929263516e+01
2.782508550816866233e+01 2.619713309127297052e+01 2.599008439713461271e+01 2.665382408799844427e+01 2.612160402888876831e+01
2.772754078741509431e+01 2.608113022902534439e+01 2.589835471340291306e+01 2.655968364988247643e+01 2.601934287050226047e+01
2.762998491293932446e+01 2.596526335493032889e+01 2.580673358421126906e+01 2.646539828315355791e+01 2.591721121503917047e+01
2.753242108122271858e+01 2.584953248064071474e+01 2.571522125609025977e+01 2.637097126722385099e+01 2.581520927545482991e+01
2.743485239128870745e+01 2.573393761893927234e+01 2.562381797843980635e+01 2.627640580898831502e+01 2.571333726270039577e+01
2.733728182802247630e+01 2.561847878459756700e+01 2.553252399478624923e+01 2.618170503137256233e+01 2.561159538436614369e+01
2.723971227567598419e+01 2.550315599389818999e+01 2.544133954451372404e+01 2.608687196124556706e+01 2.550998384905777883e+01
2.714214652849333120e+01 2.538796926434439172e+01 2.535026485443546918e+01 2.599190961938031208e+01 2.540850286461258634e+01
2.704458727735957169e+01 2.527291861559296393e+01 2.525930015863414368e+01 2.589682094219618946e+01 2.530715263729821274e+01
2.694703713550304869e+01 2.515800406874848250e+01 2.516844568467530507e+01 2.580160880659965983e+01 2.520593337323002459e+01
2.684949862786026387e+01 2.504322564638481907e+01 2.507770165611814051e+01 2.570627599991678380e+01 2.510484527879903283e+01
2.675197419521932929e+01 2.492858337315076511e+01 2.498706828804488467e+01 2.561082527804283870e+01 2.500388855980066793e+01
2.665446620854379844e+01 2.481407727471016855e+01 2.489654580028042119e+01 2.551525934094254922e+01 2.490306342187927413e+01
2.655697695770153643e+01 2.469970737932650096e+01 2.480613440759934463e+01 2.541958082965161125e+01 2.480237007141827732e+01
2.645950866650852973e+01 2.458547371695752659e+01 2.471583432144797499e+01 2.532379232753287823e+01 2.470180871481194984e+01
2.636206349170463170e+01 2.447137631891741094e+01 2.462564574916336824e+01 2.522789635297948863e+01 2.460137955840483315e+01
2.626464352018196990e+01 2.435741521812554566e+01 2.453556889906058558e+01 2.513189539471295220e+01 2.450108280980590436e+01
2.616725078324090958e+01 2.424359044984386102e+01 2.444560397646238670e+01 2.503579188457180749e+01 2.440091867704799000e+01
2.606988724896196175e+01 2.412990205140201638e+01 2.435575118428669938e+01 2.493958820708905577e+01 2.430088736814706607e+01
2.597255482867172560e+01 2.401635006128046967e+01 2.426601072346945287e+01 2.484328668473682455e+01 2.420098909282478061e+01
2.587525538219045984e+01 2.390293452051476919e+01 2.417638279461042572e+01 2.474688960520480663e+01 2.410122406152301977e+01
2.577799070728481823e+01 2.378965547210235343e+01 2.408686759664715993e+01 2.465039921553368885e+01 2.400159248497795517e+01
2.568076256271542590e+01 2.367651296054772914e+01 2.399746532639234431e+01 2.455381771658714030e+01 2.390209457568182927e+01
2.558357265909131684e+01 2.356350703284158499e+01 2.390817617977515752e+01 2.445714726375222625e+01 2.380273054712972680e+01
2.548642266246686461e+01 2.345063773773508231e+01 2.381900035260519388e+01 2.436038995360072335e+01 2.370350061371345873e+01
2.538931416824116738e+01 2.333790512564940300e+01 2.372993803961258408e+01 2.426354786816720477e+01 2.360440499127986058e+01
2.529224876585193371e+01 2.322530924972103250e+01 2.364098943327776681e+01 2.416662304106693782e+01 2.350544389712304749e+01
2.519522799661943324e+01 2.311285016523248359e+01 2.355215472640534458e+01 2.406961746819218817e+01 2.340661754977217868e+01
2.509825336360616177e+01 2.300052792916490318e+01 2.346343411165925374e+01 2.397253309470129778e+01 2.330792616921306504e+01
2.500132629371859139e+01 2.288834260105335261e+01 2.337482778102971182e+01 2.387537183556347742e+01 2.320936997713785743e+01
2.490444822991691254e+01 2.277629424261933622e+01 2.328633592455130596e+01 2.377813557657512789e+01 2.311094919671956660e+01
