1.915806746046191478e+01 1.920142607608824292e+01 1.923965476262977958e+01 1.918034687274474592e+01 1.914836842328374900e+01
1.912353613759820448e+01 1.920963001622792987e+01 1.928117390461749281e+01 1.916691223623280038e+01 1.910431732463617394e+01
1.909633238891931128e+01 1.922445720597427510e+01 1.932452911844295684e+01 1.915963279838380018e+01 1.906782117362684659e+01
1.907638611307992704e+01 1.924575681210347611e+01 1.936969028520748637e+01 1.915844705759745992e+01 1.903885499675359938e+01
1.906363046852107246e+01 1.927338054989255767e+01 1.941662651973756937e+01 1.916329514506694309e+01 1.901739440352246646e+01
1.905800138821429002e+01 1.930718216285318078e+01 1.946530671006110680e+01 1.917411863636523961e+01 1.900341549134823893e+01
1.905943717235549784e+01 1.934701729824463357e+01 1.951569921706253297e+01 1.919086030833335244e+01 1.899689467115511476e+01
1.906787814853629470e+01 1.939274308021024851e+01 1.956777171451133768e+01 1.921346393037099531e+01 1.899780846381882426e+01
1.908326628864723418e+01 1.944421768382485283e+01 1.962149118475569765e+01 1.924187404625307707e+01 1.900613329061462409e+01
1.910554488335938217e+01 1.950130002683342312e+01 1.967682385224824770e+01 1.927603578519061145e+01 1.902184526139245335e+01
1.913465819430260595e+01 1.956384935301898409e+01 1.973373523158987908e+01 1.931589459139621923e+01 1.904491987572744804e+01
1.917055114472954713e+01 1.963172501215363397e+01 1.979218982523826043e+01 1.936139596957784192e+01 1.907533165958972532e+01
1.921316897087964293e+01 1.970478619089357863e+01 1.985215111758912698e+01 1.941248519634809711e+01 1.911305375750120916e+01
1.926245682313696506e+01 1.978289153620114149e+01 1.991358154274605496e+01 1.946910725031277778e+01 1.915805745854140341e+01
1.931835937179574714e+01 1.986589848595006558e+01 1.997644237374064602e+01 1.953120614127378474e+01 1.921031163393560348e+01
1.938082039472209317e+01 1.995366300881965316e+01 2.004069366453199663e+01 1.959872471665605786e+01 1.926978207312151881e+01
1.944978231764339682e+01 2.004603940914761040e+01 2.010629411112715559e+01 1.967160425509527144e+01 1.933643070778740025e+01
1.952518568728016035e+01 2.014287993293930867e+01 2.017320094181111756e+01 1.974978390764762182e+01 1.941021471129302967e+01
1.960696857553707773e+01 2.024403426179710053e+01 2.024136978925226771e+01 1.983320026180902218e+01 1.949108545819006721e+01
1.969506591082264535e+01 2.034934901309195610e+01 2.031075456089114795e+01 1.992178679585208201e+01 1.957898732703680622e+01
1.978940872162823439e+01 2.045866727791404571e+01 2.038130732578423121e+01 2.001547314201402727e+01 1.967385632909577708e+01
1.988992327069157895e+01 2.057182814682895255e+01 2.045297811164212476e+01 2.011418427386889363e+01 1.977561854517251660e+01
1.999653005809637563e+01 2.068866616911581247e+01 2.052571476124605354e+01 2.021783975953547952e+01 1.988418835262739748e+01
2.010914267269041744e+01 2.080901074488381752e+01 2.059946273941373818e+01 2.032635258731947658e+01 1.999946642469821967e+01
2.022766646865016327e+01 2.093268547265587642e+01 2.067416496996017017e+01 2.043962801768773474e+01 2.012133748504449571e+01
2.035199703880085664e+01 2.105950745500320664e+01 2.074976161361132299e+01 2.055756240542751812e+01 2.024966780217288331e+01
2.048201845150524392e+01 2.118928654599432093e+01 2.082618980775511375e+01 2.068004154823291074e+01 2.038430255800160040e+01
2.061760121462931750e+01 2.132182452434205189e+01 2.090338344038755736e+01 2.080693889857510470e+01 2.052506272291716627e+01
2.075859992722429581e+01 2.145691418471504974e+01 2.098127285798687325e+01 2.093811380592792304e+01 2.067174109691345762e+01
2.090485057634518284e+01 2.159433834290917886e+01 2.105978466369654001e+01 2.107340915222454925e+01 2.082409949924192816e+01
2.105616743354136489e+01 2.173386874728827323e+01 2.113884132417711115e+01 2.121264871111706896e+01 2.098186474651994615e+01
2.121233950316970152e+01 2.187526488534484415e+01 2.121836084491262753e+01 2.135563458098278034e+01 2.114472427186319337e+01
2.137312648042892604e+01 2.201827267388469522e+01 2.129825642998251567e+01 2.150214399566932499e+01 2.131232223074115950e+01
2.153825418318994522e+01 2.216262302290442321e+01 2.137843605879987763e+01 2.165192563484463406e+01 2.148425562658209031e+01
2.170740941481228603e+01 2.230803026463943439e+01 2.145880224616107057e+01 2.180469614116653787e+01 2.166006881007168872e+01
2.188023426350895306e+01 2.245419044047744350e+01 2.153925141832134926e+01 2.196013615512996964e+01 2.183924992806044330e+01
2.205631985886806490e+01 2.260077944080762080e+01 2.161967354193620139e+01 2.211788572144237719e+01 2.202122780256701517e+01
2.223519964685001682e+01 2.274745099755367050e+01 2.169995164698920220e+01 2.227754027620101951e+01 2.220536869520976353e+01
2.241634231920690468e+01 2.289383453672125412e+01 2.177996137169366264e+01 2.243864635198499258e+01 2.239097393738841646e+01
2.259914462522814915e+01 2.303953290949587540e+01 2.185957055356240986e+01 2.260069726631205356e+01 2.257727919896484181e+01
2.278292438522505492e+01 2.318412003660985121e+01 2.193863858454728444e+01 2.276313013513035699e+01 2.276345537028200994e+01
2.296691419941104328e+01 2.332713852381716890e+01 2.201701602821333736e+01 2.292532196379301723e+01 2.294861124328625479e+01
2.315025647609024517e+01 2.346809733873518056e+01 2.209454416008844646e+01 2.308658988101311849e+01 2.313179863023245630e+01
2.333200063751132092e+01 2.360646968370567578e+01 2.217105468219462949e+01 2.324619108503143750e+01 2.331202021249720602e+01
2.351110351768743811e+01 2.374169126102360039e+01 2.224636933081720969e+01 2.340332536342426550e+01 2.348824041069703483e+01
2.368643398678566214e+01 2.387315921679119413e+01 2.232029965433039109e+01 2.355714063436308692e+01 2.365939914681026934e+01
2.385678304410064143e+01 2.400023205578821361e+01 2.239264702479539793e+01 2.370674203824547632e+01 2.382442884085272894e+01
2.402088205792418663e+01 2.412223110817334870e+01 2.246320283078597413e+01 2.385120469816133237e+01 2.398227407414398371e+01
2.417742638068910210e+01 2.423844410337533972e+01 2.253174881874850399e+01 2.398959021660635571e+01 2.413191352075856955e+01
2.432510757905546583e+01 2.434813147471378159e+01 2.259805758110647389e+01 2.412096682659237956e+01 2.427238319265907052e+01
2.446265384902362072e+01 2.445053614642776552e+01 2.266189409230853613e+01 2.424443270243234849e+01 2.440280018085283231e+01
2.458887522015111315e+01 2.454489901071520919e+01 2.272301716735664101e+01 2.435914141176914072e+01 2.452238547237000432e+01
2.470271165433489813e+01 2.463047758777691243e+01 2.278118137556199230e+01 2.446432804864434729e+01 2.463048453294719664e+01
2.480328012892322675e+01 2.470657049462344190e+01 2.283613960699983281e+01 2.455933429570190896e+01 2.472658445342129951e+01
2.488991609219896262e+01 2.477254730602026811e+01 2.288764637594642082e+01 2.464363053211240384e+01 2.481032646243413708e+01
2.496220434713669079e+01 2.482788107502931751e+01 2.293546163753610756e+01 2.471683317086639065e+01 2.488151287180270188e+01
2.501999618084295562e+01 2.487218116732217865e+01 2.297935531621491734e+01 2.477871641321306129e+01 2.494010806623249366e+01
2.506341027745273209e+01 2.490522280969945967e+01 2.301911191004915480e+01 2.482921428683521725e+01 2.498623357434839676e+01
2.509281687508246961e+01 2.492696883314014045e+01 2.305453590723379165e+01 2.486841808862679315e+01 2.502015769950467217e+01
2.510880837490653406e+01 2.493757959014052972e+01 2.308545711262766886e+01 2.489656621608348530e+01 2.504228020162550905e+01
2.511215833065708836e+01 2.493740786046564040e+01 2.311173593527089309e+01 2.491402714574791943e+01 2.505311350188543074e+01
2.510377494027367362e+01 2.492697995327496940e+01 2.313326810589775206e+01 2.492127840747287593e+01 2.505326152260060368e+01
2.508465292266173563e+01 2.490696375202644575e+01 2.314998857274370181e+01 2.491888358860263963e+01 2.504339753727168372e+01
2.505582821401012694e+01 2.487812913317620556e+01 2.316187452561430149e+01 2.490746814571938472e+01 2.502424204371486738e+01
2.501833830832851291e+01 2.484130604045819979e+01 2.316894686833854777e+01 2.488769612601826253e+01 2.499654190276618948e+01
2.497319037088090710e+01 2.479734457132670755e+01 2.317127011739399833e+01 2.486024903170757128e+01 2.496105148908020510e+01
2.492133730960594207e+01 2.474708125031674655e+01 2.316895075362741707e+01 2.482580757641124336e+01 2.491851621376712700e+01
2.486366162663609813e+01 2.469131289559053499e+01 2.316213403885954136e+01 2.478503662804826746e+01 2.486965900262237028e+01
2.480096638281502308e+01 2.463077905965690917e+01 2.315099945235589018e+01 2.473857372177181446e+01 2.481516958749005752e+01
2.473397134326831548e+01 2.456615154663776224e+01 2.313575501916688282e+01 2.468702060422715405e+01 2.475569664114334500e+01
2.466331376505999984e+01 2.449803025559042524e+01 2.311663112436794520e+01 2.463093785394958601e+01 2.469184236286692524e+01
2.458955196787723452e+01 2.442694362204697356e+01 2.309387414848729847e+01 2.457084179748068919e+01 2.462415944224711239e+01
2.451317087805630379e+01 2.435335190825913898e+01 2.306773992971328013e+01 2.450720348308499297e+01 2.455314991247124112e+01
2.443458871328418880e+01 2.427765262181630135e+01 2.303848785882114214e+01 2.444044917628774982e+01 2.447926556129278097e+01
2.435416401701383649e+01 2.420018673967585698e+01 2.300637549432962814e+01 2.437096192948076379e+01 2.440290952275356773e+01
2.427220272106336907e+01 2.412124522473542498e+01 2.297165445237434511e+01 2.429908397828473099e+01 2.432443879170815393e+01
2.418896488190854299e+01 2.404107541020264449e+01 2.293456659215080506e+01 2.422511957482444700e+01 2.424416736198883271e+01
2.410467092512173082e+01 2.395988694519980555e+01 2.289534142998893884e+01 2.414933808748077482e+01 2.416236971159654345e+01
2.401950726371043032e+01 2.387785719537407658e+01 2.285419429557665794e+01 2.407197714117866383e+01 2.407928446381123422e+01
2.393363126893365234e+01 2.379513601071569440e+01 2.281132527718126823e+01 2.399324577584450324e+01 2.399511806878462750e+01
2.384717562978305594e+01 2.371184992566036698e+01 2.276691872868807920e+01 2.391332748522461671e+01 2.391004836753589302e+01
2.376025214585532908e+01 2.362810575348231268e+01 2.272114325402003487e+01 2.383238305003455437e+01 2.382422804054095522e+01
2.367295498512606855e+01 2.354399366909281355e+01 2.267415211529769437e+01 2.375055313158827985e+01 2.373778776499547050e+01
2.358536349385785158e+01 2.345958984840099859e+01 2.262608392400140644e+01 2.366796063096894542e+01 2.365083907942540264e+01
2.349754452626972423e+01 2.337495867608207689e+01 2.257706344742964788e+01 2.358471284953688851e+01 2.356347698807332591e+01
2.340955444092621818e+01 2.329015462158752214e+01 2.252720260385899920e+01 2.350090341681158890e+01 2.347578225914843841e+01
2.332144078685250221e+01 2.320522381928407896e+01 2.247660156803586418e+01 2.341661401320409297e+01 2.338782354967485233e+01
2.323324371992946169e+01 2.312020536065595167e+01 2.242534963814680182e+01 2.333191588667327920e+01 2.329965909374106658e+01
2.314499719038225578e+01 2.303513243816962586e+01 2.237352624684735858e+01 2.324687118519434748e+01 2.321133829168971374e+01
2.305672993675704063e+01 2.295003330882372694e+01 2.232120197749188506e+01 2.316153413012756346e+01 2.312290305307223903e+01
2.296846631898936053e+01 2.286493203944159802e+01 2.226843948068096068e+01 2.307595204462218419e+01 2.303438892728243204e+01
2.288022701494852384e+01 2.277984913176928572e+01 2.221529449257902655e+01 2.299016625198606434e+01 2.294582612757129780e+01
2.279202960423251767e+01 2.269480207457090515e+01 2.216181650240157452e+01 2.290421285774231919e+01 2.285724030023847675e+01
2.270388905694100501e+01 2.260980582045494103e+01 2.210804932851803883e+01 2.281812342946070515e+01 2.276865325024239795e+01
2.261581814289679571e+01 2.252487318345261968e+01 2.205403178975838330e+01 2.273192558602903190e+01 2.268008354590701359e+01
2.252782777352779320e+01 2.244001516506363103e+01 2.199979827478125216e+01 2.264564351672049725e+01 2.259154701486255945e+01
2.243992729187379354e+01 2.235524122071607067e+01 2.194537928460832177e+01 2.255929842176036715e+01 2.250305718802042065e+01
2.235212471105467458e+01 2.227055948865096724e+01 2.189080190721258035e+01 2.247290890071993985e+01 2.241462563294399146e+01
2.226442691724838241e+01 2.218597698132407103e+01 2.183609019644241300e+01 2.238649128887347217e+01 2.232626225883807081e+01
2.217683984065690694e+01 2.210149975575073356e+01 2.178126552052225762e+01 2.230005994825064519e+01 2.223797557588105889e+01
2.208936859051322443e+01 2.201713305465386838e+01 2.172634687972918144e+01 2.221362752027237164e+01 2.214977290556437950e+01
2.200201759223348930e+01 2.193288142301594235e+01 2.167135116748045576e+01 2.212720514506484193e+01 2.206166056680953957e+01
2.191479065513742341e+01 2.184874880718393442e+01 2.161629342752383209e+01 2.204080265186020426e+01 2.197364402013417717e+01
2.182769115651232283e+01 2.176473863847354551e+01 2.156118707292434422e+01 2.195442872334853135e+01 2.188572799443249295e+01
2.174072197618746927e+01 2.168085389922325490e+01 2.150604407139274343e+01 2.186809102409999284e+01 2.179791659797244563e+01
2.165388568221552745e+01 2.159709720613307837e+01 2.145087511867160046e+01 2.178179636734351021e+01 2.171021340820172085e+01
2.156718448678826405e+01 2.151347084350938133e+01 2.139568977185869514e+01 2.169555077681058819e+01 2.162262155058999369e+01
2.148062032817658817e+01 2.142997682186481256e+01 2.134049658178848929e+01 2.160935963254516068e+01 2.153514376220635995e+01
2.139419492216990548e+01 2.134661692245192555e+01 2.128530320951868404e+01 2.152322772571657339e+01 2.144778244547022439e+01
2.130790977065401393e+01 2.126339268616505862e+01 2.123011652495360480e+01 2.143715929150978283e+01 2.136053971688068742e+01
2.122176620948449965e+01 2.118030550349599395e+01 2.117494269973781584e+01 2.135115815483434787e+01 2.127341744650449940e+01
2.113576543114076500e+01 2.109735657657416397e+01 2.111978727856760329e+01 2.126522768884914072e+01 2.118641729242015614e+01
2.104990849001443110e+01 2.101454698508003105e+01 2.106465524952648494e+01 2.117937093475708465e+01 2.109954072972244532e+01
2.096419634202355553e+01 2.093187768662386361e+01 2.100955110517201518e+01 2.109359061705788463e+01 2.101278907250774708e+01
2.087862983384748716e+01 2.084934953396071577e+01 2.095447888519193214e+01 2.100788917989846283e+01 2.092616349572277912e+01
2.079320973137867767e+01 2.076696330155682091e+01 2.089944225609881556e+01 2.092226884384800201e+01 2.083966506035270783e+01
2.070793672706437860e+01 2.068471967588628146e+01 2.084444449661028287e+01 2.083673159786064133e+01 2.075329472022550448e+01
2.062281144712926206e+01 2.060261928525802944e+01 2.078948862907033046e+01 2.075127925382819782e+01 2.066705334675891947e+01
2.053783446514426458e+01 2.052066269152074085e+01 2.073457732901639972e+01 2.066591344827176968e+01 2.058094172849743231e+01
2.045300630574947576e+01 2.043885040724594404e+01 2.067971308653724449e+01 2.058063566607480865e+01 2.049496058640431784e+01
2.036832745029052205e+01 2.035718289976268736e+01 2.062489810051686945e+01 2.049544726601413558e+01 2.040911058183451487e+01
2.028379834663120818e+01 2.027566059526544961e+01 2.057013441139290677e+01 2.041034948301970076e+01 2.032339231843500826e+01
2.019941940692334370e+01 2.019428388798010232e+01 2.051542383840546435e+01 2.032534345242347484e+01 2.023780635841860587e+01
2.011519101531839127e+01 2.011305314040488668e+01 2.046076805680691990e+01 2.024043021637215745e+01 2.015235321927345780e+01
2.003111353151061280e+01 2.003196869008533199e+01 2.040616857851085442e+01 2.015561073256409941e+01 2.006703338775066570e+01
1.994718729685351377e+01 1.995103085144597443e+01 2.035162679193518898e+01 2.007088589065190476e+01 1.998184731618269083e+01
1.986341262507201932e+01 1.987023991762176678e+01 2.029714395635890511e+01 1.998625650983883517e+01 1.989679543504189851e+01
1.977978982911614381e+01 1.978959616524600662e+01 2.024272123096009324e+01 1.990172335463479669e+01 1.981187814621639021e+01
1.969631919212562821e+01 1.970909985258901642e+01 2.018835966699978357e+01 1.981728713605932768e+01 1.972709583531214861e+01
1.961300099407818465e+01 1.962875122912705450e+01 2.013406023379110010e+01 1.973294851473115230e+01 1.964244886537382939e+01
1.952983550557829062e+01 1.954855052713545405e+01 2.007982381172251607e+01 1.964870811753891999e+01 1.955793758583742914e+01
1.944682297608425969e+01 1.946849797183407560e+01 2.002565121168287021e+01 1.956456653311488125e+01 1.947356232997740122e+01
1.936396365923141971e+01 1.938859378493172869e+01 1.997154317380882205e+01 1.948052430766103882e+01 1.938932341941843163e+01
1.928125779160097508e+01 1.930883816607812875e+01 1.991750037852925814e+01 1.939658198210023343e+01 1.930522116464580762e+01
1.919870560790879921e+01 1.922923132375083810e+01 1.986352345058456237e+01 1.931274004627896446e+01 1.922125586638218309e+01
1.911630733631411161e+01 1.914977345349986138e+01 1.980961295893478180e+01 1.922899898077146474e+01 1.913742781772097246e+01
1.903406319920416934e+01 1.907046474153278481e+01 1.975576943183580170e+01 1.914535925329967014e+01 1.905373730338265403e+01
1.895197341679573810e+01 1.899130537757592663e+01 1.970199336407422663e+01 1.906182128753880534e+01 1.897018460301368137e+01
1.887003820354510353e+01 1.891229554017491310e+01 1.964828518351767528e+01 1.897838551543993191e+01 1.888676998942021612e+01
1.878825777366055050e+01 1.883343540819559436e+01 1.959464531539334331e+01 1.889505234291723212e+01 1.880349373157173432e+01
1.870663233760566868e+01 1.875472515698697151e+01 1.954107415503102274e+01 1.881182216027897880e+01 1.872035609350470509e+01
1.862516210307092379e+01 1.867616495837467383e+01 1.948757202494079266e+01 1.872869535307894040e+01 1.863735733612780265e+01
1.854384727817501144e+01 1.859775498367021029e+01 1.943413926961621385e+01 1.864567229067128551e+01 1.855449771670360803e+01
1.846268806673083063e+01 1.851949540147589701e+01 1.938077619800135309e+01 1.856275333800874705e+01 1.847177749117340539e+01
1.838168467372312165e+01 1.844138637950779724e+01 1.932748306624758783e+01 1.847993885107897682e+01 1.838919691244058896e+01
1.830083730213779347e+01 1.836342808535967563e+01 1.927426014326034931e+01 1.839722917732987995e+01 1.830675623148173869e+01
1.822014615418508399e+01 1.828562068344562164e+01 1.922110766824059880e+01 1.831462466283374724e+01 1.822445570042667384e+01
1.813961143212116767e+01 1.820796433999903385e+01 1.916802585130691128e+01 1.823212564394392032e+01 1.814229556726434822e+01
1.805923333747209369e+01 1.813045921971485797e+01 1.911501489973972667e+01 1.814973245516653932e+01 1.806027608079811131e+01
1.797901207215688757e+01 1.805310548620926880e+01 1.906207500128991583e+01 1.806744542854260516e+01 1.797839749100457141e+01
1.789894783785236498e+01 1.797590330422974603e+01 1.900920632736072236e+01 1.798526488838093940e+01 1.789666004374657504e+01
1.781904083665181560e+01 1.789885283735522847e+01 1.895640904191210652e+01 1.790319116074901729e+01 1.781506398809784741e+01
1.773929127116063142e+01 1.782195424974477405e+01 1.890368329491429478e+01 1.782122456744023253e+01 1.773360957264260307e+01
1.765969934394899354e+01 1.774520770568480188e+01 1.885102922385574686e+01 1.773936542807060590e+01 1.765229704487255091e+01
1.758026525877714619e+01 1.766861336951799899e+01 1.879844696208994037e+01 1.765761406225912111e+01 1.757112665428016030e+01
1.750098921951351016e+01 1.759217140624643250e+01 1.874593662968434415e+01 1.757597078731956231e+01 1.749009865057021784e+01
1.742187143100278490e+01 1.751588198111656069e+01 1.869349833720891851e+01 1.749443592109192025e+01 1.740921328398907164e+01
1.734291209888941054e+01 1.743974525996015856e+01 1.864113219282667444e+01 1.741300978082951190e+01 1.732847080625242597e+01
1.726411142948229127e+01 1.736376140940284429e+01 1.858883829263422527e+01 1.733169268333508484e+01 1.724787146989176279e+01
1.718546963022808782e+01 1.728793059622595507e+01 1.853661672653541359e+01 1.725048494680363476e+01 1.716741552854350772e+01
1.710698690938033906e+01 1.721225298838359663e+01 1.848446758095689546e+01 1.716938688887930553e+01 1.708710323762527139e+01
1.702866347634840238e+01 1.713672875435269916e+01 1.843239093348306312e+01 1.708839882855463799e+01 1.700693485339906985e+01
1.695049954158021777e+01 1.706135806320405024e+01 1.838038685749314993e+01 1.700752108606685553e+01 1.692691063378590499e+01
1.687249531659922752e+01 1.698614108507868181e+01 1.832845542219424573e+01 1.692675398180579549e+01 1.684703083858081030e+01
1.679465101420957396e+01 1.691107799071309614e+01 1.827659669065144854e+01 1.684609783850164177e+01 1.676729572853239958e+01
1.671696684823579204e+01 1.683616895180014339e+01 1.822481072292189452e+01 1.676555297989510152e+01 1.668770556656398441e+01
1.663944303388558765e+01 1.676141414091397053e+01 1.817309757537478632e+01 1.668511973129032455e+01 1.660826061728467096e+01
1.656207978754024523e+01 1.668681373146428726e+01 1.812145729679011552e+01 1.660479842014533247e+01 1.652896114681210804e+01
1.648487732682916374e+01 1.661236789787005819e+01 1.806988993732126048e+01 1.652458937544589546e+01 1.644980742341239477e+01
1.640783587075418026e+01 1.653807681543989361e+01 1.801839554349433570e+01 1.644449292860194589e+01 1.637079971717735205e+01
1.633095563954919172e+01 1.646394066045153792e+01 1.796697416000215952e+01 1.636450941310804552e+01 1.629193830008098232e+01
1.625423685485926839e+01 1.638995961021512571e+01 1.791562582634950118e+01 1.628463916462028394e+01 1.621322344624622858e+01
1.617767973964949135e+01 1.631613384291497582e+01 1.786435057115340896e+01 1.620488252151240971e+01 1.613465543178903516e+01
1.610128451826331286e+01 1.624246353784593921e+01 1.781314843674632797e+01 1.612523982438838033e+01 1.605623453489091546e+01
1.602505141644709852e+01 1.616894887526822799e+01 1.776201945878376520e+01 1.604571141661480382e+01 1.597796103600198769e+01
1.594898066127918490e+01 1.609559003641770047e+01 1.771096367241639058e+01 1.596629764432837462e+01 1.589983521763305063e+01
1.587307248135219240e+01 1.602238720362087321e+01 1.765998109994954390e+01 1.588699885621267782e+01 1.582185736453927127e+01
1.579732710669538953e+01 1.594934056017884494e+01 1.760907176384825945e+01 1.580781540407837582e+01 1.574402776381404401e+01
1.572174476867421689e+01 1.587645029045350853e+01 1.755823569767873948e+01 1.572874764256528479e+01 1.566634670468869395e+01
1.564632570006997803e+01 1.580371657985134703e+01 1.750747292831464463e+01 1.564979592932487229e+01 1.558881447881057447e+01
1.557107013532425555e+01 1.573113961479874767e+01 1.745678348224539889e+01 1.557096062521531543e+01 1.551143138017532941e+01
1.549597831031743489e+01 1.565871958279974585e+01 1.740616736978800816e+01 1.549224209414811604e+01 1.543419770507030364e+01
1.542105046208620500e+01 1.558645667237331089e+01 1.735562461525005773e+01 1.541364070339533221e+01 1.535711375226967235e+01
1.534628682940643785e+01 1.551435107309712258e+01 1.730515524036752240e+01 1.533515682348076226e+01 1.528017982295624932e+01
1.527168765257827054e+01 1.544240297564221365e+01 1.725475926435274587e+01 1.525679082823926258e+01 1.520339622073840324e+01
1.519725317334562753e+01 1.537061257174494600e+01 1.720443670503675904e+01 1.517854309512509481e+01 1.512676325175826086e+01
1.512298363464729967e+01 1.529898005409307338e+01 1.715418757370326119e+01 1.510041400511828513e+01 1.505028122464559104e+01
1.504887928126769125e+01 1.522750561647455925e+01 1.710401188862000410e+01 1.502240394258530287e+01 1.497395045054768126e+01
1.497494035937782009e+01 1.515618945382773575e+01 1.705390966447030365e+01 1.494451329545232099e+01 1.489777124321030577e+01
1.490116711660498439e+01 1.508503176213135610e+01 1.700388091527545953e+01 1.486674245573871822e+01 1.482174391892579735e+01
1.482755980200293955e+01 1.501403273825516749e+01 1.695392565410356056e+01 1.478909181914644755e+01 1.474586879659202232e+01
1.475411866624416213e+01 1.494319258018384922e+01 1.690404389316445233e+01 1.471156178483471066e+01 1.467014619775831541e+01
1.468084396145951231e+01 1.487251148707009030e+01 1.685423564500295512e+01 1.463415275586705100e+01 1.459457644657826236e+01
1.460773594123918606e+01 1.480198965907065300e+01 1.680450092144578278e+01 1.455686513962744577e+01 1.451915986989600249e+01
1.453479486068683890e+01 1.473162729725076403e+01 1.675483973401910376e+01 1.447969934734946662e+01 1.444389679724498698e+01
1.446202097643219986e+01 1.466142460376318191e+01 1.670525209126855870e+01 1.440265579398127471e+01 1.436878756080775865e+01
1.438941454659752317e+01 1.459138178188194068e+01 1.665573800347359423e+01 1.432573489868910244e+01 1.429383249555540480e+01
1.431697583071438018e+01 1.452149903587202573e+01 1.660629748174198639e+01 1.424893708495653932e+01 1.421903193919570896e+01
1.424470508990462925e+01 1.445177657095499058e+01 1.655693053633704181e+01 1.417226278037100151e+01 1.414438623221341196e+01
1.417260258676229512e+01 1.438221459339792574e+01 1.650763717757796201e+01 1.409571241663939034e+01 1.406989571774714598e+01
1.410066858535566858e+01 1.431281331052552197e+01 1.645841741592965590e+01 1.401928642984786677e+01 1.399556074185998789e+01
1.402890335116056519e+01 1.424357293065358299e+01 1.640927126209256670e+01 1.394298526045806952e+01 1.392138165344024614e+01
1.395730715124263099e+01 1.417449366306550829e+01 1.636019872002108855e+01 1.386680935331205333e+01 1.384735880421131604e+01
1.388588025411391769e+01 1.410557571805903976e+01 1.631119979208838444e+01 1.379075915771509386e+01 1.377349254861935535e+01
1.381462292971820460e+01 1.403681930694906654e+01 1.626227449404688841e+01 1.371483512748229217e+01 1.369978324401339442e+01
1.374353544945076600e+01 1.396822464202988101e+01 1.621342283522760397e+01 1.363903772099658340e+01 1.362623125073811003e+01
1.367261808622908781e+01 1.389979193653018008e+01 1.616464482523670299e+01 1.356336740126314488e+01 1.355283693199363171e+01
1.360187111440754215e+01 1.383152140467157309e+01 1.611594047402696361e+01 1.348782463594908343e+01 1.347960065383146144e+01
1.353129480973122334e+01 1.376341326167040080e+01 1.606730979196922249e+01 1.341240989746361478e+01 1.340652278515081619e+01
1.346088944943435983e+01 1.369546772369215759e+01 1.601875278626718213e+01 1.333712366299524987e+01 1.333360369796536737e+01
1.339065531219469385e+01 1.362768500779311687e+01 1.597026944799624104e+01 1.326196641456773406e+01 1.326084376718311830e+01
1.332059267811128400e+01 1.356006533199648700e+01 1.592185979795831763e+01 1.318693863905016350e+01 1.318824337066964958e+01
1.325070182864348745e+01 1.349260891529281992e+01 1.587352384480955791e+01 1.311204082829933704e+01 1.311580288916963788e+01
1.318098304674093946e+01 1.342531597758322803e+01 1.582526159740706362e+01 1.303727347914955992e+01 1.304352270656786139e+01
1.311143661673966143e+01 1.335818673962563707e+01 1.577707306484691152e+01 1.296263709348155935e+01 1.297140320971123018e+01
1.304206282435460906e+01 1.329122142310784227e+01 1.572895825650218882e+01 1.288813217827321544e+01 1.289944478847426268e+01
1.297286195665566311e+01 1.322442025064442461e+01 1.568091718206101604e+01 1.281375924565876190e+01 1.282764783567224320e+01
1.290383430215475968e+01 1.315778344572171044e+01 1.563294983662270532e+01 1.273951881297782585e+01 1.275601274727650036e+01
1.283498015071685394e+01 1.309131123265098928e+01 1.558505623523842409e+01 1.266541140283870348e+01 1.268453992228859128e+01
1.276629979351779198e+01 1.302500383662980532e+01 1.553723638717227118e+01 1.259143754321099173e+01 1.261322976278475316e+01
1.269779352309871534e+01 1.295886148373538305e+01 1.548949030079327116e+01 1.251759776738132501e+01 1.254208267384430009e+01
1.262946163337027095e+01 1.289288440087630327e+01 1.544181798457993438e+01 1.244389261408311143e+01 1.247109906369296617e+01
1.256130441956008070e+01 1.282707281574367286e+01 1.539421944713560997e+01 1.237032262755013967e+01 1.240027934368265505e+01
1.249332217812430734e+01 1.276142695686981199e+01 1.534669469720381940e+01 1.229688835761034760e+01 1.232962392826657094e+01
1.242551520691215217e+01 1.269594705361894960e+01 1.529924374111300978e+01 1.222359035961745910e+01 1.225913323496052421e+01
1.235788380504064676e+01 1.263063333614022632e+01 1.525186658725444744e+01 1.215042919460646154e+01 1.218880768439776396e+01
1.229042827289017836e+01 1.256548603531108199e+01 1.520456324524588432e+01 1.207740542934583772e+01 1.211864770043674788e+01
1.222314891204251808e+01 1.250050538280316204e+01 1.515733372380826971e+01 1.200451963641180875e+01 1.204865371005307040e+01
1.215604602541072587e+01 1.243569161107022225e+01 1.511017803177904284e+01 1.193177239415081736e+01 1.197882614334769968e+01
1.208911991711774014e+01 1.237104495329715448e+01 1.506309617812162394e+01 1.185916428681787593e+01 1.190916543350113521e+01
1.202237089246838941e+01 1.230656564333722791e+01 1.501608817193492129e+01 1.178669590463668371e+01 1.183967201700250627e+01
1.195579925795618337e+01 1.224225391578557876e+01 1.496915402262159311e+01 1.171436784385610785e+01 1.177034633347138204e+01
1.188940532131597472e+01 1.217811000596385007e+01 1.492229373983116325e+01 1.164218070674398042e+01 1.170118882570689323e+01
1.182318939143718417e+01 1.211413414986524728e+01 1.487550733301395844e+01 1.157013510170657788e+01 1.163219993955508791e+01
1.175715177820390522e+01 1.205032658408888580e+01 1.482879481198397897e+01 1.149823164336086556e+01 1.156338012423391071e+01
1.169129279278091005e+01 1.198668754591654739e+01 1.478215618674906651e+01 1.142647095257374978e+01 1.149472983210271337e+01
1.162561274746569850e+01 1.192321727329392722e+01 1.473559146752104354e+01 1.135485365647661737e+01 1.142624951873086481e+01
