4.591032771454011119e+00
2.200557351949782969e+00
3.520502154007471685e+00
3.894250802119376131e-01
6.668030443459874945e+00
1.474858518158749687e+00
3.925380835452943806e+00
1.301493307927763743e+00
1.512663054310255895e+01
3.313046041028017807e+00
9.006907071553861499e+00
1.298142356146217313e+00
6.110950800261302440e+00
2.624622252509337006e+00
2.378882908555090658e+00
5.328041441987959627e-03
8.141525446068458363e-03
1.428305089213691668e-02
2.587043999161112717e-01
7.954644484951817196e-02
4.072910043705300215e-02
4.775382795395551050e-02
9.070958219674293832e-02
1.702457088523112033e-02
4.992378864371525893e+00
1.524227125694892215e-02
1.226844657524331694e+01
2.749744105584409404e+00
1.300880190779986911e+01
1.596247230284907115e+00
2.768043119788739584e-02
3.335707771852262915e-02
1.645110231469670481e+01
1.395150290210827571e+01
4.808353532627659632e+00
2.322847221497863934e+00
3.026700027801122239e+00
3.811152806122851122e-01
9.317976209391817810e-02
1.783438979554201609e-01
