1.358876087387660547e+01
3.608766834396452960e+00
3.784832096287236602e+00
1.217075302186008345e+00
4.879492512650612568e+00
2.251156708691161246e+00
5.057460523853752221e+00
9.193208950243030309e-01
1.695316117606834183e+01
2.745418968385033409e+00
4.347473637758997533e+00
1.722354219294990108e+00
2.230523788132051433e+00
2.981724532103318115e+00
1.323680292663350411e+00
1.440835474426454266e-01
9.931535471122672487e-02
1.369290577546572419e-03
2.010324277376756077e-02
3.820648554753511977e-02
4.581061552360683742e-02
4.466453065553246948e-02
3.477041309364671540e-02
4.065437772021265883e-02
4.740372004559200825e+00
5.106253797625150970e-01
7.321492850209168068e+00
3.411137652298638301e+00
7.714868861528509925e+00
4.157078526548329656e+00
3.021609775778021367e-01
1.857059368099668317e-01
3.290705294212930454e+01
6.039136055065326580e+00
3.060023046453865359e+00
1.696477898068514234e+00
3.212647083584167174e+00
1.121222774149377210e+00
3.397433575954678653e-01
2.368069354622902856e-01
