2.003091892297657495e+00 2.022138387365552070e+00 2.014382521650242897e+00 2.011052035775696467e+00 2.014980356699824782e+00
2.006436411042112233e+00 2.044559163292630544e+00 2.028961067207861291e+00 2.022306688840204369e+00 2.030265143998957189e+00
2.010013609990338068e+00 2.067243314617686512e+00 2.043726523334296719e+00 2.033748348130118622e+00 2.045821927952543806e+00
2.013806437855757636e+00 2.090174819765286962e+00 2.058671527032589488e+00 2.045363933121070232e+00 2.061623007357896054e+00
2.017800625239128287e+00 2.113340505420224336e+00 2.073790392599704102e+00 2.057142758249221881e+00 2.077645217463968574e+00
2.021984482734620947e+00 2.136729866388952903e+00 2.089079041537429848e+00 2.069076408430434721e+00 2.093869586807711514e+00
2.026348715097055830e+00 2.160334898792019676e+00 2.104534870314556994e+00 2.081158546715794699e+00 2.110281028953011617e+00
2.030886370890889747e+00 2.184150010528896679e+00 2.120156735041321294e+00 2.093384871918888113e+00 2.126868249548010681e+00
2.035592695113060291e+00 2.208171885218650932e+00 2.135944896482479649e+00 2.105752980808769159e+00 2.143623493608952657e+00
2.040464987112800888e+00 2.232399354199192221e+00 2.151900943855071358e+00 2.118262253647181126e+00 2.160542305574010946e+00
2.045502490050372657e+00 2.256833273807107521e+00 2.168027740261806446e+00 2.130913767645985057e+00 2.177623338967960009e+00
2.050706284578523331e+00 2.281476414953564458e+00 2.184329377194327293e+00 2.143710203951176396e+00 2.194868174553787910e+00
2.056079195678280680e+00 2.306333365821722658e+00 2.200811136999747397e+00 2.156655757999198286e+00 2.212281157481276850e+00
2.061625700529366334e+00 2.331410435724952546e+00 2.217479458282404448e+00 2.169756061799775093e+00 2.229869234652460896e+00
2.067351835137151816e+00 2.356715563516495582e+00 2.234341904328328798e+00 2.183018105997682312e+00 2.247641789117615918e+00
2.073265104522740820e+00 2.382258231934403003e+00 2.251407134655562636e+00 2.196450185539492672e+00 2.265610484496395127e+00
2.079374406748290660e+00 2.408049378588558831e+00 2.268684881954604826e+00 2.210061799230570667e+00 2.283789126337502751e+00
2.085689963503691846e+00 2.434101337609881011e+00 2.286185937765425447e+00 2.223863640947094211e+00 2.302193535344490893e+00
2.092223255717923447e+00 2.460427725727905024e+00 2.303922146982837482e+00 2.237867532924372238e+00 2.320841426387371786e+00
2.098986963213653745e+00 2.487043429155652685e+00 2.321906408183553872e+00 2.252086383740338427e+00 2.339752292598630046e+00
2.105994909919990832e+00 2.513964521718376588e+00 2.340152680764221227e+00 2.266534146055231513e+00 2.358947297085621120e+00
2.113262015707408459e+00 2.541208217875624786e+00 2.358676000399881012e+00 2.281225783527801365e+00 2.378449173713855558e+00
2.120804255283443851e+00 2.568792815114299355e+00 2.377492504191291989e+00 2.296177253888200376e+00 2.398282137012693660e+00
2.128638624154379766e+00 2.596737653128883050e+00 2.396619465465838594e+00 2.311405496822401595e+00 2.418471800689953266e+00
2.136783111813498781e+00 2.625063078800828009e+00 2.416075341690585354e+00 2.326928428290893525e+00 2.439045104709301803e+00
2.145256682776105261e+00 2.653790417736790364e+00 2.435879835899796397e+00 2.342764944742599997e+00 2.460030251603850804e+00
2.154079266486863986e+00 2.682941958281897854e+00 2.456053971988398921e+00 2.358934937953556243e+00 2.481456653142068092e+00
2.163271757495375258e+00 2.712540941071103440e+00 2.476620187424002584e+00 2.375459323436853509e+00 2.503354888597428385e+00
2.172856026269923468e+00 2.742611555949966640e+00 2.497602445581698305e+00 2.392360085742466058e+00 2.525756675988179545e+00
2.182854944217585302e+00 2.773178957016333879e+00 2.519026370866319198e+00 2.409660338739933572e+00 2.548694857992600316e+00
2.193292422889183690e+00 2.804269282235300587e+00 2.540919409923481531e+00 2.427384405713300275e+00 2.572203404899740420e+00
2.204193470987166670e+00 2.835909705331650876e+00 2.563311019540194913e+00 2.445557922682877194e+00 2.596317437617925883e+00
2.215584272215200379e+00 2.868128497622945527e+00 2.586232896032673700e+00 2.464207971037076561e+00 2.621073273889321875e+00
2.227492287963587447e+00 2.900955118657377430e+00 2.609719239661998813e+00 2.483363235012987058e+00 2.646508504646170490e+00
2.239946389793630033e+00 2.934420328765309449e+00 2.633807067478847408e+00 2.503054210965343529e+00 2.672662104472782296e+00
2.252977027936291954e+00 2.968556346654146694e+00 2.658536579590330629e+00 2.523313455231575020e+00 2.699574585279334471e+00
2.266616443619018373e+00 3.003397051632197723e+00 2.683951589537111548e+00 2.544175891025027614e+00 2.727288203087808505e+00
2.280898935063262911e+00 3.038978234789301958e+00 2.710100030662922155e+00 2.565679184160355675e+00 2.755847230759869593e+00
2.295861189551346992e+00 3.075337925905459180e+00 2.737034532859630609e+00 2.587864206529093547e+00 2.785298313337949860e+00
2.311542697662527068e+00 3.112516766067851215e+00 2.764813115873892446e+00 2.610775592202674300e+00 2.815690928658039383e+00
2.327986269234639138e+00 3.150558549383725815e+00 2.793499981107457231e+00 2.634462427362701309e+00 2.847077977412507011e+00
2.345238678327158155e+00 3.189510841999033008e+00 2.823166427176100779e+00 2.658979104388326853e+00 2.879516540445469008e+00
2.363351466437019432e+00 3.229425790012198760e+00 2.853891901751196336e+00 2.684386356368668736e+00 2.913068848133915090e+00
2.382381947630098917e+00 3.270361059541000870e+00 2.885765197599841070e+00 2.710752533928006525e+00 2.947803520528494037e+00
2.402394478876967998e+00 3.312381045589163797e+00 2.918885798305002499e+00 2.738155176735494134e+00 2.983797153698770632e+00
2.423462053175764908e+00 3.355558542488430440e+00 2.953365344589419017e+00 2.766682974331331479e+00 3.021136349528221299e+00
2.445668314811762389e+00 3.399976661550256463e+00 2.989329220108352558e+00 2.796437943031703011e+00 3.059920313560008598e+00
2.469110112665411805e+00 3.445731167710012866e+00 3.026918177691520384e+00 2.827538739391119993e+00 3.100264178350705002e+00
2.493900660785688395e+00 3.492933470412527441e+00 3.066289863812850403e+00 2.860124049265629687e+00 3.142303102546959881e+00
2.520173774177093318e+00 3.541714393978711684e+00 3.107620097001089210e+00 2.894356873437232025e+00 3.186198029448877200e+00
2.548089172091025478e+00 3.592228811732954163e+00 3.151103526014108258e+00 2.930429764599259190e+00 3.232142305214347200e+00
2.577838826873718681e+00 3.644661283042044619e+00 3.196953078409229931e+00 2.968570967152992957e+00 3.280370113094983164e+00
2.609655157940318659e+00 3.699232738343940952e+00 3.245397937629690421e+00 3.009051213330698360e+00 3.331166911234811678e+00
2.643821000788340925e+00 3.756208719358073544e+00 3.296678976756287849e+00 3.052190703326218557e+00 3.384881562442390024e+00
2.680680916175124384e+00 3.815908132869546332e+00 3.351040935297149304e+00 3.098365212880864750e+00 3.441939312394154626e+00
2.720652978996835003e+00 3.878712290000350116e+00 3.408720222460150939e+00 3.148009068640480468e+00 3.502853442820167640e+00
2.764238530681882633e+00 3.945072728461375799e+00 3.469928643472961038e+00 3.201610347008153834e+00 3.568230749865553886e+00
2.812023269915841617e+00 4.015514401096032415e+00 3.534834245684048248e+00 3.259693614524706629e+00 3.638760708046531622e+00
2.864660090178157148e+00 4.090628257799616918e+00 3.603540670824095571e+00 3.322782092373491647e+00 3.715175947589073768e+00
2.922817800404855060e+00 4.171046308938726632e+00 3.676069656687091847e+00 3.391332982227053705e+00 3.798166657631025789e+00
2.987080210553259452e+00 4.257389301024496753e+00 3.752351020343280830e+00 3.465652121927787821e+00 3.888244144144385572e+00
3.057801619212305422e+00 4.350182410389239251e+00 3.832223573654518489e+00 3.545806365790508341e+00 3.985584429418215890e+00
3.134960064704365834e+00 4.449748489638204241e+00 3.915447756815642055e+00 3.631570326092696366e+00 4.089918907928247194e+00
3.218091784561209145e+00 4.556109484901357476e+00 4.001727751993293225e+00 3.722440516248545883e+00 4.200549665920394915e+00
3.306366261023276021e+00 4.668944163250009716e+00 4.090737036855490061e+00 3.817718898439858233e+00 4.316498433244554178e+00
3.398772840530934758e+00 4.787630349907839644e+00 4.182143042729018489e+00 3.916631129465254713e+00 4.436711312634289861e+00
3.494317602971028780e+00 4.911361063169509933e+00 4.275626315829810231e+00 4.018432225693842952e+00 4.560222292183879311e+00
3.592148845866046436e+00 5.039282167977608751e+00 4.370892909227927170e+00 4.122471688039221149e+00 4.686232132108418824e+00
3.691597290349651672e+00 5.170600580595236195e+00 4.467680422898800963e+00 4.228216267984298504e+00 4.814116926189504042e+00
3.792161811092868984e+00 5.304641286615790818e+00 4.565759276807682454e+00 4.335245065810009457e+00 4.943401017826246857e+00
3.893473847022073997e+00 5.440860475401689378e+00 4.664930997514638022e+00 4.443231337565724637e+00 5.073720817398456262e+00
3.995261154489596844e+00 5.578833013139013808e+00 4.765024997827096875e+00 4.551921768584112016e+00 5.204792728540918567e+00
4.097318768835342517e+00 5.718230170342402552e+00 4.865894841142214489e+00 4.661118050844793359e+00 5.336389112442591731e+00
4.199487933478542878e+00 5.858796922065494961e+00 4.967414580497627519e+00 4.770662325062318132e+00 5.468321452094008883e+00
4.301641758690448292e+00 6.000332766708155852e+00 5.069475442822311884e+00 4.880426345825512158e+00 5.600429127808299157e+00
4.403675658322894648e+00 6.142676938548520482e+00 5.171982968802460334e+00 4.990303676714223258e+00 5.732572003658534143e+00
4.505501018954056747e+00 6.285697574207032901e+00 5.274854609638049752e+00 5.100204158202650717e+00 5.864625531179940232e+00
4.607041044181003464e+00 6.429283958024032408e+00 5.378017743399497341e+00 5.210049985470135425e+00 5.996477503445108326e+00
4.708228018117581293e+00 6.573341049533318881e+00 5.481408058384499959e+00 5.319772975640599810e+00 6.128025863814515084e+00
4.809001403648812456e+00 6.717785742839314622e+00 5.584968232566335899e+00 5.429312599065915457e+00 6.259177157550265491e+00
4.909306569920411256e+00 6.862544160155866990e+00 5.688646863085843997e+00 5.538614565961893277e+00 6.389845443392449198e+00
5.009093884661975693e+00 7.007549754720768576e+00 5.792397616345042799e+00 5.647629804649809238e+00 6.519951475580318956e+00
5.108318055757837151e+00 7.152741982472867299e+00 5.896178528493269511e+00 5.756313695420733012e+00 6.649422075011750977e+00
5.206937639838460363e+00 7.298065320682075807e+00 5.999951427431986062e+00 5.864625495190445292e+00 6.778189625520681716e+00
5.304914659787263176e+00 7.443468551800709321e+00 6.103681470467233972e+00 5.972527890146764662e+00 6.906191655837063514e+00
5.402214299505968320e+00 7.588904225634593992e+00 6.207336759909560797e+00 6.079986641429414362e+00 7.033370481503991911e+00
5.498804650749818279e+00 7.734328242110879437e+00 6.310888022914470596e+00 6.186970298141726943e+00 7.159672890394374711e+00
5.594656497925076799e+00 7.879699523760907987e+00 6.414308342743711755e+00 6.293449958517556730e+00 7.285049860882584660e+00
5.689743128958204998e+00 8.024979750161371328e+00 6.517572933721963224e+00 6.399399065041455614e+00 7.409456302541465256e+00
5.784040168294590778e+00 8.170133137731268036e+00 6.620658946427884217e+00 6.504793230459519293e+00 7.532850821507744321e+00
5.877525428013914421e+00 8.315126252252538208e+00 6.723545301349160397e+00 6.609610085579777028e+00 7.655195502094261251e+00
5.970178769465913859e+00 8.459927843205802489e+00 6.826212543419726941e+00 6.713829138947037478e+00 7.776455699441897629e+00
6.061981974737571832e+00 8.604508703447804052e+00 6.928642714959615034e+00 6.817431652142819765e+00 7.896599847078113577e+00
6.152918628953371716e+00 8.748841542571105023e+00 7.030819242839113414e+00 6.920400526833368815e+00 8.015599275924410350e+00
6.242974011085626884e+00 8.892900868880285969e+00 7.132726837707431322e+00 7.022720200368134158e+00 8.133428043849090017e+00
6.332134989716036166e+00 9.036662881245613121e+00 7.234351401898831746e+00 7.124376549001817160e+00 8.250062774195322746e+00
6.420389924991396491e+00 9.180105371545913329e+00 7.335679947934952594e+00 7.225356796840491924e+00 8.365482501900819656e+00
6.507728578005801623e+00 9.323207633540034678e+00 7.436700525295847797e+00 7.325649431920319365e+00 8.479668529624607487e+00
6.594142025652915073e+00 9.465950377977629060e+00 7.537402152249592646e+00 7.425244128691611323e+00 8.592604288622883502e+00
6.679622580007444022e+00 9.608315653207323948e+00 7.637774752298471803e+00 7.524131674928871583e+00 8.704275215630774554e+00
6.764163711618597752e+00 9.750286763770949605e+00 7.737809095641601687e+00 7.622303903535490477e+00 8.814668630575880570e+00
6.847759976103877655e+00 9.891848206540293731e+00 7.837496746039136930e+00 7.719753626297383597e+00 8.923773618072829095e+00
6.930406946309928706e+00 1.003298560354114777e+01 7.936830011157246290e+00 7.816474572303779844e+00 9.031580918727444285e+00
7.012101148404473072e+00 1.017368563824962457e+01 8.035801897131767291e+00 7.912461331149740928e+00 9.138082825343003535e+00
7.092840000915749066e+00 1.031393599651101844e+01 8.134406063600492232e+00 8.007709298678255649e+00 9.243273085665403954e+00
7.172621757706201251e+00 1.045372531080352552e+01 8.232636786421998920e+00 8.102214626200444414e+00 9.347146811324764215e+00
7.251445456232412212e+00 1.059304310630150070e+01 8.330488911417130993e+00 8.195974174776218035e+00 9.449700389750677942e+00
7.329310858202698675e+00 1.073187975074284495e+01 8.427957827922508471e+00 8.288985463048286206e+00 9.550931401819301669e+00
7.406218411379280830e+00 1.087022640659411188e+01 8.525039434323677057e+00 8.381246635965034386e+00 9.650838549892737817e+00
7.482169189626355355e+00 1.100807498836216958e+01 8.621730101149086778e+00 8.472756402935049280e+00 9.749421566800053895e+00
7.557164865758414507e+00 1.114541811894621404e+01 8.718026650993797588e+00 8.563514028753592910e+00 9.846681176495026833e+00
7.631207662262557534e+00 1.128224908921841418e+01 8.813926324677945345e+00 8.653519269589942553e+00 9.942618973955022810e+00
7.704300312839622578e+00 1.141856181997080988e+01 8.909426754517253855e+00 8.742772363888004605e+00 1.003723743957743864e+01
7.776446036850284571e+00 1.155435082679663950e+01 9.004525943470312654e+00 8.831273985434416218e+00 1.013053979682272931e+01
7.847648487250913796e+00 1.168961118563839818e+01 9.099222239921047617e+00 8.919025218072953010e+00 1.022253004139894550e+01
7.917911737565237473e+00 1.182433850011976517e+01 9.193514315295450601e+00 9.006027531244258810e+00 1.031321281747588614e+01
7.987240233205629814e+00 1.195852887149594146e+01 9.287401147171761906e+00 9.092282742193567913e+00 1.040259342476395688e+01
8.055638776000144219e+00 1.209217887062624008e+01 9.380881996870424899e+00 9.177793003652823245e+00 1.049067773035724116e+01
8.123112488168899858e+00 1.222528551270999309e+01 9.473956392596264209e+00 9.262560767590638733e+00 1.057747215359212944e+01
8.189666793436852998e+00 1.235784622221182971e+01 9.566624113301287480e+00 9.346588775241055913e+00 1.066298360278791790e+01
8.255307391659004068e+00 1.248985882515095902e+01 9.658885170628844108e+00 9.429880026756418232e+00 1.074721944933240358e+01
8.320040231974578759e+00 1.262132149791061941e+01 9.750739795057070225e+00 9.512437766877466672e+00 1.083018748561999978e+01
8.383871501164556150e+00 1.275223278483869294e+01 9.842188422195324193e+00 9.594265466837894607e+00 1.091189589217262501e+01
8.446807591360805390e+00 1.288259153279551406e+01 9.933231677472221577e+00 9.675366801086783042e+00 1.099235321148626099e+01
8.508855093491771271e+00 1.301239691758605233e+01 1.002387036533819575e+01 9.755745639628406352e+00 1.107156830712671258e+01
8.570020768642734765e+00 1.314164838485400644e+01 1.011410545708419484e+01 9.835406023072700066e+00 1.114955034966510361e+01
8.630311539982015390e+00 1.327034566626584322e+01 1.020393807822614995e+01 9.914352156773597713e+00 1.122630877035344454e+01
8.689734471202124055e+00 1.339848873603917845e+01 1.029336949963658121e+01 9.992588390066003967e+00 1.130185325439141764e+01
8.748296754510985096e+00 1.352607781690278266e+01 1.038240112710372998e+01 1.007011920841599384e+01 1.137619369748815146e+01
8.806005698234223189e+00 1.365311334593332582e+01 1.047103449081101623e+01 1.014694921938411554e+01 1.144934020606480907e+01
8.862868708561908448e+00 1.377959597803610059e+01 1.055927123817493118e+01 1.022308314019386977e+01 1.152130305231176166e+01
8.918893285175814256e+00 1.390552655487866573e+01 1.064711312488625872e+01 1.029852579111815203e+01 1.159209267731593584e+01
8.974087001447962564e+00 1.403090611215949401e+01 1.073456200619289902e+01 1.037328207961400928e+01 1.166171965258181586e+01
9.028457501477054947e+00 1.415573584752437597e+01 1.082161983107362779e+01 1.044735699739343104e+01 1.173019467993606213e+01
9.082012483524970037e+00 1.428001713052181998e+01 1.090828863442337138e+01 1.052075560590118819e+01 1.179752856081566925e+01
9.134759695398098955e+00 1.440375147294568592e+01 1.099457053060623934e+01 1.059348303252250290e+01 1.186373219191486861e+01
9.186706922806754605e+00 1.452694053481253178e+01 1.108046770870295994e+01 1.066554446003456924e+01 1.192881654269137037e+01
9.237861981638344488e+00 1.464958610223864888e+01 1.116598242195795088e+01 1.073694512031176451e+01 1.199279264718723681e+01
9.288232712275615199e+00 1.477169008810843920e+01 1.125111699175320723e+01 1.080769028887376493e+01 1.205567158863951427e+01
9.337826968028466013e+00 1.489325451514448595e+01 1.133587378757937358e+01 1.087778527517131621e+01 1.211746448791429032e+01
9.386652613854296945e+00 1.501428151702415903e+01 1.142025523843820878e+01 1.094723542106741121e+01 1.217818249499244132e+01
9.434717514782494874e+00 1.513477332213799365e+01 1.150426381777254292e+01 1.101604609104265720e+01 1.223783677360856537e+01
9.482029534537179671e+00 1.525473225446538272e+01 1.158790204064178120e+01 1.108422267057693844e+01 1.229643849923706966e+01
9.528596526492835395e+00 1.537416072036239356e+01 1.167117246781867124e+01 1.115177055860375788e+01 1.235399884067050991e+01
9.574426330967654053e+00 1.549306120795908370e+01 1.175407768856395663e+01 1.121869516461506144e+01 1.241052896179940923e+01
9.619526769401316457e+00 1.561143627668060319e+01 1.183662033148420711e+01 1.128500190407783066e+01 1.246604000410217417e+01
9.663905639541187753e+00 1.572928855528199676e+01 1.191880304857709483e+01 1.135069619354862525e+01 1.252054308828351381e+01
9.707570713096091097e+00 1.584662073363326229e+01 1.200062852140305836e+01 1.141578344895068220e+01 1.257404929940014604e+01
9.750529729115093858e+00 1.596343556021373011e+01 1.208209945249198469e+01 1.148026907968685428e+01 1.262656968793934098e+01
9.792790393664045467e+00 1.607973583532744755e+01 1.216321856444112193e+01 1.154415848796596045e+01 1.267811525747388579e+01
9.834360373568619806e+00 1.619552440845119889e+01 1.224398859865572042e+01 1.160745706368501295e+01 1.272869696497645009e+01
9.875247295856322438e+00 1.631080417267882510e+01 1.232441230877599203e+01 1.167017018327119438e+01 1.277832571105849979e+01
9.915458743136058573e+00 1.642557806189851632e+01 1.240449246536126360e+01 1.173230320622828415e+01 1.282701233920529482e+01
9.955002252094223181e+00 1.653984904639744613e+01 1.248423184528936325e+01 1.179386147288528264e+01 1.287476762869177449e+01
9.993885310942047795e+00 1.665362012980076400e+01 1.256363323847787861e+01 1.185485030290013064e+01 1.292160229249296677e+01
1.003211535663799658e+01 1.676689434568886483e+01 1.264269943939742902e+01 1.191527499206548946e+01 1.296752697289466205e+01
1.006969977548858353e+01 1.687967475441515219e+01 1.272143324833296241e+01 1.197514081275629572e+01 1.301255223795072347e+01
1.010664589629027432e+01 1.699196444048424581e+01 1.279983746982655646e+01 1.203445300788467165e+01 1.305668857974252539e+01
1.014296099245520288e+01 1.710376650940621701e+01 1.287791490916369774e+01 1.209321679370692948e+01 1.309994640936663579e+01
1.017865228237607056e+01 1.721508408565359716e+01 1.295566837447579012e+01 1.215143735716270079e+01 1.314233605748599842e+01
1.021372691794475607e+01 1.732592030962106122e+01 1.303310067082698964e+01 1.220911984844681264e+01 1.318386776848095643e+01
1.024819199833932437e+01 1.743627833607625632e+01 1.311021460377883407e+01 1.226626939390099480e+01 1.322455170211592623e+01
1.028205455883603925e+01 1.754616133121984944e+01 1.318701297394719418e+01 1.232289107963776509e+01 1.326439792814414176e+01
1.031532156728733440e+01 1.765557247157265763e+01 1.326349857888185824e+01 1.237898995665146273e+01 1.330341642790370038e+01
1.034799993887807723e+01 1.776451494113864271e+01 1.333967421130147102e+01 1.243457104770199884e+01 1.334161709039356403e+01
1.038009651559774937e+01 1.787299193064587755e+01 1.341554265699004667e+01 1.248963933157144623e+01 1.337900971408342166e+01
1.041161807772929393e+01 1.798100663484520467e+01 1.349110669633491533e+01 1.254419975310921487e+01 1.341560399978180484e+01
1.044257134349093086e+01 1.808856225201542145e+01 1.356636910052288947e+01 1.259825722102312895e+01 1.345140955566007079e+01
1.047296296104630109e+01 1.819566198142998559e+01 1.364133263403951801e+01 1.265181660237471206e+01 1.348643589607432069e+01
1.050279951509003595e+01 1.830230902306212215e+01 1.371600005093458563e+01 1.270488272799638629e+01 1.352069243057779602e+01
1.053208752369527978e+01 1.840850657522774725e+01 1.379037409639321687e+01 1.275746038799613125e+01 1.355418847984014263e+01
1.056083343619978976e+01 1.851425783445415973e+01 1.386445750524985776e+01 1.280955433181616243e+01 1.358693326703153481e+01
1.058904363803318560e+01 1.861956599372179610e+01 1.393825300114451160e+01 1.286116927092562356e+01 1.361893590864400316e+01
1.061672444438241669e+01 1.872443424225526698e+01 1.401176329720274438e+01 1.291230987343593206e+01 1.365020543330727065e+01
1.064388210400105983e+01 1.882886576183927474e+01 1.408499109384013792e+01 1.296298076774770536e+01 1.368075076755841124e+01
1.067052280141177611e+01 1.893286372923667926e+01 1.415793908039223581e+01 1.301318654279607046e+01 1.371058073608433681e+01
1.069665265020777234e+01 1.903643131539346456e+01 1.423060993268936691e+01 1.306293174355266373e+01 1.373970407187523435e+01
1.072227769904623251e+01 1.913957167837867246e+01 1.430300631432305991e+01 1.311222087581085205e+01 1.376812940501875993e+01
1.074740393015305351e+01 1.924228797028359850e+01 1.437513087548810020e+01 1.316105840343816169e+01 1.379586526728828311e+01
1.077203725731482464e+01 1.934458333732963453e+01 1.444698625274852688e+01 1.320944874791203816e+01 1.382292009629227714e+01
1.079618353016205390e+01 1.944646090846650210e+01 1.451857506934987541e+01 1.325739629123461860e+01 1.384930222770156938e+01
1.081984853059418050e+01 1.954792380516726880e+01 1.458989993399489649e+01 1.330490537216835101e+01 1.387501990038554922e+01
1.084303797468851194e+01 1.964897514132633916e+01 1.466096344184916411e+01 1.335198028859312203e+01 1.390008125836168773e+01
1.086575751397881007e+01 1.974961801329686395e+01 1.473176817309705555e+01 1.339862529768687160e+01 1.392449434534878527e+01
1.088801273335002584e+01 1.984985550747246208e+01 1.480231669385061899e+01 1.344484461420687715e+01 1.394826710991251595e+01
1.090980915340896473e+01 1.994969069995356747e+01 1.487261155531320256e+01 1.349064241249598162e+01 1.397140740824579375e+01
1.093115223051874274e+01 2.004912665035255515e+01 1.494265529388451696e+01 1.353602282573976723e+01 1.399392299679942298e+01
1.095204735585888223e+01 2.014816640586514040e+01 1.501245043126434986e+01 1.358098994550903882e+01 1.401582153937318687e+01
1.097249985801711247e+01 2.024681300082317392e+01 1.508199947382085426e+01 1.362554782384624730e+01 1.403711060724898196e+01
1.099251500159014583e+01 2.034506945355153817e+01 1.515130491324632267e+01 1.366970047107487929e+01 1.405779767600509267e+01
1.101209798816483953e+01 2.044293876841848245e+01 1.522036922569825457e+01 1.371345185742800510e+01 1.407789013018003565e+01
1.103125395799309771e+01 2.054042393725633886e+01 1.528919487278822054e+01 1.375680591361620486e+01 1.409739526290577949e+01
1.104998798841528185e+01 2.063752793393139129e+01 1.535778430039186482e+01 1.379976652953870797e+01 1.411632027484201402e+01
1.106830509585923394e+01 2.073425371792581728e+01 1.542613993892345725e+01 1.384233755586632597e+01 1.413467227727861442e+01
1.108621023624285407e+01 2.083060423519695448e+01 1.549426420394774162e+01 1.388452280390388616e+01 1.415245829167601066e+01
1.110370830459752156e+01 2.092658241373525385e+01 1.556215949644570173e+01 1.392632604532341745e+01 1.416968525007093049e+01
1.112080413668043377e+01 2.102219116642513441e+01 1.562982820046070387e+01 1.396775101340580605e+01 1.418635999747690590e+01
1.113750250885621185e+01 2.111743339219555082e+01 1.569727268491174854e+01 1.400880140238790439e+01 1.420248929099612489e+01
1.115380813866617338e+01 2.121231197183356088e+01 1.576449530625556150e+01 1.404948086815065800e+01 1.421807980103147173e+01
1.116972568593926063e+01 2.130682977060714833e+01 1.583149840280884568e+01 1.408979302880885776e+01 1.423313811355933112e+01
1.118525975256514293e+01 2.140098963881314731e+01 1.589828429820085454e+01 1.412974146429038313e+01 1.424767072873760476e+01
1.120041488358847559e+01 2.149479440914155504e+01 1.596485530174547129e+01 1.416932971721753454e+01 1.426168406303498060e+01
1.121519556780496707e+01 2.158824689825064524e+01 1.603121370846293914e+01 1.420856129311555449e+01 1.427518445079360099e+01
1.122960623790989665e+01 2.168134990752882985e+01 1.609736179676755796e+01 1.424743966038403897e+01 1.428817814331156200e+01
1.124365127153810029e+01 2.177410622074674862e+01 1.616330183064786752e+01 1.428596825111948831e+01 1.430067131091873378e+01
1.125733499161744611e+01 2.186651860545179460e+01 1.622903606045092317e+01 1.432415046103183087e+01 1.431267004399283671e+01
1.127066166688481985e+01 2.195858981371447882e+01 1.629456672048073429e+01 1.436198964986953541e+01 1.432418035296614711e+01
1.128363551274440013e+01 2.205032258006815127e+01 1.635989603071813292e+01 1.439948914196390639e+01 1.433520816985156010e+01
1.129626069153505341e+01 2.214171962274723882e+01 1.642502619668388419e+01 1.443665222618455246e+01 1.434575934908809991e+01
1.130854131329782675e+01 2.223278364446600008e+01 1.648995940945468064e+01 1.447348215652407610e+01 1.435583966811305601e+01
1.132048143635482340e+01 2.232351733056506049e+01 1.655469784535957345e+01 1.450998215240542777e+01 1.436545482848615052e+01
1.133208506780972513e+01 2.241392335009848580e+01 1.661924366643453155e+01 1.454615539886583342e+01 1.437461045671847515e+01
1.134335616419154746e+01 2.250400435643294728e+01 1.668359902115054183e+01 1.458200504710953815e+01 1.438331210510574465e+01
1.135429863201993150e+01 2.259376298598762745e+01 1.674776604304524597e+01 1.461753421464302249e+01 1.439156525263699216e+01
1.136491632838500188e+01 2.268320185890086194e+01 1.681174685180001660e+01 1.465274598561935271e+01 1.439937530586848702e+01
1.137521306153348455e+01 2.277232357957056763e+01 1.687554355339372592e+01 1.468764341120413874e+01 1.440674759981020792e+01
1.138519259119181370e+01 2.286113073582832911e+01 1.693915824004000470e+01 1.472222951004051339e+01 1.441368739872106275e+01
1.139485862937146621e+01 2.294962589932100983e+01 1.700259298988224899e+01 1.475650726835270632e+01 1.442019989706414229e+01
1.140421484114975215e+01 2.303781162598269461e+01 1.706584986756828570e+01 1.479047964029429174e+01 1.442629022037674957e+01
1.141326484493597171e+01 2.312569045552240610e+01 1.712893092469596823e+01 1.482414954835786780e+01 1.443196342592004200e+01
1.142201221302738290e+01 2.321326491162588113e+01 1.719183819896979415e+01 1.485751988398285661e+01 1.443722450383226708e+01
1.143046047226060402e+01 2.330053750240380950e+01 1.725457371496862535e+01 1.489059350750051181e+01 1.444207837784347603e+01
1.143861310474957982e+01 2.338751072004682641e+01 1.731713948420767224e+01 1.492337324840440616e+01 1.444652990559805517e+01
1.144647354826148877e+01 2.347418704093222530e+01 1.737953750516248164e+01 1.495586190593665243e+01 1.445058388059272581e+01
1.145404519639248875e+01 2.356056892604812703e+01 1.744176976327953099e+01 1.498806224928324404e+01 1.445424503234662517e+01
1.146133139925221300e+01 2.364665882077660086e+01 1.750383823123221205e+01 1.501997701794169870e+01 1.445751802743463799e+01
1.146833546497709833e+01 2.373245915493598446e+01 1.756574486910011501e+01 1.505160892207409162e+01 1.446040746864303017e+01
1.147506065929544405e+01 2.381797234317138034e+01 1.762749162425400939e+01 1.508296064278954951e+01 1.446291789825317409e+01
1.148151020585057758e+01 2.390320078484227651e+01 1.768908043163018107e+01 1.511403483221287658e+01 1.446505379853505779e+01
1.148768728663883110e+01 2.398814686402714358e+01 1.775051321385967640e+01 1.514483411400306068e+01 1.446681959166688181e+01
1.149359504414449518e+01 2.407281294997387988e+01 1.781179188133080871e+01 1.517536108399063366e+01 1.446821963991051518e+01
1.149923658037966412e+01 2.415720139692095358e+01 1.787291833227729043e+01 1.520561831008576448e+01 1.446925824617750678e+01
1.150461495729086003e+01 2.424131454403113750e+01 1.793389445295414930e+01 1.523560833233486456e+01 1.446993965833883600e+01
1.150973319682180041e+01 2.432515471570710019e+01 1.799472211780511088e+01 1.526533366338728648e+01 1.447026806672342047e+01
1.151459428381501837e+01 2.440872422164128608e+01 1.805540318942845701e+01 1.529479678951209820e+01 1.447024760562530865e+01
1.151920116443995390e+01 2.449202535779263101e+01 1.811593951880272968e+01 1.532400017013414661e+01 1.446988235046813109e+01
1.152355674710208788e+01 2.457506040449409213e+01 1.817633294539493960e+01 1.535294623821907933e+01 1.446917632678678345e+01
