2.979760562355863840e+01
3.213178012903567549e+01
6.980545384672129039e+00
2.378272783182201700e+00
2.035511078382284111e+01
6.183357350098400929e+00
3.637982341004629916e+00
9.703397345820025111e-01
5.802588553790998915e+00
2.648236538156308661e+00
5.956801983543728696e+00
2.382126542306210126e+00
1.602049079296408962e+01
8.966567750674640180e+00
1.960930602041225157e+00
1.452286548774576636e+00
5.183451071982327463e+00
1.644873243626925108e+00
3.279935989809066310e+00
2.712452753875334910e+00
3.998162074404186528e-02
1.235105553644111863e-02
1.683568827992098227e-01
1.212374845099389725e-01
3.743761863930305384e-02
1.945096128310523642e-02
4.037803101434851716e-02
2.242880404092400040e-02
2.713312048862559056e+00
1.113387977109208560e+00
9.705627184106415228e+00
1.459435821693899182e+00
8.343164231984456336e+00
3.008836625725370251e+00
2.257755459426817324e-01
9.361904087189328039e-02
3.478908752441979857e+01
8.470244939257144168e+00
3.812865910959090776e+00
1.761186756272340448e+00
