1.094486279877646240e+01 1.095549708397201094e+01 1.098818358557800146e+01 1.095813325410734329e+01 1.094473433445777211e+01
1.090557473556175516e+01 1.092690957861076129e+01 1.099076638052116017e+01 1.093257416010635552e+01 1.090529483246567111e+01
1.088210646537019421e+01 1.091417632671094040e+01 1.100771330004515747e+01 1.092320903046154257e+01 1.088165374494979432e+01
1.087442909653273304e+01 1.091723847817666737e+01 1.103899010745116094e+01 1.092992970821861221e+01 1.087378365145734271e+01
1.088251444981485605e+01 1.093603959305093376e+01 1.108456364670661998e+01 1.095263334165237268e+01 1.088165773224845267e+01
1.090633497880742731e+01 1.097052540847822222e+01 1.114440176158888995e+01 1.099122194637123329e+01 1.090524971009388366e+01
1.094586370135530018e+01 1.102064364130809260e+01 1.121847315980741655e+01 1.104560179298079881e+01 1.094453380036031120e+01
1.100107418371760382e+01 1.108634389097738904e+01 1.130674739649980687e+01 1.111568329777801445e+01 1.099948469926333061e+01
1.107194048841189016e+01 1.116757748948788453e+01 1.140919481701479476e+01 1.120138061598563795e+01 1.107007754507223041e+01
1.115843712544800148e+01 1.126429736717309815e+01 1.152578647992232241e+01 1.130261131959192156e+01 1.115628788235759394e+01
1.126053901591254558e+01 1.137645793018338658e+01 1.165649410097382699e+01 1.141929617729711488e+01 1.125809163517637046e+01
1.137822145750449288e+01 1.150401495613003000e+01 1.180129000650463489e+01 1.155135891950790850e+01 1.137546508205309514e+01
1.151146009433998962e+01 1.164692550579638919e+01 1.196014709245057084e+01 1.169872600909498139e+01 1.150838483406269219e+01
1.166023088637127003e+01 1.180514783529172718e+01 1.213303878371819700e+01 1.186132645686238973e+01 1.165682781267157964e+01
1.182451007677623522e+01 1.197864131579226843e+01 1.231993899371373047e+01 1.203909163013527284e+01 1.182077122629289256e+01
1.200427415954003685e+01 1.216736635855104964e+01 1.252082208202145353e+01 1.223195512622985959e+01 1.200019254822256976e+01
1.219949985102388901e+01 1.237128433625619905e+01 1.273566281558593971e+01 1.243985252127008145e+01 1.219506949666748952e+01
1.241016406088512092e+01 1.259035753023728077e+01 1.296443633207812773e+01 1.266272135571916557e+01 1.240538001544611291e+01
1.263624386242572228e+01 1.282454903115173472e+01 1.320711810543607889e+01 1.290050095760065929e+01 1.263110225433098499e+01
1.287771646172190998e+01 1.307382272107126475e+01 1.346368390980441632e+01 1.315313231917126835e+01 1.287221454880274152e+01
1.313455916503152743e+01 1.333814319428379136e+01 1.373410978276774941e+01 1.342055796698860171e+01 1.312869539901171478e+01
1.340674934415955555e+01 1.361747570390525119e+01 1.401837198670104101e+01 1.370272183968231161e+01 1.340052344773381776e+01
1.369426439938578000e+01 1.391178609094506946e+01 1.431644696760869451e+01 1.399956919627451590e+01 1.368767745695326532e+01
1.399708171921317046e+01 1.422104072806493846e+01 1.462831131133672891e+01 1.431104651456211485e+01 1.399013628244731677e+01
1.431517863589504458e+01 1.454520645035067972e+01 1.495394169584269584e+01 1.463710138474233879e+01 1.430787884556415079e+01
1.464853237557735177e+01 1.488425048943201467e+01 1.529331483831469818e+01 1.497768240029317433e+01 1.464088410131017959e+01
1.499712000182683269e+01 1.523814040087641253e+01 1.564640743561440139e+01 1.533273905012813998e+01 1.498913100177024127e+01
1.536091835098697089e+01 1.560684397914600297e+01 1.601319609584242443e+01 1.570222160601223393e+01 1.535259845366194931e+01
1.573990395839519607e+01 1.599032916040747665e+01 1.639365725900912452e+01 1.608608100680620367e+01 1.573126526846821882e+01
1.613405297162516305e+01 1.638856391351127684e+01 1.678776710396445537e+01 1.648426873259191083e+01 1.612511010314971927e+01
1.654334104948286921e+01 1.680151611909950304e+01 1.719550143809166443e+01 1.689673666708982935e+01 1.653411138888213827e+01
1.696774324254702293e+01 1.722915341204319262e+01 1.761683556791200900e+01 1.732343694406895196e+01 1.695824724468024769e+01
1.740723385117361843e+01 1.767144300416439151e+01 1.805174413803037936e+01 1.776432177184813455e+01 1.739749537256005851e+01
1.786178625563997713e+01 1.812835146279273246e+01 1.850020093876027261e+01 1.821934323812252643e+01 1.785183292758898688e+01
1.833137271166707194e+01 1.859984445750808035e+01 1.896217866894539483e+01 1.868845307279275048e+01 1.832123635796471817e+01
1.881596410272066677e+01 1.908588643188765843e+01 1.943764864535939552e+01 1.917160237514702104e+01 1.880568120582139713e+01
1.931552963810794665e+01 1.958644019396164992e+01 1.992658043835110959e+01 1.966874128910575692e+01 1.930514185799054871e+01
1.983003648265194130e+01 2.010146642015708096e+01 2.042894141202393499e+01 2.017981860531658356e+01 1.981959123220363139e+01
2.035944929874381160e+01 2.063092301830289799e+01 2.094469616320247951e+01 2.070478127401792534e+01 2.034900038010651713e+01
2.090372968104298579e+01 2.117476440096656276e+01 2.147380578206501056e+01 2.124357381521660315e+01 2.089333798470513415e+01
2.146283544585864789e+01 2.173294043063901171e+01 2.201622692077313559e+01 2.179613757667172891e+01 2.145256971406815083e+01
2.203671973462709133e+01 2.230539518756257067e+01 2.257191059250927267e+01 2.236240979063086698e+01 2.202665739116343602e+01
2.262532987986331889e+01 2.289206533038197122e+01 2.314080060991005183e+01 2.294232239086468539e+01 2.261555791915414204e+01
2.322860595626992009e+01 2.349287814666153551e+01 2.372283154047305231e+01 2.353580049040240496e+01 2.321922188054913150e+01
2.384647889753806993e+01 2.410774898875945382e+01 2.431792598611714951e+01 2.414276041007017781e+01 2.383759169710322467e+01
2.447886805100299057e+01 2.473657753130312287e+01 2.492599102262137123e+01 2.476310705171286131e+01 2.447059919271037742e+01
2.512567795149076133e+01 2.537924329816252111e+01 2.554691340007018852e+01 2.539673085837622324e+01 2.511816233629516759e+01
2.578679402070535076e+01 2.603559990046092310e+01 2.618055294678246625e+01 2.604350257746202146e+01 2.578018084542079791e+01
2.646207694935441523e+01 2.670546719065624330e+01 2.682673366425020589e+01 2.670326739700513130e+01 2.645653043985708663e+01
2.715135450892773150e+01 2.738862060867258919e+01 2.748523175011841602e+01 2.737583656452038738e+01 2.714705396970908780e+01
2.785441030726941847e+01 2.808477680896277562e+01 2.815575857173680063e+01 2.806097551707810211e+01 2.785155012798296070e+01
2.857096874083071825e+01 2.879357405973065553e+01 2.883793530042167674e+01 2.875838709152746020e+01 2.856975702747198653e+01
2.930067265429588375e+01 2.951454581158665036e+01 2.953126085193246908e+01 2.946768762128002450e+01 2.930132823542631115e+01
3.004305052439000789e+01 3.024708097887894809e+01 3.023506478888706539e+01 3.018837198636972019e+01 3.004579771495290430e+01
3.079746830212590325e+01 3.099037084996690439e+01 3.094844125329200679e+01 3.091976340266707624e+01 3.080252733930272058e+01
3.156305678643517254e+01 3.174333215244024586e+01 3.167015481853859171e+01 3.166093751616993401e+01 3.157062791594980666e+01
3.233860142893394141e+01 3.250449556158841347e+01 3.239851175281422258e+01 3.241060552294445074e+01 3.234883799073521971e+01
3.312236538225722882e+01 3.327184442344178450e+01 3.313118862233291395e+01 3.316694787655041665e+01 3.313533213296539515e+01
3.391182568983828816e+01 3.404257965962646892e+01 3.386500514522229111e+01 3.392736330596209626e+01 3.392743694980496372e+01
3.470326700998418090e+01 3.481279366176276824e+01 3.459564715965271375e+01 3.468810604945024778e+01 3.472119775087468696e+01
3.549118472460943252e+01 3.557702540398341995e+01 3.531735826713833859e+01 3.544380350110327527e+01 3.551076538850033870e+01
3.626749940844673858e+01 3.632770885505261305e+01 3.602265545935767221e+01 3.618687044657455942e+01 3.628762569806440297e+01
3.702068782628087718e+01 3.705460637605181518e+01 3.670217492956938798e+01 3.690694544090076334e+01 3.703981807775377177e+01
3.773522002137714537e+01 3.774446347189103790e+01 3.734481925275232328e+01 3.759063146077445339e+01 3.775155453177971765e+01
3.839200745306615659e+01 3.838134515798157054e+01 3.793837011957660366e+01 3.822198218029535610e+01 3.840389888069137214e+01
3.897064634273496608e+01 3.894813301249060089e+01 3.847068795545238373e+01 3.878416870355111001e+01 3.897713206161657240e+01
3.945353823740232713e+01 3.942937900660599126e+01 3.893137851521667869e+01 3.926234239887048716e+01 3.945471901325876019e+01
3.983051839750307721e+01 3.981480698107341709e+01 3.931352264632542415e+01 3.964690852675983024e+01 3.982750715873066838e+01
4.010155058336375333e+01 4.010192615255790116e+01 3.961487579811688420e+01 3.993576255381562845e+01 4.009600396298337444e+01
4.027596775083435432e+01 4.029635518841954678e+01 3.983807283630403617e+01 4.013438222224490914e+01 4.026949805877357846e+01
4.036896701889954642e+01 4.040977420225454608e+01 3.998979242294188197e+01 4.025383675307804765e+01 4.036275939910964183e+01
4.039750003301905679e+01 4.045674303083384160e+01 4.007927338934347006e+01 4.030786690585013332e+01 4.039222249027895373e+01
4.037728438242405105e+01 4.045184680799279420e+01 4.011673324339951563e+01 4.031029418595896630e+01 4.037318602287773217e+01
4.032135217634170488e+01 4.040792708559431645e+01 4.011211024302213701e+01 4.027339763594496702e+01 4.031842065463588654e+01
4.023977852245285902e+01 4.033538850106710782e+01 4.007428625859538585e+01 4.020724622511605162e+01 4.023787218259374754e+01
4.014001564736160077e+01 4.024221420165671503e+01 4.001074866470283098e+01 4.011967285983535447e+01 4.013894979368692617e+01
4.002742850220360538e+01 4.013431629915873344e+01 3.992755619969445746e+01 4.001656522379471426e+01 4.002702241216842793e+01
3.990582077193564459e+01 4.001597628025727715e+01 3.982947375806313062e+01 3.990225300632131678e+01 3.990591783887104071e+01
3.977786840145289204e+01 3.989025410611488098e+01 3.972017621929984443e+01 3.977987969196178852e+01 3.977834161912346644e+01
3.964544806385990228e+01 3.975932068000193453e+01 3.960246112476486502e+01 3.965171095517396793e+01 3.964619866516693492e+01
3.950987705331685618e+01 3.962471116572917396e+01 3.947844102018095924e+01 3.951937478208171939e+01 3.951083021453410993e+01
3.937208255090198605e+01 3.948751083886794078e+01 3.934970359210623769e+01 3.938404089752724957e+01 3.937318257832665580e+01
3.923271997429726099e+01 3.934848821126054474e+01 3.921743873838200045e+01 3.924655115849237319e+01 3.923392591750053526e+01
3.909225508387750381e+01 3.920818904854373699e+01 3.908253818606695518e+01 3.910751334486599973e+01 3.909353706808083473e+01
3.895102076421931514e+01 3.906700244630758334e+01 3.894567058561914052e+01 3.896736796406648295e+01 3.895235712099020020e+01
3.880925640713929425e+01 3.892520697431120880e+01 3.880733831385918364e+01 3.882643573038834006e+01 3.881063147788920986e+01
3.866713520544500682e+01 3.878300298907787891e+01 3.866791959072062212e+01 3.868495121575484319e+01 3.866853766033325002e+01
3.852478320102024867e+01 3.864053531582704437e+01 3.852770014574814184e+01 3.854308681594312702e+01 3.852620486016165557e+01
3.838229297064454215e+01 3.849790915227050903e+01 3.838689641315450274e+01 3.840097026511002554e+01 3.838372812862807848e+01
3.823973292890030962e+01 3.835520122282495237e+01 3.824567298675977867e+01 3.825869651782132763e+01 3.824117742135614861e+01
3.809715364104768298e+01 3.821246777225639590e+01 3.810415542241729270e+01 3.811633619715434662e+01 3.809860437751265039e+01
3.795459277078796134e+01 3.806975051157207446e+01 3.796243990190448159e+01 3.797394237609154999e+01 3.795604758082464514e+01
3.781207868525344651e+01 3.792708033542885460e+01 3.782060033248844633e+01 3.783155518278784513e+01 3.781353604617864761e+01
3.766963283750207836e+01 3.778448007025929201e+01 3.767869369897103127e+01 3.768920500106702320e+01 3.767109162317683513e+01
3.752727142667679061e+01 3.764196674219444816e+01 3.753676408462779079e+01 3.754691492709689982e+01 3.752873082955689199e+01
3.738500680384090202e+01 3.749955318937029602e+01 3.739484586734582194e+01 3.740470261063706658e+01 3.738646623647193223e+01
3.724284850995452700e+01 3.735724910364547924e+01 3.725296592458902722e+01 3.726258168226679146e+01 3.724430751231636094e+01
3.710080392681206263e+01 3.721506179209894327e+01 3.711114522419958917e+01 3.712056272890854558e+01 3.710226212913443788e+01
3.695887875261874456e+01 3.707299676314968195e+01 3.696940014796594198e+01 3.697865396393701332e+01 3.696033599198613473e+01
3.681707737457283969e+01 3.693105817097701049e+01 3.682774359179932588e+01 3.683686174099663901e+01 3.681853356303198410e+01
3.667540317497812907e+01 3.678924930632674517e+01 3.668618577852144824e+01 3.669519092529527171e+01 3.667685823981575055e+01
3.653385879631561295e+01 3.664757264923244406e+01 3.654473482372637960e+01 3.655364532826832402e+01 3.653531267861639975e+01
3.639244632858353157e+01 3.650603007985627357e+01 3.640339716121846436e+01 3.641222797056609295e+01 3.639389896159095628e+01
3.625116741615298821e+01 3.636462303741323154e+01 3.626217788073387283e+01 3.627094123835136941e+01 3.625261874556801445e+01
3.611002334145427994e+01 3.622335258668375246e+01 3.612108105271241243e+01 3.612978700694247181e+01 3.611147334634635797e+01
3.596901510051353767e+01 3.608221952485798312e+01 3.598010988161054513e+01 3.598876674087092908e+01 3.597046377216396706e+01
3.582814345962122360e+01 3.594122446070983301e+01 3.583926705233616161e+01 3.584788157301956346e+01 3.582959080270477159e+01
3.568740902376652002e+01 3.580036785486802842e+01 3.569855465970569242e+01 3.570713240398235655e+01 3.568885504000734699e+01
3.554681224672245321e+01 3.565965005774224039e+01 3.555797436538399836e+01 3.556651990706113509e+01 3.554825693622528604e+01
3.540635350416307148e+01 3.551907130740368501e+01 3.541752755751183912e+01 3.542604466988895950e+01 3.540779686158576567e+01
3.526603306271665872e+01 3.537863176585835134e+01 3.527721526380516082e+01 3.528570708561734648e+01 3.526747505396304661e+01
3.512585112594996417e+01 3.523833153309738009e+01 3.513703832105425562e+01 3.514550751559020370e+01 3.512729175612745536e+01
3.498580783913285330e+01 3.509817066167879318e+01 3.499699739421517108e+01 3.500544618032269284e+01 3.498724707278240942e+01
3.484590328257412040e+01 3.495814916987137622e+01 3.485709300887040740e+01 3.486552325893041626e+01 3.484734113775520115e+01
3.470613750905085482e+01 3.481826704617824220e+01 3.471732557900374161e+01 3.472573885975478447e+01 3.470757397826122315e+01
3.456651053067833601e+01 3.467852425694466945e+01 3.457769543780171517e+01 3.458609304877599300e+01 3.456794562924161340e+01
3.442702233842307180e+01 3.453892074777816390e+01 3.443820282330812432e+01 3.444658585937053630e+01 3.442845607233694238e+01
3.428767290311362359e+01 3.439945644764284083e+01 3.429884791794628995e+01 3.430721729469079406e+01 3.428910527761250648e+01
3.414846218129164157e+01 3.426013127315773232e+01 3.415963084446365627e+01 3.416798734224077805e+01 3.414989319673230028e+01
3.400939011495697883e+01 3.412094513162973186e+01 3.402055168355267512e+01 3.402889596447455034e+01 3.401081976800829665e+01
3.387045663323655020e+01 3.398189792064389536e+01 3.388161048113094154e+01 3.388994311333396325e+01 3.387188492085719815e+01
3.373166165662991745e+01 3.384298953570182533e+01 3.374280725626919519e+01 3.375112872273638942e+01 3.373308857511281644e+01
3.359300509427333026e+01 3.370421986157440131e+01 3.360414200175962662e+01 3.361245271555594627e+01 3.359443064275322399e+01
3.345448684913390736e+01 3.356558878549609659e+01 3.346561469319675552e+01 3.347391500485478844e+01 3.345591102779205528e+01
3.331610681797354090e+01 3.342709618459586096e+01 3.332722528637056314e+01 3.333551549569873629e+01 3.331752962804771556e+01
3.317786489265678540e+01 3.328874193817764393e+01 3.318897372287654690e+01 3.319725408671944678e+01 3.317928633574115338e+01
3.303976096164328169e+01 3.315052591923594605e+01 3.305085993252744458e+01 3.305913067182105891e+01 3.304118103820464825e+01
3.290179491003122081e+01 3.301244800077007824e+01 3.291288383495972170e+01 3.292114514100901346e+01 3.290321362017752449e+01
3.276396662030013829e+01 3.287450805316586866e+01 3.277504534148415871e+01 3.278329738031402485e+01 3.276538396317202029e+01
3.262627597190822826e+01 3.273670594598403483e+01 3.263734435717476146e+01 3.264558727263199245e+01 3.262769194651006188e+01
3.248872284272499655e+01 3.259904154753528616e+01 3.249978078077941035e+01 3.250801469817485412e+01 3.249013744848210905e+01
3.235130710815873556e+01 3.246151472593797394e+01 3.236235450599985342e+01 3.237057953440535130e+01 3.235272034437693378e+01
3.221402864225134266e+01 3.232412534794184467e+01 3.222506542258521733e+01 3.223328165696390357e+01 3.221544050925546543e+01
3.207688731773846769e+01 3.218687328070402742e+01 3.208791341624181825e+01 3.209612093984151926e+01 3.207829781563489036e+01
3.193988300625620624e+01 3.204975839005228977e+01 3.195089836977428632e+01 3.195909725567149806e+01 3.194129213551750013e+01
3.180301557866304307e+01 3.191278054210884108e+01 3.181402016340093297e+01 3.182221047611118081e+01 3.180442333957613243e+01
3.166628490502223414e+01 3.177593960226040792e+01 3.167727867498544114e+01 3.168546047186875114e+01 3.166769129776282909e+01
3.152969085483892542e+01 3.163923543581830344e+01 3.154067378127738763e+01 3.154884711294473831e+01 3.153109587948956261e+01
3.139323329690392228e+01 3.150266790790180238e+01 3.140420535616094355e+01 3.141237026848266822e+01 3.139463695355406259e+01
3.125691209968463014e+01 3.136623688350421801e+01 3.126787327407349437e+01 3.127602980723283466e+01 3.125831438847320598e+01
3.112072713110371325e+01 3.122994222756443961e+01 3.113167740691964269e+01 3.113982559728082578e+01 3.112212805224296375e+01
3.098467825879895798e+01 3.109378380504792361e+01 3.099561762621062400e+01 3.100375750637137529e+01 3.098607781268937345e+01
3.084876535013070864e+01 3.095776148083902868e+01 3.085969380301567355e+01 3.086782540191628499e+01 3.085016353718973292e+01
3.071298827224352834e+01 3.082187511992326634e+01 3.072390580666101201e+01 3.073202915106865163e+01 3.071438509299286679e+01
3.057734689212962209e+01 3.068612458723718817e+01 3.058825350692601575e+01 3.059636862080554920e+01 3.057874234709480987e+01
3.044184107663229000e+01 3.055050974779087269e+01 3.045273677230852982e+01 3.046084367791412006e+01 3.044323516634313620e+01
3.030647069251500980e+01 3.041503046662656473e+01 3.031735547131911090e+01 3.032545418910060775e+01 3.030786341750405555e+01
3.017123560642305691e+01 3.027968660884033625e+01 3.018210947197530203e+01 3.019020002091742327e+01 3.017262696725981641e+01
3.003613568497857500e+01 3.014447803961077454e+01 3.004699864210229165e+01 3.005508103988946544e+01 3.003752568224007291e+01
2.990117079473794348e+01 3.000940462419554322e+01 2.991202284932166577e+01 2.992009711245995263e+01 2.990255942907327125e+01
2.976634080225409917e+01 2.987446622794470841e+01 2.977718196106218329e+01 2.978524810506322140e+01 2.976772807433299306e+01
2.963164557407695909e+01 2.973966271631631741e+01 2.964247584479252495e+01 2.965053388412662372e+01 2.963303148462816949e+01
2.949708497677515595e+01 2.960499395486445451e+01 2.950790436762468971e+01 2.951595431609134934e+01 2.949846952654660015e+01
2.936265887694997190e+01 2.947045980925669184e+01 2.937346739689170505e+01 2.938150926743478664e+01 2.936404206671906536e+01
2.922836714123885926e+01 2.933606014526854722e+01 2.923916479964561077e+01 2.924719860466318266e+01 2.922974897180332121e+01
2.909420963633638735e+01 2.920179482878483412e+01 2.910499644302111477e+01 2.911302219434611516e+01 2.909559010850902183e+01
2.896018622897396355e+01 2.906766372580933933e+01 2.897096219412157936e+01 2.897897990308625538e+01 2.896156534360675039e+01
2.882629678597650269e+01 2.893366670245858430e+01 2.883706192002443203e+01 2.884507159758951644e+01 2.882767454392870476e+01
2.869254117423306738e+01 2.879980362497186164e+01 2.870329548786023821e+01 2.871129714461413940e+01 2.869391757638942408e+01
2.855891926068688846e+01 2.866607435971020124e+01 2.856966276478933153e+01 2.857765641099067722e+01 2.856029430797065416e+01
2.842543091242298559e+01 2.853247877315829228e+01 2.843616361803591630e+01 2.844414926369641705e+01 2.842680460574943524e+01
2.829207599656404426e+01 2.839901673192776244e+01 2.830279791486186625e+01 2.831077556971783338e+01 2.829344833688032423e+01
2.815885438034211674e+01 2.826568810275639265e+01 2.816956552263485847e+01 2.817753519619907365e+01 2.816022536861662218e+01
2.802576593111823300e+01 2.813249275250891657e+01 2.803646630877824819e+01 2.804442801038880262e+01 2.802713556830388342e+01
2.789281051629118124e+01 2.799943054817940791e+01 2.790350014079229979e+01 2.791145387957860180e+01 2.789417880338906386e+01
2.775998800341587369e+01 2.786650135688850938e+01 2.777066688628902824e+01 2.777861267122680289e+01 2.776135494142032911e+01
2.762729826013676870e+01 2.773370504588772789e+01 2.763796641293663470e+01 2.764590425287753206e+01 2.762866385005647274e+01
2.749474115419297959e+01 2.760104148255688017e+01 2.750539858852843622e+01 2.751332849217650534e+01 2.749610539706116796e+01
2.736231655345152092e+01 2.746851053440669332e+01 2.737296328093849951e+01 2.738088525689929043e+01 2.736367945030528048e+01
2.723002432588494059e+01 2.733611206907846025e+01 2.724066035815336662e+01 2.724857441492913424e+01 2.723138587778682762e+01
2.709786433958147711e+01 2.720384595434450858e+01 2.710848968826374517e+01 2.711639583427027844e+01 2.709922454760456390e+01
2.696583646275037793e+01 2.707171205810866610e+01 2.697645113947179851e+01 2.698434938304879793e+01 2.696719532797349217e+01
2.683394056371107439e+01 2.693971024840608308e+01 2.684454458009356870e+01 2.685243492950487720e+01 2.683529808724120258e+01
2.670217651091161670e+01 2.680784039340306890e+01 2.671276987855679153e+01 2.672065234201067696e+01 2.670353269385568140e+01
2.657054417291881165e+01 2.667610236139988444e+01 2.658112690341366857e+01 2.658900148905772554e+01 2.657189901639151230e+01
2.643904341841310313e+01 2.654449602082735282e+01 2.644961552332386745e+01 2.645748223925558662e+01 2.644039692355017479e+01
2.630767411620822926e+01 2.641302124024677411e+01 2.631823560707712417e+01 2.632609446134937059e+01 2.630902628414316879e+01
2.617643613523496526e+01 2.628167788835618168e+01 2.618698702357752595e+01 2.619483802420108987e+01 2.617778696711195252e+01
2.604532934454636361e+01 2.615046583398344637e+01 2.605586964185208387e+01 2.606371279680033126e+01 2.604667884152106083e+01
2.591435361332483112e+01 2.601938494608604202e+01 2.592488333105218601e+01 2.593271864826621353e+01 2.591570177655517071e+01
2.578350881087311208e+01 2.588843509375877616e+01 2.579402796045079782e+01 2.580185544784019669e+01 2.578485564152778764e+01
2.565279480662204392e+01 2.575761614622662776e+01 2.566330339944746797e+01 2.567112306489440599e+01 2.565414030587713867e+01
2.552221147012837932e+01 2.562692797284485380e+01 2.553270951756605456e+01 2.554052136892796909e+01 2.552355563916467673e+01
2.539175867107439899e+01 2.549637044310401279e+01 2.540224618445794391e+01 2.541005022956795401e+01 2.539310151108228197e+01
2.526143627927092794e+01 2.536594342662591117e+01 2.527191326990010722e+01 2.527970951657114185e+01 2.526277779144753310e+01
2.513124416465547384e+01 2.523564679316410064e+01 2.514171064379784681e+01 2.514949909982245657e+01 2.513258435020207315e+01
2.500118219729294111e+01 2.510548041260517138e+01 2.501163817618413532e+01 2.501941884933638249e+01 2.500252105741967412e+01
2.487125024737795798e+01 2.497544415496781767e+01 2.488169573721902239e+01 2.488946863525812958e+01 2.487258778329987052e+01
2.474144818523128109e+01 2.484553789040309013e+01 2.475188319719260832e+01 2.475964832785982850e+01 2.474278439816840702e+01
2.461177588130360050e+01 2.471576148919434601e+01 2.462220042652187502e+01 2.462995779754606218e+01 2.461311077248238988e+01
2.448223320617465859e+01 2.458611482175721719e+01 2.449264729575424226e+01 2.450039691485066129e+01 2.448356677682576077e+01
2.435282003055127831e+01 2.445659775863925844e+01 2.436322367556487123e+01 2.437096555043613577e+01 2.435415228191076054e+01
2.422353622527113970e+01 2.432721017052065449e+01 2.423392943675936095e+01 2.424166357509682257e+01 2.422486715857973749e+01
2.409438166130046000e+01 2.419795192821360885e+01 2.410476445027335757e+01 2.411249085975654793e+01 2.409571127780325739e+01
2.396535620973444480e+01 2.406882290266180036e+01 2.397572858717155242e+01 2.398344727546936994e+01 2.396668451068128647e+01
2.383645974179845339e+01 2.393982296494161588e+01 2.384682171864733746e+01 2.385453269342020732e+01 2.383778672844361779e+01
2.370769212884699328e+01 2.381095198626119469e+01 2.371804371602738826e+01 2.372574698492413958e+01 2.370901780244879831e+01
2.357905324236447697e+01 2.368220983796023660e+01 2.358939445076842389e+01 2.359709002142705714e+01 2.358037760418552153e+01
2.345054295396530719e+01 2.355359639151063789e+01 2.346087379445219057e+01 2.346856167450552633e+01 2.345186600527246412e+01
2.332216113539326940e+01 2.342511151851596907e+01 2.333248161879657090e+01 2.334016181586644834e+01 2.332348287745698912e+01
2.319390765852268999e+01 2.329675509071159567e+01 2.320421779564906473e+01 2.321189031734789765e+01 2.319522809261740548e+01
2.306578239535771502e+01 2.316852697996452193e+01 2.307608219698612473e+01 2.308374705091843282e+01 2.306710152276177794e+01
2.293778521803225701e+01 2.304042705827341209e+01 2.294807469491324525e+01 2.295573188867721370e+01 2.293910304002735501e+01
2.280991599881086174e+01 2.291245519776870054e+01 2.282019516166983664e+01 2.282784470285454148e+01 2.281123251668229557e+01
2.268217461008787694e+01 2.278461127071225079e+01 2.269244346962492287e+01 2.270008536581110548e+01 2.268348982512458534e+01
2.255456092438789284e+01 2.265689514949750105e+01 2.256481949127602604e+01 2.257245375003855514e+01 2.255587483788199066e+01
2.242707481436592332e+01 2.252930670664943591e+01 2.243732309925360724e+01 2.244494972815936151e+01 2.242838742761287563e+01
2.229971615280697250e+01 2.240184581482443704e+01 2.230995416631813555e+01 2.231757317292662535e+01 2.230102746710566919e+01
2.217248481262655346e+01 2.227451234681031877e+01 2.218271256536065295e+01 2.219032395722438622e+01 2.217379482927892553e+01
2.204538066687045017e+01 2.214730617552626768e+01 2.205559816940284890e+01 2.206320195406742712e+01 2.204668938718167581e+01
2.191840358871471750e+01 2.202022717402279639e+01 2.192861085159744050e+01 2.193620703660133131e+01 2.191971101399316879e+01
2.179155345146589795e+01 2.189327521548169386e+01 2.180175048522786696e+01 2.180933907810252137e+01 2.179285958302294191e+01
2.166483012856080137e+01 2.176645017321609288e+01 2.167501694370802667e+01 2.168259795197815265e+01 2.166613496771103442e+01
2.153823349356667904e+01 2.163975192067027109e+01 2.154841010058303397e+01 2.155598353176623405e+01 2.153953704162776717e+01
2.141176342018133383e+01 2.151318033141970432e+01 2.142192982952874658e+01 2.142949569113562802e+01 2.141306567847386333e+01
2.128541978223305975e+01 2.138673527917119088e+01 2.129557600435159159e+01 2.130313430388602214e+01 2.128672075208057990e+01
2.115920245368035069e+01 2.126041663776255319e+01 2.116934849898875370e+01 2.117689924394773726e+01 2.116050213640953359e+01
2.103311130861223788e+01 2.113422428116273721e+01 2.104324718750857670e+01 2.105079038538202241e+01 2.103440970555283585e+01
2.090714622124858835e+01 2.100815808347196878e+01 2.091727194411010515e+01 2.092480760238103343e+01 2.090844333373313901e+01
2.078130706593972121e+01 2.088221791892146584e+01 2.079142264312283572e+01 2.079895076926770869e+01 2.078260289530359017e+01
2.065559371716626558e+01 2.075640366187350239e+01 2.066569915900749521e+01 2.067321976049571219e+01 2.065688826474789863e+01
2.053000604953935593e+01 2.063071518682158612e+01 2.054010136635551120e+01 2.054761445064957925e+01 2.053129931668033592e+01
2.040454393780110109e+01 2.050515236839023103e+01 2.041462913988918260e+01 2.042213471444474493e+01 2.040583592584589923e+01
2.027920725682407621e+01 2.037971508133496101e+01 2.028928235446166539e+01 2.029678042672744454e+01 2.028049796712009112e+01
2.015399588161147193e+01 2.025440320054253363e+01 2.016406088505693006e+01 2.017155146247491615e+01 2.015528531550909719e+01
2.002890968729711929e+01 2.012921660103071986e+01 2.003896460678986458e+01 2.004644769679524074e+01 2.003019784614976828e+01
1.990394854914558920e+01 2.000415515794830412e+01 1.991399339490660836e+01 1.992146900492727113e+01 1.990523543430999709e+01
1.977911234255214268e+01 1.987921874657532939e+01 1.978914712478386306e+01 1.979661526224079537e+01 1.978039795538825629e+01
1.965440094304297247e+01 1.975440724232293022e+01 1.966442567192938995e+01 1.967188634423689209e+01 1.965568528491367672e+01
1.952981422627527053e+01 1.962972052073324747e+01 1.953982891198221239e+01 1.954728212654765684e+01 1.953109729854627830e+01
1.940535206803664181e+01 1.950515845747993282e+01 1.941535672071236007e+01 1.942280248493576522e+01 1.940663387207726487e+01
1.928101434424572247e+01 1.938072092836776861e+01 1.929100897402076242e+01 1.929844729529509451e+01 1.928229488142914150e+01
1.915680093095232195e+01 1.925640780933242624e+01 1.916678554793960032e+01 1.917421643365100081e+01 1.915808020265460243e+01
1.903271170433771431e+01 1.913221897644083924e+01 1.904268631863259031e+01 1.905010977616020185e+01 1.903398971193766798e+01
1.890874654071343031e+01 1.900815430589117128e+01 1.891871116239424566e+01 1.892612719910991359e+01 1.891002328559349621e+01
1.878490531652239426e+01 1.888421367401488382e+01 1.879485995565046963e+01 1.880226857891884507e+01 1.878618080006975433e+01
1.866118790833893826e+01 1.876039695727220291e+01 1.867113257495885748e+01 1.867853379213741505e+01 1.866246213194368764e+01
