1.140265884970560606e+01 1.151232848955860888e+01 1.483757539220322030e+01 4.532844533694741607e+00 7.209204444259925992e+01
1.135405816556701275e+01 1.144776622205110783e+01 1.478353271830387428e+01 4.580266483654339638e+00 7.204678598659738498e+01
1.130567547644437099e+01 1.138334154301427148e+01 1.472960758370286172e+01 4.627245603559763332e+00 7.200163314159145500e+01
1.125750761248236209e+01 1.131905484317359445e+01 1.467580005296873935e+01 4.673777296977769780e+00 7.195658267049871881e+01
1.120955138237199833e+01 1.125490651797256447e+01 1.462211019073182072e+01 4.719856951570720938e+00 7.191163121272327885e+01
1.116180356433116749e+01 1.119089696723855631e+01 1.456853806167067589e+01 4.765479932976339761e+00 7.186677528237464685e+01
1.111426089763443237e+01 1.112702659541240635e+01 1.451508373050668332e+01 4.810641578685123321e+00 7.182201127513080507e+01
1.106692007169449354e+01 1.106329581147005214e+01 1.446174726199681793e+01 4.855337190588445928e+00 7.177733546982075552e+01
1.101977771501197090e+01 1.099970502890416313e+01 1.440852872092809278e+01 4.899562028279799364e+00 7.173274403049579462e+01
1.097283038492487961e+01 1.093625466579217509e+01 1.435542817211315381e+01 4.943311302974243482e+00 7.168823300944856669e+01
1.092607455737290856e+01 1.087294514484835339e+01 1.430244568038498620e+01 4.986580171622922997e+00 7.164379835049223288e+01
1.087950661625363047e+01 1.080977689347155035e+01 1.424958131059054622e+01 5.029363730870582749e+00 7.159943589227606253e+01
1.083312284132580494e+01 1.074675034379975713e+01 1.419683512758481037e+01 5.071657009437888775e+00 7.155514137175272538e+01
1.078691939741879402e+01 1.068386593270582630e+01 1.414420719622513722e+01 5.113454968804910905e+00 7.151091042786090668e+01
1.074089233098022333e+01 1.062112410187000044e+01 1.409169758136555828e+01 5.154752490502313655e+00 7.146673860549287838e+01
1.069503754773740134e+01 1.055852529780421456e+01 1.403930634784968134e+01 5.195544371748047396e+00 7.142262136094456082e+01
1.064935080160150349e+01 1.049606997193452074e+01 1.398703356050771696e+01 5.235825320190132359e+00 7.137855406144626613e+01
1.060382768634352502e+01 1.043375858061340722e+01 1.393487928414577937e+01 5.275589949603672224e+00 7.133453199482768525e+01
1.055846362502987112e+01 1.037159158515804336e+01 1.388284358354900583e+01 5.314832774508380986e+00 7.129055037349149870e+01
1.051325385781272814e+01 1.030956945189307383e+01 1.383092652346390494e+01 5.353548203945607042e+00 7.124660433925593850e+01
1.046819342911719630e+01 1.024769265219651437e+01 1.377912816859835843e+01 5.391730535324201767e+00 7.120268896765738020e+01
1.042327717442824309e+01 1.018596166253549384e+01 1.372744858361341791e+01 5.429373948942592953e+00 7.115879927305235242e+01
1.037849970799862831e+01 1.012437696451923586e+01 1.367588783311659562e+01 5.466472501821924013e+00 7.111493021451161667e+01
1.033385540999151253e+01 1.006293904492826385e+01 1.362444598165623866e+01 5.503020122840559303e+00 7.107107670190421800e+01
1.028933841524336756e+01 1.000164839576454412e+01 1.357312309371578074e+01 5.539010605425986000e+00 7.102723360175765777e+01
1.024494259807687691e+01 9.940505514294907030e+00 1.352191923370643600e+01 5.574437602774136025e+00 7.098339574323306067e+01
1.020066156243682975e+01 9.879510903084815610e+00 1.347083446596113632e+01 5.609294620474296167e+00 7.093955792380616288e+01
1.015648862610557579e+01 9.818665070052260191e+00 1.341986885472672242e+01 5.643575010824013027e+00 7.089571491597854447e+01
1.011241680930353226e+01 9.757968528496610006e+00 1.336902246415750639e+01 5.677271965297130407e+00 7.085186147280283819e+01
1.006843882104685939e+01 9.697421797146839495e+00 1.331829535830826750e+01 5.710378508308301626e+00 7.080799233454540342e+01
1.002454704445087508e+01 9.637025400198556468e+00 1.326768760112716627e+01 5.742887487673115743e+00 7.076410223480370121e+01
9.980733525104392712e+00 9.576779867352076536e+00 1.321719925644884341e+01 5.774791568909821038e+00 7.072018590654435855e+01
9.936989955684751408e+00 9.516685733854792772e+00 1.316683038798740846e+01 5.806083226261319119e+00 7.067623808865688773e+01
9.893307662692972571e+00 9.456743540535079262e+00 1.311658105932896490e+01 5.836754735172858588e+00 7.063225353182969002e+01
9.849677590455478082e+00 9.396953833840955284e+00 1.306645133392460956e+01 5.866798164058719678e+00 7.058822700479302625e+01
9.806090290595632197e+00 9.337317165869979618e+00 1.301644127508258997e+01 5.896205363298050450e+00 7.054415329978691318e+01
9.762535906887716664e+00 9.277834094401958609e+00 1.296655094596088986e+01 5.924967956201954600e+00 7.050002723745846822e+01
9.719004160028333672e+00 9.218505182911174600e+00 1.291678040955977913e+01 5.953077326340830311e+00 7.045584367399266057e+01
9.675484334594749214e+00 9.159331000597275008e+00 1.286712972871369587e+01 5.980524607644503554e+00 7.041159750568651532e+01
9.631965264188757203e+00 9.100312122351313704e+00 1.281759896608368265e+01 6.007300673710283867e+00 7.036728367351622637e+01
9.588435317620174203e+00 9.041449128790997491e+00 1.276818818414928458e+01 6.033396122544660400e+00 7.032289716876637442e+01
9.544882379864420230e+00 8.982742606125821538e+00 1.271889744520017906e+01 6.058801265815092485e+00 7.027843303576729284e+01
9.501293841619162350e+00 8.924193146255275266e+00 1.266972681132825684e+01 6.083506111958749685e+00 7.023388637835131476e+01
9.457656580659154599e+00 8.865801346394166060e+00 1.262067634441864072e+01 6.107500350268425748e+00 7.018925236008981017e+01
9.413956949748843783e+00 8.807567808972990520e+00 1.257174610614094057e+01 6.130773336914210780e+00 7.014452621175580305e+01
9.370180766365663771e+00 8.749493141362981063e+00 1.252293615794078363e+01 6.153314070902171196e+00 7.009970322942876919e+01
9.326313291521072912e+00 8.691577955335251460e+00 1.247424656102961471e+01 6.175111181134896654e+00 7.005477878180509776e+01
9.282339216905263868e+00 8.633822866393566997e+00 1.242567737637572023e+01 6.196152899024426119e+00 7.000974830701561302e+01
9.238242650984142657e+00 8.576228493097538319e+00 1.237722866469397864e+01 6.216427038395561766e+00 6.996460731907244224e+01
9.194007101062577902e+00 8.518795455378640469e+00 1.232890048643457348e+01 6.235920971584023142e+00 6.991935140365512780e+01
9.149615461748030754e+00 8.461524372823834739e+00 1.228069290177309192e+01 6.254621591191007468e+00 6.987397622308472478e+01
9.105049998556202340e+00 8.404415862687468319e+00 1.223260597059729271e+01 6.272515296640145621e+00 6.982847751174246298e+01
9.060292336121538170e+00 8.347470535525665980e+00 1.218463975249380482e+01 6.289587955241710659e+00 6.978285107854820524e+01
9.015323443009521043e+00 8.290688990759175425e+00 1.213679430673649051e+01 6.305824865278387925e+00 6.973709280297640589e+01
8.970123622314671863e+00 8.234071811320886169e+00 1.208906969226701733e+01 6.321210720064343924e+00 6.969119863377491697e+01
8.924672495046831244e+00 8.177619552481568022e+00 1.204146596768000599e+01 6.335729553256638447e+00 6.964516458671845101e+01
8.878948996600589894e+00 8.121332730593893601e+00 1.199398319120293444e+01 6.349364711481305434e+00 6.959898673805227531e+01
8.832931358106520747e+00 8.065211808914622083e+00 1.194662142066841426e+01 6.362098778789990305e+00 6.955266122523741501e+01
8.786597111444706343e+00 8.009257169120951758e+00 1.189938071349431326e+01 6.373913538668972478e+00 6.950618423414975666e+01
8.739923069299690539e+00 7.953469082690136638e+00 1.185226112664382470e+01 6.384789902360989977e+00 6.945955200274416086e+01
8.692885341502218921e+00 7.897847673309795979e+00 1.180526271657947213e+01 6.394707828060823829e+00 6.941276080544703575e+01
8.645459316217708690e+00 7.842392843275145076e+00 1.175838553923195917e+01 6.403646273354546281e+00 6.936580694937143221e+01
8.597619689135784782e+00 7.787104199314411446e+00 1.171162964990406863e+01 6.411583062866218263e+00 6.931868676371445304e+01
8.549340446300798035e+00 7.731980951145050796e+00 1.166499510322149469e+01 6.418494844269092781e+00 6.927139659072646793e+01
8.500594918410794065e+00 7.677021715848520778e+00 1.161848195297414854e+01 6.424356927618278590e+00 6.922393277441825887e+01
8.451355792222205565e+00 7.622224319878848853e+00 1.157209025197191465e+01 6.429143182482799368e+00 6.917629164959403454e+01
8.401595149345608249e+00 7.567585544440190048e+00 1.152582005182521918e+01 6.432825893236933545e+00 6.912846952734095396e+01
8.351284513825810052e+00 7.513100581179262605e+00 1.147967140262392682e+01 6.435375603763406893e+00 6.908046268085183783e+01
8.300394924747866554e+00 7.458762425057733125e+00 1.143364435245614352e+01 6.436760941121725033e+00 6.903226733110217594e+01
8.248897029825025484e+00 7.404561013984383600e+00 1.138773894677925824e+01 6.436948406572323478e+00 6.898387962810862462e+01
8.196761179320137813e+00 7.350482004480610065e+00 1.134195522714172277e+01 6.435902146500811938e+00 6.893529563300661778e+01
8.143957592014212210e+00 7.296505085604159113e+00 1.129629322948148129e+01 6.433583696453425205e+00 6.888651129861878530e+01
8.090456526695417594e+00 7.242601273934679895e+00 1.125075298122125567e+01 6.429951659197445935e+00 6.883752244964416889e+01
8.036228492957922853e+00 7.188729583759151609e+00 1.120533449584361740e+01 6.424961361327295783e+00 6.878832476254609674e+01
7.981244514657325873e+00 7.134832372405154111e+00 1.116003776306267170e+01 6.418564460506060776e+00 6.873891374568947299e+01
7.925476484628010354e+00 7.080829105434659709e+00 1.111486272956267207e+01 6.410708497083073887e+00 6.868928472123448614e+01
7.868897568227590789e+00 7.026608640422026930e+00 1.106980925634722190e+01 6.401336394267005403e+00 6.863943281261809659e+01
7.811482633084462890e+00 6.972020607215314136e+00 1.102487701639310913e+01 6.390385893831239450e+00 6.858935293685075862e+01
7.753208863958598762e+00 6.916867700373974692e+00 1.098006520662909047e+01 6.377788944923073799e+00 6.853903981125948519e+01
7.694056436401169208e+00 6.860902500052432629e+00 1.093537154761019359e+01 6.363471110100826778e+00 6.848848798549231276e+01
7.634009328832516594e+00 6.803835966266968960e+00 1.089078746357261096e+01 6.347351070882802482e+00 6.843769190896937005e+01
7.573056164059480899e+00 6.745362900899112724e+00 1.084625792730839677e+01 6.329340428919326023e+00 6.838664605961271548e+01
7.511191150827267293e+00 6.685208671994132601e+00 1.080097666899402142e+01 6.309344219924428288e+00 6.833534516816334303e+01
7.448415109252827015e+00 6.623188425854519501e+00 1.074922654506968023e+01 6.287262994293069340e+00 6.828378458812011331e+01
7.384736523069532765e+00 6.559257350981583912e+00 1.069283029422232012e+01 6.262998322641432303e+00 6.823196088008147342e+01
7.320172418663018377e+00 6.493525794102647630e+00 1.063617849819738481e+01 6.236465102465711396e+00 6.817987271960402040e+01
7.254749069991650146e+00 6.426232341348894650e+00 1.057966019974602823e+01 6.207616741574785379e+00 6.812752211926100188e+01
7.188502353424927271e+00 6.357687531557640881e+00 1.052329828361820141e+01 6.176489984081070084e+00 6.807491596032284065e+01
7.121477617770851865e+00 6.288214874995198933e+00 1.046709489182358155e+01 6.143263786610063448e+00 6.802206744688612616e+01
7.053728925582022136e+00 6.218108507797078133e+00 1.041105043826660470e+01 6.108289026128150390e+00 6.796899679871724231e+01
6.985317672848004200e+00 6.147612595355496090e+00 1.035516516890739602e+01 6.072026541583515957e+00 6.791573039684456603e+01
6.916310636918131749e+00 6.076917702089121853e+00 1.029943929205980879e+01 6.034919262009183605e+00 6.786229822659508670e+01
6.846777614994835837e+00 6.006166582459360193e+00 1.024387300254045208e+01 5.997306252073558497e+00 6.780873050612555630e+01
6.776788956089482063e+00 5.935463411366272979e+00 1.018846650218518057e+01 5.959414566505487620e+00 6.775505484170945181e+01
6.706413239277233984e+00 5.864883105069289115e+00 1.013321999850966115e+01 5.921387449231700906e+00 6.770129468117698934e+01
6.635715357106839463e+00 5.794479255682338348e+00 1.007813370149377441e+01 5.883313841813043510e+00 6.764746898437265088e+01
6.564755135851261691e+00 5.724290205785463215e+00 1.002320780924686083e+01 5.845249310051823244e+00 6.759359263529468365e+01
6.493586542608601242e+00 5.654343576092855095e+00 9.968442517477745568e+00 5.807229109937079414e+00 6.753967713684862417e+01
6.422257377521724209e+00 5.584659537867191048e+00 9.913838026728079456e+00 5.769276053963232620e+00 6.748573131751356868e+01
6.350809397503982545e+00 5.515253081367094801e+00 9.859394539434925164e+00 5.731405210901758807e+00 6.743176195696882758e+01
6.279278689595266805e+00 5.446135611189539816e+00 9.805112256070309229e+00 5.693626742851155775e+00 6.737777427474190972e+01
6.207696217908802439e+00 5.377316054940802559e+00 9.750991376667682786e+00 5.655947661559530992e+00 6.732377230928025824e+01
6.136088434698561578e+00 5.308801620540086752e+00 9.697032099895624313e+00 5.618372902848617123e+00 6.726975920629507755e+01
6.064477896540811486e+00 5.240598318311546322e+00 9.643234624403390853e+00 5.580906003442240859e+00 6.721573743238059251e+01
5.992883845398708331e+00 5.172711339425552168e+00 9.589599148560866482e+00 5.543549570750232469e+00 6.716170893530852481e+01
5.921322732493784713e+00 5.105145321003956127e+00 9.536125869671518984e+00 5.506305584290955402e+00 6.710767526442562314e+01
5.849808687240209970e+00 5.037904505075355921e+00 9.482814985671408792e+00 5.469175565254086102e+00 6.705363766145860893e+01
5.778353921172856289e+00 4.970992853155447477e+00 9.429666693765412333e+00 5.432160705025813385e+00 6.699959712701202363e+01
5.706969067433797171e+00 4.904414144163308897e+00 9.376681190539583710e+00 5.395261960304953419e+00 6.694555447269753756e+01
5.635663447972243389e+00 4.838172044744577960e+00 9.323858671882605975e+00 5.358480137692646750e+00 6.689151036162544983e+01
5.564445308889633957e+00 4.772270151302172358e+00 9.271199332809139548e+00 5.321815931926814791e+00 6.683746533847565274e+01
5.493322026261071578e+00 4.706712017039857088e+00 9.218703367744591759e+00 5.285269941365621449e+00 6.678341985278203197e+01
5.422300271607846334e+00 4.641501174344410785e+00 9.166370970391531259e+00 5.248842727849964973e+00 6.672937427817191747e+01
5.351386145541785488e+00 4.576641151610367331e+00 9.114202333872842843e+00 5.212534773763396245e+00 6.667532892735454197e+01
5.280585287648689174e+00 4.512135488389724891e+00 9.062197650557909157e+00 5.176346524163006002e+00 6.662128406301222583e+01
5.209902968279624069e+00 4.447987742109266840e+00 9.010357112034004246e+00 5.140278396226934277e+00 6.656723990625135912e+01
5.139344165927247410e+00 4.384201493073319966e+00 8.958680909070899645e+00 5.104330785806792115e+00 6.651319664404761056e+01
5.068913631976529111e+00 4.320780354716528215e+00 8.907169231567838352e+00 5.068504077340397984e+00 6.645915443475281847e+01
4.998615946209580052e+00 4.257727965357540612e+00 8.855822268602564051e+00 5.032798630311914323e+00 6.640511341500894105e+01
4.928455560298416138e+00 4.195047997530364725e+00 8.804640208268226687e+00 4.997214819221720283e+00 6.635107370005717087e+01
4.858436836306532669e+00 4.132744158006873114e+00 8.753623237846445804e+00 4.961752991472780039e+00 6.629703539357447539e+01
4.788564079404435070e+00 4.070820189200075490e+00 8.702771543516300667e+00 4.926413494120157388e+00 6.624299858180596345e+01
4.718841566052209835e+00 4.009279869786380068e+00 8.652085310599378687e+00 4.891196700676780473e+00 6.618896334227476075e+01
4.649273568300895221e+00 3.948127014711742433e+00 8.601564723294416126e+00 4.856102921564219521e+00 6.613492974107924738e+01
4.579864374905779911e+00 3.887365474890851491e+00 8.551209964803927477e+00 4.821132531125184251e+00 6.608089783563963238e+01
4.510618309882059584e+00 3.826999135723210710e+00 8.501021217225188664e+00 4.786285847214045930e+00 6.602686767682770608e+01
4.441539749014871141e+00 3.767031917060092994e+00 8.450998661527110656e+00 4.751563211352649141e+00 6.597283930897201287e+01
4.372633133605140721e+00 3.707467772105147663e+00 8.401142477529042196e+00 4.716964956813215260e+00 6.591881277160238994e+01
4.303902987221091436e+00 3.648310686403674286e+00 8.351452843850090346e+00 4.682491410472064963e+00 6.586478810009906226e+01
4.235353923751438820e+00 3.589564676246625563e+00 8.301929937875511811e+00 4.648142898884215057e+00 6.581076532566417825e+01
4.166990666157115442e+00 3.531233788695050446e+00 8.252573935731231103e+00 4.613919754517057825e+00 6.575674447694177616e+01
4.098818049735353242e+00 3.473322097013788134e+00 8.203385012240843821e+00 4.579822303738916744e+00 6.570272557890251619e+01
4.030841036839224678e+00 3.415833703773112795e+00 8.154363340893675982e+00 4.545850875610600639e+00 6.564870865443997161e+01
3.963064726101802826e+00 3.358772732745988865e+00 8.105509093814360355e+00 4.512005800975516401e+00 6.559469372390297792e+01
3.895494360460156180e+00 3.302143333016732019e+00 8.056822441720330019e+00 4.478287410536120561e+00 6.554068080582375444e+01
3.828135339361349310e+00 3.245949671736230613e+00 8.008303553889355442e+00 4.444696031607515252e+00 6.548666991707625584e+01
3.760993227204151967e+00 3.190195934556112167e+00 7.959952598125362933e+00 4.411231996318227822e+00 6.543266107301374745e+01
3.694073763562434554e+00 3.134886322155432392e+00 7.911769740711196874e+00 4.377895631208931881e+00 6.537865428782528454e+01
3.627382872946845804e+00 3.080025047152388673e+00 7.863755146385646100e+00 4.344687264977617147e+00 6.532464957444538811e+01
3.560926674091251964e+00 3.025616332436874334e+00 7.815908978290388553e+00 4.311607225206584459e+00 6.527064694485497398e+01
3.494711490210207661e+00 2.971664406474110898e+00 7.768231397945422501e+00 4.278655838682224655e+00 6.521664641009043351e+01
3.428743858621792651e+00 2.918173502165660071e+00 7.720722565201394438e+00 4.245833431239006472e+00 6.516264798029220628e+01
3.363030541335468193e+00 2.865147850554563114e+00 7.673382638208074980e+00 4.213140330080487495e+00 6.510865166502981083e+01
3.297578535333115290e+00 2.812591680861577625e+00 7.626211773371266212e+00 4.180576860535490269e+00 6.505465747315210479e+01
3.232395085724047323e+00 2.760509212135376700e+00 7.579210125318072144e+00 4.148143348236144945e+00 6.500066541287144162e+01
3.167487691636860170e+00 2.708904654344616691e+00 7.532377846854027226e+00 4.115840118591865604e+00 6.494667549225952996e+01
3.102864122797055479e+00 2.657782198558412023e+00 7.485715088927102023e+00 4.083667496255378282e+00 6.489268771835132554e+01
3.038532431428285552e+00 2.607146018336583992e+00 7.439222000585703931e+00 4.051625804924722907e+00 6.483870209832639375e+01
2.974500953478576459e+00 2.557000259148278776e+00 7.392898728939448993e+00 4.019715368260279753e+00 6.478471863885424398e+01
2.910778345436123349e+00 2.507349039362730458e+00 7.346745419120067844e+00 3.987936508327080798e+00 6.473073734597338103e+01
2.847373566694285874e+00 2.458196440063292965e+00 7.300762214238588399e+00 3.956289546716902805e+00 6.467675822582202727e+01
2.784295913148358448e+00 2.409546503739107060e+00 7.254949255348208226e+00 3.924774804039237619e+00 6.462278128399476884e+01
2.721555033620917552e+00 2.361403226293433466e+00 7.209306681399678673e+00 3.893392599777348195e+00 6.456880652591692638e+01
2.659160922680014583e+00 2.313770552579401674e+00 7.163834629204462345e+00 3.862143252360743961e+00 6.451483395682571143e+01
2.597123961674273396e+00 2.266652370646960790e+00 7.118533233389266357e+00 3.831027079333129581e+00 6.446086358168675190e+01
2.535454912125882032e+00 2.220052504464925747e+00 7.073402626359254874e+00 3.800044396859753704e+00 6.440689540535419155e+01
2.474164938781457490e+00 2.173974709934197502e+00 7.028442938251503236e+00 3.769195519940385708e+00 6.435292943248306585e+01
2.413265631952617341e+00 2.128422665428836957e+00 6.983654296898554215e+00 3.738480762321414907e+00 6.429896566759254029e+01
2.352769006001547591e+00 2.083399968926781920e+00 6.939036827780840966e+00 3.707900436246926112e+00 6.424500411511210984e+01
2.292687531412712421e+00 2.038910127111733139e+00 6.894590653990269935e+00 3.677454852464913326e+00 6.419104477925918673e+01
2.233034140679562629e+00 1.994956552959036511e+00 6.850315896182292974e+00 3.647144320218633329e+00 6.413708766423947338e+01
2.173822244165575679e+00 1.951542554098693039e+00 6.806212672538761055e+00 3.616969146938836310e+00 6.408313277411433262e+01
2.115065751588914189e+00 1.908671330292620150e+00 6.762281098720759331e+00 3.586929638385730534e+00 6.402918011282395128e+01
2.056779079790748366e+00 1.866345961679335419e+00 6.718521287829414490e+00 3.557026098447392926e+00 6.397522968427936263e+01
1.998977169096911366e+00 1.824569405622720630e+00 6.674933350360610973e+00 3.527258829061820755e+00 6.392128149226044798e+01
1.941675499172544894e+00 1.783344485641833010e+00 6.631517394163416235e+00 3.497628130158112914e+00 6.386733554050760375e+01
1.884890103968638098e+00 1.742673886758728141e+00 6.588273524396455194e+00 3.468134299574177959e+00 6.381339183268863025e+01
1.828637565330315295e+00 1.702560146124443508e+00 6.545201843484520943e+00 3.438777632937656481e+00 6.375945037240414592e+01
1.772935057450179652e+00 1.663005646366563894e+00 6.502302451076042544e+00 3.409558423573164188e+00 6.370551116321472307e+01
1.717800319414883869e+00 1.624012607954446352e+00 6.459575443998485156e+00 3.380476962456689716e+00 6.365157420862037441e+01
1.663251672466551145e+00 1.585583081397712535e+00 6.417020916216430670e+00 3.351533538033700133e+00 6.359763951208459076e+01
1.609308057287149207e+00 1.547718940288671519e+00 6.374638958786326803e+00 3.322728436191121126e+00 6.354370707703422738e+01
1.555988939855665443e+00 1.510421873666080383e+00 6.332429659814717837e+00 3.294061940135855515e+00 6.348977690684204589e+01
1.503314441849597838e+00 1.473693378731368631e+00 6.290393104412852487e+00 3.265534330258180074e+00 6.343584900486746392e+01
1.451305246319806397e+00 1.437534754503404955e+00 6.248529374654598456e+00 3.237145884097337944e+00 6.338192337442596624e+01
1.399982565256332467e+00 1.401947093439726899e+00 6.206838549530925064e+00 3.208896876173764845e+00 6.332800001880379170e+01
1.349368176603360947e+00 1.366931277269152201e+00 6.165320704908741511e+00 3.180787577936884158e+00 6.327407894126950794e+01
1.299484360975658559e+00 1.332487967019690966e+00 6.123975913486121136e+00 3.152818257628213772e+00 6.322016014505597781e+01
1.250353882566533237e+00 1.298617601642340746e+00 6.082804244745576128e+00 3.124989180190236748e+00 6.316624363338340231e+01
1.201999964984285629e+00 1.265320386241490791e+00 6.041805764916586163e+00 3.097300607164001462e+00 6.311232940944864112e+01
1.154446191631741225e+00 1.232596293806599741e+00 6.000980536928122611e+00 3.069752796555384577e+00 6.305841747642914896e+01
1.107716527445982813e+00 1.200445052060336248e+00 5.960328620363843477e+00 3.042346002771757707e+00 6.300450783749020900e+01
1.061835134511592615e+00 1.168866146724160338e+00 5.919850071421227433e+00 3.015080476451454050e+00 6.295060049577730865e+01
1.016826408443507468e+00 1.137858810617796701e+00 5.879544942867364732e+00 2.987956464411846369e+00 6.289669545442733778e+01
9.727147555182679151e-01 1.107422024666549598e+00 5.839413283995723347e+00 2.960974209499164456e+00 6.284279271656420462e+01
9.295245982412191355e-01 1.077554512150106003e+00 5.799455140582477242e+00 2.934133950479068442e+00 6.278889228529786948e+01
8.872801452360209451e-01 1.048254736018044531e+00 5.759670554841552104e+00 2.907435921944013124e+00 6.273499416373371673e+01
8.460053557323181650e-01 1.019520899229552802e+00 5.720059565384923772e+00 2.880880354148982470e+00 6.268109835496431259e+01
8.057236745228146813e-01 9.913509380833761542e-01 5.680622207182500105e+00 2.854467472975801723e+00 6.262720486207625470e+01
7.664579136674994908e-01 9.637425288131663548e-01 5.641358511507542417e+00 2.828197499778645874e+00 6.257331368815031425e+01
7.282300585484287048e-01 9.366930771602777206e-01 5.602268505903310825e+00 2.802070651207350327e+00 6.251942483625862224e+01
6.910610800851680890e-01 9.101997306798725873e-01 5.563352214150052433e+00 2.776087139162042750e+00 6.246553830947095065e+01
6.549707162941050820e-01 8.842593656805648461e-01 5.524609656197927876e+00 2.750247170726111801e+00 6.241165411085123083e+01
6.199772434242798447e-01 8.588686051579172975e-01 5.486040848140719461e+00 2.724550947970666215e+00 6.235777224345974901e+01
5.860972529305982226e-01 8.340238028445741136e-01 5.447645802186672270e+00 2.698998667674744389e+00 6.230389271035490140e+01
5.533454104198571866e-01 8.097210647881845080e-01 5.409424526588403559e+00 2.673590521586935331e+00 6.225001551459080673e+01
5.217342248269730698e-01 7.859562340677427317e-01 5.371377025615148959e+00 2.648326696045145479e+00 6.219614065922160506e+01
4.912738281025459952e-01 7.627249128617552554e-01 5.333503299524340768e+00 2.623207371854222814e+00 6.214226814729858717e+01
4.619717547287229276e-01 7.400224513419386696e-01 5.295803344505102039e+00 2.598232724182036435e+00 6.208839798187143799e+01
4.338327392101708480e-01 7.178439655135033792e-01 5.258277152631595897e+00 2.573402922574789198e+00 6.203453016599225833e+01
4.068585416323635684e-01 6.961843353806685952e-01 5.220924711843109911e+00 2.548718130704144436e+00 6.198066470271352557e+01
3.810477997437413666e-01 6.750382148265328119e-01 5.183746005902573728e+00 2.524178506210787098e+00 6.192680159508351068e+01
3.563958961973576200e-01 6.544000396770994765e-01 5.146741014328068964e+00 2.499784200715870153e+00 6.187294084615277967e+01
3.328948917813915886e-01 6.342640310501970191e-01 5.109909712382052938e+00 2.475535359620339992e+00 6.181908245897829346e+01
3.105334923331204422e-01 6.146242107426694856e-01 5.073252071046834288e+00 2.451432121995112734e+00 6.176522643661790823e+01
2.892970604784216859e-01 5.954744006463149608e-01 5.036768056933006221e+00 2.427474620461491206e+00 6.171137278212263055e+01
2.691676434703756948e-01 5.768082426296902154e-01 5.000457632277694131e+00 2.403662981077953731e+00 6.165752149855148900e+01
2.501241152522969413e-01 5.586191963855875464e-01 4.964320754937353364e+00 2.379997323213655314e+00 6.160367258896940967e+01
2.321423170531435043e-01 5.409005614602592216e-01 4.928357378274514033e+00 2.356477759444887798e+00 6.154982605644286764e+01
2.151952571763527389e-01 5.236454753259507378e-01 4.892567451168470249e+00 2.333104395412968213e+00 6.149598190403294495e+01
1.992533177905559949e-01 5.068469358553546744e-01 4.856950918001518680e+00 2.309877329711184757e+00 6.144214013481146708e+01
1.842845729892553241e-01 4.904978007615672375e-01 4.821507718573213808e+00 2.286796653777553701e+00 6.138830075185354218e+01
1.702550648523854793e-01 4.745908080610153901e-01 4.786237788076323163e+00 2.263862451805492171e+00 6.133446375823731955e+01
1.571291215309914280e-01 4.591185792339985694e-01 4.751141057095266795e+00 2.241074800544031742e+00 6.128062915704033031e+01
1.448696881989887664e-01 4.440736367389553352e-01 4.716217451552489059e+00 2.218433769239379849e+00 6.122679695134902289e+01
1.334386800753207536e-01 4.294484112020092170e-01 4.681466892642214717e+00 2.195939419563207817e+00 6.117296714425278736e+01
1.227973049376335779e-01 4.152352543144964825e-01 4.646889296844237904e+00 2.173591805433079394e+00 6.111913973884538365e+01
1.129063881818118675e-01 4.014264500179169359e-01 4.612484575900841044e+00 2.151390972871433327e+00 6.106531473822357015e+01
1.037266904543934914e-01 3.880142248234854652e-01 4.578252636711548362e+00 2.129336959952372155e+00 6.101149214549088384e+01
9.521919143915283379e-02 3.749907596816020039e-01 4.544193381360410733e+00 2.107429796815681655e+00 6.095767196375528840e+01
8.734534986030736969e-02 3.623481988203200999e-01 4.510306707121517711e+00 2.085669505252709666e+00 6.090385419612970708e+01
8.006735143994374304e-02 3.500786596038743537e-01 4.476592506319800435e+00 2.064056098804874395e+00 6.085003884573075794e+01
7.334830730860583681e-02 3.381742504121034720e-01 4.443050666372069024e+00 2.042589582698132400e+00 6.079622591568259082e+01
6.715242355391572160e-02 3.266270776995972569e-01 4.409681069804407549e+00 2.021269953699347699e+00 6.074241540911431514e+01
6.144514829041040904e-02 3.154292585799693405e-01 4.376483594112914766e+00 2.000097199842269635e+00 6.068860732916022016e+01
5.619330342583143956e-02 3.045729068574953291e-01 4.343458111793650822e+00 1.979071300489752216e+00 6.063480167895872341e+01
5.136515156298027823e-02 2.940501785757951292e-01 4.310604490354826623e+00 1.958192226458318030e+00 6.058099846165653446e+01
4.693046207784616619e-02 2.838532657250482094e-01 4.277922592236012456e+00 1.937459939407561116e+00 6.052719768040552850e+01
4.286054910782735594e-02 2.739743821671093982e-01 4.245412274768912475e+00 1.916874392059473076e+00 6.047339933836305903e+01
3.912830232241942124e-02 2.644058119935081552e-01 4.213073390213330605e+00 1.896435528137128790e+00 6.041960343869170202e+01
3.570816313251341106e-02 2.551398934376162275e-01 4.180905785724367441e+00 1.876143282340620333e+00 6.036580998456187785e+01
3.257611771026476533e-02 2.461690179215309249e-01 4.148909303252660941e+00 1.855997579859889335e+00 6.031201897914970544e+01
2.970966489439296962e-02 2.374856658753510541e-01 4.117083779616156569e+00 1.835998336606085024e+00 6.025823042563727938e+01
2.708778287890466208e-02 2.290823928956975120e-01 4.085429046538327391e+00 1.816145459348479374e+00 6.020444432721291861e+01
2.469086482435046623e-02 2.209518270203226498e-01 4.053944930371496724e+00 1.796438845145265084e+00 6.015066068707215408e+01
2.250067060888639309e-02 2.130867077747643779e-01 4.022631252262265811e+00 1.776878381434741749e+00 6.009687950841689030e+01
2.050026552360005583e-02 2.054798626298352804e-01 3.991487828075297450e+00 1.757463946091663898e+00 6.004310079445541248e+01
