1.893581087465425128e+01 1.906709028217287027e+01 1.893613734814350380e+01 1.892792332692329182e+01 1.892018604404440296e+01
1.885792771592625172e+01 1.912067563544891868e+01 1.885823250899902703e+01 1.884212565268585138e+01 1.882673630765776451e+01
1.878633290489246477e+01 1.918048447405166712e+01 1.878626557333860347e+01 1.876257789026900014e+01 1.873963796666580706e+01
1.872100895921387220e+01 1.924625294485182181e+01 1.872021719186066591e+01 1.868925368677488663e+01 1.865887848962464801e+01
1.866193871932561521e+01 1.931772404102856200e+01 1.866006875835334000e+01 1.862212909365543823e+01 1.858444578873376685e+01
1.860910534638312086e+01 1.939464724605192814e+01 1.860580238885719595e+01 1.856118214639196040e+01 1.851632818569007100e+01
1.856249229083115182e+01 1.947677784451941818e+01 1.855740084157776337e+01 1.850639252336027951e+01 1.845451435866955592e+01
1.852208327506041741e+01 1.956387656142075215e+01 1.851484744586824505e+01 1.845774130773344623e+01 1.839899331350990508e+01
1.848786227993111098e+01 1.965570924923527230e+01 1.847812606332327690e+01 1.841521078917584120e+01 1.834975435250480658e+01
1.845981352690550636e+01 1.975204657067786229e+01 1.844722104804032980e+01 1.837878430263970841e+01 1.830678704549880820e+01
1.843792146043237778e+01 1.985266376842905700e+01 1.842211719750811127e+01 1.834844607612377132e+01 1.827008120959430570e+01
1.842217073211715217e+01 1.995734045381656685e+01 1.840279971268259374e+01 1.832418111714896014e+01 1.823962688882690131e+01
1.841254618493762152e+01 2.006586039168253066e+01 1.838925416334778618e+01 1.830597512054643516e+01 1.821541433515337616e+01
1.840903283794206757e+01 2.017801130884679850e+01 1.838146645543308111e+01 1.829381439092661665e+01 1.819743398257668332e+01
1.841161586848205545e+01 2.029358478393324816e+01 1.837942279325522321e+01 1.828768577616769875e+01 1.818567643776270160e+01
1.842028059375028093e+01 2.041237614345777018e+01 1.838310966644689159e+01 1.828757660098032645e+01 1.818013246714101783e+01
1.843501246446796671e+01 2.053418434222332678e+01 1.839251380663325364e+01 1.829347461406094411e+01 1.818079298632842722e+01
1.845579703280482420e+01 2.065881185044613844e+01 1.840762215916702615e+01 1.830536794049472604e+01 1.818764904627411028e+01
1.848261993267032111e+01 2.078606457841033972e+01 1.842842186622364054e+01 1.832324505393949465e+01 1.820069182261212504e+01
1.851546686231454686e+01 2.091575176724047580e+01 1.845490021484972587e+01 1.834709473671886926e+01 1.821991260517140532e+01
1.855432356347720102e+01 2.104768594551116934e+01 1.848704462917534030e+01 1.837690604461403510e+01 1.824530278774444625e+01
1.859917579534325327e+01 2.118168284902373699e+01 1.852484263364272010e+01 1.841266828000599531e+01 1.827685385968020881e+01
1.865000930500713494e+01 2.131756138539800105e+01 1.856828183107500863e+01 1.845437096783534869e+01 1.831455739740115263e+01
1.870680979594224169e+01 2.145514360671634790e+01 1.861734986996402696e+01 1.850200383105916657e+01 1.835840505189598559e+01
1.876956289426728475e+01 2.159425461548891434e+01 1.867203441512489803e+01 1.855555676939584941e+01 1.840838855185418055e+01
1.883825411132947636e+01 2.173472259329737355e+01 1.873232311489374524e+01 1.861501984012020117e+01 1.846449968858928870e+01
1.891286880767288281e+01 2.187637870982270627e+01 1.879820356486733246e+01 1.868038324047575571e+01 1.852673030994596459e+01
1.899339213004719440e+01 2.201905713100011752e+01 1.886966327306900837e+01 1.875163729040532701e+01 1.859507231027728480e+01
1.907980899008467190e+01 2.216259496477255908e+01 1.894668962222066000e+01 1.882877241436426985e+01 1.866951762208849530e+01
1.917210396320147581e+01 2.230683225885829657e+01 1.902926982705321279e+01 1.891177912460591770e+01 1.875005820917815669e+01
1.927026126281664631e+01 2.245161197328567937e+01 1.911739088986573876e+01 1.900064800452607017e+01 1.883668605738160551e+01
1.937426463545132904e+01 2.259677997065309896e+01 1.921103955652589335e+01 1.909536969290139297e+01 1.892939316726150878e+01
1.948409728860901069e+01 2.274218502100621819e+01 1.931020225811664659e+01 1.919593486783075420e+01 1.902817154275611600e+01
1.959974181310623109e+01 2.288767876741335172e+01 1.941486505331396728e+01 1.930233422955404166e+01 1.913301318169630960e+01
1.972118003643456063e+01 2.303311574491360503e+01 1.952501357030671159e+01 1.941455848281294649e+01 1.924391006309617680e+01
1.984839296396951269e+01 2.317835335301464639e+01 1.964063292884526390e+01 1.953259831774194666e+01 1.936085413492303431e+01
1.998136058158880601e+01 2.332325186299136632e+01 1.976170766165220272e+01 1.965644438915193604e+01 1.948383730015741833e+01
2.012006175158888865e+01 2.346767440968210394e+01 1.988822163366613083e+01 1.978608729466168725e+01 1.961285140188847365e+01
2.026447403123440694e+01 2.361148699989545463e+01 2.002015793736339333e+01 1.992151755007255431e+01 1.974788820467636086e+01
2.041457343431197913e+01 2.375455850627953325e+01 2.015749877800345757e+01 2.006272556334962687e+01 1.988893937460691319e+01
2.057033432148789132e+01 2.389676067440451490e+01 2.030022535632192060e+01 2.020970160273090599e+01 2.003599645886762559e+01
2.073172901141443347e+01 2.403796812657305537e+01 2.044831772432630501e+01 2.036243576215117912e+01 2.018905085690981238e+01
2.089872763761513141e+01 2.417805836018402488e+01 2.060175461125157170e+01 2.052091792069407106e+01 2.034809379060651224e+01
2.107129774153088420e+01 2.431691175889562118e+01 2.076051324315952584e+01 2.068513769768850352e+01 2.051311627139792293e+01
2.124940391291362829e+01 2.445441159079491911e+01 2.092456914420885994e+01 2.085508439772614508e+01 2.068410905851122550e+01
2.143300750547511413e+01 2.459044401794331591e+01 2.109389586169584874e+01 2.103074694651586185e+01 2.086106260894421993e+01
2.162206594147493632e+01 2.472489809763685287e+01 2.126846467897465232e+01 2.121211381592814149e+01 2.104396702046499001e+01
2.181653247456583244e+01 2.485766579010910604e+01 2.144824433237899086e+01 2.139917293294008616e+01 2.123281197222756234e+01
2.201635530613832614e+01 2.498864196138670835e+01 2.163320055550458676e+01 2.159191157830937868e+01 2.142758663304127253e+01
2.222147707579387443e+01 2.511772438929299867e+01 2.182329562977828274e+01 2.179031625020022034e+01 2.162827956480856528e+01
2.243183408775555421e+01 2.524481376592786219e+01 2.201848792104349073e+01 2.199437250884915329e+01 2.183487861812280428e+01
2.264735512476871904e+01 2.536981370366832778e+01 2.221873116086341682e+01 2.220406478055816990e+01 2.204737077574545978e+01
2.286796097708305098e+01 2.549263073470309138e+01 2.242397368266306756e+01 2.241937613249151795e+01 2.226574197172398684e+01
2.309356255163969251e+01 2.561317431760610930e+01 2.263415763337744835e+01 2.264028797228099066e+01 2.248997688296177699e+01
2.332406014492917379e+01 2.573135683406476915e+01 2.284921781667319252e+01 2.286677968114697990e+01 2.272005868367431347e+01
2.355934151303851110e+01 2.584709359417480101e+01 2.306908034239993910e+01 2.309882815679465651e+01 2.295596864395923831e+01
2.379927986153277786e+01 2.596030283240225955e+01 2.329366121378609122e+01 2.333640723252413807e+01 2.319768570687662290e+01
2.404373277428358691e+01 2.607090570851067213e+01 2.352286444792902032e+01 2.357948698431646406e+01 2.344518594125090516e+01
2.429253852938330027e+01 2.617882630582105463e+01 2.375657959403835662e+01 2.382803274211321565e+01 2.369844182454647452e+01
2.454551380894875834e+01 2.628399162373443332e+01 2.399467907516222809e+01 2.408200390148786951e+01 2.395742128869288479e+01
2.480245044199193671e+01 2.638633158148157065e+01 2.423701514134705093e+01 2.434135231408983557e+01 2.422208645847616992e+01
2.506311183743760651e+01 2.648577900204691815e+01 2.448341515404070634e+01 2.460602037163337741e+01 2.449239197457921691e+01
2.532722865828121428e+01 2.658226961642660413e+01 2.473367727371549307e+01 2.487593822619729877e+01 2.476828273383239676e+01
2.559449379573016969e+01 2.667574204551935679e+01 2.498756323349653030e+01 2.515102030955092971e+01 2.504969080249984259e+01
2.586455659606140145e+01 2.676613779996530695e+01 2.524479117040658593e+01 2.543116071634873876e+01 2.533653115479127038e+01
2.613701647994237121e+01 2.685340126322285670e+01 2.550502672873296461e+01 2.571622632288599775e+01 2.562869573881602747e+01
2.641141534776819100e+01 2.693747968386830749e+01 2.576787184380673779e+01 2.600604874272999822e+01 2.592604555360711061e+01
2.668722919699078844e+01 2.701832316326689210e+01 2.603285112713196270e+01 2.630041309640132141e+01 2.622839789727257909e+01
2.696385871570998560e+01 2.709588463698428029e+01 2.629939591258774101e+01 2.659904255189412581e+01 2.653551033212892563e+01
2.724061882831443526e+01 2.717011986933774281e+01 2.656682589733076583e+01 2.690157768199181376e+01 2.684705732585071303e+01
2.751672759726619333e+01 2.724098742574546606e+01 2.683432846517614934e+01 2.720754910359244860e+01 2.716259692308327445e+01
2.779129425904799078e+01 2.730844866739867172e+01 2.710093635094973052e+01 2.751634129213064739e+01 2.748152521559577721e+01
2.806330722038596548e+01 2.737246772280709450e+01 2.736550516426543567e+01 2.782714619383986587e+01 2.780301565340203851e+01
2.833162298806656665e+01 2.743301147740351453e+01 2.762669334764985152e+01 2.813890426925641108e+01 2.812594034783381503e+01
2.859495700369463123e+01 2.749004954729288741e+01 2.788294733496741529e+01 2.845023038646288782e+01 2.844877480428574756e+01
2.885187672725647801e+01 2.754355426164253373e+01 2.813250121833650752e+01 2.875933374229046180e+01 2.876949073844536287e+01
2.910080428255864504e+01 2.759350064106400424e+01 2.837339102334105689e+01 2.906393233152202527e+01 2.908545306548125353e+01
2.934002445820604166e+01 2.763986637111398181e+01 2.860349303918695441e+01 2.936117822880784445e+01 2.939334160049907396e+01
2.956770526399552779e+01 2.768263178606514785e+01 2.882059077478167808e+01 2.964761985635688646e+01 2.968913598937285059e+01
2.978193456017380925e+01 2.772177983610364649e+01 2.902247065202818632e+01 2.991923428083908121e+01 2.996820619245113448e+01
2.998077488366153531e+01 2.775729607087833628e+01 2.920704114695403675e+01 3.017157251462702305e+01 3.022554881472773047e+01
3.016233578246192693e+01 2.778916860686041446e+01 2.937246254730236572e+01 3.040003333267362606e+01 3.045618303463988141e+01
3.032486354232923276e+01 2.781738810706132980e+01 2.951727191613136725e+01 3.060027510165719988e+01 3.065566923754175122e+01
3.046684156644619890e+01 2.784194775044467463e+01 2.964048225089652178e+01 3.076870233959524725e+01 3.082065230889137553e+01
3.058709121373196638e+01 2.786284320689389205e+01 2.974164079481948519e+01 3.090292339724673099e+01 3.094929103856387798e+01
3.068485933918514519e+01 2.788007260978381296e+01 2.982083706189565575e+01 3.100205497150968270e+01 3.104145065041387497e+01
3.075988081153498044e+01 2.789363652592068377e+01 2.987865894515605447e+01 3.106678395756529198e+01 3.109860903701607882e+01
3.081239584981737778e+01 2.790353793102779534e+01 2.991611745355142915e+01 3.109917686437839635e+01 3.112352339232303677e+01
3.084313278479856990e+01 2.790978217677379902e+01 2.993454385643773463e+01 3.110230751387224402e+01 3.111977058808991359e+01
3.085324527812201723e+01 2.791237696596566664e+01 2.993547639423755058e+01 3.107981595848160694e+01 3.109128443547099607e+01
3.084421885525239659e+01 2.791133232017418209e+01 2.992056153307984445e+01 3.103550227870711353e+01 3.104197726001222435e+01
3.081776295278910993e+01 2.790666055375640653e+01 2.989146587753431561e+01 3.097301796304704880e+01 3.097548233614499935e+01
3.077570138009689060e+01 2.789837624342012745e+01 2.984980891384692470e+01 3.089567207356416745e+01 3.089501267362837567e+01
3.071987475778094634e+01 2.788649619611510033e+01 2.979711703417853741e+01 3.080633826818209187e+01 3.080331036076016460e+01
3.065206263902709694e+01 2.787103942086990571e+01 2.973479479505327205e+01 3.070743529071406641e+01 3.070265570534606780e+01
3.057392784772230954e+01 2.785202710161862072e+01 2.966411077516728056e+01 3.060095293812726069e+01 3.059490973717108631e+01
3.048698261996952752e+01 2.782948256547415511e+01 2.958619436910278822e+01 3.048850121430372084e+01 3.048157105731036154e+01
3.039257259886490914e+01 2.780343125742909294e+01 2.950203980031879780e+01 3.037136746915037833e+01 3.036383510415574705e+01
3.029187460248085628e+01 2.777390070912415254e+01 2.941251485396222876e+01 3.025057268619623940e+01 3.024264965263856908e+01
3.018590386904527989e+01 2.774092051347442833e+01 2.931837209215412088e+01 3.012692229455670301e+01 3.011876309800366869e+01
3.007552695311277091e+01 2.770452229611127493e+01 2.922026095247404953e+01 3.000104958638211983e+01 2.999276517810127629e+01
2.996147750225722106e+01 2.766473968994984034e+01 2.911873993487508727e+01 2.987345151665441634e+01 2.986512000317283722e+01
2.984437279567099921e+01 2.762160831208675660e+01 2.901428836404443246e+01 2.974451775629528782e+01 2.973619281470238462e+01
2.972472988974668695e+01 2.757516573652353387e+01 2.890731708598086058e+01 2.961455394071278491e+01 2.960627148088297744e+01
2.960298068633946400e+01 2.752545148281679133e+01 2.879817795376672507e+01 2.948380016000844961e+01 2.947558306810688222e+01
2.947948528752387531e+01 2.747250698326561391e+01 2.868717224224973705e+01 2.935244516475451348e+01 2.934430696425712881e+01
2.935454357048944729e+01 2.741637558705033939e+01 2.857455804694176749e+01 2.922063760693442092e+01 2.921258529481092125e+01
2.922840517445768427e+01 2.735710252456640745e+01 2.846055666743810164e+01 2.908849484982507505e+01 2.908053086190967207e+01
2.910127801451547569e+01 2.729473492465699991e+01 2.834535806800426272e+01 2.895610975458827951e+01 2.894823339471881241e+01
2.897333539670288971e+01 2.722932180449231154e+01 2.822912553449690876e+01 2.882355594693204992e+01 2.881576448992865380e+01
2.884472199692099892e+01 2.716091407747554243e+01 2.811199962398453422e+01 2.869089193899362655e+01 2.868318140622341872e+01
2.871555873094505884e+01 2.708956456641255528e+01 2.799410154423778962e+01 2.855816437668069341e+01 2.855053004513379022e+01
2.858594684619426118e+01 2.701532802970078606e+01 2.787553600972937318e+01 2.842541051609271818e+01 2.841784731436978717e+01
2.845597129134768011e+01 2.693826119944348108e+01 2.775639365663067437e+01 2.829266018542117322e+01 2.828516292984282643e+01
2.832570348941685978e+01 2.685842283355394855e+01 2.763675308900078420e+01 2.815993731844834613e+01 2.815250089296673153e+01
2.819520362114156597e+01 2.677587378260992068e+01 2.751668261424176976e+01 2.802726114970028704e+01 2.801988069589219421e+01
2.806452250915081947e+01 2.669067708539883554e+01 2.739624171411240283e+01 2.789464720211314486e+01 2.788731819784998933e+01
2.793370316969252798e+01 2.660289808362911401e+01 2.727548229037187966e+01 2.776210804918795461e+01 2.775482630243217130e+01
2.780278210565431607e+01 2.651260458087515914e+01 2.715444972674537993e+01 2.762965395638757116e+01 2.762241550046765326e+01
2.767179035896755934e+01 2.641986701982862584e+01 2.703318378356071250e+01 2.749729316717299099e+01 2.749009433981502326e+01
2.754075439003247538e+01 2.632475870712854515e+01 2.691171934297709001e+01 2.736503235728608985e+01 2.735786982278151669e+01
2.740969679151594818e+01 2.622735609462185380e+01 2.679008709447619552e+01 2.723287696250470091e+01 2.722574771473402677e+01
2.727863690952786868e+01 2.612773912030726464e+01 2.666831417290055839e+01 2.710083142263507128e+01 2.709373275992835772e+01
2.714759132604913461e+01 2.602599161488609525e+01 2.654642450968328760e+01 2.696889937002537252e+01 2.696182885855867184e+01
2.701657438926222810e+01 2.592220178257828778e+01 2.642443927858369079e+01 2.683708378646446135e+01 2.683003921676782966e+01
2.688559846538169751e+01 2.581646276196564926e+01 2.630237728976386435e+01 2.670538709633764896e+01 2.669836645828194222e+01
2.675467419544374792e+01 2.570887326467247291e+01 2.618025519022306469e+01 2.657381127072989457e+01 2.656681277447149014e+01
2.662381079039889897e+01 2.559953827239406365e+01 2.605808780882741615e+01 2.644235791563681204e+01 2.643537995149258180e+01
2.649301623886351464e+01 2.548856975808406133e+01 2.593588836580982360e+01 2.631102834866954154e+01 2.630406950452315229e+01
2.636229746778781191e+01 2.537608736224167316e+01 2.581366870428197302e+01 2.617982365536216705e+01 2.617288268277366825e+01
2.623166051748640726e+01 2.526221883662574896e+01 2.569143940701688322e+01 2.604874470940072939e+01 2.604182047803371702e+01
2.610111066247769074e+01 2.514710010832505915e+01 2.556920995923792361e+01 2.591779226135424707e+01 2.591088376177754782e+01
2.597065252604069485e+01 2.503087461689549542e+01 2.544698888368864331e+01 2.578696685807155831e+01 2.578007318821708438e+01
2.584029013656011387e+01 2.491369161005052746e+01 2.532478384062967436e+01 2.565626899590495213e+01 2.564938931619682805e+01
2.571002702483075097e+01 2.479570306260069046e+01 2.520260172847244817e+01 2.552569901658893059e+01 2.551883258626869733e+01
2.557986629079879037e+01 2.467705925925043076e+01 2.508044877180395460e+01 2.539525721056150331e+01 2.538840335753675603e+01
2.544981065127464248e+01 2.455790328043147497e+01 2.495833058684491590e+01 2.526494378900396498e+01 2.525810192472943783e+01
2.531986248804999207e+01 2.443836552714015298e+01 2.483625226787773244e+01 2.513475891667034645e+01 2.512792850951597856e+01
2.519002392884007335e+01 2.431855932624641525e+01 2.471421842347326248e+01 2.500470271383772314e+01 2.499788329984232860e+01
2.506029680016656513e+01 2.419857858519893057e+01 2.459223324828623802e+01 2.487477526389025329e+01 2.486796642160066639e+01
2.493068280661724856e+01 2.407849774299535639e+01 2.447030057813049808e+01 2.474497662257666875e+01 2.473817797354714898e+01
2.480118334490583720e+01 2.395837363678274556e+01 2.434842386304927331e+01 2.461530681053534764e+01 2.460851801500880143e+01
2.467179976789184437e+01 2.383824837386195128e+01 2.422660630765848566e+01 2.448576583416185315e+01 2.447898658081087220e+01
2.454253316090090564e+01 2.371815250083905013e+01 2.410485076399218940e+01 2.435635367218182878e+01 2.434958368335289691e+01
2.441338456360574583e+01 2.359810790226741872e+01 2.398315989495410960e+01 2.422707029055508343e+01 2.422030931457043224e+01
2.428435483536637918e+01 2.347813025347049631e+01 2.386153608660091052e+01 2.409791563998861719e+01 2.409116345302029316e+01
2.415544476678119423e+01 2.335823083981842174e+01 2.373998155418012956e+01 2.396888966071466243e+01 2.396214606050486751e+01
2.402665503688109894e+01 2.323841792636130776e+01 2.361849831021154245e+01 2.383999228341264143e+01 2.383325708895214845e+01
2.389798625989882908e+01 2.311869772853674121e+01 2.349708821955854532e+01 2.371122343094517149e+01 2.370449647826769635e+01
2.376943896563026115e+01 2.299907507087141312e+01 2.337575298159396553e+01 2.358258301946527524e+01 2.357586415953036152e+01
2.364101363738624073e+01 2.287955382482424582e+01 2.325449418307094263e+01 2.345407095819869170e+01 2.344736005642187138e+01
2.351271068826496347e+01 2.276013721972506332e+01 2.313331326142255051e+01 2.332568715229159650e+01 2.331898408554435420e+01
2.338453049054625410e+01 2.264082804375850344e+01 2.301221156851729432e+01 2.319743150129566089e+01 2.319073615834344793e+01
2.325647336591697467e+01 2.252162877249874740e+01 2.289119032753594851e+01 2.306930390161795685e+01 2.306261618122094958e+01
2.312853959413421379e+01 2.240254165361504590e+01 2.277025068789304640e+01 2.294130424618944986e+01 2.293462405663311543e+01
2.300072942041433421e+01 2.228356876508783202e+01 2.264939369729247076e+01 2.281343242550680017e+01 2.280675968347224725e+01
2.287304305314771113e+01 2.216471205113003506e+01 2.252862033620026594e+01 2.268568832774053590e+01 2.267902295718917571e+01
2.274548067374344029e+01 2.204597334715881729e+01 2.240793150518811672e+01 2.255807183928123649e+01 2.255141377092554933e+01
2.261804243528299807e+01 2.192735439820215859e+01 2.228732804690845626e+01 2.243058284481820053e+01 2.242393201507368161e+01
2.249072846871381515e+01 2.180885686855964067e+01 2.216681072858594348e+01 2.230322122754173009e+01 2.229657757822180386e+01
2.236353888164328296e+01 2.169048234697587318e+01 2.204638028118169757e+01 2.217598686954544362e+01 2.216935034712123098e+01
2.223647376516231944e+01 2.157223236126127119e+01 2.192603739181997824e+01 2.204887965169587360e+01 2.204225020705053595e+01
2.210953318903469977e+01 2.145410837948255534e+01 2.180578265459759990e+01 2.192189945410097351e+01 2.191527704205808647e+01
2.198271721097044207e+01 2.133611181126783052e+01 2.168561667618752864e+01 2.179504615604289697e+01 2.178843073473100844e+01
2.185602587010525610e+01 2.121824401468110821e+01 2.156554002433934869e+01 2.166831963625359947e+01 2.166171116722786749e+01
2.172945919549182392e+01 2.110050629973697767e+01 2.144555317541919948e+01 2.154171977290603834e+01 2.153511822061030045e+01
2.160301720157440286e+01 2.098289992955419692e+01 2.132565661860530426e+01 2.141524644379000009e+01 2.140865177490289284e+01
2.147669989365538612e+01 2.086542612364252491e+01 2.120585082119297482e+01 2.128889952629982929e+01 2.128231171065332106e+01
2.135050726571160240e+01 2.074808606063941241e+01 2.108613618317894733e+01 2.116267889753109799e+01 2.115609790637402199e+01
2.122443930397564671e+01 2.063088088109631357e+01 2.096651309282925268e+01 2.103658443433905845e+01 2.103001024128063179e+01
2.109849598518314551e+01 2.051381168931443355e+01 2.084698192924610538e+01 2.091061601329472808e+01 2.090404859410332961e+01
2.097267727997807540e+01 2.039687955463786295e+01 2.072754303093068984e+01 2.078477351091463987e+01 2.077821284238381949e+01
2.084698315073066510e+01 2.028008551375878810e+01 2.060819671486756022e+01 2.065905680358160978e+01 2.065250286429494153e+01
2.072141355479430658e+01 2.016343057356651514e+01 2.048894328887838512e+01 2.053346576743120266e+01 2.052691853732535066e+01
2.059596844279390737e+01 2.004691571072831735e+01 2.036978303669349799e+01 2.040800027883181400e+01 2.040145973876516550e+01
2.047064776062991598e+01 1.993054187672095168e+01 2.025071622425400619e+01 2.028266021393200802e+01 2.027612634589135254e+01
2.034545144905271741e+01 1.981430999758189770e+01 2.013174310782388687e+01 2.015744544878488043e+01 2.015091823575695784e+01
2.022037944448667801e+01 1.969822097469666389e+01 2.001286392662678537e+01 2.003235585973733279e+01 2.002583528541689262e+01
2.009543167926878127e+01 1.958227568779543759e+01 1.989407890342750562e+01 1.990739132283533053e+01 1.990087737183567285e+01
1.997060808198321880e+01 1.946647499607714238e+01 1.977538825725045513e+01 1.978255171429366399e+01 1.977604437190496967e+01
1.984590857786623275e+01 1.935081973854106607e+01 1.965679219270372258e+01 1.965783691042380354e+01 1.965133616263846505e+01
1.972133308889864267e+01 1.923531073574733696e+01 1.953829089633362415e+01 1.953324678741304865e+01 1.952675262085633534e+01
1.959688153433224045e+01 1.911994879197441577e+01 1.941988455648986545e+01 1.940878122164290076e+01 1.940229362352105369e+01
1.947255383054664435e+01 1.900473469585172737e+01 1.930157334906407485e+01 1.928444008952078192e+01 1.927795904762125900e+01
1.934834989169590358e+01 1.888966922029618445e+01 1.918335743397229010e+01 1.916022326750995575e+01 1.915374877004499155e+01
1.922426962943060147e+01 1.877475312502285831e+01 1.906523697246377225e+01 1.903613063218840651e+01 1.902966266784860139e+01
1.910031295354026781e+01 1.865998715721132584e+01 1.894721211605726907e+01 1.891216206020705215e+01 1.890570061807932589e+01
1.897647977168620415e+01 1.854537205187014592e+01 1.882928300561862400e+01 1.878831742831117069e+01 1.878186249783716022e+01
1.885276998994469366e+01 1.843090853385234595e+01 1.871144978017334992e+01 1.866459661337434284e+01 1.865814818430716571e+01
1.872918351259167835e+01 1.831659731863096141e+01 1.859371257205934569e+01 1.854099949232643851e+01 1.853455755473716948e+01
1.860572024253852064e+01 1.820243911239083801e+01 1.847607150651615626e+01 1.841752594223505213e+01 1.841109048646540103e+01
1.848238008102459418e+01 1.808843461297773558e+01 1.835852670617446591e+01 1.829417584028643873e+01 1.828774685691280055e+01
1.835916292837287500e+01 1.797458451092261811e+01 1.824107828909736995e+01 1.817094906372808794e+01 1.816452654358295860e+01
1.823606868381444102e+01 1.786088949055357489e+01 1.812372636741084264e+01 1.804784548996583382e+01 1.804142942410069494e+01
1.811309724459822590e+01 1.774735022975769283e+01 1.800647105141039006e+01 1.792486499650497933e+01 1.791845537615632367e+01
1.799024850810566889e+01 1.763396740198069068e+01 1.788931244838425982e+01 1.780200746095505338e+01 1.779560427756178598e+01
1.786752237072533589e+01 1.752074167664848048e+01 1.777225066054517910e+01 1.767927276105774581e+01 1.767287600623796351e+01
1.774491872691349315e+01 1.740767371905137395e+01 1.765528578841086116e+01 1.755666077466948494e+01 1.755027044018648397e+01
1.762243747130159477e+01 1.729476419156587852e+01 1.753841793084729517e+01 1.743417137976834397e+01 1.742778745754243985e+01
1.750007849793446013e+01 1.718201375412582266e+01 1.742164718299516935e+01 1.731180445445751204e+01 1.730542693654163244e+01
1.737784169948634627e+01 1.706942306541230181e+01 1.730497363808876443e+01 1.718955987696117660e+01 1.718318875553188363e+01
1.725572696818765905e+01 1.695699278199735005e+01 1.718839738857714039e+01 1.706743752563269823e+01 1.706107279298115387e+01
1.713373419611935944e+01 1.684472356011351835e+01 1.707191852453525982e+01 1.694543727895323215e+01 1.693907892747158073e+01
1.701186327449284263e+01 1.673261605604455937e+01 1.695553713445230315e+01 1.682355901552242727e+01 1.681720703770767855e+01
1.689011409391335405e+01 1.662067092381679956e+01 1.683925330641257645e+01 1.670180261407782041e+01 1.669545700251390841e+01
1.676848654487184476e+01 1.650888882228354149e+01 1.672306712715630184e+01 1.658016795348203942e+01 1.657382870083458215e+01
1.664698051732121087e+01 1.639727041160908172e+01 1.660697868240600528e+01 1.645865491272212466e+01 1.645232201174322384e+01
1.652559590074810103e+01 1.628581635296186647e+01 1.649098805789926203e+01 1.633726337092122094e+01 1.633093681443156697e+01
1.640433258450110898e+01 1.617452731030573077e+01 1.637509533874617418e+01 1.621599320732975258e+01 1.620967298822003144e+01
1.628319045758744110e+01 1.606340394995214993e+01 1.625930060943444033e+01 1.609484430132872390e+01 1.608853041255711247e+01
1.616216940858201667e+01 1.595244694205512381e+01 1.614360395507121027e+01 1.597381653243194144e+01 1.596750896701333566e+01
1.604126932606118316e+01 1.584165696018120961e+01 1.602800546067264165e+01 1.585290978028499786e+01 1.584660853129229352e+01
1.592049009836076756e+01 1.573103468222409695e+01 1.591250521098135984e+01 1.573212392466633247e+01 1.572582898522465022e+01
1.579983161335290553e+01 1.562058079156213886e+01 1.579710329186219475e+01 1.561145884548783869e+01 1.560517020877058769e+01
1.567929375905174894e+01 1.551029597655776371e+01 1.568179978956943010e+01 1.549091442279504349e+01 1.548463208202205976e+01
1.555887642326376863e+01 1.540018093180216141e+01 1.556659479060352069e+01 1.537049053676850363e+01 1.536421448520176725e+01
1.543857949349107628e+01 1.529023635772646728e+01 1.545148838284743853e+01 1.525018706772346633e+01 1.524391729866537304e+01
1.531840285725875717e+01 1.518046296145157115e+01 1.533648065505880531e+01 1.513000389610994389e+01 1.512374040290141863e+01
1.519834640201491993e+01 1.507086145801515897e+01 1.522157169685787892e+01 1.500994090251493240e+01 1.500368367853168294e+01
1.507841001504555578e+01 1.496143256953398470e+01 1.510676159943027130e+01 1.488999796766116468e+01 1.488374700631339032e+01
1.495859358358717905e+01 1.485217702469073942e+01 1.499205045531100033e+01 1.477017497240821697e+01 1.476393026713711798e+01
1.483889699487714608e+01 1.474309556114782183e+01 1.487743835847267881e+01 1.465047179775339536e+01 1.464423334203019778e+01
1.471932013607832879e+01 1.463418892561594653e+01 1.476292540468212700e+01 1.453088832483204307e+01 1.452465611215729524e+01
1.459986289431697415e+01 1.452545787425050072e+01 1.464851169153450883e+01 1.441142443491780689e+01 1.440519845882050554e+01
1.448052515675978213e+01 1.441690317261537757e+01 1.453419731852303975e+01 1.429208000942343482e+01 1.428586026345579718e+01
1.436130681055495373e+01 1.430852559599037477e+01 1.441998238727835968e+01 1.417285492990213136e+01 1.416664140764160962e+01
1.424220774283005220e+01 1.420032593018706457e+01 1.430586700168825409e+01 1.405374907804663032e+01 1.404754177309565044e+01
1.412322784080164695e+01 1.409230497204315036e+01 1.419185126798938867e+01 1.393476233569103861e+01 1.392856124167558640e+01
1.400436699170712096e+01 1.398446353013568988e+01 1.407793529493547346e+01 1.381589458481157173e+01 1.380969969537584419e+01
1.388562508277334651e+01 1.387680242609608428e+01 1.396411919394437184e+01 1.369714570752605987e+01 1.369095701633653483e+01
1.376700200135740282e+01 1.376932249259104601e+01 1.385040307925010694e+01 1.357851558609662135e+01 1.357233308683877482e+01
1.364849763486844303e+01 1.366202457322252606e+01 1.373678706803643124e+01 1.346000410292882776e+01 1.345382778930647127e+01
1.353011187073552435e+01 1.355490952540458771e+01 1.362327128053583358e+01 1.334161114057177322e+01 1.333544100630812324e+01
1.341184459653158356e+01 1.344797822060711567e+01 1.350985584027790054e+01 1.322333658171963400e+01 1.321717262055558351e+01
1.329369569990877231e+01 1.334123154446599990e+01 1.339654087424601059e+01 1.310518030921523547e+01 1.309902251490619740e+01
1.317566506859636632e+01 1.323467039797733413e+01 1.328332651285323962e+01 1.298714220604977143e+01 1.298099057236379039e+01
1.305775259045079473e+01 1.312829569828886633e+01 1.317021289030441444e+01 1.286922215535670055e+01 1.286307667608477168e+01
