1.114861347354622723e+00 1.097170369443283500e+00 1.176120515093630026e+00 1.063366459746020176e+00 1.090363419245928833e+00
1.228325442724626848e+00 1.194218518382308636e+00 1.351853799355394070e+00 1.126391822940897569e+00 1.180597917100715044e+00
1.340507409476926037e+00 1.291146797808090607e+00 1.527215171383987657e+00 1.189111841489069565e+00 1.270705554501070811e+00
1.451499478585906333e+00 1.387957486508208271e+00 1.702219027051687483e+00 1.251556691921177356e+00 1.360688328054689089e+00
1.561376665142858666e+00 1.484652789977960685e+00 1.876878874879386094e+00 1.313752164741431416e+00 1.450548169720230263e+00
1.670200296589644751e+00 1.581234842944974073e+00 2.051207410102982465e+00 1.375720517585576896e+00 1.540286948484912211e+00
1.778020910833008061e+00 1.677705714174872575e+00 2.225216600705624881e+00 1.437481084209655702e+00 1.629906470926203665e+00
1.884880622082607093e+00 1.774067407994700307e+00 2.398917730716368268e+00 1.499050758998971444e+00 1.719408481317949544e+00
1.990814521954287208e+00 1.870321866277724787e+00 2.572321444717724948e+00 1.560444347718664249e+00 1.808794661555592098e+00
2.095851912047794308e+00 1.966470970770406446e+00 2.745437799693253744e+00 1.621674933924784678e+00 1.898066630637924801e+00
2.200017294857441019e+00 2.062516545128129319e+00 2.918276307746767717e+00 1.682754186986852529e+00 1.987225943471858658e+00
2.303331119812559002e+00 2.158460356850302020e+00 3.090845972023372745e+00 1.743692535431750734e+00 2.076274088947725360e+00
2.405810419552991686e+00 2.254304118956293568e+00 3.263155320005993065e+00 1.804499302711332298e+00 2.165212487695566956e+00
2.507469275324114122e+00 2.350049491611269303e+00 3.435212435326622682e+00 1.865182856691605329e+00 2.254042488067800054e+00
2.608319193190037133e+00 2.445698083849424442e+00 3.607024990928456631e+00 1.925750743392252939e+00 2.342765361905796873e+00
2.708369462427188346e+00 2.541251454488920647e+00 3.778600255628083993e+00 1.986209776118313286e+00 2.431382298854509738e+00
2.807627448949479021e+00 2.636711113550601393e+00 3.949945138828712565e+00 2.046566200562497162e+00 2.519894399680835839e+00
2.906098795075863883e+00 2.732078523913192392e+00 4.121066210542438490e+00 2.106825665176770723e+00 2.608302667784308415e+00
3.003787583085391510e+00 2.827355102353517058e+00 4.291969716897578557e+00 2.166993320052671645e+00 2.696607998205882595e+00
3.100696492878023847e+00 2.922542220164596305e+00 4.462661594041755997e+00 2.227073853015166360e+00 2.784811163867371153e+00
3.196826915563427907e+00 3.017641203922077242e+00 4.633147486124052250e+00 2.287071533604252860e+00 2.872912808546946639e+00
3.292179130031507306e+00 3.112653336357372957e+00 4.803432763134606098e+00 2.346990278596358781e+00 2.960913415593752429e+00
3.386752331437421049e+00 3.207579857075827157e+00 4.973522533749898500e+00 2.406833673354177083e+00 3.048813313175435802e+00
3.480544766476641350e+00 3.302421962877879480e+00 5.143421659584320516e+00 2.466605007561204932e+00 3.136612614092370688e+00
3.573553700892814877e+00 3.397180808467174185e+00 5.313134761120367422e+00 2.526307286514215100e+00 3.224311233166324620e+00
3.665775541101326418e+00 3.491857506213187801e+00 5.482666240159957738e+00 2.585943249814111944e+00 3.311908803020699565e+00
3.757205836185093961e+00 3.586453126734318264e+00 5.652020273053581789e+00 2.645515393460784015e+00 3.399404691192610350e+00
3.847839338871270609e+00 3.680968698565579178e+00 5.821200831488682503e+00 2.705025983500205733e+00 3.486797901800437582e+00
3.937670028643736497e+00 3.775405207433060628e+00 5.990211681579389769e+00 2.764477071239711314e+00 3.574087081353056750e+00
4.026691142783897170e+00 3.869763596850684717e+00 6.159056392339784303e+00 2.823870501126538368e+00 3.661270405867381950e+00
4.114895169620171878e+00 3.964044766189583680e+00 6.327738343356957174e+00 2.883207917002165388e+00 3.748345573056151014e+00
4.202273874497524986e+00 4.058249570796625960e+00 6.496260726634448979e+00 2.942490768221741160e+00 3.835309666095513936e+00
4.288818290118735277e+00 4.152378820470556953e+00 6.664626551771420715e+00 3.001720310135910452e+00 3.922159132126921133e+00
4.374518718052825328e+00 4.246433277615262902e+00 6.832838649322024338e+00 3.060897606125984716e+00 4.008889615253920624e+00
4.459364730228467799e+00 4.340413656703260514e+00 7.000899668685260480e+00 3.120023526279424697e+00 4.095495916028403016e+00
4.543345158447422705e+00 4.434320620355121534e+00 7.168812083437692273e+00 3.179098744445709723e+00 4.181971791371284830e+00
4.626448078750826198e+00 4.528154778294704919e+00 7.336578185438316524e+00 3.238123731604213962e+00 4.268309883572414698e+00
4.708660800169141680e+00 4.621916683335782317e+00 7.504200085217799909e+00 3.297098746372821410e+00 4.354501487746508026e+00
4.789969839266569274e+00 4.715606827033307802e+00 7.671679709883492571e+00 3.356023823414775897e+00 4.440536477021460371e+00
4.870360891634469169e+00 4.809225637642118301e+00 7.839018793897817083e+00 3.414898759343572454e+00 4.526402949443885326e+00
4.949818809338735193e+00 4.902773471350112544e+00 8.006218877805736156e+00 3.473723093302127918e+00 4.612087081503927877e+00
5.028327561940206358e+00 4.996250609410680887e+00 8.173281295300975913e+00 3.532496083471142967e+00 4.697572864670567228e+00
5.105870196753743429e+00 5.089657248625072405e+00 8.340207161361698596e+00 3.591216678727849221e+00 4.782841840229490771e+00
5.182428801511994365e+00 5.182993491695305543e+00 8.506997365537813494e+00 3.649883486051655801e+00 4.867872772794639147e+00
5.257984450640364571e+00 5.276259341404188952e+00 8.673652543496258360e+00 3.708494728198069357e+00 4.952641316447899733e+00
5.332517144659966846e+00 5.369454680528627399e+00 8.840173067003984642e+00 3.767048192535504381e+00 5.037119661845506080e+00
5.406005764127766788e+00 5.462579265039134491e+00 9.006559012755301907e+00 3.825541170297098947e+00 5.121276092370223409e+00
5.478427997023651130e+00 5.555632700048884764e+00 9.172810125947471249e+00 3.883970386593640356e+00 5.205074583388380915e+00
5.549760256431000904e+00 5.648614417806308907e+00 9.338925801354763578e+00 3.942331910458332533e+00 5.288474374159357616e+00
5.619977612242971432e+00 5.741523660907041915e+00 9.504905011557246652e+00 4.000621044071066557e+00 5.371429465652362012e+00
5.689053688039493295e+00 5.834359432274714763e+00 9.670746271475913147e+00 4.058832189937463752e+00 5.453888157828690630e+00
5.756960560737821808e+00 5.927120484150000479e+00 9.836447566628315542e+00 4.116958696056942202e+00 5.535792583581298665e+00
5.823668663518930977e+00 6.019805238919097690e+00 1.000200626148418337e+01 4.174992655187028667e+00 5.617078216438737392e+00
5.889146652776774182e+00 6.112411743368158845e+00 1.016741899010011885e+01 4.232924651484966994e+00 5.697673452331514454e+00
5.953361271602731541e+00 6.204937593154968845e+00 1.033268152697422693e+01 4.290743452247538947e+00 5.777499233546373958e+00
6.016277221948810094e+00 6.297379841342062967e+00 1.049778863132195639e+01 4.348435642494158593e+00 5.856468700909860381e+00
6.077856984152998798e+00 6.389734883588593206e+00 1.066273383854089829e+01 4.405985145639121470e+00 5.934487053651191779e+00
6.138060638267552882e+00 6.481998302281787971e+00 1.082750919318796257e+01 4.463372602543719481e+00 6.011451527525372818e+00
6.196845695117684905e+00 6.574164674785581752e+00 1.099210490851126742e+01 4.520574606636034609e+00 6.087251279147805505e+00
6.254166858461614353e+00 6.666227324843980284e+00 1.115650892045076503e+01 4.577562887357748522e+00 6.161768108399346744e+00
6.309975796696334349e+00 6.758177992840047388e+00 1.132070632698101242e+01 4.634302834344231847e+00 6.234876923854581143e+00
6.364220936948132845e+00 6.850006421340153473e+00 1.148467866118060776e+01 4.690752084989079584e+00 6.306446620704281081e+00
6.416847140078373535e+00 6.941699782810291097e+00 1.164840278535158546e+01 4.746858623825708889e+00 6.376341302537275268e+00
6.467795446041538554e+00 7.033241915142581568e+00 1.181184953679109029e+01 4.802558326980571834e+00 6.444421887072795840e+00
6.517002780192877154e+00 7.124612320815263189e+00 1.197498188588897960e+01 4.857771874169764637e+00 6.510548054674734963e+00
6.564401657811012036e+00 7.215784798121831045e+00 1.213775232822885819e+01 4.912400976524411433e+00 6.574580499328357419e+00
6.609919891905986056e+00 7.306725405219569147e+00 1.230009921714570709e+01 4.966323828023057274e+00 6.636383448544163066e+00
6.653480322892774801e+00 7.397389939129873859e+00 1.246194161816461410e+01 5.019389718141545664e+00 6.695827398868935632e+00
6.695000599405680930e+00 7.487720448053170941e+00 1.262317213621939693e+01 5.071412866054316737e+00 6.752791975101786193e+00
6.734393038419471011e+00 7.577640076872025787e+00 1.278364614481172268e+01 5.122165714031968520e+00 6.807168788705876494e+00
6.771564632851100107e+00 7.667046307315376730e+00 1.294316702875270586e+01 5.171372116002118879e+00 6.858864156674038703e+00
6.806417265414991924e+00 7.755801937993637374e+00 1.310146533321871587e+01 5.218701249191807889e+00 6.907801542376341253e+00
6.838848182054933389e+00 7.843722928955978446e+00 1.325816949225195707e+01 5.263763317698252564e+00 6.953923588004361278e+00
6.868751021340281149e+00 7.930563036618543116e+00 1.341276749514833178e+01 5.306108499818983582e+00 6.997193618737657772e+00
6.896017400539129483e+00 8.015995405156580489e+00 1.356455927945185991e+01 5.345230651644206965e+00 7.037596555173474933e+00
6.920539128299328269e+00 8.099592471003349559e+00 1.371260465738497736e+01 5.380577651137257611e+00 7.075139137865278371e+00
6.942211457962201848e+00 8.180807557450989975e+00 1.385567853777108205e+01 5.411569243609454460e+00 7.109849495417257081e+00
6.960937398069294346e+00 8.258964466294644424e+00 1.399225483517672153e+01 5.437622810762316128e+00 7.141776080864100429e+00
6.976632946255188372e+00 8.333263722809181928e+00 1.412054777577267295e+01 5.458185751015802722e+00 7.170986050688226143e+00
6.989233090319511454e+00 8.402817418801374671e+00 1.423863848323787273e+01 5.472771447002615197e+00 7.197563191699807739e+00
6.998698025111633747e+00 8.466718052637238756e+00 1.434469410171895021e+01 5.480994523788354833e+00 7.221605519362195302e+00
7.005018736846165162e+00 8.524140066334963350e+00 1.443724719623638642e+01 5.482600147889997722e+00 7.243222678923665114e+00
7.008220809633703752e+00 8.574457326123413381e+00 1.451545800214394788e+01 5.477482508856044596e+00 7.262533277314345170e+00
7.008365829196955943e+00 8.617344309846247441e+00 1.457926705915227217e+01 5.465689932243527949e+00 7.279662261071798035e+00
7.005549790063327897e+00 8.652828745517133768e+00 1.462938113695894060e+01 5.447415758069103831e+00 7.294738436339195609e+00
6.999898697091589739e+00 8.681277768976682907e+00 1.466710598931054577e+01 5.422977576277872913e+00 7.307892204120128632e+00
6.991562171855972174e+00 8.703325144324121965e+00 1.469409830346898183e+01 5.392788657557725074e+00 7.319253561389142959e+00
6.980706104735626916e+00 8.719766757436950400e+00 1.471212072566105888e+01 5.357326191300646023e+00 7.328950394895090703e+00
6.967505374467922508e+00 8.731455754737433850e+00 1.472285599509097054e+01 5.317100645810186599e+00 7.337107076477182410e+00
6.952137438895391597e+00 8.739219576027142722e+00 1.472779702555901160e+01 5.272629224043996032e+00 7.343843352535463609e+00
6.934777185127827259e+00 8.743807091614048232e+00 1.472820216920077208e+01 5.224414902023815088e+00 7.349273508741205774e+00
6.915593137291081050e+00 8.745863386005908069e+00 1.472509459727438852e+01 5.172931651770431571e+00 7.353505783210488644e+00
6.894744927263217527e+00 8.745924697078079291e+00 1.471928570313058415e+01 5.118615114416641632e+00 7.356641996951537976e+00
6.872381793640368386e+00 8.744425567887574857e+00 1.471140799778143560e+01 5.061857928222829095e+00 7.358777368763755433e+00
6.848641898324919097e+00 8.741711844133162046e+00 1.470194899496792651e+01 5.003008549968262386e+00 7.360000482217442297e+00
6.823652199831731657e+00 8.738055350848496161e+00 1.469128190418953039e+01 4.942372441447333564e+00 7.360393374255545851e+00
6.797528689252554379e+00 8.733667987617957706e+00 1.467969123779663221e+01 4.880214873228065464e+00 7.360031717812066887e+00
6.770376934326646889e+00 8.728714086715729792e+00 1.466739351266181579e+01 4.816764503366455230e+00 7.358985074620368216e+00
6.742292786921867176e+00 8.723320740357562997e+00 1.465455336870999759e+01 4.752217347984729834e+00 7.357317195175771651e+00
6.713363085613021752e+00 8.717586063409353159e+00 1.464129625806713264e+01 4.686740740655491066e+00 7.355086353769803686e+00
6.683666385547592625e+00 8.711585827200245546e+00 1.462771785956145543e+01 4.620477125716165645e+00 7.352345698976550992e+00
6.653273705548826911e+00 8.705378610188942545e+00 1.461389132539682834e+01 4.553547545044802192e+00 7.349143611174962842e+00
6.622249239264083265e+00 8.699009748044444379e+00 1.459987277216117718e+01 4.486054740830793364e+00 7.345524058209231377e+00
6.590651012788830698e+00 8.692514423248013600e+00 1.458570534118554285e+01 4.418085875353324532e+00 7.341526942566076741e+00
6.558531489012421112e+00 8.685919984259101057e+00 1.457142233842641410e+01 4.349714901256291455e+00 7.337188430124369276e+00
6.525938124497824511e+00 8.679247763529739146e+00 1.455704954109436677e+01 4.281004609988001697e+00 7.332541278726267819e+00
6.492913876129475348e+00 8.672514435221302165e+00 1.454260697340509623e+01 4.212008381192536177e+00 7.327615114297286070e+00
6.459497656938657073e+00 8.665733075523561979e+00 1.452811024836270448e+01 4.142771663251950010e+00 7.322436766511538409e+00
6.425724748145181131e+00 8.658913968643245695e+00 1.451357156759230982e+01 4.073333222772474116e+00 7.317030467396822502e+00
6.391627166568744300e+00 8.652065214475589627e+00 1.449900049589234463e+01 4.003726199851810996e+00 7.311418106522402205e+00
6.357233991826725550e+00 8.645193225560396044e+00 1.448440457442306695e+01 3.933978998968161722e+00 7.305619493966307054e+00
6.322571667047856891e+00 8.638303108203578162e+00 1.446978978610516720e+01 3.864116039086054055e+00 7.299652481697396667e+00
6.287664266084575182e+00 8.631398933297116827e+00 1.445516087788896797e+01 3.794158383751775165e+00 7.293533215101164480e+00
6.252533726992512086e+00 8.624483938801102312e+00 1.444052160814564623e+01 3.724124269906471163e+00 7.287276278094802606e+00
6.217200082994757793e+00 8.617560704358917079e+00 1.442587495901684491e+01 3.654029556022535985e+00 7.280894829620324415e+00
6.181681613570277456e+00 8.610631302608085846e+00 1.441122331686094959e+01 3.583888096042404214e+00 7.274400784252474494e+00
6.145995029976416113e+00 8.603697408095070998e+00 1.439656860694186413e+01 3.513712058269710781e+00 7.267804897671160447e+00
6.110155629158633417e+00 8.596760374541677407e+00 1.438191238228293578e+01 3.443512194329618303e+00 7.261116885215033179e+00
6.074177432019309819e+00 8.589821295716676630e+00 1.436725589418573001e+01 3.373298067130376499e+00 7.254345555244003485e+00
6.038073306853070754e+00 8.582881054602935933e+00 1.435260015067681394e+01 3.303078244910964134e+00 7.247498855659234351e+00
6.001855072554247883e+00 8.575940371923147509e+00 1.433794596804842492e+01 3.232860467086804412e+00 7.240583983503441345e+00
5.965533598111361968e+00 8.568999825763775391e+00 1.432329400914677997e+01 3.162651786568228207e+00 7.233607464242518326e+00
5.929118889486151289e+00 8.562059913204018713e+00 1.430864483369482620e+01 3.092458692498800232e+00 7.226575195223014170e+00
5.892620172066184381e+00 8.555121023913558886e+00 1.429399887513353740e+01 3.022287216799283360e+00 7.219492530784168416e+00
5.856045957122423040e+00 8.548183489869821017e+00 1.427935653144809436e+01 2.952143027398466568e+00 7.212364323605787497e+00
5.819404108921763630e+00 8.541247580546054152e+00 1.426471809228736554e+01 2.882031510579019074e+00 7.205194969849602060e+00
5.782701901744649042e+00 8.534313512099558352e+00 1.425008381779156608e+01 2.811957842810369090e+00 7.197988469166390679e+00
5.745946073401843712e+00 8.527381466713441327e+00 1.423545390848313552e+01 2.741927058941362905e+00 7.190748447214843075e+00
5.709142870553189475e+00 8.520451593021208581e+00 1.422082853372892330e+01 2.671944110138775308e+00 7.183478196865328513e+00
5.672298090943083793e+00 8.513524014608476520e+00 1.420620783589631486e+01 2.602013937932590171e+00 7.176180718984176643e+00
5.635417122979013094e+00 8.506598838344679336e+00 1.419159193295174859e+01 2.532141500230883580e+00 7.168858736493771033e+00
5.598504974367760845e+00 8.499676151106717370e+00 1.417698092777186858e+01 2.462331851735948707e+00 7.161514730116699035e+00
5.561566322665818518e+00 8.492756027294323218e+00 1.416237490603976745e+01 2.392590170239799363e+00 7.154150961050749657e+00
5.524605510446516377e+00 8.485838528821368243e+00 1.414777393963775687e+01 2.322921822611984766e+00 7.146769485828190938e+00
5.487626626951083608e+00 8.478923706713491271e+00 1.413317809137477532e+01 2.253332414613707257e+00 7.139372183058860344e+00
5.450633459306384765e+00 8.472011604402139184e+00 1.411858741204558498e+01 2.183827850544363791e+00 7.131960765281079695e+00
5.413629592557203551e+00 8.465102258330794882e+00 1.410400194600723012e+01 2.114414395954854697e+00 7.124536794376583160e+00
5.376618350860098872e+00 8.458195699320423699e+00 1.408942173100734330e+01 2.045098736872933642e+00 7.117101699967790296e+00
5.339602882025404007e+00 8.451291954263410844e+00 1.407484679971303088e+01 1.975888064205799211e+00 7.109656786510871740e+00
5.302586121876418979e+00 8.444391045624412229e+00 1.406027718131397108e+01 1.906790143854002251e+00 7.102203246611459519e+00
5.265570847645364871e+00 8.437492992851684193e+00 1.404571290062085431e+01 1.837813411069590064e+00 7.094742173815523856e+00
5.228559665957450697e+00 8.430597812473870079e+00 1.403115398045229334e+01 1.768967092533842544e+00 7.087274567070844355e+00
5.191555045780116728e+00 8.423705518229999356e+00 1.401660044008641215e+01 1.700261293814014918e+00 7.079801339655819703e+00
5.154559312555082151e+00 8.416816122688581814e+00 1.400205229705066046e+01 1.631707176786950653e+00 7.072323331833901605e+00
5.117574676404215595e+00 8.409929635702910744e+00 1.398750956675882051e+01 1.563317127579218369e+00 7.064841314756351132e+00
5.080603222994628076e+00 8.403046066834676253e+00 1.397297226314507945e+01 1.495104899975846946e+00 7.057355989069918678e+00
5.043646940896470809e+00 8.396165424500434682e+00 1.395844039889504629e+01 1.427085940114036777e+00 7.049868017183566593e+00
5.006707712023629853e+00 8.389287714832821763e+00 1.394391398561326589e+01 1.359277596946023792e+00 7.042377980791427738e+00
4.969787334518941613e+00 8.382412945349594580e+00 1.392939303404926932e+01 1.291699463686613258e+00 7.034886442015795716e+00
4.932887517234753716e+00 8.375541120323727995e+00 1.391487755416797079e+01 1.224373840963029814e+00 7.027393902825867400e+00
4.896009896114126292e+00 8.368672245304180635e+00 1.390036755497165188e+01 1.157326272750718532e+00 7.019900824747168144e+00
4.859156032668439096e+00 8.361806324500340892e+00 1.388586304531821014e+01 1.090586167790894345e+00 7.012407640788714147e+00
4.822327425566098391e+00 8.354943361406357738e+00 1.387136403339251878e+01 1.024187567052742498e+00 7.004914738603439162e+00
4.785525510670523452e+00 8.348083359542110671e+00 1.385687052668317776e+01 9.581701647598914739e-01 6.997422484670411613e+00
4.748751670202774555e+00 8.341226321833737245e+00 1.384238253320594758e+01 8.925805763665313197e-01 6.989931210477502432e+00
4.712007233004431583e+00 8.334372251070208293e+00 1.382790005948497125e+01 8.274740996125132808e-01 6.982441226090891462e+00
4.675293482161534619e+00 8.327521149727946437e+00 1.381342311277143509e+01 7.629168833682687945e-01 6.974952816623258833e+00
4.638611655671170730e+00 8.320673020173908085e+00 1.379895169986206760e+01 6.989887126308540477e-01 6.967466244276445231e+00
4.601962952416100983e+00 8.313827864646365029e+00 1.378448582684621115e+01 6.357868511632900343e-01 6.959981755621703847e+00
4.565348533620451121e+00 8.306985685049971480e+00 1.377002550024535843e+01 5.734311806244034582e-01 6.952499572822891771e+00
4.528769525566401555e+00 8.300146483454652113e+00 1.375557072607325004e+01 5.120713850380211873e-01 6.945019907678911864e+00
4.492227024075717168e+00 8.293310261505888903e+00 1.374112151029588347e+01 4.518966188826770702e-01 6.937542952119899020e+00
4.455722100723289891e+00 8.286477020949137184e+00 1.372667785879542990e+01 3.931489383211392852e-01 6.930068885083796815e+00
4.419255793187038428e+00 8.279646763374293172e+00 1.371223977734319632e+01 3.361422520530726321e-01 6.922597873338289354e+00
4.382829120847127946e+00 8.272819490242330431e+00 1.369780727165950651e+01 2.812881264462442354e-01 6.915130069167389593e+00
4.346443088985768810e+00 8.265995202991801349e+00 1.368338034737890219e+01 2.291305167446994195e-01 6.907665616313065193e+00
4.310098669098079149e+00 8.259173902994875860e+00 1.366895901010961012e+01 1.803869502236247757e-01 6.900204645855970931e+00
4.273796823267201894e+00 8.252355591568687032e+00 1.365454326545388852e+01 1.359855323234036573e-01 6.892747281410680493e+00
4.237538505000924438e+00 8.245540269990911497e+00 1.364013311885924296e+01 9.705865476592689944e-02 6.885293636906228976e+00
4.201324639920923865e+00 8.238727939513076137e+00 1.362572857586634001e+01 6.480724107128293943e-02 6.877843818123970721e+00
4.165156148218102317e+00 8.231918601363650723e+00 1.361132964191822303e+01 4.012330309717809101e-02 6.870397924464675121e+00
4.129033943295630671e+00 8.225112256710639613e+00 1.359693632240980676e+01 2.302870053337185627e-02 6.862956046794856491e+00
4.092958921166411024e+00 8.218308906745127373e+00 1.358254862275564712e+01 1.239270793348688782e-02 6.855518271454155155e+00
4.056931973823093784e+00 8.211508552592050592e+00 1.356816654831481372e+01 6.369857070533067704e-03 6.848084677404835396e+00
4.020953988289590164e+00 8.204711195377026201e+00 1.355379010443971488e+01 3.183866825937290389e-03 6.840655338951571629e+00
3.985025842760975934e+00 8.197916836205594748e+00 1.353941929646615172e+01 1.567822856858305846e-03 6.833230325283542683e+00
3.949148413622440845e+00 8.191125476156230434e+00 1.352505412972355359e+01 7.669430284447060825e-04 6.825809700363493882e+00
3.913322575387873759e+00 8.184337116299971626e+00 1.351069460952826162e+01 3.747063895619846536e-04 6.818393524601741973e+00
3.877549197678103798e+00 8.177551757695944445e+00 1.349634074118687010e+01 1.837108509751070730e-04 6.810981853548789822e+00
3.841829152085543875e+00 8.170769401390286291e+00 1.348199253000960240e+01 9.092176122241721890e-05 6.803574739780122727e+00
3.806163311468325094e+00 8.163990048420791013e+00 1.346764998129969193e+01 4.585966700347993027e-05 6.796172231961028487e+00
3.770552546108299374e+00 8.157213699818468555e+00 1.345331310034463179e+01 2.393786059380250406e-05 6.788774375631660085e+00
3.734997731743509242e+00 8.150440356609109926e+00 1.343898189244704611e+01 1.324563099808684277e-05 6.781381213584168677e+00
3.699499747793806748e+00 8.143670019805298921e+00 1.342465636289130337e+01 7.954248389253539082e-06 6.773992785363031288e+00
3.664059474357658885e+00 8.136902690422317619e+00 1.341033651696518270e+01 5.309024163078685969e-06 6.766609128502413029e+00
3.628677799116553526e+00 8.130138369463182357e+00 1.339602235995606172e+01 3.964270198049575983e-06 6.759230277123497110e+00
3.593355615580468232e+00 8.123377057927720912e+00 1.338171389714735326e+01 3.221804204441273475e-06 6.751856264048604395e+00
3.558093821892963415e+00 8.116618756812048474e+00 1.336741113382326596e+01 2.757998501884103412e-06 6.744487120154227355e+00
3.522893325196771563e+00 8.109863467105723700e+00 1.335311407526914884e+01 2.510065960999775525e-06 6.737122873985271987e+00
3.487755040797203332e+00 8.103111189795662028e+00 1.333882272677143277e+01 2.335951738935296117e-06 6.729763550967627239e+00
3.452679892008871487e+00 8.096361925865403819e+00 1.332453709361768013e+01 2.168507958994851140e-06 6.722409177401939218e+00
3.417668812890312324e+00 8.089615676295021984e+00 1.331025718109673761e+01 2.029587707184136490e-06 6.715059777687279130e+00
3.382722748067684471e+00 8.082872442061900031e+00 1.329598299450146648e+01 1.923947258023751253e-06 6.707715372400621767e+00
3.347842652690537602e+00 8.076132224140989635e+00 1.328171453912536393e+01 1.820532063782324424e-06 6.700375982202665170e+00
3.313029494878379388e+00 8.069395023505421705e+00 1.326745182026383851e+01 1.723291236677611804e-06 6.693041627598575793e+00
3.278284255564195337e+00 8.062660841124660749e+00 1.325319484321708607e+01 1.634221288939646569e-06 6.685712327361271967e+00
3.243607928505991556e+00 8.055929677967752056e+00 1.323894361328476066e+01 1.554115874641588558e-06 6.678388096564737531e+00
3.209001522631482750e+00 8.049201534999875562e+00 1.322469813577152031e+01 1.481156412175423876e-06 6.671068952409705766e+00
3.174466061829122054e+00 8.042476413184958872e+00 1.321045841598414761e+01 1.411384051584643535e-06 6.663754910202556836e+00
3.140002585399709112e+00 8.035754313486368261e+00 1.319622445923224952e+01 1.342440357468711842e-06 6.656445983830210800e+00
3.105612149680201384e+00 8.029035236865805558e+00 1.318199627082869085e+01 1.275017568114692771e-06 6.649142186044175062e+00
3.071295828239436698e+00 8.022319184279002258e+00 1.316777385608988205e+01 1.210652865406942072e-06 6.641843529635358401e+00
3.037054712800049128e+00 8.015606156685933570e+00 1.315355722033543273e+01 1.151166122174317070e-06 6.634550026364915531e+00
3.002889913917066167e+00 8.008896155044048726e+00 1.313934636888849461e+01 1.097380584765406445e-06 6.627261686847931266e+00
2.968802561790561789e+00 8.002189180307841099e+00 1.312514130707565485e+01 1.049552216213331987e-06 6.619978521504502389e+00
2.934793807430722712e+00 7.995485233428526683e+00 1.311094204022749921e+01 1.006412096592196577e-06 6.612700540119346826e+00
2.900864822706693325e+00 7.988784315360587307e+00 1.309674857367707901e+01 9.666224528955284522e-07 6.605427751815349247e+00
2.867016801606892873e+00 7.982086427056030331e+00 1.308256091276203037e+01 9.267383769257808963e-07 6.598160164859487864e+00
2.833250961512533639e+00 7.975391569462817465e+00 1.306837906282408035e+01 8.840748573894968687e-07 6.590897787563573473e+00
2.799568542932160398e+00 7.968699743529754187e+00 1.305420302920899545e+01 8.365725891183954604e-07 6.583640627670114931e+00
2.765970811025630471e+00 7.962010950204938098e+00 1.304003281726295960e+01 7.847159689155704992e-07 6.576388692074859321e+00
2.732459056999858138e+00 7.955325190434828997e+00 1.302586843233978620e+01 7.483972381964477368e-07 6.569141987425592966e+00
2.699034597591084328e+00 7.948642465163805682e+00 1.301170987979654825e+01 7.157193299037023172e-07 6.561900520250896207e+00
2.665698776833905104e+00 7.941962775336302904e+00 1.299755716499433333e+01 6.882776881993260138e-07 6.554664296605552387e+00
2.632452967624393736e+00 7.935286121895300582e+00 1.298341029329405494e+01 6.590275986603373709e-07 6.547433321658902017e+00
2.599298570892091487e+00 7.928612505782741238e+00 1.296926927006538754e+01 6.259552813421508156e-07 6.540207600877918637e+00
2.566237017675907062e+00 7.921941927939553985e+00 1.295513410068047122e+01 5.913512203097176399e-07 6.532987139237625307e+00
2.533269770843979529e+00 7.915274389305692715e+00 1.294100479051529895e+01 5.587825191455918979e-07 6.525771941325167802e+00
2.500398323963570757e+00 7.908609890820158306e+00 1.292688134494769336e+01 5.317898354633997707e-07 6.518562011359228414e+00
2.467624203698629781e+00 7.901948433420732165e+00 1.291276376936193770e+01 5.126794014875796995e-07 6.511357353501595391e+00
2.434948971638645432e+00 7.895290018044484270e+00 1.289865206914536699e+01 4.980188713183257708e-07 6.504157971604894506e+00
2.402374222958886030e+00 7.888634645627560005e+00 1.288454624968917628e+01 4.852373713856326754e-07 6.496963869167458050e+00
2.369901589093081018e+00 7.881982317105079794e+00 1.287044631638813286e+01 4.688796451467965105e-07 6.489775049579622035e+00
2.337532739633263024e+00 7.875333033410722550e+00 1.285635227464134900e+01 4.477206423865552259e-07 6.482591516033833656e+00
2.305269380878735674e+00 7.868686795477864315e+00 1.284226412985170640e+01 4.226890727198626536e-07 6.475413271502536539e+00
2.273113258729304587e+00 7.862043604238745154e+00 1.282818188742603027e+01 3.975357242034701766e-07 6.468240318667199062e+00
2.241066160636290494e+00 7.855403460624457601e+00 1.281410555277516927e+01 3.771484445624702493e-07 6.461072660197435091e+00
2.209129914106886972e+00 7.848766365565085223e+00 1.280003513131380899e+01 3.627258553487328000e-07 6.453910298564836445e+00
2.177306389780375273e+00 7.842132319989989497e+00 1.278597062846064070e+01 3.542383198820663005e-07 6.446753235996470544e+00
2.145597503408809281e+00 7.835501324827480296e+00 1.277191204963824056e+01 3.472299608204915737e-07 6.439601474590610941e+00
2.114005214377826292e+00 7.828873381004841647e+00 1.275785940027304122e+01 3.378042061300294882e-07 6.432455016390070668e+00
2.082531528924145725e+00 7.822248489448459630e+00 1.274381268579561954e+01 3.236509697977742599e-07 6.425313863280972093e+00
2.051178502109994639e+00 7.815626651083748655e+00 1.272977191164044797e+01 3.049994242827786868e-07 6.418178016883149262e+00
2.019948236449353729e+00 7.809007866835175449e+00 1.271573708324576835e+01 2.861994739433778654e-07 6.411047478858904469e+00
1.988842885193348842e+00 7.802392137626296353e+00 1.270170820605364170e+01 2.711295613411443878e-07 6.403922250713180553e+00
1.957864654251300962e+00 7.795779464379667623e+00 1.268768528551035324e+01 2.648060637279344098e-07 6.396802333821736575e+00
1.927015801045924182e+00 7.789169848016922693e+00 1.267366832706599311e+01 2.624869686380228323e-07 6.389687729424586848e+00
