1.987397476801648821e+01 1.998204808668332788e+01 2.004057319927906278e+01 1.990346322143454927e+01 2.019623017355181460e+01
1.995141299843223948e+01 2.016596880452075169e+01 2.028214004760005906e+01 2.001347375377199711e+01 2.058431650792660861e+01
2.003230466468967919e+01 2.035164977533754183e+01 2.052446665902954592e+01 2.012992552856414363e+01 2.096424599264183186e+01
2.011663984224428958e+01 2.053897724194664676e+01 2.076732279667633208e+01 2.025270753288068093e+01 2.133601260435850122e+01
2.020440879884131036e+01 2.072783612732759551e+01 2.101048145814062096e+01 2.038170350162745947e+01 2.169961681586531199e+01
2.029560198240432811e+01 2.091811013032238264e+01 2.125371907461316923e+01 2.051679154033824659e+01 2.205506545116223904e+01
2.039021000907920467e+01 2.110968181518300923e+01 2.149681601327387526e+01 2.065784369458422631e+01 2.240237169106390880e+01
2.048822364987727696e+01 2.130243272558769618e+01 2.173955673976953307e+01 2.080472577323121186e+01 2.274155503935676848e+01
2.058963381399805570e+01 2.149624349632891906e+01 2.198173005499912946e+01 2.095729613757930920e+01 2.307264123529930444e+01
2.069443152579911782e+01 2.169099396171223404e+01 2.222312936136664518e+01 2.111540569546382073e+01 2.339566215217090672e+01
2.080260789815134359e+01 2.188656326934790641e+01 2.246355287571539350e+01 2.127889751508227434e+01 2.371065565522108898e+01
2.091415410020427856e+01 2.208283000206535007e+01 2.270280386226339076e+01 2.144760629378887273e+01 2.401766544300518547e+01
2.102906131443443272e+01 2.227967234592847134e+01 2.294069084982638884e+01 2.162135790812195069e+01 2.431674086868601137e+01
2.114732067154823270e+01 2.247696806421145510e+01 2.317702781577501980e+01 2.179996899499069585e+01 2.460793665198792013e+01
2.126892325951881446e+01 2.267459478006561469e+01 2.341163435657757574e+01 2.198324651120025308e+01 2.489131294969057251e+01
2.139385997549127794e+01 2.287243008678137457e+01 2.364433589120122647e+01 2.217098751410399160e+01 2.516693471472371613e+01
2.152212145357199802e+01 2.307035168685506221e+01 2.387496369338455793e+01 2.236297878776072423e+01 2.543487224340008979e+01
2.165369795779111683e+01 2.326823749371866512e+01 2.410335511688981569e+01 2.255899649550872965e+01 2.569519996114250660e+01
2.178857926526873001e+01 2.346596575813940788e+01 2.432935371678046010e+01 2.275880591354222560e+01 2.594799662512926375e+01
2.192675453026895127e+01 2.366341521593844988e+01 2.455280938918551925e+01 2.296216133207159871e+01 2.619334496465431172e+01
2.206821210903528296e+01 2.386046524643656852e+01 2.477357843940943027e+01 2.316880600786338107e+01 2.643133153083557119e+01
2.221293934923181013e+01 2.405699600238108005e+01 2.499152361774646280e+01 2.337847214369826077e+01 2.666204648850245107e+01
2.236092236062068039e+01 2.425288854927749682e+01 2.520651420590250424e+01 2.359088092390804903e+01 2.688558326503179430e+01
2.251214575323467315e+01 2.444802498031253180e+01 2.541842608201905662e+01 2.380574267236920250e+01 2.710203827612839689e+01
2.266659233767106940e+01 2.464228858989362436e+01 2.562714174617252638e+01 2.402275714131533135e+01 2.731151064232628656e+01
2.282424278180918265e+01 2.483556394851907712e+01 2.583255037363665352e+01 2.424161391052296466e+01 2.751410192438144264e+01
2.298507523374911443e+01 2.502773707329590636e+01 2.603454777165348588e+01 2.446199289579433511e+01 2.770991590996385767e+01
2.314906487807607149e+01 2.521869552086483424e+01 2.623303646189469163e+01 2.468356497809222105e+01 2.789905834959275666e+01
2.331618345706243645e+01 2.540832851588109165e+01 2.642792552048128840e+01 2.490599276371799675e+01 2.808163670855294924e+01
2.348639873501030095e+01 2.559652707255247606e+01 2.661913069140763710e+01 2.512893147989170117e+01 2.825775993104564421e+01
2.365967390503363887e+01 2.578318407978314042e+01 2.680657420027394267e+01 2.535203000453208944e+01 2.842753820430512590e+01
2.383596693438511238e+01 2.596819442489618623e+01 2.699018478921211894e+01 2.557493202610663730e+01 2.859108271758508479e+01
2.401522984628296342e+01 2.615145507396876923e+01 2.716989758341399153e+01 2.579727732840346022e+01 2.874850546780721672e+01
2.419740794215296731e+01 2.633286515603439781e+01 2.734565400576081018e+01 2.601870319526170405e+01 2.889991904061567851e+01
2.438243893644010996e+01 2.651232606918136625e+01 2.751740172172915067e+01 2.623884591988658954e+01 2.904543638282190798e+01
2.457025203025634141e+01 2.668974150783797583e+01 2.768509443051943819e+01 2.645734241778436058e+01 2.918517070612745812e+01
2.476076690252308410e+01 2.686501756967878762e+01 2.784869184501286199e+01 2.667383191963163469e+01 2.931923515355059706e+01
2.495389261773009082e+01 2.703806278148835673e+01 2.800815944921780343e+01 2.688795772395012307e+01 2.944774283764840561e+01
2.514952644338682575e+01 2.720878814114598754e+01 2.816346843164115654e+01 2.709936899301688840e+01 2.957080644126907032e+01
2.534755257687124441e+01 2.737710718653327646e+01 2.831459547642058183e+01 2.730772257014922388e+01 2.968853832583252128e+01
2.554784076830382133e+01 2.754293598294993117e+01 2.846152260467563266e+01 2.751268478868854928e+01 2.980105012461890013e+01
2.575024482552358052e+01 2.770619318181799429e+01 2.860423702750379249e+01 2.771393322480974675e+01 2.990845287852907219e+01
2.595460101763985961e+01 2.786679999706120370e+01 2.874273090391511332e+01 2.791115847547006723e+01 3.001085664701508193e+01
2.616072635471986274e+01 2.802468021090074402e+01 2.887700122090923216e+01 2.810406571760099226e+01 3.010837065689423753e+01
2.636841674876840358e+01 2.817976018674181304e+01 2.900704953636390826e+01 2.829237638115967712e+01 3.020110295369935116e+01
2.657744506722510636e+01 2.833196880124740602e+01 2.913288182749212751e+01 2.847582947231238393e+01 3.028916051248055652e+01
2.678755912324845312e+01 2.848123746773547893e+01 2.925450825770910157e+01 2.865418265285249078e+01 3.037264900580412785e+01
2.699847960959618476e+01 2.862750005396232922e+01 2.937194298398183179e+01 2.882721386088088167e+01 3.045167280840813007e+01
2.720989805949628959e+01 2.877069285223820927e+01 2.948520395370689329e+01 2.899472143761947507e+01 3.052633490110297743e+01
2.742147503311380063e+01 2.891075453529666461e+01 2.959431268167029572e+01 2.915652552911677375e+01 3.059673678492593396e+01
2.763283859256862129e+01 2.904762605258517283e+01 2.969929405911325304e+01 2.931246820026886368e+01 3.066297848773617218e+01
2.784358326104461767e+01 2.918125060431008322e+01 2.980017613099931850e+01 2.946241355894943581e+01 3.072515842167440780e+01
2.805326971355280463e+01 2.931157351590354665e+01 2.989698989944235308e+01 2.960624859652888219e+01 3.078337345716876428e+01
2.826142545489358682e+01 2.943854217265280937e+01 2.998976911338510831e+01 2.974388205050374978e+01 3.083771875233440696e+01
2.846754667859059040e+01 2.956210592636591983e+01 3.007855007315879092e+01 2.987524488843651582e+01 3.088828786823329864e+01
2.867110144606678546e+01 2.968221596956897557e+01 3.016337142228152501e+01 3.000028949594335970e+01 3.093517258982343776e+01
2.887153429927970194e+01 2.979882526370906959e+01 3.024427397030254738e+01 3.011898875739437287e+01 3.097846306564093766e+01
2.906827232784370096e+01 2.991188839415358913e+01 3.032130047904780668e+01 3.023133594951494274e+01 3.101824763139196151e+01
2.926073251031140998e+01 3.002136147763901519e+01 3.039449550579114145e+01 3.033734296830019161e+01 3.105461295618870565e+01
2.944833013373118291e+01 3.012720203984483192e+01 3.046390519766067939e+01 3.043703981586501328e+01 3.108764388536527079e+01
2.963048797067264672e+01 3.022936889332223132e+01 3.052957713732262590e+01 3.053047333432257560e+01 3.111742358062053171e+01
2.980664583008937285e+01 3.032782203277039201e+01 3.059156016981827264e+01 3.061770574976918979e+01 3.114403338981700387e+01
2.997627014454192818e+01 3.042252251296185861e+01 3.064990422889096777e+01 3.069881380522538450e+01 3.116755295858535391e+01
3.013886311082809755e+01 3.051343235273023424e+01 3.070466021440774895e+01 3.077388707202034368e+01 3.118806016274492876e+01
3.029397106123169081e+01 3.060051442445827874e+01 3.075587979796881299e+01 3.084302686247658087e+01 3.120563116119958025e+01
3.044119171466218177e+01 3.068373239448549583e+01 3.080361533480131442e+01 3.090634486934206748e+01 3.122034039084578794e+01
3.058018004215222518e+01 3.076305061375833461e+01 3.084791968262236850e+01 3.096396184291518949e+01 3.123226057897418784e+01
3.071065261557988890e+01 3.083843412355607683e+01 3.088884611018183790e+01 3.101600637104852609e+01 3.124146277723668774e+01
3.083239021965199811e+01 3.090984860202237172e+01 3.092644816234578187e+01 3.106261363751728055e+01 3.124801635255277077e+01
3.094523882417191984e+01 3.097726036335134125e+01 3.096077953933512816e+01 3.110392435740185491e+01 3.125198904225253571e+01
3.104910893834579610e+01 3.104063644998086602e+01 3.099189402468265797e+01 3.114008348566850870e+01 3.125344693695714327e+01
3.114397346398112276e+01 3.109994475338048403e+01 3.101984533540612432e+01 3.117123945314848044e+01 3.125245454450457672e+01
3.122986432149847147e+01 3.115515417422358269e+01 3.104468708993081094e+01 3.119754297909933172e+01 3.124907477343887763e+01
3.130686798999768783e+01 3.120623484112592649e+01 3.106647267073739727e+01 3.121914630626875820e+01 3.124336899782150212e+01
3.137512025243183800e+01 3.125315843164580798e+01 3.108525518675973487e+01 3.123620247423792406e+01 3.123539704623495084e+01
3.143480041736581043e+01 3.129589858727069895e+01 3.110108738228080938e+01 3.124886430648033553e+01 3.122521726283419596e+01
3.148612524451242578e+01 3.133443141700059442e+01 3.111402156953884912e+01 3.125728411758235481e+01 3.121288650425051614e+01
3.152934280450044469e+01 3.136873609419606979e+01 3.112410959794456033e+01 3.126161285483112096e+01 3.119846019441406426e+01
3.156472645612313599e+01 3.139879554661522576e+01 3.113140275619807085e+01 3.126199966983949707e+01 3.118199233043702989e+01
3.159256909458705209e+01 3.142459721486825686e+01 3.113595178020909060e+01 3.125859158679830685e+01 3.116353552848622499e+01
3.161317779802386241e+01 3.144613389201154163e+01 3.113780676441663076e+01 3.125153283895289746e+01 3.114314104148954598e+01
3.162686894765286283e+01 3.146340458549164865e+01 3.113701716462404434e+01 3.124096484349269076e+01 3.112085879406438238e+01
3.163396387650102781e+01 3.147641536307220633e+01 3.113363174868282712e+01 3.122702574101048967e+01 3.109673740952903742e+01
3.163478505972607024e+01 3.148518014656203334e+01 3.112769857397606543e+01 3.120985016988080929e+01 3.107082423856687114e+01
3.162965284192917537e+01 3.148972139257504566e+01 3.111926498934996488e+01 3.118956923434988582e+01 3.104316538969763783e+01
3.161888271234638381e+01 3.149007057479932215e+01 3.110837758479082282e+01 3.116631014612582007e+01 3.101380575641907100e+01
3.160278306114801339e+01 3.148626850069813798e+01 3.109508222787058784e+01 3.114019631601701477e+01 3.098278904696167757e+01
3.158165339375751302e+01 3.147836538383253213e+01 3.107942401930785437e+01 3.111134720452795221e+01 3.095015781260568843e+01
3.155578295929830190e+01 3.146642066450280240e+01 3.106144732605821090e+01 3.107987822137441114e+01 3.091595347448738096e+01
3.152544972425052805e+01 3.145050258583008329e+01 3.104119576831512362e+01 3.104590085602390914e+01 3.088021635427875822e+01
3.149091967744352161e+01 3.143068755991627938e+01 3.101871223262741850e+01 3.100952253896355160e+01 3.084298569711195981e+01
3.145244642024827186e+01 3.140705935891269718e+01 3.099403890112755278e+01 3.097084677124627916e+01 3.080429970482084556e+01
3.141027093563495853e+01 3.137970819250481824e+01 3.096721724032035539e+01 3.092997314801931452e+01 3.076419555490688751e+01
3.136462154516877376e+01 3.134872971408739062e+01 3.093828806079273619e+01 3.088699736138568497e+01 3.072270943592358350e+01
3.131571404920186907e+01 3.131422399230382325e+01 3.090729150939667491e+01 3.084201136603981652e+01 3.067987656292560672e+01
3.126375187140221001e+01 3.127629450606002592e+01 3.087426712718670885e+01 3.079510338417546933e+01 3.063573121404615307e+01
3.120892663621942020e+01 3.123504719967091248e+01 3.083925386654888712e+01 3.074635803695680636e+01 3.059030674415280160e+01
3.115141846258876157e+01 3.119058960987757345e+01 3.080229013341414657e+01 3.069585643911164397e+01 3.054363561951794637e+01
3.109139641461930736e+01 3.114303008478553281e+01 3.076341384262170919e+01 3.064367627403152738e+01 3.049574943344637745e+01
3.102901898936157465e+01 3.109247709883708310e+01 3.072266243469685776e+01 3.058989193666714357e+01 3.044667893537156189e+01
3.096443461688643239e+01 3.103903866570935222e+01 3.068007294490425352e+01 3.053457461470307166e+01 3.039645405092040065e+01
3.089778220663538733e+01 3.098282184863744249e+01 3.063568203545092317e+01 3.047779241017729035e+01 3.034510390455726636e+01
3.082919167257477966e+01 3.092393236257871436e+01 3.058952606598575841e+01 3.041961045029666266e+01 3.029265684026248451e+01
3.075878444965434610e+01 3.086247425595567861e+01 3.054164113267136216e+01 3.036009099197069006e+01 3.023914044120698819e+01
3.068667400752587326e+01 3.079854966307524577e+01 3.049206313182158468e+01 3.029929353863240493e+01 3.018458156780062751e+01
3.061296633161343905e+01 3.073225862490632565e+01 3.044082781375914237e+01 3.023727494357364520e+01 3.012900635775934433e+01
3.053776039290699629e+01 3.066369896378017756e+01 3.038797083378435104e+01 3.017408952132008437e+01 3.007244022878720457e+01
3.046114860321293349e+01 3.059296620669016420e+01 3.033352781070344406e+01 3.010978914718229404e+01 3.001490796846130138e+01
3.038321724587151351e+01 3.052015354966243876e+01 3.027753437733312936e+01 3.004442336616978437e+01 2.995643369976356141e+01
3.030404689082519099e+01 3.044535185583447046e+01 3.022002622973430164e+01 2.997803948760263282e+01 2.989704084264849726e+01
3.022371277038645587e+01 3.036864968539121890e+01 3.016103917378733712e+01 2.991068268181683720e+01 2.983675227717090550e+01
3.014228514526994829e+01 3.029013334885116393e+01 3.010060917127408686e+01 2.984239608241060182e+01 2.977559026666572706e+01
3.005982964397301771e+01 3.020988698141645301e+01 3.003877235704964122e+01 2.977322086413423463e+01 2.971357642674774979e+01
2.997640758785190584e+01 3.012799263469235100e+01 2.997556510250496231e+01 2.970319634356776817e+01 2.965073186006735639e+01
2.989207628408764705e+01 3.004453038230389694e+01 2.991102399554224789e+01 2.963236005603604895e+01 2.958707711501902793e+01
2.980688930492854283e+01 2.995957843763858364e+01 2.984518589428335034e+01 2.956074783585828669e+01 2.952263217057087630e+01
2.972089674982271390e+01 2.987321327996199116e+01 2.977808787918155176e+01 2.948839390613815681e+01 2.945741648964791182e+01
2.963414548565097562e+01 2.978550977582951020e+01 2.970976728564835767e+01 2.941533093804342514e+01 2.939144905053719725e+01
2.954667936428189989e+01 2.969654132317098316e+01 2.964026166763515135e+01 2.934159013604344679e+01 2.932474831944960414e+01
2.945853945291248976e+01 2.960637998685241357e+01 2.956960874343952028e+01 2.926720130143366205e+01 2.925733226892738159e+01
2.936976419363787372e+01 2.951509662694590475e+01 2.949784641935092466e+01 2.919219289502944292e+01 2.918921843783157044e+01
2.928038967024591344e+01 2.942276102186189490e+01 2.942501264605060740e+01 2.911659211209749998e+01 2.912042390169227701e+01
2.919044964501521733e+01 2.932944196947054394e+01 2.935114544851523277e+01 2.904042492883403170e+01 2.905096526729249717e+01
2.909997588155517434e+01 2.923520737319763541e+01 2.927628277389118594e+01 2.896371616978037977e+01 2.898085875561203295e+01
2.900899807710964495e+01 2.914012430067364434e+01 2.920046247338649081e+01 2.888648956141345181e+01 2.891012016659967543e+01
2.891754421930334473e+01 2.904425900397024307e+01 2.912372218487205444e+01 2.880876777885977091e+01 2.883876485489696151e+01
2.882564049492140512e+01 2.894767688067632960e+01 2.904609924823509459e+01 2.873057250703861598e+01 2.876680783178611023e+01
2.873331159254358624e+01 2.885044237962000224e+01 2.896763063922107051e+01 2.865192447776372120e+01 2.869426371945332832e+01
2.864058066051205387e+01 2.875261884363657927e+01 2.888835284629641720e+01 2.857284352082649903e+01 2.862114674349632892e+01
2.854746953693284084e+01 2.865426827304905899e+01 2.880830181092543540e+01 2.849334860990541429e+01 2.854747078767687185e+01
2.845399872456015800e+01 2.855545100896100763e+01 2.872751282669001327e+01 2.841345789616445927e+01 2.847324939716069281e+01
2.836018759282615065e+01 2.845622535453640722e+01 2.864602046966563620e+01 2.833318875748857479e+01 2.839849576020010602e+01
2.826605433786771115e+01 2.835664714339283776e+01 2.856385851835772982e+01 2.825255782876193322e+01 2.832322273034784033e+01
2.817161617044618183e+01 2.825676928460210746e+01 2.848105990496255302e+01 2.817158103935422631e+01 2.824744286294286510e+01
2.807688927554683289e+01 2.815664132158034860e+01 2.839765662354110987e+01 2.809027365289043843e+01 2.817116839059265487e+01
2.798188897032799360e+01 2.805630904338050513e+01 2.831367973785920356e+01 2.800865029081447588e+01 2.809441122580096817e+01
2.788662968385361296e+01 2.795581418746163749e+01 2.822915927783614976e+01 2.792672496751855249e+01 2.801718301465314198e+01
2.779112507618058459e+01 2.785519425987493847e+01 2.814412427262706373e+01 2.784451112119834448e+01 2.793949511056925772e+01
2.769538803935168758e+01 2.775448249188394456e+01 2.805860267879376480e+01 2.776202165284940193e+01 2.786135856394389521e+01
2.759943078429443020e+01 2.765370792670483624e+01 2.797262139682198878e+01 2.767926891356349728e+01 2.778278418566181429e+01
2.750326485416051625e+01 2.755289562499874023e+01 2.788620626668303260e+01 2.759626480550604555e+01 2.770378251864839214e+01
2.740690118851275514e+01 2.745206696039634409e+01 2.779938203715628475e+01 2.751302072346161509e+01 2.762436382814327729e+01
2.731035014430607433e+01 2.735123997583416511e+01 2.771217242887732723e+01 2.742954762923011458e+01 2.754453815178564469e+01
2.721362154161098701e+01 2.725042976944901341e+01 2.762460008776047715e+01 2.734585608050469929e+01 2.746431528692975021e+01
2.711672469247376327e+01 2.714964888505819829e+01 2.753668665988298159e+01 2.726195618730339021e+01 2.738370478213942505e+01
2.701966842951877368e+01 2.704890768673079293e+01 2.744845277149391904e+01 2.717785772568668889e+01 2.730271596044384452e+01
2.692246114292986547e+01 2.694821470375671879e+01 2.735991808225953292e+01 2.709357007937703443e+01 2.722135793457918496e+01
2.682511079345335148e+01 2.684757693930679423e+01 2.727110130593012016e+01 2.700910229979381327e+01 2.713963959188736652e+01
2.672762495659706872e+01 2.674700013874712567e+01 2.718202023413562785e+01 2.692446312172576128e+01 2.705756960121047783e+01
2.663001082216061022e+01 2.664648901883846577e+01 2.709269178697158509e+01 2.683966096131596402e+01 2.697515644442067639e+01
2.653227524336718801e+01 2.654604746087960976e+01 2.700313202736091611e+01 2.675470396557123465e+01 2.689240839863408894e+01
2.643442472872035509e+01 2.644567867038837150e+01 2.691335621284072843e+01 2.666959999592920028e+01 2.680933353287035459e+01
2.633646548834583001e+01 2.634538530773479437e+01 2.682337881879990604e+01 2.658435667069724673e+01 2.672593974769216985e+01
2.623840342646958490e+01 2.624516959475430511e+01 2.673321358132386649e+01 2.649898137222618288e+01 2.664223475716695333e+01
2.614024417936889932e+01 2.614503340089460082e+01 2.664287352645115092e+01 2.641348124914095763e+01 2.655822607929765411e+01
2.604199310355537378e+01 2.604497831233117111e+01 2.655237100715660148e+01 2.632786326067121863e+01 2.647392107883253942e+01
2.594365533387064815e+01 2.594500568725813849e+01 2.646171773080870793e+01 2.624213416359876661e+01 2.638932694809790291e+01
2.584523576640181020e+01 2.584511670000604511e+01 2.637092480375575221e+01 2.615630053784295228e+01 2.630445070461028578e+01
2.574673904016965054e+01 2.574531237617513924e+01 2.628000275168358968e+01 2.607036880008520185e+01 2.621929921264668906e+01
2.564816965346234312e+01 2.564559362050642832e+01 2.618896154274985832e+01 2.598434521636338346e+01 2.613387918557173606e+01
2.554953187874903975e+01 2.554596123904941507e+01 2.609781065580014570e+01 2.589823591908591638e+01 2.604819717796078749e+01
2.545082975671049752e+01 2.544641595674463730e+01 2.600655905122585310e+01 2.581204691754626879e+01 2.596225959444743125e+01
2.535206723454974664e+01 2.534695843124154280e+01 2.591521523396089677e+01 2.572578411206616877e+01 2.587607270578132557e+01
2.525324804886993135e+01 2.524758926432435757e+01 2.582378730394552235e+01 2.563945330355713281e+01 2.578964263805798396e+01
2.515437574915444685e+01 2.514830901111823991e+01 2.573228288053628532e+01 2.555306020817091550e+01 2.570297537331404314e+01
2.505545379232839664e+01 2.504911818665139478e+01 2.564070925449127003e+01 2.546661046376440041e+01 2.561607677311102549e+01
2.495648545896852255e+01 2.495001727135794312e+01 2.554907333802403357e+01 2.538010964471552455e+01 2.552895256688251635e+01
2.485747388618843701e+01 2.485100671610020839e+01 2.545738164714408214e+01 2.529356326785193687e+01 2.544160834749854416e+01
2.475842210942745680e+01 2.475208694550351396e+01 2.536564042984083045e+01 2.520697680372498795e+01 2.535404959812036196e+01
2.465933302376596359e+01 2.465325836284267425e+01 2.527385559666968717e+01 2.512035568347285519e+01 2.526628168014732978e+01
2.456020941041076711e+01 2.455452135063233854e+01 2.518203274791132884e+01 2.503370530311023856e+01 2.517830982981181265e+01
2.446105395451224140e+01 2.445587627343053683e+01 2.509017724966108887e+01 2.494703103423590562e+01 2.509013917789004822e+01
2.436186922123739507e+01 2.435732347855768509e+01 2.499829416928584536e+01 2.486033821904404917e+01 2.500177474536897648e+01
2.426265768413044555e+01 2.425886329888560411e+01 2.490638834365447707e+01 2.477363218255243282e+01 2.491322144002353411e+01
2.416342173372326840e+01 2.416049605432092307e+01 2.481446439694596151e+01 2.468691822420311865e+01 2.482448406553695364e+01
2.406416365026087334e+01 2.406222205238864831e+01 2.472252668721700886e+01 2.460020162364144980e+01 2.473556732817716863e+01
2.396488564254496012e+01 2.396404158914607763e+01 2.463057941340557733e+01 2.451348763504923056e+01 2.464647583075531045e+01
2.386558984506907422e+01 2.386595495021495950e+01 2.453862656693499034e+01 2.442678148107156488e+01 2.455721407527654065e+01
2.376627829394575997e+01 2.376796241143473409e+01 2.444667192861742677e+01 2.434008835616077349e+01 2.446778647612497437e+01
2.366695296870994980e+01 2.367006423928248537e+01 2.435471914396649495e+01 2.425341340925879763e+01 2.437819735288958967e+01
2.356761577969129817e+01 2.357226069241908917e+01 2.426277167365802967e+01 2.416676174057460358e+01 2.428845092892219526e+01
2.346826855458780514e+01 2.347455202120932682e+01 2.417083281706573672e+01 2.408013839156147995e+01 2.419855134779462702e+01
2.336891307321979383e+01 2.337693846885324689e+01 2.407890575102448949e+01 2.399354833706535217e+01 2.410850266596529679e+01
2.326955105194832640e+01 2.327942027165515881e+01 2.398699348732722925e+01 2.390699647464757405e+01 2.401830884912231667e+01
2.317018413979739577e+01 2.318199765950343760e+01 2.389509892232826260e+01 2.382048761471305909e+01 2.392797378936519692e+01
2.307081394200946534e+01 2.308467085634483951e+01 2.380322483412631840e+01 2.373402647034393809e+01 2.383750129788089467e+01
2.297144200908345013e+01 2.298744008077969525e+01 2.371137386045608864e+01 2.364761764725056992e+01 2.374689510408623150e+01
2.287206983336532673e+01 2.289030554600046585e+01 2.361954855335820369e+01 2.356126563524080098e+01 2.365615886414376234e+01
2.277269886967813761e+01 2.279326746023851769e+01 2.352775135199185996e+01 2.347497480023656991e+01 2.356529616236223035e+01
2.267333052452446651e+01 2.269632602709854297e+01 2.343598458526139439e+01 2.338874937969746526e+01 2.347431050808634723e+01
2.257396615377005489e+01 2.259948144608402743e+01 2.334425050691468329e+01 2.330259346973737777e+01 2.338320533920516553e+01
2.247460708105185745e+01 2.250273391253008626e+01 2.325255126981312870e+01 2.321651103291856799e+01 2.329198402894872899e+01
2.237525458700895697e+01 2.240608361851627350e+01 2.316088894273340770e+01 2.313050587612538322e+01 2.320064988164248021e+01
2.227590990914305280e+01 2.230953075176456224e+01 2.306926552534594776e+01 2.304458165590925844e+01 2.310920613294019788e+01
2.217657425597013798e+01 2.221307549775895751e+01 2.297768292635914733e+01 2.295874189024462453e+01 2.301765595961681754e+01
2.207724879818027475e+01 2.211671803806530079e+01 2.288614299480812164e+01 2.287298994714906542e+01 2.292600247495564147e+01
2.197793467019393887e+01 2.202045855234336358e+01 2.279464751148196555e+01 2.278732904888477506e+01 2.283424872697500874e+01
2.187863297986177002e+01 2.192429721706486845e+01 2.270319818249386401e+01 2.270176227024686355e+01 2.274239770952976158e+01
2.177934480197948020e+01 2.182823420659600444e+01 2.261179666528122212e+01 2.261629254214062712e+01 2.265045235749893493e+01
2.168007118068329930e+01 2.173226969327055613e+01 2.252044455452480776e+01 2.253092265516496084e+01 2.255841554559744111e+01
2.158081313613138974e+01 2.163640384715848342e+01 2.242914338581911338e+01 2.244565526324901228e+01 2.246629009627590889e+01
2.148157165936026303e+01 2.154063683699342846e+01 2.233789465124072748e+01 2.236049289071624457e+01 2.237407877832549374e+01
2.138234771533668166e+01 2.144496882926236836e+01 2.224669978660759284e+01 2.227543793492782953e+01 2.228178430334044080e+01
2.128314224766995366e+01 2.134939998948836504e+01 2.215556018257635884e+01 2.219049267203913800e+01 2.218940933268788029e+01
2.118395617409221288e+01 2.125393048142285224e+01 2.206447718943720204e+01 2.210565926145216409e+01 2.209695648132288426e+01
2.108479039024482304e+01 2.115856046805714286e+01 2.197345210674118832e+01 2.202093975114727087e+01 2.200442831474067518e+01
2.098564577264511755e+01 2.106329011102095450e+01 2.188248620172276304e+01 2.193633608274150149e+01 2.191182735200120035e+01
2.088652317488095278e+01 2.096811957106847757e+01 2.179158070154479887e+01 2.185185009717897131e+01 2.181915604803280573e+01
2.078742343191707320e+01 2.087304900844954503e+01 2.170073679266334921e+01 2.176748353990401696e+01 2.172641682784582073e+01
2.068834736144389908e+01 2.077807858241755667e+01 2.160995563314154566e+01 2.168323806585756941e+01 2.163361207494386562e+01
2.058929576098088532e+01 2.068320845211250258e+01 2.151923834535266522e+01 2.159911524436268593e+01 2.154074412737782396e+01
2.049026941238425081e+01 2.058843877584370929e+01 2.142858601917455275e+01 2.151511656331728872e+01 2.144781528260584125e+01
2.039126908191478904e+01 2.049376971197419905e+01 2.133799971882773150e+01 2.143124343617122562e+01 2.135482776334278654e+01
2.029229551810275467e+01 2.039920141841538026e+01 2.124748047652568772e+01 2.134749720139964069e+01 2.126178379026705656e+01
2.019334945638366818e+01 2.030473405323174418e+01 2.115702929963415002e+01 2.126387913328009205e+01 2.116868553621998217e+01
2.009443161817298318e+01 2.021036777437576504e+01 2.106664717143103971e+01 2.118039044342926047e+01 2.107553513425035163e+01
1.999554270923670174e+01 2.011610273986770281e+01 2.097633504713701313e+01 2.109703227769107770e+01 2.098233467972408306e+01
1.989668342453805394e+01 2.002193910827961076e+01 2.088609386299955517e+01 2.101380573507532290e+01 2.088908620032894703e+01
1.979785444634430291e+01 1.992787703811804434e+01 2.079592453227526860e+01 2.093071185472095408e+01 2.079579172774272067e+01
1.969905644350577489e+01 1.983391668857187184e+01 2.070582794554077921e+01 2.084775162858031550e+01 2.070245324422547384e+01
1.960029007549746183e+01 1.974005821909666381e+01 2.061580497667511480e+01 2.076492600552151302e+01 2.060907269786978446e+01
1.950155599051578292e+01 1.964630179009086675e+01 2.052585647763607568e+01 2.068223588373419020e+01 2.051565200082884033e+01
1.940285482419059093e+01 1.955264756237074764e+01 2.043598328270941522e+01 2.059968212789873476e+01 2.042219301774121831e+01
1.930418720566692770e+01 1.945909569763055913e+01 2.034618621286879048e+01 2.051726556060788198e+01 2.032869760191989883e+01
1.920555375449669100e+01 1.936564635842110604e+01 2.025646607351691841e+01 2.043498696855922248e+01 2.023516756724539079e+01
1.910695508220626238e+01 1.927229970812448201e+01 2.016682364989517851e+01 2.035284710817364484e+01 2.014160469686371613e+01
1.900839178619874659e+01 1.917905591178386615e+01 2.007725970930828652e+01 2.027084669928367688e+01 2.004801074093061075e+01
1.890986446082415995e+01 1.908591513458573274e+01 1.998777501819509439e+01 2.018898643761896494e+01 1.995438741396138838e+01
1.881137369489604083e+01 1.899287754266364914e+01 1.989837032731863431e+01 2.010726698892277042e+01 1.986073641255411815e+01
1.871292006975113509e+01 1.889994330558993241e+01 1.980904637105163957e+01 2.002568899186555740e+01 1.976705940081039969e+01
1.861450415713723672e+01 1.880711259143394543e+01 1.971980385943990299e+01 1.994425306483459082e+01 1.967335801546062157e+01
1.851612651728337511e+01 1.871438556999924430e+01 1.963064351431761168e+01 1.986295979817970903e+01 1.957963386194795419e+01
1.841778771562675132e+01 1.862176241534113430e+01 1.954156604028120725e+01 1.978180976564945581e+01 1.948588851652282372e+01
1.831948830841894704e+01 1.852924330004951159e+01 1.945257213104488514e+01 1.970080351941882668e+01 1.939212353826890833e+01
1.822122884739395943e+01 1.843682839852119670e+01 1.936366245528888541e+01 1.961994159124860104e+01 1.929834045740586390e+01
1.812300986913835388e+01 1.834451788928642202e+01 1.927483769450189754e+01 1.953922449848383991e+01 1.920454077974429197e+01
1.802483191792074635e+01 1.825231195050697863e+01 1.918609851495090979e+01 1.945865273894101932e+01 1.911072598034265013e+01
