1.082202472041447594e+00 1.096977032389750528e+00 1.290794761325408047e+00 1.027865313161586247e+00 1.008966447982336367e+00
1.164100667913440024e+00 1.193608951432145959e+00 1.581432834870171389e+00 1.055596648099170531e+00 1.017669889731002808e+00
1.245701557115846070e+00 1.289906821316634700e+00 1.871963594566528055e+00 1.083195221022041688e+00 1.026111071334616875e+00
1.327011826848097709e+00 1.385881133923696940e+00 2.162415888124963104e+00 1.110662247553927395e+00 1.034290590988651060e+00
1.408037903406166524e+00 1.481541879423212249e+00 2.452807967186150684e+00 1.137998922716426886e+00 1.042208872708006107e+00
1.488785967561149892e+00 1.576898577596977047e+00 2.743152104359222410e+00 1.165206424181453926e+00 1.049866182244313162e+00
1.569261935526609975e+00 1.671960259704825091e+00 3.033457043232680839e+00 1.192285911161371503e+00 1.057262637292414320e+00
1.649471488643728057e+00 1.766735531536058890e+00 3.323729194589206237e+00 1.219238525604743328e+00 1.064398213935443316e+00
1.729420088514538767e+00 1.861232607724408128e+00 3.613973348601365654e+00 1.246065392496825464e+00 1.071272743608894906e+00
1.809112982684297766e+00 1.955459327810840531e+00 3.904193168355888144e+00 1.272767620177458703e+00 1.077885927333167571e+00
1.888555211176976112e+00 2.049423173617852090e+00 4.194391571972307275e+00 1.299346300689101064e+00 1.084237338760032809e+00
1.967751614553989947e+00 2.143131289761059488e+00 4.484570901407138876e+00 1.325802510122678912e+00 1.090326429163293476e+00
2.046706839482155704e+00 2.236590504437534932e+00 4.774733033083187195e+00 1.352137308891081524e+00 1.096152531201916247e+00
2.125425347743755022e+00 2.329807346276170144e+00 5.064879482223961560e+00 1.378351742101540767e+00 1.101714862483273105e+00
2.203911423271568637e+00 2.422788059713264275e+00 5.355011488360794658e+00 1.404446839724419194e+00 1.107012529410132284e+00
2.282169175929963600e+00 2.515538618188960740e+00 5.645130060443359632e+00 1.430423617149732651e+00 1.112044530870660575e+00
2.360202546018149050e+00 2.608064738623092182e+00 5.935236047009095017e+00 1.456283074845277525e+00 1.116809761632414189e+00
2.438015308246690438e+00 2.700371887098413026e+00 6.225330119167897358e+00 1.482026199528405863e+00 1.121307016804815593e+00
2.515611074903680855e+00 2.792465297455849704e+00 6.515412866973790962e+00 1.507653963663611263e+00 1.125534989624388249e+00
2.592993299612059044e+00 2.884349964104511166e+00 6.805484725465213103e+00 1.533167326350995952e+00 1.129492281647288765e+00
2.670165278759590866e+00 2.976030671102904979e+00 7.095546068162349229e+00 1.558567233159870336e+00 1.133177394972671337e+00
2.747130155947985486e+00 3.067511985133760444e+00 7.385597134019217691e+00 1.583854616596851228e+00 1.136588746430855057e+00
2.823890917984289928e+00 3.158798269688659399e+00 7.675638089813052289e+00 1.609030396111596151e+00 1.139724660073999862e+00
2.900450403111772157e+00 3.249893682884722246e+00 7.965668998859461780e+00 1.634095478485073416e+00 1.142583377020670810e+00
2.976811290355036110e+00 3.340802185614600184e+00 8.255689841708576893e+00 1.659050757900145667e+00 1.145163052366362955e+00
3.052976108922520471e+00 3.431527538652311193e+00 8.545700514990020480e+00 1.683897116225538726e+00 1.147461759808570569e+00
3.128947225588298409e+00 3.522073304983878383e+00 8.835700834320348918e+00 1.708635423186365188e+00 1.149477491223737990e+00
3.204726851264505516e+00 3.612442851667089005e+00 9.125690519069733497e+00 1.733266536507251931e+00 1.151208160048490470e+00
3.280317028288572967e+00 3.702639345480199573e+00 9.415669213465593046e+00 1.757791302135844669e+00 1.152651601789364211e+00
3.355719632486954485e+00 3.792665750414770276e+00 9.705636436199254646e+00 1.782210554258855106e+00 1.153805576360268148e+00
3.430936360316340306e+00 3.882524825020183368e+00 9.995591619513183090e+00 1.806525115438879503e+00 1.154667770197086885e+00
3.505968724609350495e+00 3.972219109252558944e+00 1.028553404599619903e+01 1.830735796671144389e+00 1.155235797381426011e+00
3.580818042887091046e+00 4.061750921240458112e+00 1.057546288071400298e+01 1.854843397424189133e+00 1.155507201986007759e+00
3.655485421998194706e+00 4.151122340687154910e+00 1.086537711508640491e+01 1.878848705617000237e+00 1.155479459516217222e+00
3.729971752159763732e+00 4.240335192235960449e+00 1.115527558326077795e+01 1.902752497524390130e+00 1.155149978667420418e+00
3.804277671692607665e+00 4.329391035021660450e+00 1.144515690396580432e+01 1.926555537604297097e+00 1.154516103249101588e+00
3.878403573379407110e+00 4.418291129684670082e+00 1.173501949564361624e+01 1.950258578221818251e+00 1.153575113807199681e+00
3.952349550698341929e+00 4.507036416617563823e+00 1.202486150147929322e+01 1.973862359253152787e+00 1.152324229920280718e+00
4.026115381632971335e+00 4.595627486867879696e+00 1.231468077149822093e+01 1.997367607457011252e+00 1.150760611759475749e+00
4.099700486466143268e+00 4.684064529311123160e+00 1.260447480761560435e+01 2.020775035626196647e+00 1.148881363101507347e+00
4.173103888471871414e+00 4.772347300966178096e+00 1.289424071215489143e+01 2.044085341367350317e+00 1.146683532500432978e+00
4.246324158310763153e+00 4.860475057683395939e+00 1.318397511559994584e+01 2.067299205404537155e+00 1.144164117196944996e+00
4.319359358491079881e+00 4.948446478522180669e+00 1.347367410772080731e+01 2.090417289329439043e+00 1.141320064245496146e+00
4.392206957711413118e+00 5.036259615720414473e+00 1.376333312115865226e+01 2.113440232382660433e+00 1.138148274912685221e+00
4.464863738836641005e+00 5.123911753014139592e+00 1.405294680909413785e+01 2.136368646587830433e+00 1.134645606240338278e+00
4.537325685068766212e+00 5.211399312678421936e+00 1.434250890564884884e+01 2.159203110056955754e+00 1.130808875757175480e+00
4.609587851538266889e+00 5.298717720488467009e+00 1.463201203082915924e+01 2.181944158222537844e+00 1.126634863927712171e+00
4.681644178835106196e+00 5.385861178049523801e+00 1.492144744559235470e+01 2.204592271027908001e+00 1.122120318837878550e+00
4.753487281824830823e+00 5.472822529631232058e+00 1.521080478661492386e+01 2.227147854282212958e+00 1.117261960337519566e+00
4.825108199302860612e+00 5.559592940005883221e+00 1.550007162639639446e+01 2.249611213150662703e+00 1.112056483903396842e+00
4.896496064007308746e+00 5.646161541472578094e+00 1.578923300195948087e+01 2.271982516125206963e+00 1.106500567847980676e+00
4.967637670952592899e+00 5.732515206319459544e+00 1.607827079348195909e+01 2.294261743256821529e+00 1.100590875280313963e+00
5.038516945744108355e+00 5.818637836453298462e+00 1.636716288182086032e+01 2.316448614214100754e+00 1.094324064903269944e+00
5.109114352419006799e+00 5.904510053483751797e+00 1.665588202176414256e+01 2.338542489756385567e+00 1.087696792351372288e+00
5.179406044794260033e+00 5.990108141838784483e+00 1.694439433970671516e+01 2.360542237303912216e+00 1.080705723065283230e+00
5.249362750703929770e+00 6.075403283634509322e+00 1.723265730503909765e+01 2.382446049907501084e+00 1.073347534634414568e+00
5.318948371033666689e+00 6.160360474853121104e+00 1.752061694984219997e+01 2.404251206284630182e+00 1.065618930956336419e+00
5.388118402171544474e+00 6.244937141604882669e+00 1.780820401836382771e+01 2.425953754384398309e+00 1.057516646974242747e+00
5.456817866122434246e+00 6.329081420323743323e+00 1.809532880605113192e+01 2.447548095564957560e+00 1.049037463027201245e+00
5.524978557196362772e+00 6.412730063099140843e+00 1.838187313492178987e+01 2.469026474192248966e+00 1.040178214161505688e+00
5.592515939145815018e+00 6.495805916203488906e+00 1.866768004535913406e+01 2.490378274044162232e+00 1.030935802638740517e+00
5.659325514129573520e+00 6.578214993641947395e+00 1.895253907632571710e+01 2.511589179095802038e+00 1.021307215316541006e+00
5.725278637830894191e+00 6.659842704360297461e+00 1.923616500046052380e+01 2.532640118873151991e+00 1.011289531382942419e+00
5.790218227573863174e+00 6.740549893346639010e+00 1.951816959678644281e+01 2.553505964938446393e+00 1.000879950537396867e+00
5.853954680957303758e+00 6.820168380739640490e+00 1.979802364794463188e+01 2.574153973942006068e+00 9.900757967388530423e-01
5.916262821262069593e+00 6.898496124893069847e+00 2.007500848507179469e+01 2.594541968188520453e+00 9.788745550597682810e-01
5.976880633164932455e+00 6.975292569965526823e+00 2.034815863135202108e+01 2.614616276708610521e+00 9.672738764784748478e-01
6.035510754784445098e+00 7.050274763764457830e+00 2.061620047337704165e+01 2.634309513927997948e+00 9.552716194804002914e-01
6.091825801947893915e+00 7.123115109503957321e+00 2.087749830878202317e+01 2.653538359294918436e+00 9.428658606967896816e-01
6.145477954214563887e+00 7.193441906265539920e+00 2.113002627937610001e+01 2.672201584746551450e+00 9.300549385020424609e-01
6.196112973615360175e+00 7.260843924978192199e+00 2.137139149381188830e+01 2.690178732231247150e+00 9.168374750434005183e-01
6.243387967723640131e+00 7.324880293717154878e+00 2.159893530720912125e+01 2.707329939673184249e+00 9.032124168124044949e-01
6.286991355518490643e+00 7.385097522731069120e+00 2.180993100359119907e+01 2.723497554367162010e+00 8.891790774504056971e-01
6.326662924061303706e+00 7.441051350325420088e+00 2.200186996005388096e+01 2.738510145079071201e+00 8.747371667984120691e-01
6.362211310063953462e+00 7.492334558714721204e+00 2.217279017392025509e+01 2.752189308895057085e+00 8.598868664884978807e-01
6.393526590754913030e+00 7.538606842883206482e+00 2.232156638580410757e+01 2.764359398905288590e+00 8.446288415806247896e-01
6.420586147974015390e+00 7.579622469978261279e+00 2.244807512936570859e+01 2.774859458914840982e+00 8.289643494347597175e-01
6.443453258353775581e+00 7.615251694464761023e+00 2.255317964565189115e+01 2.783556085745876540e+00 8.128952494423438146e-01
6.462269074442390959e+00 7.645491752938502472e+00 2.263855619627177873e+01 2.790355261502434292e+00 7.964241303936232530e-01
6.477239430227379913e+00 7.670465643997478544e+00 2.270641503668678496e+01 2.795211037773856155e+00 7.795543341524172609e-01
6.488618803711897698e+00 7.690409225186045639e+00 2.275920673596390031e+01 2.798129430088289737e+00 7.622900943641806037e-01
6.496693499103722402e+00 7.705649168091519563e+00 2.279937144275528738e+01 2.799166766196698575e+00 7.446365901915317220e-01
6.501765881647156853e+00 7.716576011580152716e+00 2.282917249700289020e+01 2.798423139065851384e+00 7.266000830305293645e-01
6.504140909318524955e+00 7.723616444500173372e+00 2.285060111499726077e+01 2.796032257262124787e+00 7.081880281180230607e-01
6.504115500879728451e+00 7.727208179533517018e+00 2.286534422359223839e+01 2.792149809580659170e+00 6.894091832529625208e-01
6.501970924178128719e+00 7.727779646786917311e+00 2.287479288696832214e+01 2.786942072275893079e+00 6.702737898959492124e-01
6.497967858953018983e+00 7.725735227434809893e+00 2.288007159946086944e+01 2.780576146163160622e+00 6.507937246815135302e-01
6.492343717735423070e+00 7.721445838326930655e+00 2.288207695960923971e+01 2.773212494433215269e+00 6.309826968602210151e-01
6.485311751319416729e+00 7.715244130886026674e+00 2.288151692859554132e+01 2.764999891528850728e+00 6.108564299391249230e-01
6.477061382913633203e+00 7.707423138688650255e+00 2.287894715729481732e+01 2.756072586248872192e+00 5.904328899024775534e-01
6.467759391771423338e+00 7.698237370358276266e+00 2.287480201024516191e+01 2.746549139100032288e+00 5.697325238383565971e-01
6.457551611728892915e+00 7.687905445031105955e+00 2.286942038261239318e+01 2.736532527111968260e+00 5.487785591799575480e-01
6.446564874900749587e+00 7.676613545684277007e+00 2.286306638510010103e+01 2.726111032649984001e+00 5.275973045239734649e-01
6.434909026963077316e+00 7.664519185408368074e+00 2.285594606584794874e+01 2.715359576862740987e+00 5.062184752569022228e-01
6.422678903497376801e+00 7.651754957543950297e+00 2.284822025553805602e+01 2.704341255678525791e+00 4.846755682501242002e-01
6.409956211070840126e+00 7.638432083050086696e+00 2.284001473645278679e+01 2.693108892859797265e+00 4.630062626491206479e-01
6.396811243364409982e+00 7.624643630812148132e+00 2.283142808579272653e+01 2.681706524884743814e+00 4.412528425977970126e-01
6.383304411816770774e+00 7.610467345811612105e+00 2.282253772718496876e+01 2.670170754811904690e+00 4.194626270465391937e-01
6.369487604636392852e+00 7.595968100705447590e+00 2.281340465060024769e+01 2.658531941469432613e+00 3.976884500162476965e-01
6.355405386526756573e+00 7.581200005402110698e+00 2.280407700498885859e+01 2.646815226304297664e+00 3.759891030800651679e-01
6.341096044446622670e+00 7.566208200631463932e+00 2.279459293478911874e+01 2.635041413112909403e+00 3.544297316830802846e-01
6.326592488878721277e+00 7.551030364047953469e+00 2.278498272457311558e+01 2.623227712757252750e+00 3.330822271693014702e-01
6.311923027865416813e+00 7.535697967051677715e+00 2.277527048734481951e+01 2.611388365799512723e+00 3.120253570618681804e-01
6.297112031400643239e+00 7.520237322553282588e+00 2.276547546971242397e+01 2.599535160280525670e+00 2.913447687701860578e-01
6.282180501038645559e+00 7.504670457433237019e+00 2.275561312907857570e+01 2.587677857320761277e+00 2.711326629394393839e-01
6.267146556432171778e+00 7.489015836610706245e+00 2.274569591454161710e+01 2.575824545503851315e+00 2.514870646619147276e-01
6.252025849883433573e+00 7.473288962432401483e+00 2.273573384695855992e+01 2.563981933164828142e+00 2.325102933588131526e-01
6.236831919569725713e+00 7.457502870363360792e+00 2.272573499639448258e+01 2.552155588484108506e+00 2.143068452866539186e-01
6.221576490792922520e+00 7.441668539711773001e+00 2.271570589007967556e+01 2.540350136721623020e+00 1.969804016486215170e-01
6.206269732920635995e+00 7.425795234105133424e+00 2.270565183982784063e+01 2.528569422609878714e+00 1.806297607941274308e-01
6.190920478440451014e+00 7.409890783651405854e+00 2.269557718532391632e+01 2.516816644211354870e+00 1.653439066786770439e-01
6.175536409759077472e+00 7.393961818814029918e+00 2.268548547448991570e+01 2.505094463146038564e+00 1.511964988879939131e-01
6.160124218671694685e+00 7.378013964534663849e+00 2.267537960844758871e+01 2.493405095326153287e+00 1.382402784303999044e-01
6.144689742664446896e+00 7.362052001597450435e+00 2.266526196577149221e+01 2.481750385766716249e+00 1.265021638197275922e-01
6.129238081368710844e+00 7.346080000823256739e+00 2.265513448861657153e+01 2.470131870403645458e+00 1.159799093049635466e-01
6.113773689849594462e+00 7.330101427565136163e+00 2.264499880517075425e+01 2.458550827238396241e+00 1.066411729898999322e-01
6.098300478566376803e+00 7.314119251382604325e+00 2.263485621558680450e+01 2.447008316714246678e+00 9.842555806599860568e-02
6.082821880326493513e+00 7.298136019308572031e+00 2.262470789027821283e+01 2.435505220345515198e+00 9.124905929364608703e-02
6.067340905227124104e+00 7.282153910128358554e+00 2.261455472000774236e+01 2.424042265708310939e+00 8.501074586966025914e-02
6.051860225326027631e+00 7.266174816689193960e+00 2.260439752372039024e+01 2.412620060773693620e+00 7.960033808035933689e-02
6.036382174954014523e+00 7.250200353515553253e+00 2.259423692756511315e+01 2.401239105379418426e+00 7.490553769955740626e-02
6.020908816079718839e+00 7.234231911913153290e+00 2.258407347252483532e+01 2.389899804489437507e+00 7.081828114455601675e-02
6.005441973928916433e+00 7.218270696696198030e+00 2.257390760237815641e+01 2.378602490321251040e+00 6.723915325453339031e-02
5.989983260659706765e+00 7.202317751963229320e+00 2.256373968617510783e+01 2.367347427090269463e+00 6.408017259508540231e-02
5.974534105716026389e+00 7.186373985078121862e+00 2.255357003921015036e+01 2.356134824870975475e+00 6.126592069187584283e-02
5.959095783064937812e+00 7.170440185401317557e+00 2.254339892633354836e+01 2.344964848122157441e+00 5.873340226245884338e-02
5.943669423784342598e+00 7.154517046548996007e+00 2.253322657926494799e+01 2.333837623942941253e+00 5.643115598701392566e-02
5.928256033529322622e+00 7.138605169857584087e+00 2.252305319150788421e+01 2.322753244983154275e+00 5.431788344137827851e-02
5.912856511342644339e+00 7.122705082511857633e+00 2.251287892799516754e+01 2.311711775730281637e+00 5.236090502973066857e-02
5.897471657918401888e+00 7.106817248049424940e+00 2.250270393006544367e+01 2.300713257113498500e+00 5.053463513515494415e-02
5.882102189086399591e+00 7.090942072923863471e+00 2.249252831399936525e+01 2.289757708018263394e+00 4.881921122642716299e-02
5.866748746860447561e+00 7.075079912441402996e+00 2.248235218026360016e+01 2.278845129851135631e+00 4.719917196021605060e-02
5.851411906468436896e+00 7.059231090305975620e+00 2.247217561384179874e+01 2.267975508592632750e+00 4.566254638604860805e-02
5.836092181248794475e+00 7.043395876681877610e+00 2.246199868789859622e+01 2.257148816756175513e+00 4.420005904754872178e-02
5.820790041997896402e+00 7.027574535257367749e+00 2.245182146614518359e+01 2.246365018059873986e+00 4.280440382215690287e-02
5.805505897864828846e+00 7.011767283736359602e+00 2.244164400288252992e+01 2.235624061616666047e+00 4.146973572040250910e-02
5.790240140218621434e+00 6.995974324740648065e+00 2.243146634638430115e+01 2.224925897576475631e+00 4.019133916477200807e-02
5.774993102291034575e+00 6.980195842606771173e+00 2.242128853643241015e+01 2.214270457368213929e+00 3.896533658068892375e-02
5.759765100953499584e+00 6.964431991755109408e+00 2.241111060876136563e+01 2.203657677058251885e+00 3.778845987136036227e-02
5.744556418000060560e+00 6.948682923033473458e+00 2.240093259296838113e+01 2.193087481675022321e+00 3.665784064060153419e-02
5.729367305132210930e+00 6.932948762157540301e+00 2.239075451508245607e+01 2.182559790814937006e+00 3.557096566287738099e-02
5.714197998074801887e+00 6.917229629341761665e+00 2.238057639759116313e+01 2.172074522868886248e+00 3.452565339245670245e-02
5.699048703860359666e+00 6.901525630330298533e+00 2.237039826000002662e+01 2.161631589223151018e+00 3.351988493893904436e-02
5.683919616712305611e+00 6.885836864273507274e+00 2.236022011966440459e+01 2.151230900351506659e+00 3.255179519508170916e-02
5.668810910583991003e+00 6.870163420026714540e+00 2.235004199131812186e+01 2.140872362857181077e+00 3.161966193148511156e-02
5.653722748120316943e+00 6.854505381794316676e+00 2.233986388833997339e+01 2.130555881764538917e+00 3.072187038413049659e-02
5.638655275191116090e+00 6.838862826405422091e+00 2.232968582193230844e+01 2.120281359540495014e+00 2.985689872789102500e-02
5.623608630108381412e+00 6.823235824555784035e+00 2.231950780215514385e+01 2.110048697444668164e+00 2.902331582377352254e-02
5.608582937347409647e+00 6.807624443870681219e+00 2.230932983762104982e+01 2.099857795212803691e+00 2.821976828521235298e-02
5.593578313203666497e+00 6.792028744656470884e+00 2.229915193593538092e+01 2.089708550535556597e+00 2.744497192272778510e-02
5.578594865471368180e+00 6.776448785739929370e+00 2.228897410379656918e+01 2.079600860979535337e+00 2.669770348850572864e-02
5.563632692378934763e+00 6.760884620457278338e+00 2.227879634705264422e+01 2.069534621675173547e+00 2.597679906459804747e-02
5.548691886901876202e+00 6.745336300124445295e+00 2.226861867091730218e+01 2.059509727765781673e+00 2.528115125003942837e-02
5.533772533720813236e+00 6.729803872668126630e+00 2.225844107979223452e+01 2.049526072908354202e+00 2.460971152156561301e-02
5.518874713046905356e+00 6.714287384018610361e+00 2.224826357794159293e+01 2.039583550166382153e+00 2.396147981240548397e-02
5.503998498759308688e+00 6.698786877658261751e+00 2.223808616874802269e+01 2.029682051869726056e+00 2.333549714724953220e-02
5.489143960945423117e+00 6.683302395354929537e+00 2.222790885534709560e+01 2.019821469732542507e+00 2.273084514899432682e-02
5.474311164475107461e+00 6.667833977266299783e+00 2.221773164101104925e+01 2.010001694971845776e+00 2.214666190306964141e-02
5.459500171137404045e+00 6.652381661589302553e+00 2.220755452762773885e+01 2.000222618230064864e+00 2.158211612399192625e-02
5.444711038691283811e+00 6.636945485745885165e+00 2.219737751785196522e+01 1.990484129918869360e+00 2.103642131305337101e-02
5.429943821653648861e+00 6.621525485192424121e+00 2.218720061374240160e+01 1.980786119770037823e+00 2.050881420513271658e-02
5.415198571895523116e+00 6.606121694837164604e+00 2.217702381674852319e+01 1.971128477432866122e+00 1.999857295063382084e-02
5.400475338000649828e+00 6.590734148130631631e+00 2.216684712863290940e+01 1.961511092062701911e+00 1.950501309223185570e-02
5.385774166651654760e+00 6.575362877873497602e+00 2.215667055070854374e+01 1.951933852523981994e+00 1.902748723568955733e-02
5.371095101718402987e+00 6.560007915911439724e+00 2.214649408415926501e+01 1.942396647459216918e+00 1.856535187876801399e-02
5.356438185437240485e+00 6.544669293428884593e+00 2.213631773008949821e+01 1.932899365188155860e+00 1.811800826308365350e-02
5.341803457775390562e+00 6.529347040942784730e+00 2.212614148945194259e+01 1.923441893854506368e+00 1.768488420422660232e-02
5.327190957287465167e+00 6.514041188356379131e+00 2.211596536313132333e+01 1.914024121368283593e+00 1.726543116096408356e-02
5.312600720699440338e+00 6.498751765132670499e+00 2.210578935191588457e+01 1.904645935477427665e+00 1.685912617362663596e-02
5.298032783419985847e+00 6.483478800102463246e+00 2.209561345649243691e+01 1.895307223735760216e+00 1.646546309072869849e-02
5.283487179485271135e+00 6.468222321832965527e+00 2.208543767756225051e+01 1.886007873567327353e+00 1.608396453853614891e-02
5.268963941610759427e+00 6.452982358313658295e+00 2.207526201566980717e+01 1.876747772246887047e+00 1.571417271776510277e-02
5.254463101517095502e+00 6.437758937311844676e+00 2.206508647134812051e+01 1.867526806899810765e+00 1.535566030072524693e-02
5.239984689674174412e+00 6.422552086165977947e+00 2.205491104511443723e+01 1.858344864564285492e+00 1.500801345307648492e-02
5.225528735762724253e+00 6.407361831967212318e+00 2.204473573734614433e+01 1.849201832123380296e+00 1.467082575930244923e-02
5.211095268381972012e+00 6.392188201514587220e+00 2.203456054845602097e+01 1.840097596392474832e+00 1.434370327230283411e-02
5.196684315441918223e+00 6.377031221361331603e+00 2.202438547879161845e+01 1.831032044065908693e+00 1.402626203837014328e-02
5.182295903948809901e+00 6.361890917851495075e+00 2.201421052865712014e+01 1.822005061764533806e+00 1.371815424378112179e-02
5.167930060286178851e+00 6.346767317099616612e+00 2.200403569833782313e+01 1.813016536024027792e+00 1.341905122564170973e-02
5.153586810108620853e+00 6.331660445072206933e+00 2.199386098809171841e+01 1.804066353307755888e+00 1.312864861778286277e-02
5.139266178460285772e+00 6.316570327516698669e+00 2.198368639815508629e+01 1.795154400015771090e+00 1.284663959044137285e-02
5.124968189821482056e+00 6.301496990073334636e+00 2.197351192874593906e+01 1.786280562482499779e+00 1.257271543811131452e-02
5.110692868080460194e+00 6.286440458190375224e+00 2.196333758005541625e+01 1.777444726996885160e+00 1.230657364670645348e-02
5.096440236674973256e+00 6.271400757219149469e+00 2.195316335227439453e+01 1.768646779786038792e+00 1.204792659116267831e-02
5.082210318494839285e+00 6.256377912367582006e+00 2.194298924557060460e+01 1.759886607044036433e+00 1.179654047310371191e-02
5.068003136042005252e+00 6.241371948736274433e+00 2.193281526009073090e+01 1.751164094916842773e+00 1.155216455977475798e-02
5.053818711285213539e+00 6.226382891316613488e+00 2.192264139598627537e+01 1.742479129516701919e+00 1.131454554225850076e-02
5.039657065909823430e+00 6.211410764996066369e+00 2.191246765338075519e+01 1.733831596925506258e+00 1.108346411236890358e-02
5.025518221245170558e+00 6.196455594602193528e+00 2.190229403239483830e+01 1.725221383194697422e+00 1.085870353628000558e-02
5.011402198100282313e+00 6.181517404876768040e+00 2.189212053314034989e+01 1.716648374355060236e+00 1.064005411737522534e-02
4.997309017042523394e+00 6.166596220409955365e+00 2.188194715571660609e+01 1.708112456413397595e+00 1.042729796452898997e-02
4.983238698464271366e+00 6.151692065832390810e+00 2.187177390021806644e+01 1.699613515366188210e+00 1.022023245124849614e-02
4.969191262350158844e+00 6.136804965698273939e+00 2.186160076673172625e+01 1.691151437199032159e+00 1.001867173221336615e-02
4.955166728146417121e+00 6.121934944390335254e+00 2.185142775533894977e+01 1.682726107879565225e+00 9.822438781190054660e-03
4.941165115434999144e+00 6.107082026321442036e+00 2.184125486611650402e+01 1.674337413376665751e+00 9.631363012367616036e-03
4.927186443449212305e+00 6.092246235873423288e+00 2.183108209913416431e+01 1.665985239664634410e+00 9.445270336223807878e-03
4.913230730822830239e+00 6.077427597329201348e+00 2.182090945445988339e+01 1.657669472715223247e+00 9.263996729145265036e-03
4.899297996304875724e+00 6.062626134877539208e+00 2.181073693215772025e+01 1.649389998486895825e+00 9.087390249310085474e-03
4.885388258335868983e+00 6.047841872748724867e+00 2.180056453228443303e+01 1.641146702972408278e+00 8.915307027311795973e-03
4.871501535052348508e+00 6.033074835100425304e+00 2.179039225489776399e+01 1.632939472169550488e+00 8.747601284389895995e-03
4.857637844355977563e+00 6.018325045997259259e+00 2.178022010005011211e+01 1.624768192075272344e+00 8.584128431105063003e-03
4.843797204027916692e+00 6.003592529519305110e+00 2.177004806779034851e+01 1.616632748712782064e+00 8.424750633304558048e-03
4.829979631609585766e+00 5.988877309692059114e+00 2.175987615816635312e+01 1.608533028129325526e+00 8.269347365301342803e-03
4.816185144401982754e+00 5.974179410494576459e+00 2.174970437122234301e+01 1.600468916390670238e+00 8.117811688890988475e-03
4.802413759577259356e+00 5.959498855874610257e+00 2.173953270700097207e+01 1.592440299581697305e+00 7.969996803646897318e-03
4.788665494113355514e+00 5.944835669752928986e+00 2.172936116554286556e+01 1.584447063824533375e+00 7.825800714880115985e-03
4.774940364762020550e+00 5.930189876012409655e+00 2.171918974688674808e+01 1.576489095269805629e+00 7.685114924387300046e-03
4.761238388140668576e+00 5.915561498493739023e+00 2.170901845107011496e+01 1.568566280099881860e+00 7.547832287262084758e-03
4.747559580708916371e+00 5.900950561024878915e+00 2.169884727812825531e+01 1.560678504535740974e+00 7.413846192373759261e-03
4.733903958731056072e+00 5.886357087401299815e+00 2.168867622809526452e+01 1.552825654838440705e+00 7.283058939969343053e-03
4.720271538276555212e+00 5.871781101363840349e+00 2.167850530100511364e+01 1.545007617310345083e+00 7.155377391407684133e-03
4.706662335318345214e+00 5.857222626650573361e+00 2.166833449689092461e+01 1.537224278296640767e+00 7.030709904236760559e-03
4.693076365652873783e+00 5.842681686966257892e+00 2.165816381578216365e+01 1.529475524193717018e+00 6.908961002561413677e-03
4.679513644856140075e+00 5.828158305977650500e+00 2.164799325770834315e+01 1.521761241447536550e+00 6.790053723844788683e-03
4.665974188421357916e+00 5.813652507321264373e+00 2.163782282270073409e+01 1.514081316552520651e+00 6.673901846443876240e-03
4.652458011669995841e+00 5.799164314616673366e+00 2.162765251078937823e+01 1.506435636062145589e+00 6.560432286486597188e-03
4.638965129753331418e+00 5.784693751450563859e+00 2.161748232200000430e+01 1.498824086587944082e+00 6.449561955204626690e-03
4.625495557679194292e+00 5.770240841374236318e+00 2.160731225635895925e+01 1.491246554800395696e+00 6.341213834776856205e-03
4.612049310320393225e+00 5.755805607920638778e+00 2.159714231389486372e+01 1.483702927430625707e+00 6.235315913753679447e-03
4.598626402395742829e+00 5.741388074592556734e+00 2.158697249463476098e+01 1.476193091278800162e+00 6.131800174248513806e-03
4.585226848469122096e+00 5.726988264862090894e+00 2.157680279860270645e+01 1.468716933211896558e+00 6.030597110597718004e-03
4.571850662976902235e+00 5.712606202176495174e+00 2.156663322582311082e+01 1.461274340164688379e+00 5.931642304689769933e-03
4.558497860210326103e+00 5.698241909956154316e+00 2.155646377632165311e+01 1.453865199147003517e+00 5.834881512599529758e-03
4.545168454303237127e+00 5.683895411592255087e+00 2.154629445012279731e+01 1.446489397243637010e+00 5.740248094615574802e-03
4.531862459265869170e+00 5.669566730446914171e+00 2.153612524724986699e+01 1.439146821616316574e+00 5.647683715185166861e-03
4.518579888967350300e+00 5.655255889858222140e+00 2.152595616772610043e+01 1.431837359505997664e+00 5.557135917811000317e-03
4.505320757129223530e+00 5.640962913135478374e+00 2.151578721157492424e+01 1.424560898237631434e+00 5.468546644385810680e-03
4.492085077331559262e+00 5.626687823554492596e+00 2.150561837881923211e+01 1.417317325220648350e+00 5.381857998534867946e-03
4.478872863028535711e+00 5.612430644369130306e+00 2.149544966948156954e+01 1.410106527949550825e+00 5.297020538270451155e-03
4.465684127531559966e+00 5.598191398803215257e+00 2.148528108358432931e+01 1.402928394010537483e+00 5.213992766987806358e-03
4.452518884001199773e+00 5.583970110048886326e+00 2.147511262114980113e+01 1.395782811081324848e+00 5.132725508383004405e-03
4.439377145476687936e+00 5.569766801270351841e+00 2.146494428220012907e+01 1.388669666932940805e+00 5.053164098109922710e-03
4.426258924855801524e+00 5.555581495603915343e+00 2.145477606675696336e+01 1.381588849432058952e+00 4.975259734116195889e-03
4.413164234892410498e+00 5.541414216154979755e+00 2.144460797484199688e+01 1.374540246545921995e+00 4.898977569967017699e-03
4.400093088207855274e+00 5.527264985997440760e+00 2.143444000647703263e+01 1.367523746342351298e+00 4.824274778662347198e-03
4.387045497288093898e+00 5.513133828177091189e+00 2.142427216168371373e+01 1.360539236989867895e+00 4.751112407422493356e-03
4.374021474479691030e+00 5.499020765708479530e+00 2.141410444048304740e+01 1.353586606765255773e+00 4.679441639190687688e-03
