1.409440355822027868e+01
9.011230953356092144e+00
3.761194984560906285e+00
8.629577955390708155e-01
4.120645858007021545e+00
1.864136689915000700e+00
4.621531969532307826e+00
3.339275115818820527e+00
7.707877336775641020e+00
8.224458900854612509e+00
5.684862205453216077e+00
5.108497330097656608e-01
4.754530226159121575e+00
2.666654818003583394e+00
9.499629334014791926e-01
1.235843104352206678e-01
1.000000000000000056e-01
0.000000000000000000e+00
1.241585152804918490e-01
9.359503355678767955e-02
1.000000000000000021e-03
0.000000000000000000e+00
9.979208646947146377e-02
2.564462475578285837e-04
4.519322037591233965e+00
5.901772148905727322e-01
9.854116334302190694e+00
3.567307054502706354e+00
1.236207602990193877e+01
2.227984691960035235e+00
3.165485125864640759e-02
2.697571064962350773e-02
1.449686612568456567e+01
5.728564511798434289e+00
4.792823407051326257e+00
2.412996193878856221e+00
3.242142343911265101e+00
4.935201434131804565e-01
1.605177731675834496e-02
1.940462595564809017e-02
