1.962595291855113055e+00
2.024838847504788486e+00
2.086732598034297670e+00
2.148278466938195130e+00
2.209478370195145924e+00
2.270334216336231670e+00
2.330847906507738099e+00
2.391021334529335629e+00
2.450856386948126797e+00
2.510354943089347479e+00
2.569518875104015887e+00
2.628350048013996965e+00
2.686850319754762850e+00
2.745021541216127847e+00
2.802865556281180837e+00
2.860384201863600317e+00
2.917579307943523492e+00
2.974452697602094631e+00
3.031006187054822831e+00
3.087241585683843326e+00
3.143160696069176474e+00
3.198765314019054173e+00
3.254057228599394502e+00
3.309038222162468124e+00
3.363710070374822614e+00
3.418074542244497582e+00
3.472133400147588311e+00
3.525888399854176125e+00
3.579341290553676114e+00
3.632493814879619087e+00
3.685347708933900179e+00
3.737904702310520300e+00
3.790166518118837313e+00
3.842134873006351370e+00
3.893811477181042147e+00
3.945198034433275325e+00
3.996296242157293843e+00
4.047107791372305918e+00
4.097634366743192480e+00
4.147877646600834467e+00
4.197839302962083963e+00
4.247521001549378283e+00
4.296924401810018779e+00
4.346051156935118343e+00
4.394902913878232731e+00
4.443481313373671249e+00
4.491787989954510785e+00
4.539824571970319411e+00
4.587592681604580669e+00
4.635093934891851397e+00
4.682329941734637124e+00
4.729302305920009886e+00
4.776012625135962253e+00
4.822462490987510009e+00
4.868653489012550573e+00
4.914587198697479842e+00
4.960265193492571001e+00
5.005689040827129510e+00
5.050860302124422496e+00
5.095780532816385211e+00
5.140451282358131202e+00
5.184874094242230669e+00
5.229050506012798749e+00
5.272982049279375083e+00
5.316670249730630182e+00
5.360116627147853308e+00
5.403322695418283139e+00
5.446289962548230612e+00
5.489019930676047210e+00
5.531514096084906740e+00
5.573773949215417467e+00
5.615800974678085034e+00
5.657596651265587973e+00
5.699162451964920884e+00
5.740499843969367078e+00
5.781610288690330890e+00
5.822495241769010121e+00
5.863156153087945910e+00
5.903594466782409178e+00
5.943811621251665400e+00
5.983809049170105254e+00
6.023588177498233165e+00
6.063150427493546601e+00
6.102497214721272378e+00
6.141629949065000815e+00
6.180550034737184006e+00
6.219258870289531060e+00
6.257757848623286989e+00
6.296048356999401463e+00
6.334131777048594536e+00
6.372009484781314015e+00
6.409682850597593351e+00
6.447153239296810057e+00
6.484422010087353527e+00
6.521490516596191611e+00
6.558360106878351914e+00
6.595032123426310733e+00
6.631507903179301167e+00
6.667788777532534183e+00
6.703876072346339754e+00
6.739771107955225382e+00
6.775475199176868024e+00
6.810989655321017189e+00
6.846315780198342971e+00
6.881454872129199707e+00
6.916408223952330125e+00
6.951177123033501104e+00
6.985762851274079033e+00
7.020166685119538563e+00
7.054389895567916291e+00
7.088433748178207594e+00
7.122299503078703964e+00
7.155988414975285039e+00
7.189501733159644026e+00
7.222840701517484696e+00
7.256006558536648221e+00
7.289000537315216022e+00
7.321823865569551337e+00
7.354477765642305265e+00
7.386963454510381055e+00
7.419282143792865547e+00
7.451435039758913526e+00
7.483423343335600997e+00
7.515248250115746487e+00
7.546910950365697701e+00
7.578412629033091541e+00
7.609754465754577701e+00
7.640937634863517403e+00
7.671963305397664357e+00
7.702832641106804878e+00
7.733546800460392667e+00
7.764106936655149838e+00
7.794514197622648410e+00
7.824769726036881146e+00
7.854874659321804842e+00
7.884830129658874753e+00
7.914637263994562133e+00
7.944297184047854898e+00
7.973811006317751193e+00
8.003179842090737850e+00
8.032404797448259970e+00
8.061486973274192280e+00
8.090427465262274964e+00
8.119227363923574359e+00
8.147887754593931220e+00
8.176409717441387670e+00
8.204794327473631910e+00
8.233042654545428718e+00
8.261155763366053506e+00
8.289134713506735253e+00
8.316980559408076346e+00
8.344694350387507953e+00
8.372277130646724075e+00
8.399729939279124480e+00
8.427053810277271850e+00
8.454249772540347152e+00
8.481318849881620991e+00
8.508262061035916091e+00
8.535080419667091078e+00
8.561774934375547375e+00
8.588346608705709428e+00
8.614796441153560025e+00
8.641125425174152497e+00
8.667334549189156689e+00
8.693424796594413806e+00
8.719397145767494806e+00
8.745252570075299658e+00
8.770992037881647718e+00
8.796616512554891187e+00
8.822126952475560557e+00
8.847524311044002943e+00
8.872809536688063048e+00
8.897983572870776570e+00
8.923047358098063597e+00
8.948001825926484187e+00
8.972847904970972621e+00
8.997586518912623177e+00
9.022218586506472349e+00
9.046745021589346791e+00
9.071166733087675738e+00
9.095484625025379799e+00
9.119699596531754437e+00
9.143812541849394293e+00
9.167824350342126394e+00
9.191735906502991327e+00
9.215548089962233291e+00
9.239261775495320350e+00
9.262877833031000208e+00
9.286397127659379080e+00
9.309820519640018333e+00
9.333148864410082624e+00
9.356383012592496939e+00
9.379523810004133821e+00
9.402572097664052109e+00
9.425528711801735682e+00
9.448394483865387272e+00
9.471170240530236484e+00
9.493856803706888670e+00
9.516454990549698678e+00
9.538965613465185456e+00
9.561389480120457307e+00
9.583727393451709986e+00
9.605980151672705247e+00
9.628148548283327557e+00
9.650233372078144356e+00
9.672235407155012510e+00
9.694155432923714955e+00
9.715994224114632871e+00
9.737752550787455164e+00
9.759431178339900370e+00
9.781030867516513183e+00
9.802552374417448533e+00
9.823996450507328504e+00
9.845363842624108131e+00
9.866655292987996262e+00
9.887871539210392413e+00
9.909013314302871578e+00
9.930081346686201016e+00
9.951076360199390791e+00
9.971999074108776284e+00
9.992850203117145114e+00
1.001363045737289781e+01
1.003434054247922802e+01
1.005498115950337024e+01
1.007555300498584394e+01
1.009605677094977416e+01
1.011649314491021379e+01
1.013686280988352273e+01
1.015716644439677374e+01
1.017740472249719019e+01
1.019757831376163715e+01
1.021768788330613908e+01
1.023773409179542782e+01
1.025771759545252593e+01
1.027763904606838530e+01
1.029749909101153094e+01
1.031729837323776877e+01
1.033703753129992009e+01
1.035671719935758617e+01
1.037633800718695198e+01
1.039590058019063079e+01
1.041540553940754066e+01
1.043485350152281832e+01
1.045424507887776322e+01
1.047358087947982774e+01
1.049286150701263765e+01
1.051208756084604268e+01
1.053125963604621340e+01
1.055037832338576820e+01
1.056944420935393936e+01
1.058845787616676049e+01
1.060741990177731608e+01
1.062633085988599646e+01
1.064519131995081125e+01
1.066400184719772604e+01
1.068276300263103451e+01
1.070147534304377324e+01
1.072013942102816308e+01
1.073875578498608796e+01
1.075732497913960906e+01
1.077584754354151464e+01
1.079432401408590181e+01
1.081275492251879022e+01
1.083114079644878380e+01
1.084948215935774307e+01
1.086777953061151436e+01
1.088603342547067676e+01
1.090424435510133172e+01
1.092241282658592638e+01
1.094053934293409824e+01
1.095862440309357488e+01
1.097666850196108790e+01
1.099467213039332236e+01
1.101263577521791248e+01
1.103055991924445145e+01
1.104844504127555460e+01
1.106629161611792966e+01
1.108410011459350564e+01
1.110187100355057410e+01
1.111960474587497849e+01
1.113730180050131580e+01
1.115496262242418446e+01
1.117258766270946957e+01
1.119017736850563693e+01
1.120773218305508045e+01
1.122525254570549258e+01
1.124273889192126141e+01
1.126019165329490157e+01
1.127761125755851701e+01
1.129499812859529939e+01
1.131235268645103886e+01
1.132967534734568993e+01
1.134696652368495151e+01
1.136422662407187367e+01
1.138145605331850518e+01
1.139865521245756419e+01
1.141582449875413907e+01
1.143296430571741951e+01
1.145007502311245418e+01
1.146715703697193867e+01
1.148421072960803357e+01
1.150123647962421281e+01
1.151823466192712786e+01
1.153520564773851298e+01
1.155214980460711693e+01
1.156906749642066146e+01
1.158595908341781211e+01
1.160282492220020600e+01
1.161966536574448305e+01
1.163648076341435100e+01
1.165327146097268063e+01
1.167003780059361695e+01
1.168678012087473839e+01
1.170349875684921770e+01
1.172019403999802023e+01
1.173686629826213057e+01
1.175351585605480054e+01
1.177014303427382380e+01
1.178674815031383538e+01
1.180333151807863956e+01
1.181989344799355202e+01
1.183643424701778102e+01
1.185295421865682641e+01
1.186945366297489457e+01
1.188593287660736308e+01
1.190239215277323126e+01
1.191883178128763277e+01
1.193525204857433941e+01
1.195165323767832000e+01
1.196803562827828848e+01
1.198439949669930193e+01
1.200074511592537263e+01
1.201707275561209620e+01
1.203338268209930995e+01
1.204967515842377068e+01
1.206595044433185215e+01
1.208220879629227440e+01
1.209845046750884023e+01
1.211467570793320192e+01
1.213088476427764739e+01
1.214707788002790778e+01
1.216325529545598094e+01
1.217941724763298872e+01
1.219556397044203422e+01
1.221169569459110171e+01
1.222781264762595477e+01
1.224391505394307345e+01
1.226000313480260040e+01
1.227607710834130117e+01
1.229213718958556179e+01
1.230818359046438459e+01
1.232421651982241606e+01
1.234023618343299233e+01
1.235624278401119724e+01
1.237223652122693807e+01
1.238821759171805148e+01
1.240418618910340420e+01
1.242014250399603981e+01
1.243608672401631665e+01
1.245201903380507780e+01
1.246793961503683867e+01
1.248384864643297654e+01
1.249974630377495721e+01
1.251563275991755475e+01
1.253150818480211370e+01
1.254737274546979720e+01
1.256322660607487940e+01
1.257906992789803091e+01
1.259490286935963255e+01
1.261072558603309446e+01
1.262653823065820013e+01
1.264234095315445927e+01
1.265813390063446597e+01
1.267391721741729427e+01
1.268969104504187762e+01
1.270545552228042574e+01
1.272121078515184145e+01
1.273695696693516055e+01
1.275269419818299177e+01
1.276842260673498153e+01
1.278414231773128051e+01
1.279985345362602622e+01
1.281555613420084505e+01
1.283125047657835438e+01
1.284693659523567888e+01
1.286261460201798457e+01
1.287828460615201287e+01
1.289394671425963246e+01
1.290960103037140705e+01
1.292524765594015435e+01
1.294088668985453339e+01
1.295651822845263546e+01
1.297214236553557321e+01
1.298775919238110532e+01
1.300336879775724341e+01
1.301897126793587489e+01
1.303456668670640362e+01
1.305015513538939054e+01
1.306573669285019790e+01
1.308131143551265119e+01
1.309687943737270466e+01
1.311244077001210862e+01
1.312799550261208914e+01
1.314354370196703314e+01
1.315908543249817697e+01
1.317462075626730567e+01
1.319014973299045224e+01
1.320567242005160580e+01
1.322118887251642327e+01
1.323669914314595175e+01
1.325220328241034373e+01
1.326770133850258304e+01
1.328319335735222495e+01
1.329867938263911320e+01
1.331415945580713256e+01
1.332963361607794184e+01
1.334510190046471578e+01
1.336056434378589586e+01
1.337602097867893036e+01
1.339147183561403409e+01
1.340691694290793201e+01
1.342235632673761536e+01
1.343779001115409422e+01
1.345321801809615714e+01
1.346864036740411485e+01
1.348405707683357058e+01
1.349946816206916722e+01
1.351487363673834352e+01
1.353027351242508303e+01
1.354566779868368087e+01
1.356105650305248744e+01
1.357643963106765739e+01
1.359181718627689683e+01
1.360718917025321772e+01
1.362255558260867971e+01
1.363791642100812496e+01
1.365327168118292178e+01
1.366862135694469771e+01
1.368396544019906891e+01
1.369930392095936789e+01
1.371463678736036940e+01
1.372996402567199681e+01
1.374528562031305157e+01
1.376060155386490713e+01
1.377591180708521179e+01
1.379121635892158793e+01
1.380651518652532239e+01
1.382180826526504802e+01
1.383709556874041091e+01
1.385237706879575548e+01
1.386765273553377043e+01
1.388292253732914183e+01
1.389818644084221155e+01
1.391344441103259832e+01
1.392869641117283486e+01
1.394394240286197473e+01
1.395918234603921171e+01
1.397441619899747067e+01
1.398964391839700028e+01
1.400486545927894255e+01
1.402008077507891315e+01
1.403528981764053718e+01
1.405049253722901348e+01
1.406568888254462735e+01
1.408087880073628106e+01
1.409606223741500131e+01
1.411123913666742347e+01
1.412640944106928131e+01
1.414157309169886467e+01
1.415673002815048598e+01
1.417188018854790066e+01
1.418702350955774349e+01
1.420215992640293301e+01
1.421728937287606520e+01
1.423241178135278950e+01
1.424752708280517233e+01
1.426263520681504282e+01
1.427773608158731378e+01
1.429282963396330608e+01
1.430791578943402520e+01
1.432299447215345367e+01
1.433806560495179738e+01
1.435312910934873187e+01
1.436818490556661310e+01
1.438323291254368819e+01
1.439827304794727603e+01
1.441330522818692117e+01
1.442832936842754421e+01
1.444334538260255663e+01
1.445835318342696318e+01
1.447335268241044304e+01
1.448834378987039706e+01
1.450332641494499342e+01
1.451830046560617760e+01
1.453326584867265936e+01
1.454822246982287481e+01
1.456317023360794671e+01
1.457810904346458436e+01
1.459303880172799595e+01
1.460795940964474759e+01
1.462287076738561176e+01
1.463777277405839605e+01
1.465266532772073482e+01
1.466754832539285580e+01
1.468242166307032370e+01
1.469728523573676959e+01
1.471213893737656697e+01
1.472698266098749720e+01
1.474181629859339715e+01
1.475663974125675537e+01
1.477145287909129401e+01
1.478625560127452232e+01
1.480104779606025645e+01
1.481582935079112140e+01
1.483060015191099801e+01
1.484536008497746806e+01
1.486010903467422217e+01
1.487484688482341788e+01
1.488957351839803422e+01
1.490428881753417478e+01
1.491899266354335118e+01
1.493368493692473109e+01
1.494836551737734887e+01
1.496303428381228962e+01
1.497769111436483946e+01
1.499233588640660031e+01
1.500696847655757615e+01
1.502158876069821858e+01
1.503619661398144380e+01
1.505079191084460888e+01
1.506537452502146479e+01
1.507994432955405806e+01
1.509450119680461100e+01
1.510904499846735582e+01
1.512357560558034564e+01
1.513809288853721924e+01
1.515259671709891975e+01
1.516708696040540083e+01
1.518156348698727776e+01
1.519602616477744839e+01
1.521047486112266434e+01
1.522490944279508263e+01
1.523932977600376049e+01
1.525373572640613240e+01
1.526812715911942142e+01
1.528250393873203627e+01
1.529686592931490807e+01
1.531121299443280748e+01
1.532554499715560326e+01
1.533986180006948885e+01
1.535416326528817166e+01
1.536844925446401078e+01
1.538271962879911925e+01
1.539697424905643608e+01
1.541121297557073078e+01
1.542543566825958834e+01
1.543964218663433918e+01
1.545383238981094820e+01
1.546800613652088074e+01
1.548216328512187800e+01
1.549630369360874838e+01
1.551042721962406468e+01
1.552453372046884539e+01
1.553862305311318792e+01
1.555269507420684683e+01
1.556674964008978002e+01
1.558078660680263994e+01
1.559480583009722388e+01
1.560880716544687807e+01
1.562279046805686633e+01
1.563675559287466399e+01
1.565070239460024304e+01
1.566463072769628440e+01
1.567854044639834576e+01
1.569243140472500286e+01
1.570630345648791604e+01
1.572015645530186490e+01
1.573399025459474210e+01
1.574780470761748141e+01
1.576159966745395025e+01
1.577537498703079066e+01
1.578913051912720888e+01
1.580286611638472571e+01
1.581658163131687189e+01
1.583027691631882661e+01
1.584395182367702404e+01
1.585760620557869416e+01
1.587123991412136803e+01
1.588485280132232269e+01
1.589844471912798518e+01
1.591201551942327619e+01
1.592556505404090750e+01
1.593909317477064569e+01
1.595259973336848702e+01
1.596608458156582522e+01
1.597954757107853752e+01
1.599298855361603522e+01
1.600640738089025206e+01
1.601980390462459880e+01
1.603317797656283972e+01
1.604652944847794771e+01
1.605985817218088840e+01
1.607316399952934205e+01
1.608644678243641479e+01
1.609970637287925754e+01
1.611294262290764223e+01
1.612615538465248832e+01
1.613934451033435735e+01
1.615250985227184799e+01
1.616565126288999465e+01
1.617876859472856310e+01
1.619186170045032469e+01
1.620493043284927026e+01
1.621797464485875651e+01
1.623099418955962747e+01
1.624398892018825080e+01
1.625695869014452200e+01
1.626990335299981538e+01
1.628282276250487470e+01
1.629571677259763263e+01
1.630858523741101607e+01
1.632142801128067333e+01
1.633424494875263733e+01
1.634703590459095324e+01
1.635980073378525645e+01
1.637253929155827592e+01
1.638525143337329837e+01
1.639793701494157219e+01
1.641059589222965442e+01
1.642322792146672228e+01
1.643583295915179932e+01
1.644841086206095682e+01
1.646096148725443697e+01
1.647348469208375121e+01
1.648598033419866837e+01
1.649844827155423133e+01
1.651088836241764213e+01
1.652330046537512942e+01
1.653568443933875898e+01
1.654804014355319808e+01
1.656036743760238750e+01
1.657266618141619219e+01
1.658493623527700933e+01
1.659717745982628756e+01
1.660938971607099646e+01
1.662157286539007117e+01
1.663372676954076468e+01
1.664585129066498226e+01
1.665794629129552717e+01
1.667001163436230371e+01
1.668204718319849178e+01
1.669405280154662208e+01
1.670602835356462279e+01
1.671797370383181658e+01
1.672988871735484651e+01
1.674177325957356288e+01
1.675362719636683195e+01
1.676545039405833748e+01
1.677724271942226153e+01
1.678900403968896526e+01
1.680073422255060578e+01
1.681243313616666768e+01
1.682410064916948045e+01
1.683573663066965764e+01
1.684734095026148637e+01
1.685891347802827411e+01
1.687045408454761386e+01
1.688196264089664567e+01
1.689343901865719744e+01
1.690488308992093991e+01
1.691629472729443151e+01
1.692767380390414544e+01
1.693902019340143639e+01
1.695033376996744323e+01
1.696161440831793854e+01
1.697286198370814958e+01
1.698407637193749053e+01
1.699525744935426985e+01
1.700640509286033364e+01
1.701751917991564866e+01
1.702859958854285338e+01
1.703964619733173436e+01
1.705065888544366004e+01
1.706163753261597194e+01
1.707258201916630824e+01
1.708349222599687423e+01
1.709436803459867704e+01
1.710520932705569308e+01
1.711601598604899976e+01
1.712678789486082565e+01
1.713752493737858629e+01
1.714822699809884554e+01
1.715889396213123064e+01
1.716952571520230464e+01
1.718012214365936430e+01
1.719068313447421659e+01
1.720120857524689129e+01
1.721169835420928607e+01
1.722215236022880447e+01
1.723257048281189441e+01
1.724295261210756536e+01
1.725329863891085935e+01
1.726360845466624738e+01
1.727388195147099381e+01
1.728411902207848172e+01
1.729431955990146363e+01
1.730448345901526963e+01
1.731461061416099056e+01
1.732470092074857249e+01
1.733475427485989329e+01
1.734477057325178961e+01
1.735474971335900207e+01
1.736469159329712753e+01
1.737459611186546837e+01
1.738446316854987472e+01
1.739429266352550485e+01
1.740408449765957855e+01
1.741383857251403100e+01
1.742355479034818089e+01
1.743323305412128832e+01
1.744287326749511990e+01
1.745247533483642854e+01
1.746203916121941901e+01
1.747156465242813184e+01
1.748105171495881294e+01
1.749050025602221936e+01
1.749991018354587879e+01
1.750928140617631001e+01
1.751861383328121491e+01
1.752790737495158524e+01
1.753716194200378453e+01
1.754637744598160864e+01
1.755555379915826109e+01
1.756469091453831055e+01
1.757378870585959518e+01
1.758284708759507708e+01
1.759186597495467552e+01
1.760084528388702196e+01
1.760978493108120801e+01
1.761868483396846585e+01
1.762754491072380603e+01
1.763636508026762684e+01
1.764514526226727043e+01
1.765388537713853978e+01
1.766258534604717667e+01
1.767124509091028628e+01
1.767986453439772987e+01
1.768844359993347837e+01
1.769698221169691266e+01
1.770548029462409545e+01
1.771393777440898987e+01
1.772235457750464960e+01
1.773073063112436643e+01
1.773906586324275381e+01
1.774736020259683400e+01
1.775561357868703993e+01
1.776382592177822417e+01
1.777199716290057196e+01
1.778012723385052496e+01
1.778821606719164805e+01
1.779626359625544296e+01
1.780426975514214050e+01
1.781223447872146437e+01
1.782015770263331333e+01
1.782803936328845040e+01
1.783587939786914944e+01
1.784367774432976717e+01
1.785143434139731511e+01
1.785914912857197479e+01
1.786682204612760572e+01
1.787445303511216110e+01
1.788204203734811770e+01
1.788958899543285241e+01
1.789709385273897979e+01
1.790455655341463981e+01
1.791197704238379274e+01
1.791935526534642165e+01
1.792669116877874913e+01
1.793398469993339006e+01
1.794123580683947949e+01
1.794844443830276504e+01
1.795561054390565303e+01
1.796273407400724409e+01
1.796981497974332243e+01
1.797685321302629546e+01
1.798384872654513345e+01
1.799080147376523442e+01
1.799771140892829635e+01
1.800457848705212882e+01
1.801140266393045053e+01
1.801818389613262639e+01
1.802492214100340462e+01
1.803161735666260412e+01
1.803826950200477341e+01
1.804487853669881403e+01
1.805144442118756487e+01
1.805796711668739007e+01
1.806444658518769586e+01
1.807088278945042603e+01
1.807727569300954684e+01
1.808362526017047500e+01
1.808993145600948793e+01
1.809619424637310559e+01
1.810241359787744386e+01
1.810858947790751117e+01
1.811472185461652984e+01
1.812081069692516877e+01
1.812685597452080088e+01
1.813285765785666470e+01
1.813881571815107208e+01
1.814473012738653424e+01
1.815060085830888781e+01
1.815642788442637823e+01
1.816221118000870405e+01
1.816795072008607548e+01
1.817364648044819120e+01
1.817929843764322939e+01
1.818490656897678548e+01
1.819047085251081342e+01
1.819599126706249237e+01
1.820146779220311473e+01
1.820690040825692080e+01
1.821228909629991222e+01
1.821763383815862980e+01
1.822293461640894208e+01
1.822819141437475920e+01
1.823340421612675044e+01
1.823857300648103319e+01
1.824369777099783008e+01
1.824877849598009760e+01
1.825381516847215124e+01
1.825880777625824081e+01
1.826375630786110804e+01
1.826866075254052646e+01
1.827352110029182697e+01
1.827833734184435954e+01
1.828310946865998687e+01
1.828783747293149986e+01
1.829252134758104376e+01
1.829716108625851945e+01
1.830175668333995276e+01
1.830630813392582112e+01
1.831081543383941224e+01
1.831527857962508676e+01
1.831969756854663700e+01
1.832407239858543946e+01
1.832840306843877443e+01
1.833268957751800698e+01
1.833693192594673604e+01
1.834113011455905351e+01
1.834528414489762227e+01
1.834939401921181457e+01
1.835345974045587880e+01
1.835748131228696067e+01
1.836145873906316695e+01
1.836539202584167541e+01
1.836928117837667429e+01
1.837312620311742251e+01
1.837692710720622813e+01
1.838068389847637718e+01
1.838439658545013344e+01
1.838806517733662105e+01
1.839168968402971771e+01
1.839527011610601193e+01
1.839880648482258962e+01
1.840229880211490610e+01
1.840574708059466147e+01
1.840915133354754474e+01
1.841251157493105595e+01
1.841582781937229996e+01
1.841910008216569850e+01
1.842232837927076616e+01
1.842551272730980472e+01
1.842865314356561157e+01
1.843174964597918475e+01
1.843480225314736387e+01
1.843781098432046761e+01
1.844077585939999508e+01
1.844369689893616027e+01
1.844657412412553299e+01
1.844940755680863020e+01
1.845219721946744329e+01
1.845494313522303287e+01
1.845764532783304546e+01
1.846030382168921946e+01
1.846291864181489473e+01
1.846548981386248656e+01
1.846801736411099171e+01
1.847050131946341978e+01
1.847294170744422814e+01
1.847533855619677823e+01
1.847769189448070293e+01
1.848000175166932735e+01
1.848226815774705045e+01
1.848449114330671605e+01
1.848667073954694473e+01
1.848880697826948349e+01
1.849089989187654837e+01
1.849294951336810300e+01
1.849495587633917992e+01
1.849691901497713786e+01
1.849883896405896877e+01
1.850071575894852316e+01
1.850254943559377452e+01
1.850434003052403398e+01
1.850608758084716499e+01
1.850779212424682285e+01
1.850945369897959836e+01
1.851107234387224310e+01
1.851264809831880953e+01
1.851418100227781949e+01
1.851567109626940066e+01
1.851711842137243735e+01
1.851852301922166788e+01
1.851988493200481045e+01
1.852120420245965704e+01
1.852248087387116371e+01
1.852371499006852318e+01
1.852490659542223739e+01
1.852605573484116519e+01
1.852716245376956650e+01
1.852822679818415708e+01
1.852924881459110296e+01
1.853022855002305036e+01
1.853116605203614498e+01
1.853206136870699083e+01
1.853291454862966603e+01
1.853372564091269226e+01
1.853449469517599368e+01
1.853522176154785939e+01
1.853590689066189867e+01
1.853655013365397508e+01
1.853715154215912975e+01
1.853771116830851895e+01
1.853822906472632681e+01
1.853870528452666733e+01
1.853913988131047574e+01
1.853953290916242125e+01
1.853988442264776637e+01
1.854019447680926547e+01
1.854046312716401346e+01
1.854069042970031944e+01
1.854087644087456610e+01
1.854102121760804422e+01
1.854112481728379436e+01
1.854118729774345198e+01
1.854120871728406783e+01
1.854118913465494245e+01
1.854112860905442162e+01
1.854102720012672734e+01
1.854088496795874619e+01
1.854070197307684253e+01
1.854047827644364688e+01
1.854021393945484064e+01
1.853990902393594098e+01
1.853956359213908911e+01
1.853917770673981025e+01
1.853875143083379839e+01
1.853828482793366916e+01
1.853777796196574101e+01
1.853723089726675965e+01
1.853664369858068994e+01
1.853601643105542607e+01
1.853534916023957990e+01
1.853464195207919474e+01
1.853389487291448745e+01
1.853310798947660487e+01
1.853228136888434108e+01
1.853141507864087600e+01
1.853050918663051050e+01
1.852956376111537296e+01
1.852857887073216858e+01
1.852755458448889314e+01
1.852649097176155024e+01
1.852538810229087574e+01
1.852424604617905857e+01
1.852306487388645806e+01
1.852184465622831055e+01
1.852058546437146447e+01
1.851928736983108337e+01
1.851795044446734551e+01
1.851657476048218953e+01
1.851516039041600337e+01
1.851370740714434859e+01
1.851221588387468486e+01
1.851068589414305521e+01
1.850911751181083886e+01
1.850751081106143658e+01
1.850586586639700570e+01
1.850418275263515966e+01
1.850246154490571016e+01
1.850070231864738091e+01
1.849890514960451782e+01
1.849707011382382049e+01
1.849519728765108439e+01
1.849328674772789682e+01
1.849133857098840039e+01
1.848935283465600676e+01
1.848732961624013171e+01
1.848526899353295150e+01
1.848317104460612015e+01
1.848103584780754716e+01
1.847886348175810411e+01
1.847665402534840950e+01
1.847440755773558863e+01
1.847212415833999799e+01
1.846980390684201723e+01
1.846744688317881611e+01
1.846505316754111448e+01
1.846262284036997769e+01
1.846015598235357658e+01
1.845765267442399349e+01
1.845511299775400005e+01
1.845253703375387744e+01
1.844992486406817633e+01
1.844727657057258341e+01
1.844459223537067771e+01
1.844187194079079717e+01
1.843911576938283758e+01
1.843632380391510495e+01
1.843349612737113219e+01
1.843063282294654570e+01
1.842773397404590696e+01
1.842479966427957550e+01
1.842182997746058248e+01
1.841882499760149372e+01
1.841578480891129388e+01
1.841270949579228855e+01
1.840959914283698851e+01
1.840645383482501174e+01
1.840327365672001747e+01
1.840005869366660107e+01
1.839680903098724585e+01
1.839352475417925348e+01
1.839020594891168869e+01
1.838685270102233815e+01
1.838346509651468352e+01
1.838004322155486037e+01
1.837658716246865609e+01
1.837309700573849724e+01
1.836957283800045815e+01
1.836601474604126238e+01
1.836242281679532695e+01
1.835879713734176732e+01
1.835513779490146291e+01
1.835144487683409764e+01
1.834771847063523609e+01
1.834395866393338892e+01
1.834016554448710323e+01
1.833633920018205643e+01
1.833247971902816431e+01
1.832858718915670693e+01
1.832466169881744023e+01
1.832070333637576809e+01
1.831671219030986109e+01
1.831268834920784272e+01
1.830863190176496857e+01
1.830454293678080191e+01
1.830042154315642122e+01
1.829626780989163493e+01
1.829208182608220667e+01
1.828786368091709136e+01
1.828361346367567819e+01
1.827933126372506933e+01
1.827501717051734786e+01
1.827067127358687060e+01
1.826629366254755737e+01
1.826188442709021231e+01
1.825744365697986282e+01
1.825297144205309863e+01
1.824846787221540723e+01
1.824393303743856976e+01
1.823936702775801422e+01
1.823476993327024687e+01
1.823014184413022321e+01
1.822548285054880424e+01
1.822079304279017720e+01
1.821607251116930470e+01
1.821132134604940589e+01
1.820653963783942331e+01
1.820172747699152893e+01
1.819688495399861594e+01
1.819201215939184024e+01
1.818710918373815133e+01
1.818217611763783736e+01
1.817721305172210933e+01
1.817222007665067807e+01
1.816719728310934556e+01
1.816214476180761750e+01
1.815706260347634071e+01
1.815195089886533708e+01
1.814680973874106229e+01
1.814163921388428236e+01
1.813643941508776081e+01
1.813121043315396008e+01
1.812595235889276069e+01
1.812066528311920877e+01
1.811534929665124594e+01
1.811000449030748172e+01
1.810463095490498020e+01
1.809922878125706092e+01
1.809379806017110326e+01
1.808833888244637222e+01
1.808285133887187257e+01
1.807733552022420298e+01
1.807179151726543154e+01
1.806621942074099252e+01
1.806061932137758674e+01
1.805499130988112100e+01
1.804933547693462259e+01
1.804365191319622141e+01
1.803794070929710713e+01
1.803220195583952190e+01
1.802643574339476729e+01
1.802064216250121831e+01
1.801482130366236234e+01
1.800897325734485577e+01
1.800309811397658422e+01
1.799719596394476184e+01
1.799126689759402709e+01
1.798531100522454196e+01
1.797932837709016241e+01
1.797331910339655536e+01
1.796728327429938332e+01
1.796122097990247823e+01
1.795513231025605450e+01
1.794901735535489706e+01
1.794287620513662773e+01
1.793670894947992167e+01
1.793051567820279502e+01
1.792429648106087114e+01
1.791805144774567538e+01
1.791178066788296874e+01
1.790548423103104625e+01
1.789916222667910617e+01
1.789281474424560514e+01
1.788644187307662747e+01
1.788004370244428998e+01
1.787362032154515390e+01
1.786717181949862265e+01
1.786069828534543191e+01
1.785419980804606510e+01
1.784767647647925060e+01
1.784112837944044472e+01
1.783455560564034315e+01
1.782795824370339233e+01
1.782133638216633997e+01
1.781469010947678200e+01
1.780801951399173788e+01
1.780132468397623668e+01
1.779460570760191018e+01
1.778786267294561441e+01
1.778109566798807251e+01
1.777430478061251051e+01
1.776749009860332862e+01
1.776065170964478668e+01
1.775378970131968259e+01
1.774690416110808400e+01
1.773999517638604573e+01
1.773306283442434861e+01
1.772610722238726666e+01
1.771912842733133076e+01
1.771212653620412780e+01
1.770510163584309282e+01
1.769805381297433300e+01
1.769098315421146594e+01
1.768388974605446151e+01
1.767677367488851914e+01
1.766963502698292388e+01
1.766247388848995570e+01
1.765529034544381304e+01
1.764808448375950434e+01
1.764085638923180710e+01
1.763360614753421984e+01
1.762633384421792826e+01
1.761903956471078203e+01
1.761172339431630363e+01
1.760438541821267933e+01
1.759702572145181421e+01
1.758964438895835158e+01
1.758224150552873510e+01
1.757481715583026372e+01
1.756737142440020705e+01
1.755990439564485328e+01
1.755241615383867781e+01
1.754490678312341956e+01
1.753737636750723894e+01
1.752982499086387946e+01
1.752225273693181151e+01
1.751465968931343653e+01
1.750704593147425925e+01
1.749941154674210964e+01
1.749175661830635775e+01
1.748408122921713570e+01
1.747638546238461288e+01
1.746866940057822859e+01
1.746093312642598150e+01
1.745317672241370133e+01
1.744540027088437029e+01
1.743760385403740898e+01
1.742978755392801915e+01
1.742195145246652288e+01
1.741409563141770178e+01
1.740622017240016461e+01
1.739832515688572911e+01
1.739041066619879317e+01
1.738247678151576281e+01
1.737452358386443763e+01
1.736655115412344941e+01
1.735855957302169372e+01
1.735054892113778280e+01
1.734251927889951261e+01
1.733447072658332289e+01
1.732640334431378193e+01
1.731831721206310348e+01
1.731021240965062447e+01
1.730208901674235378e+01
1.729394711285047848e+01
1.728578677733292324e+01
1.727760808939289916e+01
1.726941112807847034e+01
1.726119597228212754e+01
1.725296270074037608e+01
1.724471139203333436e+01
1.723644212458433955e+01
1.722815497665958162e+01
1.721985002636771611e+01
1.721152735165951952e+01
1.720318703032752339e+01
1.719482914000571228e+01
1.718645375816915077e+01
1.717806096213370992e+01
1.716965082905572615e+01
1.716122343593172772e+01
1.715277885959814341e+01
1.714431717673102185e+01
1.713583846384576859e+01
1.712734279729688325e+01
1.711883025327773922e+01
1.711030090782031010e+01
1.710175483679496722e+01
1.709319211591025223e+01
1.708461282071267817e+01
1.707601702658651632e+01
1.706740480875362209e+01
1.705877624227325029e+01
1.705013140204187039e+01
1.704147036279303506e+01
1.703279319909718836e+01
1.702409998536156266e+01
1.701539079583000813e+01
1.700666570458288263e+01
1.699792478553694153e+01
1.698916811244521341e+01
1.698039575889690767e+01
1.697160779831732214e+01
1.696280430396775074e+01
1.695398534894541598e+01
1.694515100618341563e+01
1.693630134845063040e+01
1.692743644835170258e+01
1.691855637832697568e+01
1.690966121065246242e+01
1.690075101743982344e+01
1.689182587063634600e+01
1.688288584202492615e+01
1.687393100322406525e+01
1.686496142568788770e+01
1.685597718070612672e+01
1.684697833940415990e+01
1.683796497274303405e+01
1.682893715151948655e+01
1.681989494636599503e+01
1.681083842775082005e+01
1.680176766597807259e+01
1.679268273118773891e+01
1.678358369335579425e+01
1.677447062229423480e+01
1.676534358765119137e+01
1.675620265891100402e+01
1.674704790539431443e+01
1.673787939625816890e+01
1.672869720049612141e+01
1.671950138693836507e+01
1.671029202425182802e+01
1.670106918094031201e+01
1.669183292534463092e+01
1.668258332564273516e+01
1.667332044984986794e+01
1.666404436581871451e+01
1.665475514123955136e+01
1.664545284364041322e+01
1.663613754038726711e+01
1.662680929868417223e+01
1.661746818557347893e+01
1.660811426793599210e+01
1.659874761249118080e+01
1.658936828579736655e+01
1.657997635425192229e+01
1.657057188409148907e+01
1.656115494139216793e+01
1.655172559206976501e+01
1.654228390187999409e+01
1.653282993641871812e+01
1.652336376112216243e+01
1.651388544126718116e+01
1.650439504197146690e+01
1.649489262819382773e+01
1.648537826473441825e+01
1.647585201623501661e+01
1.646631394717926256e+01
1.645676412189295235e+01
1.644720260454427674e+01
1.643762945914413720e+01
1.642804474954637328e+01
1.641844853944810723e+01
1.640884089238996779e+01
1.639922187175645263e+01
1.638959154077616631e+01
1.637994996252216140e+01
1.637029719991222976e+01
1.636063331570920809e+01
1.635095837252129414e+01
1.634127243280236286e+01
1.633157555885230749e+01
1.632186781281733445e+01
1.631214925669030436e+01
1.630241995231109442e+01
1.629267996136687913e+01
1.628292934539252457e+01
1.627316816577089398e+01
1.626339648373322078e+01
1.625361436035945673e+01
1.624382185657860234e+01
1.623401903316910122e+01
1.622420595075917404e+01
1.621438266982720933e+01
1.620454925070209740e+01
1.619470575356363540e+01
1.618485223844288257e+01
1.617498876522255102e+01
1.616511539363737171e+01
1.615523218327449229e+01
1.614533919357385727e+01
1.613543648382861306e+01
1.612552411318545964e+01
1.611560214064511243e+01
1.610567062506262914e+01
1.609572962514788230e+01
1.608577919946590384e+01
1.607581940643732921e+01
1.606585030433878813e+01
1.605587195130334166e+01
1.604588440532086224e+01
1.603588772423847786e+01
1.602588196576099122e+01
1.601586718745129545e+01
1.600584344673079684e+01
1.599581080087984830e+01
1.598576930703818277e+01
1.597571902220534312e+01
1.596566000324110668e+01
1.595559230686594887e+01
1.594551598966145001e+01
1.593543110807076069e+01
1.592533771839903878e+01
1.591523587681389529e+01
1.590512563934584023e+01
1.589500706188873558e+01
1.588488020020025004e+01
1.587474510990230847e+01
1.586460184648155014e+01
1.585445046528979240e+01
1.584429102154448010e+01
1.583412357032915985e+01
1.582394816659393122e+01
1.581376486515592639e+01
1.580357372069976485e+01
1.579337478777803305e+01
1.578316812081174803e+01
1.577295377409083876e+01
1.576273180177460631e+01
1.575250225789221581e+01
1.574226519634316368e+01
1.573202067089776612e+01
1.572176873519762452e+01
1.571150944275612993e+01
1.570124284695892669e+01
1.569096900106440806e+01
1.568068795820419936e+01
1.567039977138365181e+01
1.566010449348232747e+01
1.564980217725448775e+01
1.563949287532959431e+01
1.562917664021279407e+01
1.561885352428542006e+01
1.560852357980548355e+01
1.559818685890817669e+01
1.558784341360636461e+01
1.557749329579109343e+01
1.556713655723208234e+01
1.555677324957823338e+01
1.554640342435813416e+01
1.553602713298055882e+01
1.552564442673496892e+01
1.551525535679203927e+01
1.550485997420414108e+01
1.549445832990587135e+01
1.548405047471454843e+01
1.547363645933073073e+01
1.546321633433872478e+01
1.545279015020710212e+01
1.544235795728920912e+01
1.543191980582368039e+01
1.542147574593495740e+01
1.541102582763380546e+01
1.540057010081782352e+01
1.539010861527197527e+01
1.537964142066909723e+01
1.536916856657041563e+01
1.535869010242608290e+01
1.534820607757567856e+01
1.533771654124874750e+01
1.532722154256531333e+01
1.531672113053640238e+01
1.530621535406457312e+01
1.529570426194443478e+01
1.528518790286317497e+01
1.527466632540108549e+01
1.526413957803208987e+01
1.525360770912427100e+01
1.524307076694039331e+01
1.523252879963843931e+01
1.522198185527213177e+01
1.521142998179147021e+01
1.520087322704325139e+01
1.519031163877160395e+01
1.517974526461853024e+01
1.516917415212441966e+01
1.515859834872859047e+01
1.514801790176982266e+01
1.513743285848688913e+01
1.512684326601909213e+01
1.511624917140678726e+01
1.510565062159193062e+01
1.509504766341860815e+01
1.508444034363356501e+01
1.507382870888674908e+01
1.506321280573184573e+01
1.505259268062681066e+01
1.504196837993440639e+01
1.503133994992274403e+01
1.502070743676581621e+01
1.501007088654403532e+01
1.499943034524477170e+01
1.498878585876289371e+01
1.497813747290129882e+01
1.496748523337146786e+01
1.495682918579398191e+01
1.494616937569908721e+01
1.493550584852721030e+01
1.492483864962951579e+01
1.491416782426843568e+01
1.490349341761821300e+01
1.489281547476545065e+01
1.488213404070963009e+01
1.487144916036367981e+01
1.486076087855449401e+01
1.485006924002349038e+01
1.483937428942713943e+01
1.482867607133750809e+01
1.481797463024281214e+01
1.480727001054794201e+01
1.479656225657501878e+01
1.478585141256392710e+01
1.477513752267286762e+01
1.476442063097888635e+01
1.475370078147842712e+01
1.474297801808787334e+01
1.473225238464408626e+01
1.472152392490495210e+01
1.471079268254992378e+01
1.470005870118056457e+01
1.468932202432109513e+01
1.467858269541892646e+01
1.466784075784521413e+01
1.465709625489539647e+01
1.464634922978974174e+01
1.463559972567388634e+01
1.462484778561938725e+01
1.461409345262425674e+01
1.460333676961350946e+01
1.459257777943971135e+01
1.458181652488351432e+01
1.457105304865421047e+01
1.456028739339026856e+01
1.454951960165988112e+01
1.453874971596151155e+01
1.452797777872442886e+01
1.451720383230926714e+01
1.450642791900855144e+01
1.449565008104726083e+01
1.448487036058335953e+01
1.447408879970834406e+01
1.446330544044779032e+01
1.445252032476189896e+01
1.444173349454603184e+01
1.443094499163126798e+01
1.442015485778493655e+01
1.440936313471117280e+01
1.439856986405145101e+01
1.438777508738513689e+01
1.437697884623002942e+01
1.436618118204290440e+01
1.435538213622006154e+01
1.434458175009786629e+01
1.433378006495329160e+01
1.432297712200447215e+01
1.431217296241123726e+01
1.430136762727566158e+01
1.429056115764260859e+01
1.427975359450027604e+01
1.426894497878073764e+01
1.425813535136048849e+01
1.424732475306098856e+01
1.423651322464920810e+01
1.422570080683817650e+01
1.421488754028751700e+01
1.420407346560399375e+01
1.419325862334206612e+01
1.418244305400442151e+01
1.417162679804251724e+01
1.416080989585713823e+01
1.414999238779893176e+01
1.413917431416895276e+01
1.412835571521921096e+01
1.411753663115320911e+01
1.410671710212649188e+01
1.409589716824719474e+01
1.408507686957657512e+01
1.407425624612956661e+01
1.406343533787532429e+01
1.405261418473776303e+01
1.404179282659609740e+01
1.403097130328540310e+01
1.402014965459714269e+01
1.400932792027971807e+01
1.399850614003901939e+01
1.398768435353895612e+01
1.397686260040201311e+01
1.396604092020978882e+01
1.395521935250354240e+01
1.394439793678473904e+01
1.393357671251558472e+01
1.392275571911958387e+01
1.391193499598207595e+01
1.390111458245077891e+01
1.389029451783633817e+01
1.387947484141286658e+01
1.386865559241849155e+01
1.385783681005590040e+01
1.384701853349287681e+01
1.383620080186286039e+01
1.382538365426547422e+01
1.381456712976708268e+01
1.380375126740132785e+01
1.379293610616967669e+01
1.378212168504196633e+01
1.377130804295695299e+01
1.376049521882284310e+01
1.374968325151785820e+01
1.373887217989076071e+01
1.372806204276140818e+01
1.371725287892130218e+01
1.370644472713412476e+01
1.369563762613628555e+01
1.368483161463747599e+01
1.367402673132119872e+01
1.366322301484533064e+01
1.365242050384265227e+01
1.364161923692140554e+01
1.363081925266583383e+01
1.362002058963672368e+01
1.360922328637196799e+01
1.359842738138708640e+01
1.358763291317579025e+01
1.357683992021052610e+01
1.356604844094301754e+01
1.355525851380480873e+01
1.354447017720782753e+01
1.353368346954490775e+01
1.352289842919035401e+01
1.351211509450048709e+01
1.350133350381418573e+01
1.349055369545343197e+01
1.347977570772386713e+01
1.346899957891533539e+01
1.345822534730242737e+01
1.344745305114503431e+01
1.343668272868889169e+01
1.342591441816613518e+01
1.341514815779583891e+01
1.340438398578456436e+01
1.339362194032692344e+01
1.338286205960611142e+01
1.337210438179446470e+01
1.336134894505400972e+01
1.335059578753700649e+01
1.333984494738650817e+01
1.332909646273690285e+01
1.331835037171446778e+01
1.330760671243792004e+01
1.329686552301896540e+01
1.328612684156285262e+01
1.327539070616891870e+01
1.326465715493114850e+01
1.325392622593872005e+01
1.324319795727655702e+01
1.323247238702588469e+01
1.322174955326478241e+01
1.321102949406873428e+01
1.320031224751117982e+01
1.318959785166406995e+01
1.317888634459842656e+01
1.316817776438488607e+01
1.315747214909426255e+01
1.314676953679808769e+01
1.313606996556918993e+01
1.312537347348222738e+01
1.311468009861425621e+01
1.310398987904527957e+01
1.309330285285880713e+01
1.308261905814241111e+01
1.307193853298828579e+01
1.306126131549379821e+01
1.305058744376205304e+01
1.303991695590244326e+01
1.302924989003121325e+01
1.301858628427201836e+01
1.300792617675648266e+01
1.299726960562475320e+01
1.298661660902607018e+01
1.297596722511931588e+01
1.296532149207358664e+01
1.295467944806874350e+01
1.294404113129598244e+01
1.293340657995838860e+01
1.292277583227150295e+01
1.291214892646388712e+01
1.290152590077767947e+01
1.289090679346916346e+01
1.288029164280933259e+01
1.286968048708445345e+01
1.285907336459663064e+01
1.284847031366436987e+01
1.283787137262314815e+01
1.282727657982597869e+01
1.281668597364397755e+01
1.280609959246692497e+01
1.279551747470385159e+01
1.278493965878358019e+01
1.277436618315531724e+01
1.276379708628920717e+01
1.275323240667691671e+01
1.274267218283218916e+01
1.273211645329142883e+01
1.272156525661426407e+01
1.271101863138412291e+01
1.270047661620880675e+01
1.268993924972106058e+01
1.267940657057914500e+01
1.266887861746741883e+01
1.265835542909690226e+01
1.264783704420586474e+01
1.263732350156038997e+01
1.262681483995495846e+01
1.261631109821302665e+01
1.260581231518759182e+01
1.259531852976179422e+01
1.258482978084946780e+01
1.257434610739574765e+01
1.256386754837762609e+01
1.255339414280454768e+01
1.254292592971898834e+01
1.253246294819703621e+01
1.252200523734897253e+01
1.251155283631985959e+01
1.250110578429012342e+01
1.249066412047613461e+01
1.248022788413079809e+01
1.246979711454414286e+01
1.245937185104389755e+01
1.244895213299608905e+01
1.243853799980562513e+01
1.242812949091688601e+01
1.241772664581431052e+01
1.240732950402298940e+01
1.239693810510926042e+01
1.238655248868129100e+01
1.237617269438967504e+01
1.236579876192803162e+01
1.235543073103359113e+01
1.234506864148779570e+01
1.233471253311688898e+01
1.232436244579251650e+01
1.231401841943232789e+01
1.230368049400056307e+01
1.229334870950866154e+01
1.228302310601585567e+01
1.227270372362977291e+01
1.226239060250703972e+01
1.225208378285387667e+01
1.224178330492671307e+01
1.223148920903277137e+01
1.222120153553069422e+01
1.221092032483113066e+01
1.220064561739735787e+01
1.219037745374587089e+01
1.218011587444700972e+01
1.216986092012555076e+01
1.215961263146132865e+01
1.214937104918984012e+01
1.213913621410285337e+01
1.212890816704902974e+01
1.211868694893452414e+01
1.210847260072361209e+01
1.209826516343929192e+01
1.208806467816391006e+01
1.207787118603977383e+01
1.206768472826976257e+01
1.205750534611796354e+01
1.204733308091026878e+01
1.203716797403501815e+01
1.202701006694359798e+01
1.201685940115108231e+01
1.200671601823684398e+01
1.199657995984518699e+01
1.198645126768596114e+01
1.197632998353519795e+01
1.196621614923573418e+01
1.195610980669783707e+01
1.194601099789983323e+01
1.193591976488874806e+01
1.192583614978092044e+01
1.191576019476265103e+01
1.190569194209081871e+01
1.189563143409353074e+01
1.188557871317074266e+01
1.187553382179491024e+01
1.186549680251160588e+01
1.185546769794017585e+01
1.184544655077436737e+01
1.183543340378297337e+01
1.182542829981047028e+01
1.181543128177766633e+01
1.180544239268233575e+01
1.179546167559987069e+01
1.178548917368391713e+01
1.177552493016703394e+01
1.176556898836132703e+01
1.175562139165910480e+01
1.174568218353353011e+01
1.173575140753926149e+01
1.172582910731311046e+01
1.171591532657469514e+01
1.170601010912709050e+01
1.169611349885748730e+01
1.168622553973784406e+01
1.167634627582554430e+01
1.166647575126405734e+01
1.165661401028359201e+01
1.164676109720176278e+01
1.163691705642425056e+01
1.162708193244546173e+01
1.161725576984918895e+01
1.160743861330928972e+01
1.159763050759033121e+01
1.158783149754827768e+01
1.157804162813114601e+01
1.156826094437967534e+01
1.155848949142800564e+01
1.154872731450434031e+01
1.153897445893162299e+01
1.152923097012821074e+01
1.151949689360854734e+01
1.150977227498384359e+01
1.150005715996274525e+01
1.149035159435202580e+01
1.148065562405725260e+01
1.147096929508347252e+01
1.146129265353589410e+01
1.145162574562057323e+01
1.144196861764509165e+01
1.143232131601924451e+01
1.142268388725572770e+01
1.141305637797082539e+01
1.140343883488509569e+01
1.139383130482406692e+01
1.138423383471892159e+01
1.137464647160719444e+01
1.136506926263345996e+01
1.135550225505003574e+01
1.134594549621766824e+01
1.133639903360623791e+01
1.132686291479545027e+01
1.131733718747554285e+01
1.130782189944797977e+01
1.129831709862615696e+01
1.128882283303610023e+01
1.127933915081717586e+01
1.126986610022279223e+01
1.126040372962110681e+01
1.125095208749573139e+01
1.124151122244644441e+01
1.123208118318989968e+01
1.122266201856033874e+01
1.121325377751029784e+01
1.120385650911133091e+01
1.119447026255471478e+01
1.118509508715216860e+01
1.117573103233657328e+01
1.116637814766268555e+01
1.115703648280786275e+01
1.114770608757277515e+01
1.113838701188213598e+01
1.112907930578542093e+01
1.111978301945758751e+01
1.111049820319981052e+01
1.110122490744019785e+01
1.109196318273452597e+01
1.108271307976696285e+01
1.107347464935080339e+01
1.106424794242919063e+01
1.105503301007586181e+01
1.104582990349587135e+01
1.103663867402632626e+01
1.102745937313712510e+01
1.101829205243169163e+01
1.100913676364771732e+01
1.099999355865789319e+01
1.099086248947065592e+01
1.098174360823092499e+01
1.097263696722084525e+01
1.096354261886053472e+01
1.095446061570882357e+01
1.094539101046400376e+01
1.093633385596457153e+01
1.092728920518998059e+01
1.091825711126138287e+01
1.090923762744238878e+01
1.090023080713980796e+01
1.089123670390440957e+01
1.088225537143166655e+01
1.087328686356252128e+01
1.086433123428412983e+01
1.085538853773062762e+01
1.084645882818387719e+01
1.083754216007423388e+01
1.082863858798129719e+01
1.081974816663468175e+01
1.081087095091477224e+01
1.080200699585348190e+01
1.079315635663502349e+01
1.078431908859666954e+01
1.077549524722951979e+01
1.076668488817926317e+01
1.075788806724694702e+01
1.074910484038974623e+01
1.074033526372173064e+01
1.073157939351463597e+01
1.072283728619863297e+01
1.071410899836310371e+01
1.070539458675740896e+01
1.069669410829165734e+01
1.068800762003749405e+01
1.067933517922886111e+01
1.067067684326278254e+01
1.066203266970013530e+01
1.065340271626643442e+01
1.064478704085260041e+01
1.063618570151574794e+01
1.062759875647996211e+01
1.061902626413707651e+01
1.061046828304746370e+01
1.060192487194080435e+01
1.059339608971687952e+01
1.058488199544635222e+01
1.057638264837155262e+01
1.056789810790725781e+01
1.055942843364148231e+01
1.055097368533626323e+01
1.054253392292844893e+01
1.053410920653048066e+01
1.052569959643118835e+01
1.051730515309657221e+01
1.050892593717059853e+01
1.050056200947598306e+01
1.049221343101498327e+01
1.048388026297019238e+01
1.047556256670533159e+01
1.046726040376603173e+01
1.045897383588063612e+01
1.045070292496098929e+01
1.044244773310323104e+01
1.043420832258858155e+01
1.042598475588415496e+01
1.041777709564372856e+01
1.040958540470855809e+01
1.040140974610816116e+01
1.039325018306111126e+01
1.038510677897584245e+01
1.037697959745143805e+01
1.036886870227842827e+01
1.036077415743958063e+01
1.035269602711070469e+01
1.034463437566144250e+01
1.033658926765607156e+01
1.032856076785429167e+01
1.032054894121202615e+01
1.031255385288221937e+01
1.030457556821563436e+01
1.029661415276164504e+01
1.028866967226903739e+01
1.028074219268679990e+01
1.027283178016492471e+01
1.026493850105520167e+01
1.025706242191201767e+01
1.024920360949314713e+01
1.024136213076055135e+01
1.023353805288117435e+01
1.022573144322773331e+01
1.021794236937952149e+01
1.021017089912318987e+01
1.020241710045355710e+01
1.019468104157438937e+01
1.018696279089920154e+01
1.017926241705204760e+01
1.017157998886831294e+01
1.016391557539550661e+01
1.015626924589405355e+01
1.014864106983807446e+01
1.014103111691619930e+01
1.013343945703232762e+01
1.012586616030643860e+01
1.011831129707537080e+01
1.011077493789360915e+01
1.010325715353407006e+01
1.009575801498889014e+01
1.008827759347020603e+01
1.008081596041094308e+01
1.007337318746558985e+01
1.006594934651098683e+01
1.005854450964710445e+01
1.005115874919782115e+01
1.004379213771170143e+01
1.003644474796277386e+01
1.002911665295130383e+01
1.002180792590456981e+01
1.001451864027763605e+01
1.000724886975411998e+01
9.999998688246977352e+00
9.992768169899244768e+00
9.985557389084833702e+00
9.978366420409273019e+00
9.971195338710490574e+00
9.964044219059562835e+00
9.956913136761480487e+00
9.949802167355914051e+00
9.942711386617951064e+00
9.935640870558874127e+00
9.928590695426894541e+00
9.921560937707917915e+00
9.914551674126283132e+00
9.907562981645513744e+00
9.900594937469060497e+00
9.893647619041043839e+00
9.886721104046999997e+00
9.879815470414609280e+00
9.872930796314436819e+00
9.866067160160667981e+00
9.859224640611827795e+00
9.852403316571525238e+00
9.845603267189167340e+00
9.838824571860687485e+00
9.832067310229252399e+00
9.825331562185999346e+00
9.818617407870739555e+00
9.811924927672663443e+00
9.805254202231061811e+00
9.798605312436023951e+00
9.791978339429141087e+00
9.785373364604199153e+00
9.778790469607885782e+00
9.772229736340479533e+00
9.765691246956523131e+00
9.759175083865539335e+00
9.752681329732677540e+00
9.746210067479422534e+00
9.739761380284249981e+00
9.733335351583297879e+00
9.726932065071054012e+00
9.720551604700983006e+00
9.714194054686226210e+00
9.707859499500216316e+00
9.701548023877361260e+00
9.695259712813673048e+00
9.688994651567403693e+00
9.682752925659716681e+00
9.676534620875266057e+00
9.670339823262882106e+00
9.664168619136150440e+00
9.658021095074060369e+00
9.651897337921605313e+00
9.645797434790386760e+00
9.639721473059248424e+00
9.633669540374830476e+00
9.627641724652210797e+00
9.621638114075453885e+00
9.615658797098220134e+00
9.609703862444341382e+00
9.603773399108375131e+00
9.597867496356201400e+00
9.591986243725553862e+00
9.586129731026602485e+00
9.580298048342479333e+00
9.574491286029836346e+00
9.568709534719390675e+00
9.562952885316422069e+00
9.557221429001350188e+00
9.551515257230200007e+00
9.545834461735152487e+00
9.540179134525033078e+00
9.534549367885807314e+00
9.528945254381094188e+00
9.523366886852610236e+00
9.517814358420709553e+00
9.512287762484785247e+00
9.506787192723786362e+00
9.501312743096653080e+00
9.495864507842751934e+00
9.490442581482360751e+00
9.485047058817041687e+00
9.479678034930127950e+00
9.474335605187091502e+00
9.469019865235987155e+00
9.463730911007839808e+00
9.458468838717026372e+00
9.453233744861702093e+00
9.448025726224116738e+00
9.442844879871039154e+00
9.437691303154080558e+00
9.432565093710053361e+00
9.427466349461331774e+00
9.422395168616139571e+00
9.417351649668932012e+00
9.412335891400648080e+00
9.407347992879072862e+00
9.402388053459080908e+00
9.397456172782947093e+00
9.392552450780630835e+00
9.387676987669998141e+00
9.382829883957143124e+00
9.378011240436554985e+00
9.373221158191419988e+00
9.368459738593795549e+00
9.363727083304839383e+00
9.359023294275036875e+00
9.354348473744330761e+00
9.349702724242376917e+00
9.345086148588633179e+00
9.340498849892583166e+00
9.335940931553841082e+00
9.331412497262279615e+00
9.326913650998209349e+00
9.322444497032394750e+00
9.318005139926249569e+00
9.313595684531840391e+00
9.309216235992005650e+00
9.304866899740407149e+00
9.300547781501546041e+00
9.296258987290865861e+00
9.292000623414677918e+00
9.287772796470264325e+00
9.283575613345796285e+00
9.279409181220353631e+00
9.275273607563899958e+00
9.271169000137172489e+00
9.267095466991726482e+00
9.263053116469739834e+00
9.259042057204027287e+00
9.255062398117861022e+00
9.251114248424881836e+00
9.247197717628987235e+00
9.243312915524109386e+00
9.239459952194152947e+00
9.235638938012707300e+00
9.231849983642939961e+00
9.228093200037328359e+00
9.224368698437439562e+00
9.220676590373731329e+00
9.217016987665203942e+00
9.213390002419238556e+00
9.209795747031183311e+00
9.206234334184138390e+00
9.202705876848579436e+00
9.199210488281995168e+00
9.195748282028613829e+00
9.192319371918891591e+00
9.188923872069246102e+00
9.185561896881532462e+00
9.182233561042682624e+00
9.178938979524227548e+00
9.175678267581787395e+00
9.172451540754684274e+00
9.169258914865292098e+00
9.166100506018649341e+00
9.162976430601800004e+00
9.159886805283287359e+00
9.156831747012569522e+00
9.153811373019344444e+00
9.150825800813043642e+00
9.147875148182039950e+00
9.144959533193111056e+00
9.142079074190661458e+00
9.139233889796033239e+00
9.136424098906832825e+00
9.133649820696051691e+00
9.130911174611458847e+00
9.128208280374638051e+00
9.125541257980300358e+00
9.122910227695367524e+00
9.120315310058106917e+00
9.117756625877335708e+00
9.115234296231360389e+00
9.112748442467216492e+00
9.110299186199556587e+00
9.107886649309783422e+00
9.105510953945000097e+00
9.103172222516944245e+00
9.100870577701067887e+00
9.098606142435276212e+00
9.096379039919016307e+00
9.094189393611989303e+00
9.092037327233112975e+00
9.089922964759308499e+00
9.087846430424241007e+00
9.085807848717244894e+00
9.083807344381863658e+00
9.081845042414771640e+00
9.079921068064319201e+00
9.078035546829267943e+00
9.076188604457454900e+00
9.074380366944289733e+00
9.072610960531532598e+00
9.070880511705627924e+00
9.069189147196432543e+00
9.067536993975584991e+00
9.065924179255070214e+00
9.064350830485578214e+00
9.062817075354947960e+00
9.061323041786575772e+00
9.059868857937768638e+00
9.058454652198088652e+00
9.057080553187622840e+00
9.055746689755247658e+00
9.054453190976884613e+00
9.053200186153690154e+00
9.051987804810254445e+00
9.050816176692727311e+00
9.049685431766942401e+00
9.048595700216493398e+00
9.047547112440794237e+00
9.046539799053091357e+00
9.045573890878447543e+00
9.044649518951695555e+00
9.043766814515372232e+00
9.042925909017601072e+00
9.042126934109937508e+00
9.041370021645201760e+00
9.040655303675256604e+00
9.039982912448785157e+00
9.039352980408985161e+00
9.038765640191261497e+00
9.038221024620884947e+00
9.037719266710604771e+00
9.037260499658227531e+00
9.036844856844160390e+00
9.036472471828931319e+00
9.036143478350647129e+00
9.035858010322453282e+00
9.035616201829919092e+00
9.035418187128405165e+00
9.035264100640388207e+00
9.035154076952771618e+00
9.035088250814119704e+00
9.035066757131875903e+00
9.035089730969550814e+00
9.035157307543849825e+00
9.035269622221798969e+00
9.035426810517778407e+00
9.035629008090568348e+00
9.035876350740318586e+00
9.036168974405523358e+00
9.036507015159900291e+00
9.036890609209269343e+00
9.037319892888373118e+00
9.037795002657681209e+00
9.038316075100127023e+00
9.038883246917812642e+00
9.039496654928672825e+00
9.040156436063105261e+00
9.040862727360558182e+00
9.041615665966064697e+00
9.042415389126739811e+00
9.043262034188241927e+00
9.044155738591198812e+00
9.045096639867571398e+00
9.046084875636983824e+00
9.047120583603012633e+00
9.048203901549426220e+00
9.049334967336411850e+00
9.050513918896704979e+00
9.051740894231709689e+00
9.053016031407581821e+00
9.054339468551242831e+00
9.055711343846374106e+00
9.057131795529336671e+00
9.058600961885085567e+00
9.060118981242991865e+00
9.061685991972680654e+00
9.063302132479757134e+00
9.064967541201530921e+00
9.066682356602679960e+00
9.068446717170875360e+00
9.070260761412356487e+00
9.072124627847450995e+00
9.074038455006059323e+00
9.076002381423087684e+00
9.078016545633856182e+00
9.080081086169405680e+00
9.082196141551822421e+00
9.084361850289452534e+00
9.086578350872141385e+00
9.088845781766355714e+00
9.091164281410298642e+00
9.093533988208953645e+00
9.095955040529100089e+00
9.098427576694291474e+00
9.100951734979734198e+00
9.103527653607160985e+00
9.106155470739645708e+00
9.108835324476380890e+00
9.111567352847380619e+00
9.114351693808137256e+00
9.117188485234253292e+00
9.120077864916005694e+00
9.123019970552876501e+00
9.126014939747994603e+00
9.129062910002575748e+00
9.132164018710280828e+00
9.135318403151549305e+00
9.138526200487854467e+00
9.141787547755926724e+00
9.145102581861923596e+00
9.148471439575542874e+00
9.151894257524109122e+00
9.155371172186573148e+00
9.158902319887475940e+00
9.162487836790875306e+00
9.166127858894220992e+00
9.169822522022151645e+00
9.173571961820265130e+00
9.177376313748832004e+00
9.181235713076455696e+00
9.185150294873704269e+00
9.189120194006637377e+00
9.193145545130336771e+00
9.197226482682353321e+00
9.201363140876138047e+00
9.205555653694379004e+00
9.209804154882295535e+00
9.214108777940912987e+00
9.218469656120261035e+00
9.222886922412534716e+00
9.227360709545168405e+00
9.231891149973908028e+00
9.236478375875796232e+00
9.241122519142143332e+00
9.245823711371402354e+00
9.250582083862015637e+00
9.255397767605211712e+00
9.260270893277761317e+00
9.265201591234671241e+00
9.270189991501803561e+00
9.275236223768482446e+00
9.280340417380037010e+00
9.285502701330305086e+00
9.290723204254046408e+00
9.296002054419350458e+00
9.301339379719966161e+00
9.306735307667610257e+00
9.312189965384192192e+00
9.317703479594012350e+00
9.323275976615887473e+00
9.328907582355258299e+00
9.334598422296242148e+00
9.340348621493596681e+00
9.346158304564674779e+00
9.352027595681326133e+00
9.357956618561740214e+00
9.363945496462251938e+00
9.369994352169067398e+00
9.376103307989984259e+00
9.382272485746032231e+00
9.388502006763108199e+00
9.394791991863495895e+00
9.401142561357394456e+00
9.407553835034381251e+00
9.414025932154832077e+00
9.420558971441291618e+00
9.427153071069788837e+00
9.433808348661118615e+00
9.440524921272078984e+00
9.447302905386665728e+00
9.454142416907195923e+00
9.461043571145415498e+00
9.468006482813548175e+00
9.475031266015317755e+00
9.482118034236899362e+00
9.489266900337842259e+00
9.496477976541951804e+00
9.503751374428125231e+00
9.511087204921150118e+00
9.518485578282442461e+00
9.525946604100770543e+00
9.533470391282907741e+00
9.541057048044285338e+00
9.548706681899556514e+00
9.556419399653155011e+00
9.564195307389795175e+00
9.572034510464948909e+00
9.579937113495285317e+00
9.587903220349035749e+00
9.595932934136371273e+00
9.604026357199703767e+00
9.612183591103988789e+00
9.620404736626955611e+00
9.628689893749303508e+00
9.637039161644899821e+00
9.645452638670903411e+00
9.653930422357881014e+00
9.662472609399863188e+00
9.671079295644391394e+00
9.679750576082522429e+00
9.688486544838809778e+00
9.697287295161235221e+00
9.706152919411124458e+00
9.715083509053030753e+00
9.724079154644584833e+00
9.733139945826328798e+00
9.742265971311494965e+00
9.751457318875782931e+00
9.760714075347099339e+00
9.770036326595285203e+00
9.779424157521784622e+00
9.788877652049322364e+00
9.798396893111538830e+00
9.807981962642612572e+00
9.817632941566859728e+00
9.827349909788290816e+00
9.837132946180171089e+00
9.846982128574554238e+00
9.856897533751796558e+00
9.866879237430039140e+00
9.876927314254690060e+00
9.887041837787871046e+00
9.897222880497878350e+00
9.907470513748588559e+00
9.917784807788875057e+00
9.928165831742006731e+00
9.938613653595023578e+00
9.949128340188117647e+00
9.959709957203983777e+00
9.970358569157165007e+00
9.981074239383401547e+00
9.991857030028953091e+00
1.000270700203992469e+01
1.001362421515157486e+01
1.002460872787762725e+01
1.003566059749958050e+01
1.004677988005599687e+01
1.005796663033181204e+01
1.006922090184760776e+01
1.008054274684892171e+01
1.009193221629553783e+01
1.010338935985077136e+01
1.011491422587076983e+01
1.012650686139379985e+01
1.013816731212956235e+01
1.014989562244848820e+01
1.016169183537104992e+01
1.017355599255708043e+01
