7.233266942937752297e+00
0.000000000000000000e+00
1.717961925220549357e+00
0.000000000000000000e+00
3.980072375425870224e+00
0.000000000000000000e+00
1.944687724357794467e+00
0.000000000000000000e+00
7.385630092621771503e+00
0.000000000000000000e+00
1.463380883567273028e+00
0.000000000000000000e+00
8.000000000000000167e-02
0.000000000000000000e+00
1.003081854951979102e+00
0.000000000000000000e+00
7.866045195311198099e-03
0.000000000000000000e+00
6.590976712408580518e-02
0.000000000000000000e+00
4.381056578453086138e-03
0.000000000000000000e+00
1.000000000000000021e-02
0.000000000000000000e+00
3.590014230311792676e-01
0.000000000000000000e+00
5.634115229855457763e+00
0.000000000000000000e+00
4.669146055224990377e+00
0.000000000000000000e+00
3.254914156218191579e-02
0.000000000000000000e+00
3.024789249132939339e+00
0.000000000000000000e+00
3.905448570671792019e-02
0.000000000000000000e+00
3.953948483217145649e-01
0.000000000000000000e+00
8.942063306850533966e-02
0.000000000000000000e+00
