1.010765996395132760e+00
1.021666076915971999e+00
1.032695126438101019e+00
1.043848188206039529e+00
1.055120458183319787e+00
1.066507279634110628e+00
1.078004137927036865e+00
1.089606655551007330e+00
1.101310587333621527e+00
1.113111815853112141e+00
1.125006347035156340e+00
1.136990305926274258e+00
1.149059932635914771e+00
1.161211578439662828e+00
1.173441702036375878e+00
1.185746865952363782e+00
1.198123733086064346e+00
1.210569063386961686e+00
1.223079710662793085e+00
1.235652619509397532e+00
1.248284822357686119e+00
1.260973436632809141e+00
1.273715662020417971e+00
1.286508777835437600e+00
1.299350140488893413e+00
1.312237181048587553e+00
1.325167402889559032e+00
1.338138379430527269e+00
1.351147751952652465e+00
1.364193227497131788e+00
1.377272576838337592e+00
1.390383632529332836e+00
1.403524287016753691e+00
1.416692490822220263e+00
1.429886250787517410e+00
1.443103628380972614e+00
1.456342738062538222e+00
1.469601745705213514e+00
1.482878867070567042e+00
1.496172366336192106e+00
1.509480554673048314e+00
1.522801788870742801e+00
1.536134470008864161e+00
1.549477042172591634e+00
1.562827991210877787e+00
1.576185843535565123e+00
1.589549164959888294e+00
1.602916559574868893e+00
1.616286668662175963e+00
1.629658169642095755e+00
1.643029775055307118e+00
1.656400231577205728e+00
1.669768319063597017e+00
1.683132849626602034e+00
1.696492666739689792e+00
1.709846644370780044e+00
1.723193686142411529e+00
1.736532724518017101e+00
1.749862720013371398e+00
1.763182660432329074e+00
1.776491560126007840e+00
1.789788459274583410e+00
1.803072423190930085e+00
1.816342541645343589e+00
1.829597928210622504e+00
1.842837719626819304e+00
1.856061075184988196e+00
1.869267176129289831e+00
1.882455225076835381e+00
1.895624445454677565e+00
1.908774080953375307e+00
1.921903394996586911e+00
1.935011670226179481e+00
1.948098208002255527e+00
1.961162327917747694e+00
1.974203367327080016e+00
1.987220680888279079e+00
2.000213640118329916e+00
2.013181632961183798e+00
2.026124063368105244e+00
2.039040350889927300e+00
2.051929930280835812e+00
2.064792251113352073e+00
2.077626777404108172e+00
2.090432987250135266e+00
2.103210372475296630e+00
2.115958438286558163e+00
2.128676702939813925e+00
2.141364697414936291e+00
2.154021965099805591e+00
2.166648061483011034e+00
2.179242553854981335e+00
2.191805021017283917e+00
2.204335052999834677e+00
2.216832250785799818e+00
2.229296226043934848e+00
2.241726600868164443e+00
2.254123007524166056e+00
2.266485088202754739e+00
2.278812494779881792e+00
2.291104888583023858e+00
2.303361940163805244e+00
2.315583329076648322e+00
2.327768743663287232e+00
2.339917880842971254e+00
2.352030445908188661e+00
2.364106152325760490e+00
2.376144721543135940e+00
2.388145882799757480e+00
2.400109372943331376e+00
2.412034936250876171e+00
2.423922324254413230e+00
2.435771295571151907e+00
2.447581615738068095e+00
2.459353057050725155e+00
2.471085398406236866e+00
2.482778425150249380e+00
2.494431928927821840e+00
2.506045707538118172e+00
2.517619564792774600e+00
2.529153310377868280e+00
2.540646759719371595e+00
2.552099733851996621e+00
2.563512059291344958e+00
2.574883567909261650e+00
2.586214096812316399e+00
2.597503488223314339e+00
2.608751589365764012e+00
2.619958252351219485e+00
2.631123334069411790e+00
2.642246696081109736e+00
2.653328204513615507e+00
2.664367729958845743e+00
2.675365147373911956e+00
2.686320335984142993e+00
2.697233179188479824e+00
2.708103564467182256e+00
2.718931383291785853e+00
2.729716531037245097e+00
2.740458906896209967e+00
2.751158413795381286e+00
2.761814958313881352e+00
2.772428450603597216e+00
2.782998804311437979e+00
2.793525936503459484e+00
2.804009767590806668e+00
2.814450221257422502e+00
2.824847224389490208e+00
2.835200707006546139e+00
2.845510602194234018e+00
2.855776846038653449e+00
2.865999377562259642e+00
2.876178138661282802e+00
2.886313074044625004e+00
2.896404131174127983e+00
2.906451260206371234e+00
2.916454413935749557e+00
2.926413547738868637e+00
2.936328619520282679e+00
2.946199589659465268e+00
2.956026420959035228e+00
2.965809078594157988e+00
2.975547530063137103e+00
2.985241745139144864e+00
2.994891695823051148e+00
3.004497356297357147e+00
3.014058702881175833e+00
3.023575713986238256e+00
3.033048370073929245e+00
3.042476653613272575e+00
3.051860549039897563e+00
3.061200042715934266e+00
3.070495122890802175e+00
3.079745779662919070e+00
3.088952004942239871e+00
3.098113792413667245e+00
3.107231137501278884e+00
3.116304037333346599e+00
3.125332490708164990e+00
3.134316498060619960e+00
3.143256061429522408e+00
3.152151184425664887e+00
3.161001872200581708e+00
3.169808131416020469e+00
3.178569970214075280e+00
3.187287398187986565e+00
3.195960426353591899e+00
3.204589067121394130e+00
3.213173334269257442e+00
3.221713242915695830e+00
3.230208809493746891e+00
3.238660051725425593e+00
3.247066988596722048e+00
3.255429640333160179e+00
3.263748028375878185e+00
3.272022175358228147e+00
3.280252105082892111e+00
3.288437842499482677e+00
3.296579413682633852e+00
3.304676845810563535e+00
3.312730167144091187e+00
3.320739407006116028e+00
3.328704595761525997e+00
3.336625764797541471e+00
3.344502946504476881e+00
3.352336174256910439e+00
3.360125482395258434e+00
3.367870906207736326e+00
3.375572481912702205e+00
3.383230246641376393e+00
3.390844238420920309e+00
3.398414496157878162e+00
3.405941059621958811e+00
3.413423969430161353e+00
3.420863267031235555e+00
3.428258994690459360e+00
3.435611195474738810e+00
3.442919913238015273e+00
3.450185192606975981e+00
3.457407078967059455e+00
3.464585618448750903e+00
3.471720857914156078e+00
3.478812844943859783e+00
3.485861627824039743e+00
3.492867255533857129e+00
3.499829777733098890e+00
3.506749244750070105e+00
3.513625707569735912e+00
3.520459217822097919e+00
3.527249827770814417e+00
3.533997590302039971e+00
3.540702558913497278e+00
3.547364787703764399e+00
3.553984331361773830e+00
3.560561245156529608e+00
3.567095584927021168e+00
3.573587407072336131e+00
3.580036768541979164e+00
3.586443726826370249e+00
3.592808339947537455e+00
3.599130666449989135e+00
3.605410765391764194e+00
3.611648696335662212e+00
3.617844519340636111e+00
3.623998294953358457e+00
3.630110084199948961e+00
3.636179948577859200e+00
3.642207950047917198e+00
3.648194151026520782e+00
3.654138614377984151e+00
3.660041403407024774e+00
3.665902581851398168e+00
3.671722213874669016e+00
3.677500364059118176e+00
3.683237097398786908e+00
3.688932479292643674e+00
3.694586575537888162e+00
3.700199452323370775e+00
3.705771176223139562e+00
3.711301814190103077e+00
3.716791433549813561e+00
3.722240101994357175e+00
3.727647887576364116e+00
3.733014858703119998e+00
3.738341084130787806e+00
3.743626632958733325e+00
3.748871574623950487e+00
3.754075978895588861e+00
3.759239915869577064e+00
3.764363455963340765e+00
3.769446669910613945e+00
3.774489628756343418e+00
3.779492403851678617e+00
3.784455066849049754e+00
3.789377689697333462e+00
3.794260344637097937e+00
3.799103104195930225e+00
3.803906041183847453e+00
3.808669228688778219e+00
3.813392740072125697e+00
3.818076648964403574e+00
3.822721029260945702e+00
3.827325955117682366e+00
3.831891500946992490e+00
3.836417741413620686e+00
3.840904751430656905e+00
3.845352606155592490e+00
3.849761380986425507e+00
3.854131151557838475e+00
3.858461993737433815e+00
3.862753983622026599e+00
3.867007197533997687e+00
3.871221712017707262e+00
3.875397603835953664e+00
3.879534949966498836e+00
3.883633827598637733e+00
3.887694314129822803e+00
3.891716487162342197e+00
3.895700424500042836e+00
3.899646204145105877e+00
3.903553904294868815e+00
3.907423603338690654e+00
3.911255379854864156e+00
3.915049312607573384e+00
3.918805480543901432e+00
3.922523962790870566e+00
3.926204838652528117e+00
3.929848187607068333e+00
3.933454089304000867e+00
3.937022623561357904e+00
3.940553870362932365e+00
3.944047909855559642e+00
3.947504822346433073e+00
3.950924688300456289e+00
3.954307588337627966e+00
3.957653603230463446e+00
3.960962813901446555e+00
3.964235301420518720e+00
3.967471147002592069e+00
3.970670432005103390e+00
3.973833237925588069e+00
3.976959646399294446e+00
3.980049739196816816e+00
3.983103598221765740e+00
3.986121305508459667e+00
3.989102943219648534e+00
3.992048593644259569e+00
3.994958339195174180e+00
3.997832262407025272e+00
4.000670445934020769e+00
4.003472972547796438e+00
4.006239925135285596e+00
4.008971386696614125e+00
4.011667440343022584e+00
4.014328169294802962e+00
4.016953656879264756e+00
4.019543986528721469e+00
4.022099241778486878e+00
4.024619506264911273e+00
4.027104863723419470e+00
4.029555397986579912e+00
4.031971192982187091e+00
4.034352332731366175e+00
4.036698901346692736e+00
4.039010983030332902e+00
4.041288662072202165e+00
4.043532022848136620e+00
4.045741149818084637e+00
4.047916127524318064e+00
4.050057040589649660e+00
4.052163973715681600e+00
4.054237011681049552e+00
4.056276239339704048e+00
4.058281741619187422e+00
4.060253603518938270e+00
4.062191910108604809e+00
4.064096746526370652e+00
4.065968197977299248e+00
4.067806349731688975e+00
4.069611287123441556e+00
4.071383095548440245e+00
4.073121860462950217e+00
4.074827667382018959e+00
4.076500601877900642e+00
4.078140749578482271e+00
4.079748196165727592e+00
4.081323027374130774e+00
4.082865328989184306e+00
4.084375186845853989e+00
4.085852686827062819e+00
4.087297914862194403e+00
4.088710956925599938e+00
4.090091899035113165e+00
4.091440827250584888e+00
4.092757827672420134e+00
4.094042986440125098e+00
4.095296389730869180e+00
4.096518123758050578e+00
4.097708274769872538e+00
4.098866929047932040e+00
4.099994172905816470e+00
4.101090092687703859e+00
4.102154774766979095e+00
4.103188305544858139e+00
4.104190771449010455e+00
4.105162258932208097e+00
4.106102854470963237e+00
4.107012644564189685e+00
4.107891715731864402e+00
4.108740154513696119e+00
4.109558047467804620e+00
4.110345481169414228e+00
4.111102542209536637e+00
4.111829317193681277e+00
4.112525892740561240e+00
4.113192355480812523e+00
4.113828792055712391e+00
4.114435289115913719e+00
4.115011933320185555e+00
4.115558811334152800e+00
4.116076009829051863e+00
4.116563615480487215e+00
4.117021714967199486e+00
4.117450394969837113e+00
4.117849742169733318e+00
4.118219843247695522e+00
4.118560784882792092e+00
4.118872653751159518e+00
4.119155536524798933e+00
4.119409519870393055e+00
4.119634690448123138e+00
4.119831134910492132e+00
4.119998939901157620e+00
4.120138192053764747e+00
4.120248977990793371e+00
4.120331384322406088e+00
4.120385497645300710e+00
4.120411404541576061e+00
4.120409191577596886e+00
4.120378945302867635e+00
4.120320752248912477e+00
4.120234698928158856e+00
4.120120871832832599e+00
4.119979357433853018e+00
4.119810242179732462e+00
4.119613612495494515e+00
4.119389554781579754e+00
4.119138155412771063e+00
4.118859500737119816e+00
4.118553677074878294e+00
4.118220770717437418e+00
4.117860867926271595e+00
4.117474054931887117e+00
4.117060417932779437e+00
4.116620043094392223e+00
4.116153016548088850e+00
4.115659424390118559e+00
4.115139352680603935e+00
4.114592887442515057e+00
4.114020114660666749e+00
4.113421120280713161e+00
4.112795990208147678e+00
4.112144810307309051e+00
4.111467666400400844e+00
4.110764644266500234e+00
4.110035829640591665e+00
4.109281308212591632e+00
4.108501165626385010e+00
4.107695487478869367e+00
4.106864359319000179e+00
4.106007866646844029e+00
4.105126094912639800e+00
4.104219129515858988e+00
4.103287055804280214e+00
4.102329959073062859e+00
4.101347924563830460e+00
4.100341037463758553e+00
4.099309382904666954e+00
4.098253045962121810e+00
4.097172111654534099e+00
4.096066664942281221e+00
4.094936790726813491e+00
4.093782573849781947e+00
4.092604099092167935e+00
4.091401451173416248e+00
4.090174714750570928e+00
4.088923974417429719e+00
4.087649314703689640e+00
4.086350820074106771e+00
4.085028574927661360e+00
4.083682663596726492e+00
4.082313170346244746e+00
4.080920179372906631e+00
4.079503774804344118e+00
4.078064040698318848e+00
4.076601061041924545e+00
4.075114919750792986e+00
4.073605700668302632e+00
4.072073487564801475e+00
4.070518364136823664e+00
4.068940414006329220e+00
4.067339720719927776e+00
4.065716367748130722e+00
4.064070438484594483e+00
4.062402016245373559e+00
4.060711184268187779e+00
4.058998025711677116e+00
4.057262623654684930e+00
4.055505061095531438e+00
4.053725420951302283e+00
4.051923786057133547e+00
4.050100239165512761e+00
4.048254862945578125e+00
4.046387739982437282e+00
4.044498952776470979e+00
4.042588583742667829e+00
4.040656715209945737e+00
4.038703429420485769e+00
4.036728808529074009e+00
4.034732934602448751e+00
4.032715889618654792e+00
4.030677755466400392e+00
4.028618613944424887e+00
4.026538546760876081e+00
4.024437635532677859e+00
4.022315961784920901e+00
4.020173606950256939e+00
4.018010652368293911e+00
4.015827179284992887e+00
4.013623268852090753e+00
4.011399002126508684e+00
4.009154460069776604e+00
4.006889723547461202e+00
4.004604873328605485e+00
4.002299990085168346e+00
3.999975154391471666e+00
3.997630446723657638e+00
3.995265947459150979e+00
3.992881736876122023e+00
3.990477895152963583e+00
3.988054502367773591e+00
3.985611638497839504e+00
3.983149383419129386e+00
3.980667816905794520e+00
3.978167018629678697e+00
3.975647068159823494e+00
3.973108044961991769e+00
3.970550028398193376e+00
3.967973097726216647e+00
3.965377332099161656e+00
3.962762810564993909e+00
3.960129612066089599e+00
3.957477815438792845e+00
3.954807499412981375e+00
3.952118742611637536e+00
3.949411623550426409e+00
3.946686220637270370e+00
3.943942612171950746e+00
3.941180876345698358e+00
3.938401091240793850e+00
3.935603334830178213e+00
3.932787684977070874e+00
3.929954219434588669e+00
3.927103015845372802e+00
3.924234151741224697e+00
3.921347704542750723e+00
3.918443751559001154e+00
3.915522369987130435e+00
3.912583636912056129e+00
3.909627629306123175e+00
3.906654424028775718e+00
3.903664097826239576e+00
3.900656727331207829e+00
3.897632389062527292e+00
3.894591159424900972e+00
3.891533114708592311e+00
3.888458331089135633e+00
3.885366884627047934e+00
3.882258851267559763e+00
3.879134306840341662e+00
3.875993327059237270e+00
3.872835987522007972e+00
3.869662363710081099e+00
3.866472530988305234e+00
3.863266564604704634e+00
3.860044539690254961e+00
3.856806531258652804e+00
3.853552614206090965e+00
3.850282863311048409e+00
3.846997353234079764e+00
3.843696158517617256e+00
3.840379353585764655e+00
3.837047012744116969e+00
3.833699210179573935e+00
3.830336019960157934e+00
3.826957516034845241e+00
3.823563772233400826e+00
3.820154862266218920e+00
3.816730859724162706e+00
3.813291838078426199e+00
3.809837870680386374e+00
3.806369030761467709e+00
3.802885391433012519e+00
3.799387025686158381e+00
3.795874006391720901e+00
3.792346406300074246e+00
3.788804298041053453e+00
3.785247754123851838e+00
3.781676846936921077e+00
3.778091648747887277e+00
3.774492231703467482e+00
3.770878667829392850e+00
3.767251029030330933e+00
3.763609387089827063e+00
3.759953813670243949e+00
3.756284380312700844e+00
3.752601158437029127e+00
3.748904219341731459e+00
3.745193634203940469e+00
3.741469474079385016e+00
3.737731809902368418e+00
3.733980712485748032e+00
3.730216252520913933e+00
3.726438500577784474e+00
3.722647527104800957e+00
3.718843402428928968e+00
3.715026196755661037e+00
3.711195980169034847e+00
3.707352822631648781e+00
3.703496793984680124e+00
3.699627963947919707e+00
3.695746402119800766e+00
3.691852177977442917e+00
3.687945360876687673e+00
3.684026020052156181e+00
3.680094224617301180e+00
3.676150043564463843e+00
3.672193545764940836e+00
3.668224799969056260e+00
3.664243874806235368e+00
3.660250838785081395e+00
3.656245760293465707e+00
3.652228707598618396e+00
3.648199748847219315e+00
3.644158952065500223e+00
3.640106385159354474e+00
3.636042115914442707e+00
3.631966211996306537e+00
3.627878740950494674e+00
3.623779770202684603e+00
3.619669367058810483e+00
3.615547598705201260e+00
3.611414532208719219e+00
3.607270234516903873e+00
3.603114772458118509e+00
3.598948212741709174e+00
3.594770621958159218e+00
3.590582066579251386e+00
3.586382612958238347e+00
3.582172327330014561e+00
3.577951275811291243e+00
3.573719524400776670e+00
3.569477138979366693e+00
3.565224185310332583e+00
3.560960729039512440e+00
3.556686835695514137e+00
3.552402570689920935e+00
3.548107999317494876e+00
3.543803186756389501e+00
3.539488198068369229e+00
3.535163098199030518e+00
3.530827951978022572e+00
3.526482824119280490e+00
3.522127779221259303e+00
3.517762881767171557e+00
3.513388196125224461e+00
3.509003786548871684e+00
3.504609717177064265e+00
3.500206052034498416e+00
3.495792855031879309e+00
3.491370189966181758e+00
3.486938120520917117e+00
3.482496710266401063e+00
3.478046022660030712e+00
3.473586121046562614e+00
3.469117068658391645e+00
3.464638928615838775e+00
3.460151763927442392e+00
3.455655637490250509e+00
3.451150612090113423e+00
3.446636750401991911e+00
3.442114114990259210e+00
3.437582768309004777e+00
3.433042772702352696e+00
3.428494190404772990e+00
3.423937083541404469e+00
3.419371514128372258e+00
3.414797544073118196e+00
3.410215235174729465e+00
3.405624649124271208e+00
3.401025847505122712e+00
3.396418891793320238e+00
3.391803843357897641e+00
3.387180763461233202e+00
3.382549713259402679e+00
3.377910753802529698e+00
3.373263946035144567e+00
3.368609350796542667e+00
3.363947028821150376e+00
3.359277040738889664e+00
3.354599447075545804e+00
3.349914308253145290e+00
3.345221684590328870e+00
3.340521636302729025e+00
3.335814223503354548e+00
3.331099506202976901e+00
3.326377544310516132e+00
3.321648397633430339e+00
3.316912125878114903e+00
3.312168788650296403e+00
3.307418445455432288e+00
3.302661155699115447e+00
3.297896978687479663e+00
3.293125973627608172e+00
3.288348199627943114e+00
3.283563715698702978e+00
3.278772580752299604e+00
3.273974853603753399e+00
3.269170592971120115e+00
3.264359857475916282e+00
3.259542705643545091e+00
3.254719195903724938e+00
3.249889386590926854e+00
3.245053335944807937e+00
3.240211102110648778e+00
3.235362743139794439e+00
3.230508316990099882e+00
3.225647881526374494e+00
3.220781494520827071e+00
3.215909213653520116e+00
3.211031096512823702e+00
3.206147200595866220e+00
3.201257583308995347e+00
3.196362301968239894e+00
3.191461413799767222e+00
3.186554975940351309e+00
3.181643045437839046e+00
3.176725679251620527e+00
3.171802934253097561e+00
3.166874867226158852e+00
3.161941534867656944e+00
3.157002993787885181e+00
3.152059300511055540e+00
3.147110511475784467e+00
3.142156683035575604e+00
3.137197871459303844e+00
3.132234132931707826e+00
3.127265523553876214e+00
3.122292099343742855e+00
3.117313916236578830e+00
3.112331030085489836e+00
3.107343496661915339e+00
3.102351371656125067e+00
3.097354710677724832e+00
3.092353569256157453e+00
3.087348002841209915e+00
3.082338066803519627e+00
3.077323816435083792e+00
3.072305306949771442e+00
3.067282593483834585e+00
3.062255731096422018e+00
3.057224774770098019e+00
3.052189779411357495e+00
3.047150799851146008e+00
3.042107890845382467e+00
3.037061107075479160e+00
3.032010503148867109e+00
3.026956133599521870e+00
3.021898052888492003e+00
3.016836315404425317e+00
3.011770975464101330e+00
3.006702087312962846e+00
3.001629705125648417e+00
2.996553883006527474e+00
2.991474674990236782e+00
2.986392135042218676e+00
2.981306317059258415e+00
2.976217274870025520e+00
2.971125062235615566e+00
2.966029732850093303e+00
2.960931340341035778e+00
2.955829938270080337e+00
2.950725580133468195e+00
2.945618319362596882e+00
2.940508209324563804e+00
2.935395303322724025e+00
2.930279654597234718e+00
2.925161316325614269e+00
2.920040341623291624e+00
2.914916783544164502e+00
2.909790695081155398e+00
2.904662129166767137e+00
2.899531138673642872e+00
2.894397776415126966e+00
2.889262095145821441e+00
2.884124147562151741e+00
2.878983986302928066e+00
2.873841663949907588e+00
2.868697233028361104e+00
2.863550746007636594e+00
2.858402255301727646e+00
2.853251813269839232e+00
2.848099472216955697e+00
2.842945284394411853e+00
2.837789302000461422e+00
2.832631577180847682e+00
2.827472162029375902e+00
2.822311108588484441e+00
2.817148468849820286e+00
2.811984294754810598e+00
2.806818638195238247e+00
2.801651551013817798e+00
2.796483085004770164e+00
2.791313291914401695e+00
2.786142223441680166e+00
2.780969931238812087e+00
2.775796466911823135e+00
2.770621882021137683e+00
2.765446228082157010e+00
2.760269556565841054e+00
2.755091918899290171e+00
2.749913366466324671e+00
2.744733950608069240e+00
2.739553722623535581e+00
2.734372733770203290e+00
2.729191035264607379e+00
2.724008678282917817e+00
2.718825713961527946e+00
2.713642193397638458e+00
2.708458167649841375e+00
2.703273687738708020e+00
2.698088804647373440e+00
2.692903569322124380e+00
2.687718032672984592e+00
2.682532245574303698e+00
2.677346258865342943e+00
2.672160123350865391e+00
2.666973889801721231e+00
2.661787608955437534e+00
2.656601331516806663e+00
2.651415108158475142e+00
2.646228989521531627e+00
2.641043026216097545e+00
2.635857268821913735e+00
2.630671767888933754e+00
2.625486573937908741e+00
2.620301737460981606e+00
2.615117308922272787e+00
2.609933338758472221e+00
2.604749877379428646e+00
2.599566975168738914e+00
2.594384682484338622e+00
2.589203049659090983e+00
2.584022127001377456e+00
2.578841964795687502e+00
2.573662613303207447e+00
2.568484122762408894e+00
2.563306543389642478e+00
2.558129925379722724e+00
2.552954318906518694e+00
2.547779774123545504e+00
2.542606341164548311e+00
2.537434070144094722e+00
2.532263011158161881e+00
2.527093214284725331e+00
2.521924729584346547e+00
2.516757607100758687e+00
2.511591896861458562e+00
2.506427648878288839e+00
2.501264913148026903e+00
2.496103739652972386e+00
2.490944178361530259e+00
2.485786279228797468e+00
2.480630092197150471e+00
2.475475667196826102e+00
2.470323054146507769e+00
2.465172302953908545e+00
2.460023463516356035e+00
2.454876585721371907e+00
2.449731719447257650e+00
2.444588914563672777e+00
2.439448220932217914e+00
2.434309688407014338e+00
2.429173366835284398e+00
2.424039306057929277e+00
2.418907555910108087e+00
2.413778166221816512e+00
2.408651186818460577e+00
2.403526667521437066e+00
2.398404658148705515e+00
2.393285208515364637e+00
2.388168368434224753e+00
2.383054187716381556e+00
2.377942716171788540e+00
2.372834003609827214e+00
2.367728099839876865e+00
2.362625054671886105e+00
2.357524917916938634e+00
2.352427739387821237e+00
2.347333568899591327e+00
2.342242456270140494e+00
2.337154451320759829e+00
2.332069603876701702e+00
2.326987963767743750e+00
2.321909580828747099e+00
2.316834504900217695e+00
2.311762785828864075e+00
2.306694473468155593e+00
2.301629617678875306e+00
2.296568268329677309e+00
2.291510475297640959e+00
2.286456288468818876e+00
2.281405757738790285e+00
2.276358933013210351e+00
2.271315864208356405e+00
2.266276601251674183e+00
2.261241194082324046e+00
2.256209692651723664e+00
2.251182146924089356e+00
2.246158606876974329e+00
2.241139122501810910e+00
2.236123743804445230e+00
2.231112520805671462e+00
2.226105503541766950e+00
2.221102742065024227e+00
2.216104286444278593e+00
2.211110186765436580e+00
2.206120493132005755e+00
2.201135255665613855e+00
2.196154524506536365e+00
2.191178349814211668e+00
2.186206781767765950e+00
2.181239870566522132e+00
2.176277666430520341e+00
2.171320219601028612e+00
2.166367580341053145e+00
2.161419798935844128e+00
2.156476925693405544e+00
2.151539010944996111e+00
2.146606105045632873e+00
2.141678258374585475e+00
2.136755521335880648e+00
2.131837944358789372e+00
2.126925577898322484e+00
2.122018472435719616e+00
2.117116678478937697e+00
2.112220246563131010e+00
2.107329227251137471e+00
2.102443671133955583e+00
2.097563628831223159e+00
2.092689150991688951e+00
2.087820288293683380e+00
2.082957091445590603e+00
2.078099611186310813e+00
2.073247898285722535e+00
2.068402003545144918e+00
2.063561977797794267e+00
2.058727871909235230e+00
2.053899736777832885e+00
2.049077623335203491e+00
2.044261582546653688e+00
2.039451665411625481e+00
2.034647922964133659e+00
2.029850406273201013e+00
2.025059166443288206e+00
2.020274254614723208e+00
2.015495721964126297e+00
2.010723619704832377e+00
2.005957999087305321e+00
2.001198911399556302e+00
1.996446407967552128e+00
1.991700540155622035e+00
1.986961359366861357e+00
1.982228917043534322e+00
1.977503264667464178e+00
1.972784453760428214e+00
1.968072535884546559e+00
1.963367562642665209e+00
1.958669585678734837e+00
1.953978656678187820e+00
1.949294827368312832e+00
1.944618149518618111e+00
1.939948674941195605e+00
1.935286455491084467e+00
1.930631543066622102e+00
1.925983989609794778e+00
1.921343847106584235e+00
1.916711167587313192e+00
1.912086003126975520e+00
1.907468405845572867e+00
1.902858427908443506e+00
1.898256121526584073e+00
1.893661538956966428e+00
1.889074732502852072e+00
1.884495754514105226e+00
1.879924657387490594e+00
1.875361493566973126e+00
1.870806315544016885e+00
1.866259175857868380e+00
1.861720127095841670e+00
1.857189221893596365e+00
1.852666512935414289e+00
1.848152052954461944e+00
1.843645894733054291e+00
1.839148091102915661e+00
1.834658694945426660e+00
1.830177759191870646e+00
1.825705336823674418e+00
1.821241480872647367e+00
1.816786244421202179e+00
1.812339680602582215e+00
1.807901842601080888e+00
1.803472783652249500e+00
1.799052557043102851e+00
1.794641216112318194e+00
1.790238814250434407e+00
1.785845404900030742e+00
1.781461041555909786e+00
1.777085777765277985e+00
1.772719667127907517e+00
1.768362763296299489e+00
1.764015119975839818e+00
1.759676790924952883e+00
1.755347829955235861e+00
1.751028290931598841e+00
1.746718227772396270e+00
1.742417694449545751e+00
1.738126744988644390e+00
1.733845433469076935e+00
1.729573814024123912e+00
1.725311940841047775e+00
1.721059868161184836e+00
1.716817650280029639e+00
1.712585341547304019e+00
1.708362996367024600e+00
1.704150669197562529e+00
1.699948414551700981e+00
1.695756286996671136e+00
1.691574341154194139e+00
1.687402631700513744e+00
1.683241213366415412e+00
1.679090140937241182e+00
1.674949469252897671e+00
1.670819253207861177e+00
1.666699547751161470e+00
1.662590407886369359e+00
1.658491888671578485e+00
1.654404045219368236e+00
1.650326932696765780e+00
1.646260606325199216e+00
1.642205121380449384e+00
1.638160533192576374e+00
1.634126897145854240e+00
1.630104268678694845e+00
1.626092703283557261e+00
1.622092256506851848e+00
1.618102983948837670e+00
1.614124941263517687e+00
1.610158184158508643e+00
1.606202768394917380e+00
1.602258749787208947e+00
1.598326184203057165e+00
1.594405127563190305e+00
1.590495635841232769e+00
1.586597765063539001e+00
1.582711571309007192e+00
1.578837110708895430e+00
1.574974439446631846e+00
1.571123613757605897e+00
1.567284689928954755e+00
1.563457724299345708e+00
1.559642773258751669e+00
1.555839893248203154e+00
1.552049140759546919e+00
1.548270572335195938e+00
1.544504244567859397e+00
1.540750214100271798e+00
1.537008537624913629e+00
1.533279271883726702e+00
1.529562473667808842e+00
1.525858199817108796e+00
1.522166507220119591e+00
1.518487452813547467e+00
1.514821093581980360e+00
1.511167486557549733e+00
1.507526688819587291e+00
1.503898757494257055e+00
1.500283749754195206e+00
1.496681722818139937e+00
1.493092733950543316e+00
1.489516840461181602e+00
1.485954099704756892e+00
1.482404569080495005e+00
1.478868306031721369e+00
1.475345368045440475e+00
1.471835812651909769e+00
1.468339697424192902e+00
1.464857079977713639e+00
1.461388017969800446e+00
1.457932569099228193e+00
1.454490791105736980e+00
1.451062741769558073e+00
1.447648478910930292e+00
1.444248060389600408e+00
1.440861544104321990e+00
1.437488987992346035e+00
1.434130450028910042e+00
1.430785988226704664e+00
1.427455660635345902e+00
1.424139525340841761e+00
1.420837640465041130e+00
1.417550064165082668e+00
1.414276854632836367e+00
1.411018070094342214e+00
1.407773768809231774e+00
1.404544009070151311e+00
1.401328849202181370e+00
1.398128347562241913e+00
1.394942562538495467e+00
1.391771552549745161e+00
1.388615376044830318e+00
1.385474091502005622e+00
1.382347757428324497e+00
1.379236432359017384e+00
1.376140174856858689e+00
1.373059043511531963e+00
1.369993096938991295e+00
1.366942393780819387e+00
1.363906992703574739e+00
1.360886952398140615e+00
1.357882331579071788e+00
1.354893188983928187e+00
1.351919583372613420e+00
1.348961573526706204e+00
1.346019218248792004e+00
1.343092576361784252e+00
1.340181706708249765e+00
1.337286668149729962e+00
1.334407519566057854e+00
1.331544319854672587e+00
1.328697127929934663e+00
1.325866002722438930e+00
1.323051003178322471e+00
1.320252188258575821e+00
1.317469616938350629e+00
1.314703348206267997e+00
1.311953441063724357e+00
1.309219954524198704e+00
1.306502947612559806e+00
1.303802479364372768e+00
1.301118608825207357e+00
1.298451395049945667e+00
1.295800897102092009e+00
1.293167174053083679e+00
1.290550284981604845e+00
1.287950288972897983e+00
1.285367245118084423e+00
1.282801212513482003e+00
1.280252250259925395e+00
1.277720417462093749e+00
1.275205773227839234e+00
1.272708376667519348e+00
1.270228286893329450e+00
1.267765563018650399e+00
1.265320264157389740e+00
1.262892449423330898e+00
1.260482177929492131e+00
1.258089508787486155e+00
1.255714501106888203e+00
1.253357213994605646e+00
1.251017706554263365e+00
1.248696037885589361e+00
1.246392267083804350e+00
1.244106453239027354e+00
1.241838655435686167e+00
1.239588932751933381e+00
1.237357344259067515e+00
1.235143949020977017e+00
1.232948806093581595e+00
1.230771974524278667e+00
1.228613513351415332e+00
1.226473481603760129e+00
1.224351938299987008e+00
1.222248942448162401e+00
1.220164553045264277e+00
1.218098829076694090e+00
1.216051829515798710e+00
1.214023613323421014e+00
1.212014239447452457e+00
1.210023766822397207e+00
1.208052254368945144e+00
1.206099760993576631e+00
1.204166345588165710e+00
1.202252067029589311e+00
1.200356984179373532e+00
1.198481155883341254e+00
1.196624640971273301e+00
1.194787498256579372e+00
1.192969786536008048e+00
1.191171564589349918e+00
1.189392891179153144e+00
1.187633825050478320e+00
1.185894424930654445e+00
1.184174749529051329e+00
1.182474857536862878e+00
1.180794807626933229e+00
1.179134658453576012e+00
1.177494468652406923e+00
1.175874296840219158e+00
1.174274201614861957e+00
1.172694241555134909e+00
1.171134475220694693e+00
1.169594961152009338e+00
1.168075757870303155e+00
1.166576923877518102e+00
1.165098517656319554e+00
1.163640597670105858e+00
1.162203222363034305e+00
1.160786450160060657e+00
1.159390339467027964e+00
1.158014948670748279e+00
1.156660336139096357e+00
1.155326560221154653e+00
1.154013679247359869e+00
1.152721751529665717e+00
1.151450835361721881e+00
1.150200989019101838e+00
1.148972270759522019e+00
1.147764738823076947e+00
1.146578451432522794e+00
1.145413466793563373e+00
1.144269843095153227e+00
1.143147638509815600e+00
1.142046911194009251e+00
1.140967719288487503e+00
1.139910120918670833e+00
1.138874174195069644e+00
1.137859937213706152e+00
1.136867468056555586e+00
1.135896824791999160e+00
1.134948065475326562e+00
1.134021248149227334e+00
1.133116430844298028e+00
1.132233671579595979e+00
1.131373028363189981e+00
1.130534559192730493e+00
1.129718322056032065e+00
1.128924374931697283e+00
1.128152775789734052e+00
1.127403582592183762e+00
1.126676853293794078e+00
1.125972645842686637e+00
1.125291018181042935e+00
1.124632028245799553e+00
1.123995733969380684e+00
1.123382193280422436e+00
1.122791464104508696e+00
1.122223604364942728e+00
1.121678671983513675e+00
1.121156724881277933e+00
1.120657820979349406e+00
1.120182018199716412e+00
1.119729374466054139e+00
1.119299947704543108e+00
1.118893795844715600e+00
1.118510976820298986e+00
1.118151548570065712e+00
1.117815569038693502e+00
1.117503096177638211e+00
1.117214187946006465e+00
1.116948902311431180e+00
1.116707297250961517e+00
1.116489430751951728e+00
1.116295360812951554e+00
1.116125145444600841e+00
1.115978842670530380e+00
1.115856510528259626e+00
1.115758207070093100e+00
1.115683990364022771e+00
1.115633918494624233e+00
1.115608049563951099e+00
1.115606441692431838e+00
1.115629153019754849e+00
1.115676241705754412e+00
1.115747765931293101e+00
1.115843783899131969e+00
1.115964353834794975e+00
1.116109533987430291e+00
1.116279382630661399e+00
1.116473958063419758e+00
1.116693318610773256e+00
1.116937522624752210e+00
1.117206628485143627e+00
1.117500694600281452e+00
1.117819779407824177e+00
1.118163941375521553e+00
1.118533239001944235e+00
1.118927730817211863e+00
1.119347475383713597e+00
1.119792531296780025e+00
1.120262957185351071e+00
1.120758811712624592e+00
1.121280153576688088e+00
1.121827041511095802e+00
1.122399534285451139e+00
1.122997690705970220e+00
1.123621569615981697e+00
1.124271229896424140e+00
1.124946730466314770e+00
1.125648130283196213e+00
1.126375488343513309e+00
1.127128863682994808e+00
1.127908315377012860e+00
1.128713902540861458e+00
1.129545684330027999e+00
1.130403719940436424e+00
1.131288068608656161e+00
1.132198789612026690e+00
1.133135942268790775e+00
1.134099585938198373e+00
1.135089780020510419e+00
1.136106583957000593e+00
1.137150057229943556e+00
1.138220259362461295e+00
1.139317249918409880e+00
1.140441088502215816e+00
1.141591834758640678e+00
1.142769548372496002e+00
1.143974289068309558e+00
1.145206116609951863e+00
1.146465090800210307e+00
1.147751271480307755e+00
1.149064718529369644e+00
1.150405491863834673e+00
1.151773651436813761e+00
1.153169257237394163e+00
1.154592369289884957e+00
1.156043047653007028e+00
1.157521352419023764e+00
1.159027343712812463e+00
1.160561081690878238e+00
1.162122626540305070e+00
1.163712038477646260e+00
1.165329377747752693e+00
1.166974704622539383e+00
1.168648079399685402e+00
1.170349562401272303e+00
1.172079213972356149e+00
1.173837094479472931e+00
1.175623264309079818e+00
1.177437783865926901e+00
1.179280713571360772e+00
1.181152113861562158e+00
1.183052045185711609e+00
1.184980568004086576e+00
1.186937742786089212e+00
1.188923630008200893e+00
1.190938290151866585e+00
1.192981783701307030e+00
1.195054171141258781e+00
1.197155512954639622e+00
1.199285869620142497e+00
1.201445301609752603e+00
1.203633869386193211e+00
1.205851633400293332e+00
1.208098654088283430e+00
1.210374991869011874e+00
1.212680707141086556e+00
1.215015860279942572e+00
1.217380511634827744e+00
1.219774721525715977e+00
1.222198550240139792e+00
1.224652058029947366e+00
1.227135305107979413e+00
1.229648351644669679e+00
1.232191257764564396e+00
1.234764083542766233e+00
1.237366889001297432e+00
1.239999734105382556e+00
1.242662678759654860e+00
1.245355782804279832e+00
1.248079106011003248e+00
1.250832708079114841e+00
1.253616648631336483e+00
1.256430987209627759e+00
1.259275783270913385e+00
1.262151096182728249e+00
1.265056985218785401e+00
1.267993509554462772e+00
1.270960728262209072e+00
1.273958700306871528e+00
1.276987484540943019e+00
1.280047139699728609e+00
1.283137724396433699e+00
1.286259297117171796e+00
1.289411916215893239e+00
1.292595639909233540e+00
1.295810526271284457e+00
1.299056633228284685e+00
1.302334018553231054e+00
1.305642739860412682e+00
1.308982854599866297e+00
1.312354420051752291e+00
1.315757493320653504e+00
1.319192131329797180e+00
1.322658390815198537e+00
1.326156328319725741e+00
1.329686000187091821e+00
1.333247462555765539e+00
1.336840771352809876e+00
1.340465982287642799e+00
1.344123150845721870e+00
1.347812332282156467e+00
1.351533581615241397e+00
1.355286953619919688e+00
1.359072502821168538e+00
1.362890283487315113e+00
1.366740349623274842e+00
1.370622754963721546e+00
1.374537552966181408e+00
1.378484796804059220e+00
1.382464539359589351e+00
1.386476833216718774e+00
1.390521730653918819e+00
1.394599283636927201e+00
1.398709543811420986e+00
1.402852562495621180e+00
1.407028390672828477e+00
1.411237078983891724e+00
1.415478677719609557e+00
1.419753236813066533e+00
1.424060805831900867e+00
1.428401433970510004e+00
1.432775170042189350e+00
1.437182062471207944e+00
1.441622159284820182e+00
1.446095508105216254e+00
1.450602156141407972e+00
1.455142150181056193e+00
1.459715536582234519e+00
1.464322361265135486e+00
1.468962669703715695e+00
1.473636506917282540e+00
1.478343917462023427e+00
1.483084945422477041e+00
1.487859634402948217e+00
1.492668027518867513e+00
1.497510167388094171e+00
1.502386096122168002e+00
1.507295855317501987e+00
1.512239486046528469e+00
1.517217028848787619e+00
1.522228523721968818e+00
1.527274010112898317e+00
1.532353526908480035e+00
1.537467112426583737e+00
1.542614804406889029e+00
1.547796640001679602e+00
1.553012655766590200e+00
1.558262887651310935e+00
1.563547370990244323e+00
1.568866140493118122e+00
1.574219230235556211e+00
1.579606673649607274e+00
1.585028503514230191e+00
1.590484751945741237e+00
1.595975450388219752e+00
1.601500629603875847e+00
1.607060319663381032e+00
1.612654549936158865e+00
1.618283349080642974e+00
1.623946745034497985e+00
1.629644765004806262e+00
1.635377435458222450e+00
1.641144782111094491e+00
1.646946829919552879e+00
1.652783603069571949e+00
1.658655124966997851e+00
1.664561418227551215e+00
1.670502504666801391e+00
1.676478405290112272e+00
1.682489140282566353e+00
1.688534728998859702e+00
1.694615189953177614e+00
1.700730540809044511e+00
1.706880798369154517e+00
1.713065978565180059e+00
1.719286096447562029e+00
1.725541166175282193e+00
1.731831201005616272e+00
1.738156213283872376e+00
1.744516214433113221e+00
1.750911214943866812e+00
1.757341224363820675e+00
1.763806251287506788e+00
1.770306303345973831e+00
1.776841387196453237e+00
1.783411508512011912e+00
1.790016671971202067e+00
1.796656881247702398e+00
1.803332138999954593e+00
1.810042446860796961e+00
1.816787805427094060e+00
1.823568214249366104e+00
1.830383671821417035e+00
1.837234175569965045e+00
1.844119721844272419e+00
1.851040305905782946e+00
1.857995921917759308e+00
1.864986562934930259e+00
1.872012220893142231e+00
1.879072886599020276e+00
1.886168549719640097e+00
1.893299198772208314e+00
1.900464821113756253e+00
1.907665402930847964e+00
1.914900929229302884e+00
1.922171383823932711e+00
1.929476749328298935e+00
1.936817007144487013e+00
1.944192137452901203e+00
1.951602119202081376e+00
1.959046930098542694e+00
1.966526546596638614e+00
1.974040943888452304e+00
1.981590095893711601e+00
1.989173975249736603e+00
1.996792553301412587e+00
2.004445800091197771e+00
2.012133684349164398e+00
2.019856173483070449e+00
2.027613233568470896e+00
2.035404829338864907e+00
2.043230924175881480e+00
2.051091480099504594e+00
2.058986457758343214e+00
2.066915816419939489e+00
2.074879513961129351e+00
2.082877506858440864e+00
2.090909750178546300e+00
2.098976197568761748e+00
2.107076801247598663e+00
2.115211511995366944e+00
2.123380279144831739e+00
2.131583050571929316e+00
2.139819772686535337e+00
2.148090390423297524e+00
2.156394847232523393e+00
2.164733085071136376e+00
2.173105044393691898e+00
2.181510664143458289e+00
2.189949881743566973e+00
2.198422633088233269e+00
2.206928852534044250e+00
2.215468472891320761e+00
2.224041425415552276e+00
2.232647639798909456e+00
2.241287044161831776e+00
2.249959565044696852e+00
2.258665127399567485e+00
2.267403654582024863e+00
2.276175068343082586e+00
2.284979288821190391e+00
2.293816234534321374e+00
2.302685822372152913e+00
2.311587967588337289e+00
2.320522583792865134e+00
2.329489582944523907e+00
2.338488875343454509e+00
2.347520369623803838e+00
2.356583972746478128e+00
2.365679589992002896e+00
2.374807124953479676e+00
2.383966479529655125e+00
2.393157553918091374e+00
2.402380246608452730e+00
2.411634454375896297e+00
2.420920072274581614e+00
2.430236993631290865e+00
2.439585110039170335e+00
2.448964311351583323e+00
2.458374485676091847e+00
2.467815519368555144e+00
2.477287297027350732e+00
2.486789701487728710e+00
2.496322613816286395e+00
2.505885913305573975e+00
2.515479477468835601e+00
2.525103182034879268e+00
2.534756900943083036e+00
2.544440506338539354e+00
2.554153868567337060e+00
2.563896856171982375e+00
2.573669335886966447e+00
2.583471172634472346e+00
2.593302229520231705e+00
2.603162367829529256e+00
2.613051447023349461e+00
2.622969324734687468e+00
2.632915856765003060e+00
2.642890897080834467e+00
2.652894297810567181e+00
2.662925909241361744e+00
2.672985579816242296e+00
2.683073156131346781e+00
2.693188482933341898e+00
2.703331403117002818e+00
2.713501757722960761e+00
2.723699385935619777e+00
2.733924125081245826e+00
2.744175810626220180e+00
2.754454276175485106e+00
2.764759353471143655e+00
2.775090872391252628e+00
2.785448660948789179e+00
2.795832545290799054e+00
2.806242349697726013e+00
2.816677896582929108e+00
2.827139006492379814e+00
2.837625498104554556e+00
2.848137188230507544e+00
2.858673891814139445e+00
2.869235421932658348e+00
2.879821589797231240e+00
2.890432204753832668e+00
2.901067074284287006e+00
2.911726004007513247e+00
2.922408797680968284e+00
2.933115257202285608e+00
2.943845182611122713e+00
2.954598372091209235e+00
2.965374621972600266e+00
2.976173726734134828e+00
2.986995479006103960e+00
2.997839669573127530e+00
3.008706087377238436e+00
3.019594519521180409e+00
3.030504751271919872e+00
3.041436566064366076e+00
3.052389745505311502e+00
3.063364069377586318e+00
3.074359315644427770e+00
3.085375260454070734e+00
3.096411678144556756e+00
3.107468341248759813e+00
3.118545020499638554e+00
3.129641484835707477e+00
3.140757501406728380e+00
3.151892835579631402e+00
3.163047250944657218e+00
3.174220509321722616e+00
3.185412370767019219e+00
3.196622593579828475e+00
3.207850934309572466e+00
3.219097147763092970e+00
3.230360987012155238e+00
3.241642203401182254e+00
3.252940546555219914e+00
3.264255764388132253e+00
3.275587603111028034e+00
3.286935807240916496e+00
3.298300119609600234e+00
3.309680281372791466e+00
3.321076032019469437e+00
3.332487109381463863e+00
3.343913249643276853e+00
3.355354187352131312e+00
3.366809655428259607e+00
3.378279385175419147e+00
3.389763106291644679e+00
3.401260546880233715e+00
3.412771433460963788e+00
3.424295490981544621e+00
3.435832442829300337e+00
3.447382010843089262e+00
3.458943915325448870e+00
3.470517875054981882e+00
3.482103607298968395e+00
3.493700827826209832e+00
3.505309250920107367e+00
3.516928589391965509e+00
3.528558554594533270e+00
3.540198856435768260e+00
3.551849203392833942e+00
3.563509302526323808e+00
3.575178859494711148e+00
3.586857578569029315e+00
3.598545162647774021e+00
3.610241313272034791e+00
3.621945730640847128e+00
3.633658113626770714e+00
3.645378159791687889e+00
3.657105565402822833e+00
3.668840025448983244e+00
3.680581233657018281e+00
3.692328882508494559e+00
3.704082663256591079e+00
3.715842265943203770e+00
3.727607379416268962e+00
3.739377691347296917e+00
3.751152888249113637e+00
3.762932655493815837e+00
3.774716677330930192e+00
3.786504636905780874e+00
3.798296216278058690e+00
3.810091096440594072e+00
3.821888957338331227e+00
3.833689477887498143e+00
3.845492335994975086e+00
3.857297208577860737e+00
3.869103771583226159e+00
3.880911700008061960e+00
3.892720667919415511e+00
3.904530348474708479e+00
3.916340413942247967e+00
3.928150535721910419e+00
3.939960384366010704e+00
3.951769629600346612e+00
3.963577940345417439e+00
3.975384984737816207e+00
3.987190430151791976e+00
3.998993943220976455e+00
4.010795189860277610e+00
4.022593835287934461e+00
4.034389544047733089e+00
4.046181980031374081e+00
4.057970806500999394e+00
4.069755686111864890e+00
4.081536280935161187e+00
4.093312252480984625e+00
4.105083261721446775e+00
4.116848969113915402e+00
4.128609034624409091e+00
4.140363117751101996e+00
4.152110877547976031e+00
4.163851972648589417e+00
4.175586061289973117e+00
4.187312801336644519e+00
4.199031850304734803e+00
4.210742865386235323e+00
4.222445503473350570e+00
4.234139421182952390e+00
4.245824274881145222e+00
4.257499720707923707e+00
4.269165414601926223e+00
4.280821012325287001e+00
4.292466169488567296e+00
4.304100541575773597e+00
4.315723783969461103e+00
4.327335551975910022e+00
4.338935500850373828e+00
4.350523285822400332e+00
4.362098562121220269e+00
4.373660985001188273e+00
4.385210209767292255e+00
4.396745891800710737e+00
4.408267686584421696e+00
4.419775249728855826e+00
4.431268236997599530e+00
4.442746304333121010e+00
4.454209107882545204e+00
4.465656304023450041e+00
4.477087549389694665e+00
4.488502500897259218e+00
4.499900815770118356e+00
4.511282151566108567e+00
4.522646166202826556e+00
4.533992517983511661e+00
4.545320865622945128e+00
4.556630868273339630e+00
4.567922185550221670e+00
4.579194477558305998e+00
4.590447404917348706e+00
4.601680628787986116e+00
4.612893810897545244e+00
4.624086613565828507e+00
4.635258699730868237e+00
4.646409732974634998e+00
4.657539377548719273e+00
4.668647298399955403e+00
4.679733161196002023e+00
4.690796632350867412e+00
4.701837379050379795e+00
4.712855069277588349e+00
4.723849371838106492e+00
4.734819956385383222e+00
4.745766493445891854e+00
4.756688654444247710e+00
4.767586111728242315e+00
4.778458538593787885e+00
4.789305609309769451e+00
4.800126999142807271e+00
4.810922384381912664e+00
4.821691442363045255e+00
4.832433851493555643e+00
4.843149291276529489e+00
4.853837442335000141e+00
4.864497986436052024e+00
4.875130606514795240e+00
4.885734986698214932e+00
4.896310812328886541e+00
4.906857769988554274e+00
4.917375547521579016e+00
4.927863834058225478e+00
4.938322320037822344e+00
4.948750697231755424e+00
4.959148658766309836e+00
4.969515899145362958e+00
4.979852114272899755e+00
4.990157001475371779e+00
5.000430259523885645e+00
5.010671588656215647e+00
5.020880690598642282e+00
5.031057268587604270e+00
5.041201027391177369e+00
5.051311673330356911e+00
5.061388914300150255e+00
5.071432459790480074e+00
5.081442020906888679e+00
5.091417310391036288e+00
5.101358042641003898e+00
5.111263933731383879e+00
5.121134701433159186e+00
5.130970065233374733e+00
5.140769746354586722e+00
5.150533467774097929e+00
5.160260954242967379e+00
5.169951932304796216e+00
5.179606130314281742e+00
5.189223278455551203e+00
5.198803108760252201e+00
5.208345355125408638e+00
5.217849753331043061e+00
5.227316041057552098e+00
5.236743957902844748e+00
5.246133245399226652e+00
5.255483647030043670e+00
5.264794908246066107e+00
5.274066776481632246e+00
5.283299001170524534e+00
5.292491333761593530e+00
5.301643527734126060e+00
5.310755338612941578e+00
5.319826523983242517e+00
5.328856843505175078e+00
5.337846058928149340e+00
5.346793934104872470e+00
5.355700235005118159e+00
5.364564729729220716e+00
5.373387188521299151e+00
5.382167383782206826e+00
5.390905090082195983e+00
5.399600084173319381e+00
5.408252145001533506e+00
5.416861053718539765e+00
5.425426593693335242e+00
5.433948550523472143e+00
5.442426712046056103e+00
5.450860868348431865e+00
5.459250811778608714e+00
5.467596336955383052e+00
5.475897240778176744e+00
5.484153322436590372e+00
5.492364383419668705e+00
5.500530227524872195e+00
5.508650660866762472e+00
5.516725491885393851e+00
5.524754531354419740e+00
5.532737592388899728e+00
5.540674490452827783e+00
5.548565043366354921e+00
5.556409071312731207e+00
5.564206396844947555e+00
5.571956844892099525e+00
5.579660242765442035e+00
5.587316420164164299e+00
5.594925209180868109e+00
5.602486444306761015e+00
5.609999962436555521e+00
5.617465602873071617e+00
5.624883207331567547e+00
5.632252619943756144e+00
5.639573687261557389e+00
5.646846258260544538e+00
5.654070184343112260e+00
5.661245319341356108e+00
5.668371519519665114e+00
5.675448643577030161e+00
5.682476552649069035e+00
5.689455110309767250e+00
5.696384182572937327e+00
5.703263637893396520e+00
5.710093347167867428e+00
5.716873183735597053e+00
5.723603023378700527e+00
5.730282744322225952e+00
5.736912227233947448e+00
5.743491355223887318e+00
5.750020013843559319e+00
5.756498091084949920e+00
5.762925477379223338e+00
5.769302065595169005e+00
5.775627751037371915e+00
5.781902431444126300e+00
5.788126006985089944e+00
5.794298380258674719e+00
5.800419456289176878e+00
5.806489142523653335e+00
5.812507348828549247e+00
5.818473987486062704e+00
5.824388973190266050e+00
5.830252223042977633e+00
5.836063656549387524e+00
5.841823195613436326e+00
5.847530764532959502e+00
5.853186289994582125e+00
5.858789701068381817e+00
5.864340929202323416e+00
5.869839908216444968e+00
5.875286574296824327e+00
5.880680865989321049e+00
5.886022724193082034e+00
5.891312092153831337e+00
5.896548915456936157e+00
5.901733142020260559e+00
5.906864722086792696e+00
5.911943608217073987e+00
5.916969755281398236e+00
5.921943120451830467e+00
5.926863663193990384e+00
5.931731345258655530e+00
5.936546130673152177e+00
5.941307985732559693e+00
5.946016878990708854e+00
5.950672781251002519e+00
5.955275665557030251e+00
5.959825507183016846e+00
5.964322283624070131e+00
5.968765974586258238e+00
5.973156561976509238e+00
5.977494029892328697e+00
5.981778364611360033e+00
5.986009554580756564e+00
5.990187590406402585e+00
5.994312464841966559e+00
5.998384172777795342e+00
6.002402711229649412e+00
6.006368079327280007e+00
6.010280278302865042e+00
6.014139311479290484e+00
6.017945184258280733e+00
6.021697904108400223e+00
6.025397480552899587e+00
6.029043925157441919e+00
6.032637251517677157e+00
6.036177475246701007e+00
6.039664613962378859e+00
6.043098687274547132e+00
6.046479716772090285e+00
6.049807726009897912e+00
6.053082740495714376e+00
6.056304787676865864e+00
6.059473896926879988e+00
6.062590099532002341e+00
6.065653428677605596e+00
6.068663919434493792e+00
6.071621608745112475e+00
6.074526535409670913e+00
6.077378740072152397e+00
6.080178265206253485e+00
6.082925155101225556e+00
6.085619455847640857e+00
6.088261215323067077e+00
6.090850483177670860e+00
6.093387310819749381e+00
6.095871751401177541e+00
6.098303859802796545e+00
6.100683692619731424e+00
6.103011308146641944e+00
6.105286766362915785e+00
6.107510128917802206e+00
6.109681459115487989e+00
6.111800821900121861e+00
6.113868283840791840e+00
6.115883913116443971e+00
6.117847779500769079e+00
6.119759954347034459e+00
6.121620510572888918e+00
6.123429522645119860e+00
6.125187066564377503e+00
6.126893219849871564e+00
6.128548061524034196e+00
6.130151672097156279e+00
6.131704133551999725e+00
6.133205529328390249e+00
6.134655944307782605e+00
6.136055464797818715e+00
6.137404178516862707e+00
6.138702174578527071e+00
6.139949543476188154e+00
6.141146377067494555e+00
6.142292768558866634e+00
6.143388812490001349e+00
6.144434604718361115e+00
6.145430242403678633e+00
6.146375823992459075e+00
6.147271449202486693e+00
6.148117219007340317e+00
6.148913235620919515e+00
6.149659602481981402e+00
6.150356424238695219e+00
6.151003806733207568e+00
6.151601856986227190e+00
6.152150683181632829e+00
6.152650394651103305e+00
6.153101101858765354e+00
6.153502916385874322e+00
6.153855950915518847e+00
6.154160319217357511e+00
6.154416136132384807e+00
6.154623517557734402e+00
6.154782580431507277e+00
6.154893442717653151e+00
6.154956223390874115e+00
6.154971042421580663e+00
6.154938020760879702e+00
6.154857280325614077e+00
6.154728943983444722e+00
6.154553135537974562e+00
6.154329979713930143e+00
6.154059602142384122e+00
6.153742129346035483e+00
6.153377688724537720e+00
6.152966408539880305e+00
6.152508417901835891e+00
6.152003846753451910e+00
6.151452825856606133e+00
6.150855486777622616e+00
6.150211961872948940e+00
6.149522384274886733e+00
6.148786887877405682e+00
6.148005607321995747e+00
6.147178677983610839e+00
6.146306235956659592e+00
6.145388418041076051e+00
6.144425361728456991e+00
6.143417205188263175e+00
6.142364087254106764e+00
6.141266147410091136e+00
6.140123525777243962e+00
6.138936363100008897e+00
6.137704800732825206e+00
6.136428980626773111e+00
6.135109045316302634e+00
6.133745137906038813e+00
6.132337402057669529e+00
6.130885981976904375e+00
6.129391022400521472e+00
6.127852668583495088e+00
6.126271066286198774e+00
6.124646361761703517e+00
6.122978701743144292e+00
6.121268233431187866e+00
6.119515104481565437e+00
6.117719462992710966e+00
6.115881457493471451e+00
6.114001236930910466e+00
6.112078950658195176e+00
6.110114748422574849e+00
6.108108780353448175e+00
6.106061196950512304e+00
6.103972149072009579e+00
6.101841787923060423e+00
6.099670265044085937e+00
6.097457732299320199e+00
6.095204341865419373e+00
6.092910246220154313e+00
6.090575598131197310e+00
6.088200550645008313e+00
6.085785257075799315e+00
6.083329870994606203e+00
6.080834546218442327e+00
6.078299436799551536e+00
6.075724697014750930e+00
6.073110481354872192e+00
6.070456944514290853e+00
6.067764241380552370e+00
6.065032527024093234e+00
6.062261956688057118e+00
6.059452685778198067e+00
6.056604869852889372e+00
6.053718664613219502e+00
6.050794225893187495e+00
6.047831709649985399e+00
6.044831271954382856e+00
6.041793068981206716e+00
6.038717256999910354e+00
6.035603992365242476e+00
6.032453431508005615e+00
6.029265730925915889e+00
6.026041047174553356e+00
6.022779536858406502e+00
6.019481356622016222e+00
6.016146663141205053e+00
6.012775613114413886e+00
6.009368363254118606e+00
6.005925070278354205e+00
6.002445890902321501e+00
5.998930981830097764e+00
5.995380499746430836e+00
5.991794601308636281e+00
5.988173443138582464e+00
5.984517181814770659e+00
5.980825973864505762e+00
5.977099975756160255e+00
5.973339343891534980e+00
5.969544234598306076e+00
5.965714804122569603e+00
5.961851208621468778e+00
5.957953604155925120e+00
5.954022146683449535e+00
5.950056992051050209e+00
5.946058295988226661e+00
5.942026214100061487e+00
5.937960901860393825e+00
5.933862514605086957e+00
5.929731207525380299e+00
5.925567135661339080e+00
5.921370453895380415e+00
5.917141316945899732e+00
5.912879879360973590e+00
5.908586295512160191e+00
5.904260719588376283e+00
5.899903305589869085e+00
5.895514207322272604e+00
5.891093578390743879e+00
5.886641572194191596e+00
5.882158341919583755e+00
5.877644040536348591e+00
5.873098820790843888e+00
5.868522835200927545e+00
5.863916236050598307e+00
5.859279175384726202e+00
5.854611805003859359e+00
5.849914276459116103e+00
5.845186741047162293e+00
5.840429349805258852e+00
5.835642253506396315e+00
5.830825602654510220e+00
5.825979547479772869e+00
5.821104237933963255e+00
5.816199823685916925e+00
5.811266454117054003e+00
5.806304278316982703e+00
5.801313445079181896e+00
5.796294102896752953e+00
5.791246399958259516e+00
5.786170484143632109e+00
5.781066503020150904e+00
5.775934603838501324e+00
5.770774933528905137e+00
5.765587638697324380e+00
5.760372865621739003e+00
5.755130760248486688e+00
5.749861468188691482e+00
5.744565134714749277e+00
5.739241904756887003e+00
5.733891922899794658e+00
5.728515333379323948e+00
5.723112280079255321e+00
5.717682906528137821e+00
5.712227355896187575e+00
5.706745770992262656e+00
5.701238294260895678e+00
5.695705067779404551e+00
5.690146233255052977e+00
5.684561932022287323e+00
5.678952305040035675e+00
5.673317492889068170e+00
5.667657635769417723e+00
5.661972873497872705e+00
5.656263345505523787e+00
5.650529190835372972e+00
5.644770548140005673e+00
5.638987555679325858e+00
5.633180351318343604e+00
5.627349072525027474e+00
5.621493856368214637e+00
5.615614839515576051e+00
5.609712158231647372e+00
5.603785948375905157e+00
5.597836345400907909e+00
5.591863484350492186e+00
5.585867499858020224e+00
5.579848526144687959e+00
5.573806697017882783e+00
5.567742145869591930e+00
5.561655005674875696e+00
5.555545408990382406e+00
5.549413487952921109e+00
5.543259374278079576e+00
5.537083199258901800e+00
5.530885093764609017e+00
5.524665188239377578e+00
5.518423612701154113e+00
5.512160496740537319e+00
5.505875969519686386e+00
5.499570159771300482e+00
5.493243195797624878e+00
5.486895205469520143e+00
5.480526316225562411e+00
5.474136655071201396e+00
5.467726348577961915e+00
5.461295522882679165e+00
5.454844303686795293e+00
5.448372816255681705e+00
5.441881185418021794e+00
5.435369535565217625e+00
5.428837990650860590e+00
5.422286674190219813e+00
5.415715709259791844e+00
5.409125218496876997e+00
5.402515324099205429e+00
5.395886147824594303e+00
5.389237810990651134e+00
5.382570434474513554e+00
5.375884138712621052e+00
5.369179043700536447e+00
5.362455268992792234e+00
5.355712933702778678e+00
5.348952156502674526e+00
5.342173055623399947e+00
5.335375748854612965e+00
5.328560353544744110e+00
5.321726986601055032e+00
5.314875764489738863e+00
5.308006803236053450e+00
5.301120218424480335e+00
5.294216125198927259e+00
5.287294638262952873e+00
5.280355871880026086e+00
5.273399939873821829e+00
5.266426955628539019e+00
5.259437032089253172e+00
5.252430281762298314e+00
5.245406816715679099e+00
5.238366748579506904e+00
5.231310188546477669e+00
5.224237247372355064e+00
5.217148035376504289e+00
5.210042662442442740e+00
5.202921238018411110e+00
5.195783871117988006e+00
5.188630670320711680e+00
5.181461743772739936e+00
5.174277199187534038e+00
5.167077143846558585e+00
5.159861684600016929e+00
5.152630927867604349e+00
5.145384979639282541e+00
5.138123945476088750e+00
5.130847930510951116e+00
5.123557039449540440e+00
5.116251376571140597e+00
5.108931045729531384e+00
5.101596150353909565e+00
5.094246793449813460e+00
5.086883077600083070e+00
5.079505104965829965e+00
5.072112977287431157e+00
5.064706795885542512e+00
5.057286661662133476e+00
5.049852675101536903e+00
5.042404936271515759e+00
5.034943544824355577e+00
5.027468599997970244e+00
5.019980200617022881e+00
5.012478445094068036e+00
5.004963431430708098e+00
4.997435257218771021e+00
4.989894019641495149e+00
4.982339815474741584e+00
4.974772741088211880e+00
4.967192892446686159e+00
4.959600365111277220e+00
4.951995254240695310e+00
4.944377654592530646e+00
4.936747660524551051e+00
4.929105365996005794e+00
4.921450864568956973e+00
4.913784249409606453e+00
4.906105613289650336e+00
4.898415048587641429e+00
4.890712647290360593e+00
4.882998500994204960e+00
4.875272700906587708e+00
4.867535337847343158e+00
4.859786502250151408e+00
4.852026284163971859e+00
4.844254773254483837e+00
4.836472058805543206e+00
4.828678229720642534e+00
4.820873374524386357e+00
4.813057581363978876e+00
4.805230938010712549e+00
4.797393531861474436e+00
4.789545449940256994e+00
4.781686778899677748e+00
4.773817605022511401e+00
4.765938014223226382e+00
4.758048092049528499e+00
4.750147923683921469e+00
4.742237593945262120e+00
4.734317187290336904e+00
4.726386787815428647e+00
4.718446479257910831e+00
4.710496344997832985e+00
4.702536468059518526e+00
4.694566931113168806e+00
4.686587816476476043e+00
4.678599206116236253e+00
4.670601181649974620e+00
4.662593824347570859e+00
4.654577215132893464e+00
4.646551434585441953e+00
4.638516562941986443e+00
4.630472680098220550e+00
4.622419865610411627e+00
4.614358198697063429e+00
4.606287758240576125e+00
4.598208622788916067e+00
4.590120870557283794e+00
4.582024579429792688e+00
4.573919826961149404e+00
4.565806690378333421e+00
4.557685246582283689e+00
4.549555572149591498e+00
4.541417743334189794e+00
4.533271836069054928e+00
4.525117925967895971e+00
4.516956088326866237e+00
4.508786398126261474e+00
4.500608930032228727e+00
4.492423758398475186e+00
4.484230957267981488e+00
4.476030600374709678e+00
4.467822761145322730e+00
4.459607512700899612e+00
4.451384927858657470e+00
4.443155079133665808e+00
4.434918038740573998e+00
4.426673878595332567e+00
4.418422670316913603e+00
4.410164485229040032e+00
4.401899394361913131e+00
4.393627468453935592e+00
4.385348777953441690e+00
4.377063393020423909e+00
4.368771383528264884e+00
4.360472819065464023e+00
4.352167768937367676e+00
4.343856302167901084e+00
4.335538487501297666e+00
4.327214393403827408e+00
4.318884088065530591e+00
4.310547639401940856e+00
4.302205115055825146e+00
4.293856582398901445e+00
4.285502108533581378e+00
4.277141760294684403e+00
4.268775604251176858e+00
4.260403706707894145e+00
4.252026133707267341e+00
4.243642951031051602e+00
4.235254224202047446e+00
4.226860018485828263e+00
4.218460398892463381e+00
4.210055430178233138e+00
4.201645176847361718e+00
4.193229703153726007e+00
4.184809073102577770e+00
4.176383350452262277e+00
4.167952598715930712e+00
4.159516881163257018e+00
4.151076260822148534e+00
4.142630800480456621e+00
4.134180562687689076e+00
4.125725609756713652e+00
4.117266003765467808e+00
4.108801806558659564e+00
4.100333079749472809e+00
4.091859884721267271e+00
4.083382282629274940e+00
4.074900334402297375e+00
4.066414100744404791e+00
4.057923642136620934e+00
4.049429018838620387e+00
4.040930290890412557e+00
4.032427518114029219e+00
4.023920760115211159e+00
4.015410076285086838e+00
4.006895525801852820e+00
3.998377167632450657e+00
3.989855060534244213e+00
3.981329263056690326e+00
3.972799833543009029e+00
3.964266830131851993e+00
3.955730310758968304e+00
3.947190333158868469e+00
3.938646954866482641e+00
3.930100233218820627e+00
