7.967091548051955741e+00
0.000000000000000000e+00
5.000000000000000000e-01
0.000000000000000000e+00
4.000000000000000000e+00
0.000000000000000000e+00
1.000000000000000000e+00
0.000000000000000000e+00
7.000000000000000000e+00
0.000000000000000000e+00
5.000000000000000000e-01
0.000000000000000000e+00
2.000000000000000000e+00
0.000000000000000000e+00
5.000000000000000000e-01
0.000000000000000000e+00
8.000000000000000167e-03
0.000000000000000000e+00
2.999999999999999889e-02
0.000000000000000000e+00
5.000000000000000104e-03
0.000000000000000000e+00
9.506780890499756664e-03
0.000000000000000000e+00
5.000000000000000000e-01
0.000000000000000000e+00
4.869746121658354632e+00
0.000000000000000000e+00
6.000000000000000000e+00
0.000000000000000000e+00
5.000000000000000278e-02
0.000000000000000000e+00
5.000000000000000000e+00
0.000000000000000000e+00
7.000000000000000666e-02
0.000000000000000000e+00
3.369507186533463039e-01
0.000000000000000000e+00
4.000000000000000083e-02
0.000000000000000000e+00
