3.858832062041487916e+02 5.000000000000000000e+00 1.669643992748585326e+00
3.858832062047021054e+02 5.000000000000000000e+00 1.669644013216403433e+00
3.858832062077631235e+02 5.000000000000000000e+00 1.669643849667869606e+00
3.858832062041009294e+02 5.000000000000000000e+00 1.669643998143615082e+00
3.858832062049153819e+02 5.000000000000000000e+00 1.669643980546141604e+00
3.858832062046947158e+02 5.000000000000000000e+00 1.669643999012008884e+00
3.858832062040667097e+02 5.000000000000000000e+00 1.669644016908138129e+00
3.858832062046848250e+02 5.000000000000000000e+00 1.669644024531472981e+00
3.858832062046936926e+02 5.000000000000000000e+00 1.669644029436695432e+00
3.858832062046274700e+02 5.000000000000000000e+00 1.669644031540995055e+00
