6.131586561920811391e+02 5.000000000000000000e+00 1.662858067499876302e+00
6.131586561919286851e+02 5.000000000000000000e+00 1.662857967595705144e+00
6.131586561917672498e+02 5.000000000000000000e+00 1.662858008155720269e+00
6.131586561917622475e+02 5.000000000000000000e+00 1.662857989566304040e+00
6.131586561919184533e+02 5.000000000000000000e+00 1.662857981890532466e+00
6.131586561918144298e+02 5.000000000000000000e+00 1.662858005669341610e+00
6.131586561918497864e+02 5.000000000000000000e+00 1.662858024008008195e+00
6.131586561917866902e+02 5.000000000000000000e+00 1.662858000970192096e+00
6.131586561917412155e+02 5.000000000000000000e+00 1.662858006204253281e+00
6.131586561919202722e+02 5.000000000000000000e+00 1.662857965260069237e+00
6.131586561917941935e+02 5.000000000000000000e+00 1.662858042098343869e+00
6.131586561918437610e+02 5.000000000000000000e+00 1.662858040011031324e+00
6.131586561918384177e+02 5.000000000000000000e+00 1.662858019688650879e+00
6.131586561919563110e+02 5.000000000000000000e+00 1.662858059482325013e+00
6.131586561919358473e+02 5.000000000000000000e+00 1.662857982827613545e+00
6.131586561918131792e+02 5.000000000000000000e+00 1.662858036363853209e+00
6.131586561918674079e+02 5.000000000000000000e+00 1.662858054599163804e+00
2.131390575832017021e+03 2.000000000000000000e+01 1.016110983793387490e+00
6.132388284610019582e+02 5.009044342332183319e+00 1.662527056695005889e+00
6.131586561918225016e+02 5.000000000000000000e+00 1.662858029970916363e+00
6.131586561919168616e+02 5.000000000000000000e+00 1.662858055506951871e+00
6.131586561918145435e+02 5.000000000000000000e+00 1.662858025955034291e+00
6.131586561919091309e+02 5.000000000000000000e+00 1.662857984096541841e+00
6.131586561918627467e+02 5.000000000000000000e+00 1.662857992327721801e+00
6.131586561918371672e+02 5.000000000000000000e+00 1.662857978219508759e+00
6.131586561919548330e+02 5.000000000000000000e+00 1.662857966731213777e+00
6.131586561920428267e+02 5.000000000000000000e+00 1.662858080525738247e+00
6.131586562745318361e+02 5.000000000000000000e+00 1.662857006615331201e+00
6.131586561919868927e+02 5.000000000000000000e+00 1.662857968664699815e+00
6.131586561917783911e+02 5.000000000000000000e+00 1.662858000166038908e+00
6.131586561918828693e+02 5.000000000000000000e+00 1.662858037416608203e+00
6.131586561917927156e+02 5.000000000000000000e+00 1.662858023902550775e+00
6.131586561917226845e+02 5.000000000000000000e+00 1.662858018174803165e+00
6.131586561925298611e+02 5.000000000000000000e+00 1.662857916056784902e+00
6.131586561919457381e+02 5.000000000000000000e+00 1.662858055097123255e+00
6.131586561918825282e+02 5.000000000000000000e+00 1.662858047700182196e+00
6.131586561918693405e+02 5.000000000000000000e+00 1.662858051233258472e+00
6.131586561918176130e+02 5.000000000000000000e+00 1.662858030661862774e+00
6.131586561918328471e+02 5.000000000000000000e+00 1.662858039334139004e+00
6.131586561917804374e+02 5.000000000000000000e+00 1.662857996961738305e+00
6.131586561918254574e+02 5.000000000000000000e+00 1.662858038252522430e+00
6.131586561917965810e+02 5.000000000000000000e+00 1.662857996607621125e+00
6.131586561920271379e+02 5.000000000000000000e+00 1.662857954552579010e+00
6.131586561918841198e+02 5.000000000000000000e+00 1.662857983751080404e+00
6.131586561917986273e+02 5.000000000000000000e+00 1.662858032168952560e+00
6.131586561917870313e+02 5.000000000000000000e+00 1.662858024285730485e+00
6.131586561919310725e+02 5.000000000000000000e+00 1.662857966673195520e+00
6.131586561918459211e+02 5.000000000000000000e+00 1.662858016411771001e+00
6.131586561916926712e+02 5.000000000000000000e+00 1.662858006467497818e+00
6.131586561917486051e+02 5.000000000000000000e+00 1.662858023760155790e+00
6.131586561917733889e+02 5.000000000000000000e+00 1.662858018312612707e+00
6.131586561920152008e+02 5.000000000000000000e+00 1.662857957359820338e+00
2.131390575804321543e+03 2.000000000000000000e+01 1.016112501165938209e+00
6.131586561918811640e+02 5.000000000000000000e+00 1.662857992455791800e+00
6.131586561917443987e+02 5.000000000000000000e+00 1.662858016747451151e+00
6.131586561918164762e+02 5.000000000000000000e+00 1.662858041021394673e+00
6.131586561920736358e+02 5.000000000000000000e+00 1.662858077166514015e+00
6.131586561918217058e+02 5.000000000000000000e+00 1.662857982748141339e+00
6.131586561917730478e+02 5.000000000000000000e+00 1.662858020458316322e+00
6.131586561921072871e+02 5.000000000000000000e+00 1.662857954065767752e+00
6.131586561918619509e+02 5.000000000000000000e+00 1.662858030840212997e+00
6.131586561923211320e+02 5.000000000000000000e+00 1.662857932387200144e+00
6.131586561921897101e+02 5.000000000000000000e+00 1.662857946362584771e+00
6.131586561918818461e+02 5.000000000000000000e+00 1.662857997257894516e+00
6.131586561918011284e+02 5.000000000000000000e+00 1.662858002918897737e+00
6.131586561917428071e+02 5.000000000000000000e+00 1.662858034878615499e+00
6.131586561918231837e+02 5.000000000000000000e+00 1.662858011298548488e+00
6.131586561918870757e+02 5.000000000000000000e+00 1.662858057398240330e+00
6.131586561917712288e+02 5.000000000000000000e+00 1.662857996690499496e+00
6.131586561923737690e+02 5.000000000000000000e+00 1.662857931060016892e+00
6.131586561927354069e+02 5.000000000000000000e+00 1.662858120718984534e+00
6.131586561922053988e+02 5.000000000000000000e+00 1.662857939012125197e+00
6.131586561919285714e+02 5.000000000000000000e+00 1.662858051820635730e+00
6.131586561946063512e+02 5.000000000000000000e+00 1.662857831873181480e+00
6.131586561918595635e+02 5.000000000000000000e+00 1.662858009222371924e+00
6.131586561920405529e+02 5.000000000000000000e+00 1.662857956222879352e+00
6.131586561918172720e+02 5.000000000000000000e+00 1.662857980050004736e+00
6.131586561917740710e+02 5.000000000000000000e+00 1.662858034727118239e+00
6.131586561919393716e+02 5.000000000000000000e+00 1.662858062397304382e+00
6.131586561918139751e+02 5.000000000000000000e+00 1.662858008491795214e+00
6.131586561924327725e+02 5.000000000000000000e+00 1.662857922044468806e+00
6.131586561917968083e+02 5.000000000000000000e+00 1.662857995923130439e+00
6.131586561918030611e+02 5.000000000000000000e+00 1.662857998870733711e+00
6.131586561919085625e+02 5.000000000000000000e+00 1.662857990409613684e+00
6.131586561918884399e+02 5.000000000000000000e+00 1.662858040791839853e+00
6.131586561918936695e+02 5.000000000000000000e+00 1.662858050603894799e+00
6.131586561920072427e+02 5.000000000000000000e+00 1.662857971983690453e+00
6.131586561917986273e+02 5.000000000000000000e+00 1.662858024121608658e+00
6.131586561918373945e+02 5.000000000000000000e+00 1.662858010238893902e+00
6.131586561919707492e+02 5.000000000000000000e+00 1.662857963723630927e+00
6.131586561918268217e+02 5.000000000000000000e+00 1.662858000734688257e+00
6.131586561917694098e+02 5.000000000000000000e+00 1.662858033927121060e+00
6.131586561918368261e+02 5.000000000000000000e+00 1.662858021032874944e+00
6.131586561917723657e+02 5.000000000000000000e+00 1.662858030528940434e+00
6.131586561924516445e+02 5.000000000000000000e+00 1.662858102378548253e+00
6.131586561918210236e+02 5.000000000000000000e+00 1.662857990545635767e+00
6.131586562196971499e+02 5.000000000000000000e+00 1.662857429710082879e+00
6.131586561917246172e+02 5.000000000000000000e+00 1.662858010502290318e+00
6.131586561919269798e+02 5.000000000000000000e+00 1.662858054475611747e+00
6.131586561918720690e+02 5.000000000000000000e+00 1.662857994576297127e+00
6.131586561918741154e+02 5.000000000000000000e+00 1.662858037907466224e+00
6.131586561919301630e+02 5.000000000000000000e+00 1.662857979829384547e+00
6.131586561918334155e+02 5.000000000000000000e+00 1.662857986879846761e+00
6.131586561918134066e+02 5.000000000000000000e+00 1.662858018904521673e+00
6.131586561918169309e+02 5.000000000000000000e+00 1.662858012893996262e+00
6.131586561922142664e+02 5.000000000000000000e+00 1.662858084251346069e+00
6.131586561917824838e+02 5.000000000000000000e+00 1.662858014802012230e+00
6.131586561918218194e+02 5.000000000000000000e+00 1.662857990444790657e+00
6.131586561919405085e+02 5.000000000000000000e+00 1.662857976659293247e+00
6.131586561918380767e+02 5.000000000000000000e+00 1.662857993932840062e+00
6.131586561917572453e+02 5.000000000000000000e+00 1.662858010281234922e+00
6.131586561919456244e+02 5.000000000000000000e+00 1.662858051145694516e+00
6.131586561919951919e+02 5.000000000000000000e+00 1.662857969763062771e+00
6.131586561918734333e+02 5.000000000000000000e+00 1.662857990017738263e+00
6.131586561918699090e+02 5.000000000000000000e+00 1.662858015942385359e+00
6.131586561918120424e+02 5.000000000000000000e+00 1.662858022156012749e+00
6.131586561917971494e+02 5.000000000000000000e+00 1.662858035177067206e+00
6.131586561918245479e+02 5.000000000000000000e+00 1.662858023557171716e+00
6.131586561918443294e+02 5.000000000000000000e+00 1.662857992218188974e+00
6.131586561923675163e+02 5.000000000000000000e+00 1.662857935205250826e+00
6.131586561918436473e+02 5.000000000000000000e+00 1.662857972994861600e+00
6.131586561917779363e+02 5.000000000000000000e+00 1.662858013551792746e+00
6.131586561921847078e+02 5.000000000000000000e+00 1.662858077704531201e+00
6.131586561918497864e+02 5.000000000000000000e+00 1.662857979266932240e+00
6.131586561925441856e+02 5.000000000000000000e+00 1.662857919221200964e+00
6.131586561917811196e+02 5.000000000000000000e+00 1.662858014152756025e+00
6.131586561917649760e+02 5.000000000000000000e+00 1.662858008080463135e+00
6.131586561919082214e+02 5.000000000000000000e+00 1.662858048848541381e+00
6.131586561918186362e+02 5.000000000000000000e+00 1.662858014421510600e+00
6.131586561917513336e+02 5.000000000000000000e+00 1.662858018131616600e+00
6.131586561920859140e+02 5.000000000000000000e+00 1.662857943598192501e+00
6.131586561920181566e+02 5.000000000000000000e+00 1.662857958784315304e+00
6.131586561917938525e+02 5.000000000000000000e+00 1.662858010272600939e+00
6.131586561921498060e+02 5.000000000000000000e+00 1.662857955933341625e+00
6.131586561918470579e+02 5.000000000000000000e+00 1.662857984909236642e+00
6.131586561917456493e+02 5.000000000000000000e+00 1.662858001565869159e+00
6.131586561917796416e+02 5.000000000000000000e+00 1.662858035176173921e+00
6.131586561918511507e+02 5.000000000000000000e+00 1.662858034454684608e+00
6.131586561918028337e+02 5.000000000000000000e+00 1.662858027234342506e+00
6.131586561918311418e+02 5.000000000000000000e+00 1.662857999501636153e+00
6.131586561917533800e+02 5.000000000000000000e+00 1.662857998572823570e+00
6.131586561918381904e+02 5.000000000000000000e+00 1.662857993254605038e+00
6.131586561918002189e+02 5.000000000000000000e+00 1.662858025609891044e+00
6.131586561919009455e+02 5.000000000000000000e+00 1.662857974206046530e+00
6.131586561917711151e+02 5.000000000000000000e+00 1.662857998643168633e+00
6.168292576307635500e+02 5.342017994653978974e+00 1.646964316957243213e+00
6.132169627304816686e+02 5.003493932943167799e+00 1.663291463163442563e+00
6.131586561918632015e+02 5.000000000000000000e+00 1.662858037924321852e+00
6.131586561918226153e+02 5.000000000000000000e+00 1.662858035147070979e+00
6.131586561917818017e+02 5.000000000000000000e+00 1.662858040403222049e+00
6.131586561917340532e+02 5.000000000000000000e+00 1.662858009385030922e+00
6.131586561917501967e+02 5.000000000000000000e+00 1.662858003613010283e+00
6.131586561918852567e+02 5.000000000000000000e+00 1.662857987932534032e+00
6.131586561917249583e+02 5.000000000000000000e+00 1.662858014495212533e+00
6.131586561917793006e+02 5.000000000000000000e+00 1.662858005322800814e+00
6.131586561917825975e+02 5.000000000000000000e+00 1.662858023342135061e+00
6.131586561921778866e+02 5.000000000000000000e+00 1.662857946129342679e+00
6.131586561917906693e+02 5.000000000000000000e+00 1.662858013844564109e+00
6.131586561918016969e+02 5.000000000000000000e+00 1.662858009451507524e+00
6.131586561917368954e+02 5.000000000000000000e+00 1.662858025699542885e+00
6.131586561918486495e+02 5.000000000000000000e+00 1.662858039436377888e+00
6.131586561921801604e+02 5.000000000000000000e+00 1.662857938838671057e+00
6.131586561917046083e+02 5.000000000000000000e+00 1.662858009186886310e+00
6.131586561917330300e+02 5.000000000000000000e+00 1.662858026962586777e+00
6.131586561920893246e+02 5.000000000000000000e+00 1.662857947430175010e+00
6.131586561917986273e+02 5.000000000000000000e+00 1.662858026579916215e+00
6.131586561917514473e+02 5.000000000000000000e+00 1.662858016615441636e+00
6.131586561920870508e+02 5.000000000000000000e+00 1.662858070837146096e+00
6.131586561918414873e+02 5.000000000000000000e+00 1.662857993431001935e+00
6.131586561918014695e+02 5.000000000000000000e+00 1.662858015741816464e+00
6.131586561917735025e+02 5.000000000000000000e+00 1.662857991499736343e+00
6.131586561917468998e+02 5.000000000000000000e+00 1.662857993447885541e+00
6.131586561918470579e+02 5.000000000000000000e+00 1.662858027363187219e+00
6.131586561919838232e+02 5.000000000000000000e+00 1.662857966960574752e+00
6.131586561918018106e+02 5.000000000000000000e+00 1.662857993085134600e+00
6.131586561917388281e+02 5.000000000000000000e+00 1.662858021139810294e+00
6.131586561918222742e+02 5.000000000000000000e+00 1.662857986649007191e+00
6.131586561917740710e+02 5.000000000000000000e+00 1.662857998217033728e+00
6.132650750468944807e+02 5.003393540472777623e+00 1.663684058244597752e+00
6.131586561917531526e+02 5.000000000000000000e+00 1.662858023833639232e+00
6.131586561920358918e+02 5.000000000000000000e+00 1.662857962869692896e+00
6.131586561917731615e+02 5.000000000000000000e+00 1.662858015317938642e+00
6.140089199743554218e+02 5.087158928485838949e+00 1.660078659139166080e+00
6.211954384043034452e+02 5.729520323398260118e+00 1.636091391384068450e+00
6.131586561918517191e+02 5.000000000000000000e+00 1.662858051188735198e+00
6.131586561918394409e+02 5.000000000000000000e+00 1.662858038103709690e+00
6.131586561918960570e+02 5.000000000000000000e+00 1.662857983613178048e+00
6.131586561918545613e+02 5.000000000000000000e+00 1.662857986370287255e+00
6.131586561917571316e+02 5.000000000000000000e+00 1.662858034242945759e+00
6.131586561918228426e+02 5.000000000000000000e+00 1.662857991942003677e+00
6.131586561918514917e+02 5.000000000000000000e+00 1.662858027534077188e+00
6.131586561920875056e+02 5.000000000000000000e+00 1.662857948595379831e+00
6.131586561919075393e+02 5.000000000000000000e+00 1.662857969268595637e+00
6.131586561923179488e+02 5.000000000000000000e+00 1.662858096167489919e+00
6.131586561919763199e+02 5.000000000000000000e+00 1.662858058702917585e+00
6.131586561918222742e+02 5.000000000000000000e+00 1.662858025758692460e+00
6.131586561918196594e+02 5.000000000000000000e+00 1.662858004549160107e+00
6.131586561918984444e+02 5.000000000000000000e+00 1.662858050644982599e+00
6.131586561918143161e+02 5.000000000000000000e+00 1.662858023849774547e+00
6.131586561920129270e+02 5.000000000000000000e+00 1.662857966200532722e+00
6.131586561920861413e+02 5.000000000000000000e+00 1.662857960573190796e+00
6.131586561918137477e+02 5.000000000000000000e+00 1.662857997867509763e+00
6.131586561917662266e+02 5.000000000000000000e+00 1.662858012390999063e+00
6.131586561919315272e+02 5.000000000000000000e+00 1.662857975176518899e+00
6.131586561916942628e+02 5.000000000000000000e+00 1.662858037153466251e+00
6.131586561918884399e+02 5.000000000000000000e+00 1.662858014994222255e+00
6.131586561921916427e+02 5.000000000000000000e+00 1.662857944176858505e+00
6.131586561923120371e+02 5.000000000000000000e+00 1.662857933124883614e+00
6.131586561919392580e+02 5.000000000000000000e+00 1.662858053262653346e+00
6.131586561917856670e+02 5.000000000000000000e+00 1.662858037566140368e+00
6.131586561921911880e+02 5.000000000000000000e+00 1.662857948623511772e+00
6.131586561917278004e+02 5.000000000000000000e+00 1.662858019521245456e+00
6.131586561918412599e+02 5.000000000000000000e+00 1.662857999033178880e+00
6.131586561918231837e+02 5.000000000000000000e+00 1.662858001756650328e+00
6.131586561918944653e+02 5.000000000000000000e+00 1.662858012896020865e+00
6.131586561919467613e+02 5.000000000000000000e+00 1.662858055697800763e+00
6.131586561920033773e+02 5.000000000000000000e+00 1.662857963451543242e+00
6.131586561918232974e+02 5.000000000000000000e+00 1.662858033646590128e+00
6.131586561917716836e+02 5.000000000000000000e+00 1.662857988664857789e+00
6.131586561917769131e+02 5.000000000000000000e+00 1.662858018165980667e+00
6.131586561918759344e+02 5.000000000000000000e+00 1.662858049202206034e+00
6.131586561918190910e+02 5.000000000000000000e+00 1.662858007058198195e+00
6.131586561918082907e+02 5.000000000000000000e+00 1.662857986928572007e+00
6.131586561917816880e+02 5.000000000000000000e+00 1.662858029729681109e+00
6.131586561928185120e+02 5.000000000000000000e+00 1.662857904317775137e+00
6.131586561920520353e+02 5.000000000000000000e+00 1.662857951730915440e+00
6.131586561917727067e+02 5.000000000000000000e+00 1.662858020555053384e+00
6.131586561918196594e+02 5.000000000000000000e+00 1.662857996890018564e+00
6.131586561919262977e+02 5.000000000000000000e+00 1.662857969985842344e+00
6.131586561931931101e+02 5.000000000000000000e+00 1.662858143422516477e+00
6.131586561918045390e+02 5.000000000000000000e+00 1.662858010176362145e+00
6.131586561918715006e+02 5.000000000000000000e+00 1.662857990948289677e+00
6.131586561918685447e+02 5.000000000000000000e+00 1.662858044733874996e+00
6.131586561918078360e+02 5.000000000000000000e+00 1.662858010797053643e+00
6.131586561918575171e+02 5.000000000000000000e+00 1.662858008483747652e+00
6.131586561917679319e+02 5.000000000000000000e+00 1.662858024807741142e+00
6.131586561917406470e+02 5.000000000000000000e+00 1.662858015607842965e+00
6.131586561917429208e+02 5.000000000000000000e+00 1.662858002822356962e+00
6.131586561917700919e+02 5.000000000000000000e+00 1.662858037772222186e+00
6.131586561928908168e+02 5.000000000000000000e+00 1.662857893694013711e+00
6.131586561919499445e+02 5.000000000000000000e+00 1.662858056879753077e+00
6.131586561918632015e+02 5.000000000000000000e+00 1.662858033825510340e+00
6.131586561919759788e+02 5.000000000000000000e+00 1.662857969822031379e+00
6.131586561920153144e+02 5.000000000000000000e+00 1.662857963689687413e+00
6.131586561917681593e+02 5.000000000000000000e+00 1.662857997613661931e+00
6.131586561918495590e+02 5.000000000000000000e+00 1.662857996239499148e+00
6.131586561918259122e+02 5.000000000000000000e+00 1.662858018892397149e+00
6.131586561917889640e+02 5.000000000000000000e+00 1.662858027268903305e+00
6.131586561920536269e+02 5.000000000000000000e+00 1.662857963502959002e+00
6.131586561918156804e+02 5.000000000000000000e+00 1.662858020372836698e+00
2.131390575805048684e+03 2.000000000000000000e+01 1.016112635421981159e+00
6.131586561917240488e+02 5.000000000000000000e+00 1.662858007389598436e+00
6.131586561918038569e+02 5.000000000000000000e+00 1.662858025068363554e+00
6.131586561917933977e+02 5.000000000000000000e+00 1.662858029170641627e+00
6.131586561924148100e+02 5.000000000000000000e+00 1.662858094156140387e+00
6.131586561918595635e+02 5.000000000000000000e+00 1.662858014146485708e+00
6.131586561917234803e+02 5.000000000000000000e+00 1.662858022222315935e+00
6.131586561918257985e+02 5.000000000000000000e+00 1.662857977580750157e+00
6.131586561920072427e+02 5.000000000000000000e+00 1.662858058980264397e+00
6.131586561919243650e+02 5.000000000000000000e+00 1.662858055971050852e+00
6.131586561920801159e+02 5.000000000000000000e+00 1.662857959377123995e+00
6.131586561919763199e+02 5.000000000000000000e+00 1.662858057448660665e+00
6.131586561917484914e+02 5.000000000000000000e+00 1.662858026100890063e+00
6.131586561918179541e+02 5.000000000000000000e+00 1.662858006268456146e+00
6.131586561917504241e+02 5.000000000000000000e+00 1.662858022904930788e+00
6.131586561918636562e+02 5.000000000000000000e+00 1.662858002614046482e+00
2.131390575803858610e+03 2.000000000000000000e+01 1.016112320304157102e+00
6.131586561918425105e+02 5.000000000000000000e+00 1.662857981647822392e+00
6.131586561918637699e+02 5.000000000000000000e+00 1.662858037959607849e+00
6.131586561918970801e+02 5.000000000000000000e+00 1.662858006497017760e+00
6.131586561918097686e+02 5.000000000000000000e+00 1.662858000697128968e+00
6.131586561918451252e+02 5.000000000000000000e+00 1.662858009249707170e+00
6.131586561918729785e+02 5.000000000000000000e+00 1.662858014063787193e+00
6.131586561919191354e+02 5.000000000000000000e+00 1.662858055576878158e+00
6.131586561918622920e+02 5.000000000000000000e+00 1.662857994895383662e+00
6.131586561918547886e+02 5.000000000000000000e+00 1.662858020798315906e+00
6.131586561917370091e+02 5.000000000000000000e+00 1.662857995370956132e+00
6.131586561921878911e+02 5.000000000000000000e+00 1.662858074582995727e+00
6.131586561918065854e+02 5.000000000000000000e+00 1.662858004223747299e+00
6.131586561918699090e+02 5.000000000000000000e+00 1.662858053294261618e+00
6.131586561917922609e+02 5.000000000000000000e+00 1.662857981214988401e+00
6.131586561919393716e+02 5.000000000000000000e+00 1.662857976213628186e+00
6.131586561917953304e+02 5.000000000000000000e+00 1.662857995919132970e+00
6.131586561918522875e+02 5.000000000000000000e+00 1.662857999041501333e+00
6.131586561917981726e+02 5.000000000000000000e+00 1.662858009128367343e+00
6.131586561917961262e+02 5.000000000000000000e+00 1.662858028632826946e+00
6.131586561917566769e+02 5.000000000000000000e+00 1.662858005594511468e+00
6.131586561919091309e+02 5.000000000000000000e+00 1.662858050842613400e+00
6.131586561919320957e+02 5.000000000000000000e+00 1.662857972893051706e+00
6.131586561919657470e+02 5.000000000000000000e+00 1.662857965657131398e+00
6.131586561918193183e+02 5.000000000000000000e+00 1.662858031269411674e+00
6.131586561917472409e+02 5.000000000000000000e+00 1.662858016701656894e+00
6.131586561917447398e+02 5.000000000000000000e+00 1.662858014305203858e+00
6.131586561917833933e+02 5.000000000000000000e+00 1.662858000120995605e+00
6.131586561918911684e+02 5.000000000000000000e+00 1.662857994722620303e+00
6.131586561918558118e+02 5.000000000000000000e+00 1.662857996745094491e+00
6.131586561917944209e+02 5.000000000000000000e+00 1.662858006732242711e+00
6.131586561922899818e+02 5.000000000000000000e+00 1.662857931589162064e+00
6.131586561918710458e+02 5.000000000000000000e+00 1.662858039627016504e+00
6.131586561918393272e+02 5.000000000000000000e+00 1.662858024068769813e+00
6.131586561917556537e+02 5.000000000000000000e+00 1.662858015083223284e+00
6.131586561917872586e+02 5.000000000000000000e+00 1.662858002125555013e+00
6.131586561917542895e+02 5.000000000000000000e+00 1.662858015314852222e+00
6.131586561924705165e+02 5.000000000000000000e+00 1.662857920315502946e+00
6.131586561918367124e+02 5.000000000000000000e+00 1.662858026623382779e+00
6.131586561918245479e+02 5.000000000000000000e+00 1.662858021051987212e+00
6.131586561918338703e+02 5.000000000000000000e+00 1.662858008832707624e+00
6.131586561918734333e+02 5.000000000000000000e+00 1.662858026239250053e+00
6.131586561917807785e+02 5.000000000000000000e+00 1.662858040509092028e+00
6.131586561917971494e+02 5.000000000000000000e+00 1.662858015319288008e+00
6.131586561918843472e+02 5.000000000000000000e+00 1.662858002029186766e+00
6.131586561920705662e+02 5.000000000000000000e+00 1.662857964487405527e+00
6.131586561918240932e+02 5.000000000000000000e+00 1.662857991431255344e+00
6.131586561922031251e+02 5.000000000000000000e+00 1.662857949390513568e+00
6.131586561920190661e+02 5.000000000000000000e+00 1.662858068763976238e+00
6.131586561917699782e+02 5.000000000000000000e+00 1.662858020007533133e+00
6.131586561918528560e+02 5.000000000000000000e+00 1.662858020982751484e+00
6.131586561919666565e+02 5.000000000000000000e+00 1.662857965628840695e+00
6.131586561919498308e+02 5.000000000000000000e+00 1.662858036181891652e+00
6.131586561918671805e+02 5.000000000000000000e+00 1.662857973066918182e+00
6.131586561921180873e+02 5.000000000000000000e+00 1.662857952442305720e+00
6.131586561918627467e+02 5.000000000000000000e+00 1.662858013267086488e+00
6.131586561919345968e+02 5.000000000000000000e+00 1.662857981748935510e+00
6.131586561919514224e+02 5.000000000000000000e+00 1.662857971029684245e+00
6.131586561916981282e+02 5.000000000000000000e+00 1.662858010801872011e+00
6.192266044831786758e+02 5.588678947852020684e+00 1.639543290137823073e+00
6.131586561918588814e+02 5.000000000000000000e+00 1.662858012947251440e+00
6.131586561917906693e+02 5.000000000000000000e+00 1.662857988075058913e+00
6.131586561917981726e+02 5.000000000000000000e+00 1.662858021736577152e+00
6.131586561918342113e+02 5.000000000000000000e+00 1.662857985252018667e+00
6.131586561917654308e+02 5.000000000000000000e+00 1.662857995788926457e+00
6.131586561918758207e+02 5.000000000000000000e+00 1.662858058274788497e+00
6.131586561920823897e+02 5.000000000000000000e+00 1.662857954150718243e+00
6.131586561919589258e+02 5.000000000000000000e+00 1.662857960937190072e+00
6.131586561917886229e+02 5.000000000000000000e+00 1.662858016125563498e+00
6.131586561917495146e+02 5.000000000000000000e+00 1.662858008454993763e+00
6.131586561919289124e+02 5.000000000000000000e+00 1.662858036764547576e+00
6.131586561918970801e+02 5.000000000000000000e+00 1.662857989619781485e+00
6.131586561917877134e+02 5.000000000000000000e+00 1.662858046113232735e+00
6.131586561917480367e+02 5.000000000000000000e+00 1.662858005337762624e+00
6.131586561918684311e+02 5.000000000000000000e+00 1.662858043549947151e+00
6.131586561917945346e+02 5.000000000000000000e+00 1.662858006215313766e+00
6.131586561920569238e+02 5.000000000000000000e+00 1.662858069492060054e+00
6.131586561917984000e+02 5.000000000000000000e+00 1.662858009666820625e+00
6.131586561918321650e+02 5.000000000000000000e+00 1.662858051456218123e+00
6.131586561917644076e+02 5.000000000000000000e+00 1.662857998443560970e+00
6.131586561918469442e+02 5.000000000000000000e+00 1.662857978324612906e+00
6.131586561918020379e+02 5.000000000000000000e+00 1.662857985954506956e+00
6.131586561925232672e+02 5.000000000000000000e+00 1.662857924056419412e+00
6.131586561917961262e+02 5.000000000000000000e+00 1.662858019853648894e+00
6.131586561917749805e+02 5.000000000000000000e+00 1.662857996634206748e+00
6.131586561918436473e+02 5.000000000000000000e+00 1.662858013082280983e+00
6.131586561920071290e+02 5.000000000000000000e+00 1.662858056243636362e+00
6.131586561917570180e+02 5.000000000000000000e+00 1.662858003363198778e+00
6.131586561918945790e+02 5.000000000000000000e+00 1.662858025833187758e+00
6.131586561918198868e+02 5.000000000000000000e+00 1.662858014348456814e+00
6.131586561917958988e+02 5.000000000000000000e+00 1.662858014612542679e+00
6.131586561919299356e+02 5.000000000000000000e+00 1.662858053541497405e+00
6.131586561919723408e+02 5.000000000000000000e+00 1.662858058008615192e+00
6.131586561918131792e+02 5.000000000000000000e+00 1.662858016293846442e+00
6.131586561919352789e+02 5.000000000000000000e+00 1.662858044632049337e+00
6.131586561918044254e+02 5.000000000000000000e+00 1.662858020372832035e+00
6.131586561917838480e+02 5.000000000000000000e+00 1.662858021397093378e+00
6.131586561918188636e+02 5.000000000000000000e+00 1.662857998265241388e+00
6.375137864048580241e+02 6.884259718720577403e+00 1.597418544159421305e+00
6.131586561918261395e+02 5.000000000000000000e+00 1.662858019749295702e+00
6.131586561917888503e+02 5.000000000000000000e+00 1.662858025319053246e+00
6.131586561918447842e+02 5.000000000000000000e+00 1.662858035309842331e+00
6.131586561925462320e+02 5.000000000000000000e+00 1.662857919751958402e+00
6.131586561919000360e+02 5.000000000000000000e+00 1.662858039591864623e+00
6.131586561920346412e+02 5.000000000000000000e+00 1.662857960210452291e+00
6.131586561918561529e+02 5.000000000000000000e+00 1.662858010153277277e+00
6.131586561918783218e+02 5.000000000000000000e+00 1.662858021564687760e+00
6.131586561917750942e+02 5.000000000000000000e+00 1.662858027573503428e+00
6.131586561918276175e+02 5.000000000000000000e+00 1.662858001209808867e+00
6.131586561918697953e+02 5.000000000000000000e+00 1.662858014556067410e+00
6.131586561918186362e+02 5.000000000000000000e+00 1.662857991582681549e+00
6.131586561918759344e+02 5.000000000000000000e+00 1.662858047680338291e+00
6.137976000584790199e+02 5.070644709095279978e+00 1.659734702532367212e+00
6.131586561918923053e+02 5.000000000000000000e+00 1.662857980800419577e+00
6.131586561918670668e+02 5.000000000000000000e+00 1.662857982077877050e+00
6.131586561918599045e+02 5.000000000000000000e+00 1.662857977594354386e+00
6.131586561921158136e+02 5.000000000000000000e+00 1.662857960310487826e+00
6.131586561918510370e+02 5.000000000000000000e+00 1.662858015135776135e+00
6.131586561917706604e+02 5.000000000000000000e+00 1.662858031947140658e+00
6.131586561922986220e+02 5.000000000000000000e+00 1.662857930214052482e+00
6.131586561918486495e+02 5.000000000000000000e+00 1.662857977314024405e+00
6.131586561917563358e+02 5.000000000000000000e+00 1.662858030141831644e+00
6.131586561920663598e+02 5.000000000000000000e+00 1.662857970471192326e+00
6.131586561918994676e+02 5.000000000000000000e+00 1.662858057874147866e+00
6.131586561918245479e+02 5.000000000000000000e+00 1.662858006752760298e+00
6.131586561918092002e+02 5.000000000000000000e+00 1.662858042950231763e+00
6.214349133462935697e+02 5.737993135467302608e+00 1.631918675387918460e+00
6.131586561918838925e+02 5.000000000000000000e+00 1.662858038207097433e+00
6.131586561917524705e+02 5.000000000000000000e+00 1.662858020067003784e+00
6.131586561918245479e+02 5.000000000000000000e+00 1.662858000040188911e+00
6.131586561917350764e+02 5.000000000000000000e+00 1.662858011036952854e+00
6.131586561917475819e+02 5.000000000000000000e+00 1.662858018063606114e+00
6.131586561918657026e+02 5.000000000000000000e+00 1.662857998067779786e+00
6.131586561920223630e+02 5.000000000000000000e+00 1.662857965595880394e+00
6.131586561919006044e+02 5.000000000000000000e+00 1.662857971772993881e+00
6.131586561917770268e+02 5.000000000000000000e+00 1.662858020612294041e+00
6.131586561917815743e+02 5.000000000000000000e+00 1.662857985807090211e+00
6.131586561917879408e+02 5.000000000000000000e+00 1.662857993930936917e+00
6.131586561918413736e+02 5.000000000000000000e+00 1.662857998917757207e+00
6.131586561917113158e+02 5.000000000000000000e+00 1.662858017737397054e+00
6.131586561918946927e+02 5.000000000000000000e+00 1.662857978257456626e+00
6.131586561918297775e+02 5.000000000000000000e+00 1.662858028981834879e+00
6.131586561917367817e+02 5.000000000000000000e+00 1.662858015144342172e+00
6.131586561918088591e+02 5.000000000000000000e+00 1.662858027628615121e+00
6.131586561921515113e+02 5.000000000000000000e+00 1.662857948061704727e+00
6.131586561918005600e+02 5.000000000000000000e+00 1.662858000058561325e+00
6.131586561918195457e+02 5.000000000000000000e+00 1.662857988746696103e+00
6.131586561917338258e+02 5.000000000000000000e+00 1.662858002504498778e+00
6.131586561918187499e+02 5.000000000000000000e+00 1.662857975986864023e+00
6.131586561917317795e+02 5.000000000000000000e+00 1.662857995002521960e+00
6.131586561920786380e+02 5.000000000000000000e+00 1.662858074490559668e+00
6.131586561919846190e+02 5.000000000000000000e+00 1.662857960039128447e+00
6.131586561918306870e+02 5.000000000000000000e+00 1.662857988984024704e+00
6.131586561917325753e+02 5.000000000000000000e+00 1.662858032968141053e+00
6.131586561918682037e+02 5.000000000000000000e+00 1.662858000472479558e+00
6.131586561917932841e+02 5.000000000000000000e+00 1.662858034083588121e+00
6.131586561918272764e+02 5.000000000000000000e+00 1.662857986890275752e+00
6.131586561917754352e+02 5.000000000000000000e+00 1.662857987441077379e+00
6.131586561922442797e+02 5.000000000000000000e+00 1.662857941002965356e+00
6.131586561918069265e+02 5.000000000000000000e+00 1.662858013633432996e+00
6.131586561918943517e+02 5.000000000000000000e+00 1.662858055571375449e+00
6.131586561917386007e+02 5.000000000000000000e+00 1.662858013885720077e+00
6.131586561918663847e+02 5.000000000000000000e+00 1.662858025777744109e+00
6.131586561918954885e+02 5.000000000000000000e+00 1.662857988467975723e+00
6.131586561918578582e+02 5.000000000000000000e+00 1.662858027480482948e+00
6.131586561918064717e+02 5.000000000000000000e+00 1.662858017791981391e+00
6.131586561922231340e+02 5.000000000000000000e+00 1.662857946907823514e+00
6.131586561920250915e+02 5.000000000000000000e+00 1.662858062573073781e+00
6.131586561917499694e+02 5.000000000000000000e+00 1.662858007410950467e+00
6.131586561919426686e+02 5.000000000000000000e+00 1.662857961280171937e+00
6.131586561917890776e+02 5.000000000000000000e+00 1.662858001368942018e+00
6.131586561922453029e+02 5.000000000000000000e+00 1.662858093170250573e+00
6.131586561919476708e+02 5.000000000000000000e+00 1.662857966479457827e+00
6.131586561919392580e+02 5.000000000000000000e+00 1.662858052978850365e+00
6.131586561917785048e+02 5.000000000000000000e+00 1.662858026817765955e+00
6.131586561917628160e+02 5.000000000000000000e+00 1.662858022548466375e+00
6.131586561917783911e+02 5.000000000000000000e+00 1.662857995108063758e+00
6.131586561919918950e+02 5.000000000000000000e+00 1.662857973835896619e+00
6.131586561919724545e+02 5.000000000000000000e+00 1.662858052257445207e+00
6.131586561921483280e+02 5.000000000000000000e+00 1.662858078297470232e+00
6.131586561918271627e+02 5.000000000000000000e+00 1.662858001939336861e+00
6.131586561921387784e+02 5.000000000000000000e+00 1.662857947924067936e+00
6.131586561921953944e+02 5.000000000000000000e+00 1.662857944454088743e+00
6.131586561917217750e+02 5.000000000000000000e+00 1.662858012687062681e+00
6.131586561919007181e+02 5.000000000000000000e+00 1.662857964819024925e+00
6.131586561918270490e+02 5.000000000000000000e+00 1.662858035276862712e+00
6.131586561917943072e+02 5.000000000000000000e+00 1.662858029990374353e+00
6.131586561917820291e+02 5.000000000000000000e+00 1.662858002671937285e+00
6.131586561917579274e+02 5.000000000000000000e+00 1.662858012381140949e+00
6.131586561919149290e+02 5.000000000000000000e+00 1.662858054239984229e+00
6.131586561917735025e+02 5.000000000000000000e+00 1.662858003413317798e+00
6.131586561917340532e+02 5.000000000000000000e+00 1.662858019488331562e+00
6.131586561917607696e+02 5.000000000000000000e+00 1.662858019015793332e+00
6.131586561918086318e+02 5.000000000000000000e+00 1.662858009784977664e+00
6.131586561918761618e+02 5.000000000000000000e+00 1.662858023036925426e+00
6.131586561922302963e+02 5.000000000000000000e+00 1.662858086095738264e+00
6.131586561917692961e+02 5.000000000000000000e+00 1.662858004864045558e+00
6.131586561919036740e+02 5.000000000000000000e+00 1.662857985159533092e+00
6.131586561919377800e+02 5.000000000000000000e+00 1.662857976311343577e+00
6.131586561921442353e+02 5.000000000000000000e+00 1.662858075465549978e+00
6.131586561917313247e+02 5.000000000000000000e+00 1.662858006031292968e+00
6.131586561918679763e+02 5.000000000000000000e+00 1.662858026952599655e+00
6.131586561920911436e+02 5.000000000000000000e+00 1.662857960840122162e+00
6.131586561921261591e+02 5.000000000000000000e+00 1.662857953566658553e+00
6.131586561918012421e+02 5.000000000000000000e+00 1.662858032372207973e+00
6.131586561918725238e+02 5.000000000000000000e+00 1.662857970033556620e+00
6.131586561919065161e+02 5.000000000000000000e+00 1.662857974047385445e+00
6.131586561917754352e+02 5.000000000000000000e+00 1.662858003988925804e+00
6.131586561917782774e+02 5.000000000000000000e+00 1.662857991674262070e+00
6.131586561917688414e+02 5.000000000000000000e+00 1.662857999163493528e+00
6.131586561919032192e+02 5.000000000000000000e+00 1.662857978925766034e+00
6.131586561919652922e+02 5.000000000000000000e+00 1.662858055419445868e+00
6.131586561920182703e+02 5.000000000000000000e+00 1.662857965672635663e+00
6.131586561923548970e+02 5.000000000000000000e+00 1.662857933779010144e+00
6.131586561919353926e+02 5.000000000000000000e+00 1.662857978829234584e+00
6.131586561920523764e+02 5.000000000000000000e+00 1.662857966769562434e+00
6.131586561917627023e+02 5.000000000000000000e+00 1.662858024750662578e+00
6.131586561918410325e+02 5.000000000000000000e+00 1.662858001927792762e+00
6.131586561918170446e+02 5.000000000000000000e+00 1.662858038577015751e+00
6.131586561917953304e+02 5.000000000000000000e+00 1.662858014162138520e+00
6.202135260703215636e+02 5.640817816245528249e+00 1.639611322726135745e+00
6.131586561918165899e+02 5.000000000000000000e+00 1.662858010891218985e+00
6.131586561917366680e+02 5.000000000000000000e+00 1.662858011110064371e+00
6.131586561917947620e+02 5.000000000000000000e+00 1.662858031096871470e+00
6.131586561919594942e+02 5.000000000000000000e+00 1.662857963852655496e+00
6.131586561918986718e+02 5.000000000000000000e+00 1.662858016116051108e+00
6.131586561919175438e+02 5.000000000000000000e+00 1.662858051486920674e+00
6.131586561917470135e+02 5.000000000000000000e+00 1.662858018386286885e+00
6.131586561918836651e+02 5.000000000000000000e+00 1.662858043261401964e+00
6.131586561918059033e+02 5.000000000000000000e+00 1.662857993665049605e+00
6.131586561918077223e+02 5.000000000000000000e+00 1.662857987979700747e+00
6.131586561918312555e+02 5.000000000000000000e+00 1.662858005438287323e+00
6.131586561918132929e+02 5.000000000000000000e+00 1.662858023200797009e+00
6.131586561917390554e+02 5.000000000000000000e+00 1.662858024449874517e+00
6.131586561918470579e+02 5.000000000000000000e+00 1.662857972492605585e+00
6.131586561919347105e+02 5.000000000000000000e+00 1.662858045349200564e+00
6.131586561918338703e+02 5.000000000000000000e+00 1.662857981800286211e+00
6.131586561918803682e+02 5.000000000000000000e+00 1.662858009944031101e+00
6.131586561918893494e+02 5.000000000000000000e+00 1.662857994539199247e+00
6.131586561918211373e+02 5.000000000000000000e+00 1.662858047246029702e+00
6.131586561919179985e+02 5.000000000000000000e+00 1.662858064419204140e+00
6.131586561918048801e+02 5.000000000000000000e+00 1.662858002145424674e+00
6.131586561918127245e+02 5.000000000000000000e+00 1.662858002800155166e+00
6.131586561917622475e+02 5.000000000000000000e+00 1.662858000482617005e+00
6.131586561919343694e+02 5.000000000000000000e+00 1.662857959494452809e+00
6.131586561917672498e+02 5.000000000000000000e+00 1.662858017075744099e+00
6.136181235973829189e+02 5.009816969688677624e+00 1.660310924578555003e+00
6.131586561918138614e+02 5.000000000000000000e+00 1.662858014560420816e+00
6.131586561918709322e+02 5.000000000000000000e+00 1.662858021689826105e+00
6.131586561918427378e+02 5.000000000000000000e+00 1.662857985262361504e+00
6.131586561919249334e+02 5.000000000000000000e+00 1.662857978976142626e+00
6.131586561922090368e+02 5.000000000000000000e+00 1.662858086877770480e+00
6.131586561919110636e+02 5.000000000000000000e+00 1.662858035666177958e+00
6.131586561917263225e+02 5.000000000000000000e+00 1.662858005643305104e+00
6.131586561917224572e+02 5.000000000000000000e+00 1.662858005624503699e+00
6.131586561917629297e+02 5.000000000000000000e+00 1.662858027537805761e+00
6.131586561922633791e+02 5.000000000000000000e+00 1.662857935965583733e+00
6.131586561917895324e+02 5.000000000000000000e+00 1.662858012936875962e+00
6.131586561918416010e+02 5.000000000000000000e+00 1.662858025554897035e+00
6.131586561917339395e+02 5.000000000000000000e+00 1.662858002672021218e+00
6.131586561918251164e+02 5.000000000000000000e+00 1.662858010538475151e+00
6.131586561918084044e+02 5.000000000000000000e+00 1.662858004625291208e+00
6.131586561917330300e+02 5.000000000000000000e+00 1.662858017458812343e+00
6.131586561917782774e+02 5.000000000000000000e+00 1.662857981680214037e+00
6.131586561918080633e+02 5.000000000000000000e+00 1.662858025738235712e+00
6.131586561918167035e+02 5.000000000000000000e+00 1.662858017677310452e+00
6.131586561918611551e+02 5.000000000000000000e+00 1.662857983692727082e+00
2.131390575804005493e+03 2.000000000000000000e+01 1.016112114321896298e+00
6.131586561918285270e+02 5.000000000000000000e+00 1.662857991346852637e+00
2.131390575813341911e+03 2.000000000000000000e+01 1.016111529379088774e+00
6.131586561919750693e+02 5.000000000000000000e+00 1.662857966184234648e+00
6.131586561918263669e+02 5.000000000000000000e+00 1.662858023889374426e+00
6.131586561918785492e+02 5.000000000000000000e+00 1.662858039881510930e+00
6.131586561918097686e+02 5.000000000000000000e+00 1.662858024139486801e+00
6.131586561918886673e+02 5.000000000000000000e+00 1.662858029117829872e+00
6.131586561920108807e+02 5.000000000000000000e+00 1.662857968837824885e+00
6.131586561918902589e+02 5.000000000000000000e+00 1.662857989006078840e+00
6.131586561917797553e+02 5.000000000000000000e+00 1.662858033155352855e+00
6.131586561917406470e+02 5.000000000000000000e+00 1.662858023158878318e+00
6.131586561918447842e+02 5.000000000000000000e+00 1.662857993690062930e+00
6.131586561919204996e+02 5.000000000000000000e+00 1.662857974004635642e+00
6.131586561918265943e+02 5.000000000000000000e+00 1.662857986523937681e+00
6.131586561917895324e+02 5.000000000000000000e+00 1.662857999630452888e+00
6.131586561919307314e+02 5.000000000000000000e+00 1.662857972083514824e+00
6.131586561918007874e+02 5.000000000000000000e+00 1.662858005628363722e+00
6.131586561917833933e+02 5.000000000000000000e+00 1.662858019727707193e+00
6.131586561918359166e+02 5.000000000000000000e+00 1.662858027151099982e+00
6.131586561920487384e+02 5.000000000000000000e+00 1.662858074073876091e+00
6.131586561917501967e+02 5.000000000000000000e+00 1.662858009969272688e+00
6.131586561919215228e+02 5.000000000000000000e+00 1.662858049526347193e+00
6.131586561917428071e+02 5.000000000000000000e+00 1.662858034010290531e+00
6.131586561917663403e+02 5.000000000000000000e+00 1.662858030472550430e+00
6.131586561917899871e+02 5.000000000000000000e+00 1.662858000389686453e+00
6.131586561917789595e+02 5.000000000000000000e+00 1.662857993390315370e+00
6.131586561917704330e+02 5.000000000000000000e+00 1.662858015275994195e+00
6.131586561918106781e+02 5.000000000000000000e+00 1.662858036696465813e+00
6.131586561917711151e+02 5.000000000000000000e+00 1.662858017900761265e+00
6.131586561918029474e+02 5.000000000000000000e+00 1.662858035736758167e+00
6.131586561918031748e+02 5.000000000000000000e+00 1.662857986110475972e+00
6.131586561917326890e+02 5.000000000000000000e+00 1.662858012153918041e+00
6.131586561920510121e+02 5.000000000000000000e+00 1.662858081351322737e+00
6.131586561919441465e+02 5.000000000000000000e+00 1.662858055855185535e+00
6.131586561917939662e+02 5.000000000000000000e+00 1.662857996057723220e+00
6.131586561920619260e+02 5.000000000000000000e+00 1.662858078480607738e+00
6.131586561918595635e+02 5.000000000000000000e+00 1.662858001022831544e+00
6.131586561917893050e+02 5.000000000000000000e+00 1.662858049523232573e+00
6.131586561920221357e+02 5.000000000000000000e+00 1.662857955660344444e+00
6.131586561918496727e+02 5.000000000000000000e+00 1.662858007143925620e+00
6.131586561918689995e+02 5.000000000000000000e+00 1.662857993863023243e+00
6.131586561918002189e+02 5.000000000000000000e+00 1.662858004192748096e+00
6.131586561918491043e+02 5.000000000000000000e+00 1.662858039130908239e+00
6.131586561918358029e+02 5.000000000000000000e+00 1.662858039080444605e+00
6.313685826983567040e+02 6.472188062645016338e+00 1.607311378236325083e+00
6.131586561920825034e+02 5.000000000000000000e+00 1.662858077553084346e+00
6.131586561923555792e+02 5.000000000000000000e+00 1.662858087760373138e+00
6.131586561917678182e+02 5.000000000000000000e+00 1.662857995854954973e+00
6.131586561918259122e+02 5.000000000000000000e+00 1.662857983005967322e+00
6.131586561920087206e+02 5.000000000000000000e+00 1.662858066343312791e+00
6.131586561917164317e+02 5.000000000000000000e+00 1.662858013708029103e+00
6.131586561917981726e+02 5.000000000000000000e+00 1.662857990196515701e+00
6.131586561918420557e+02 5.000000000000000000e+00 1.662857999992073621e+00
6.131586561918088591e+02 5.000000000000000000e+00 1.662858020100284051e+00
6.131586561918566076e+02 5.000000000000000000e+00 1.662858003006896235e+00
6.131586561917774816e+02 5.000000000000000000e+00 1.662857997948908428e+00
6.131586561917564495e+02 5.000000000000000000e+00 1.662858001934582219e+00
6.131586561918121561e+02 5.000000000000000000e+00 1.662858024069881147e+00
6.131586561918016969e+02 5.000000000000000000e+00 1.662858022090933252e+00
6.131586561919986025e+02 5.000000000000000000e+00 1.662858054013226505e+00
6.131586561918273901e+02 5.000000000000000000e+00 1.662857985757708379e+00
6.131586561917678182e+02 5.000000000000000000e+00 1.662858020358776834e+00
6.131586561917431482e+02 5.000000000000000000e+00 1.662857997431572254e+00
6.131586561917293920e+02 5.000000000000000000e+00 1.662858013373008648e+00
6.131586561917636118e+02 5.000000000000000000e+00 1.662858005087464175e+00
6.131586561919583573e+02 5.000000000000000000e+00 1.662858043893423066e+00
6.131586561918751386e+02 5.000000000000000000e+00 1.662858018718604391e+00
6.131586561919833684e+02 5.000000000000000000e+00 1.662857967148569482e+00
6.131586561918306870e+02 5.000000000000000000e+00 1.662857978801521863e+00
6.131586561917857807e+02 5.000000000000000000e+00 1.662858025025565345e+00
6.131586561918198868e+02 5.000000000000000000e+00 1.662857998643142654e+00
6.131586561928646688e+02 5.000000000000000000e+00 1.662858125655653607e+00
6.131586561917465588e+02 5.000000000000000000e+00 1.662858004839573578e+00
6.131586561918212510e+02 5.000000000000000000e+00 1.662858031202684383e+00
6.131586561918644520e+02 5.000000000000000000e+00 1.662858036612829160e+00
6.131586561923320460e+02 5.000000000000000000e+00 1.662857932025382901e+00
6.131586561917578138e+02 5.000000000000000000e+00 1.662858016939035455e+00
6.131586561918715006e+02 5.000000000000000000e+00 1.662858010553641464e+00
6.131586561918522875e+02 5.000000000000000000e+00 1.662857991306488481e+00
6.131586561921068323e+02 5.000000000000000000e+00 1.662858066919139954e+00
6.131586561918777534e+02 5.000000000000000000e+00 1.662858016836911590e+00
6.131586561917615654e+02 5.000000000000000000e+00 1.662858006023587798e+00
6.131586561917868039e+02 5.000000000000000000e+00 1.662858014286224373e+00
6.131586561918452389e+02 5.000000000000000000e+00 1.662858024344857188e+00
6.131586561920159966e+02 5.000000000000000000e+00 1.662857972317575594e+00
6.131586561917675908e+02 5.000000000000000000e+00 1.662858021938021347e+00
6.131586561917538347e+02 5.000000000000000000e+00 1.662858005742730239e+00
6.131586561916858500e+02 5.000000000000000000e+00 1.662858010003749776e+00
6.131586561918543339e+02 5.000000000000000000e+00 1.662858033449477357e+00
6.131586561918022653e+02 5.000000000000000000e+00 1.662858011220125221e+00
6.131586561918778671e+02 5.000000000000000000e+00 1.662858030109054086e+00
6.131586561918302323e+02 5.000000000000000000e+00 1.662857984283410806e+00
6.131586561919289124e+02 5.000000000000000000e+00 1.662858050916871999e+00
6.131586561917579274e+02 5.000000000000000000e+00 1.662858016653377513e+00
6.131586561918014695e+02 5.000000000000000000e+00 1.662858007113033443e+00
6.131586561917633844e+02 5.000000000000000000e+00 1.662858018894804779e+00
6.131586561920310032e+02 5.000000000000000000e+00 1.662858061055050518e+00
6.131586561921997145e+02 5.000000000000000000e+00 1.662858090947427092e+00
6.131586561920355507e+02 5.000000000000000000e+00 1.662858064528838664e+00
6.131586561917588369e+02 5.000000000000000000e+00 1.662858007169947028e+00
6.131586561923049885e+02 5.000000000000000000e+00 1.662857931270112166e+00
6.131586561918809366e+02 5.000000000000000000e+00 1.662857977843955171e+00
6.131586561917479230e+02 5.000000000000000000e+00 1.662857996153250806e+00
6.131586561918219331e+02 5.000000000000000000e+00 1.662858022579688955e+00
6.131586561918220468e+02 5.000000000000000000e+00 1.662858021468255787e+00
6.131586561918443294e+02 5.000000000000000000e+00 1.662857994833694786e+00
6.131586561920282747e+02 5.000000000000000000e+00 1.662858069454764998e+00
6.131586561917839617e+02 5.000000000000000000e+00 1.662858003754421832e+00
6.131586561918727512e+02 5.000000000000000000e+00 1.662858021391441454e+00
6.131586561918269354e+02 5.000000000000000000e+00 1.662858039299258239e+00
6.131586561918137477e+02 5.000000000000000000e+00 1.662857984084267216e+00
6.131586561921401426e+02 5.000000000000000000e+00 1.662857954025638296e+00
6.131586561922948704e+02 5.000000000000000000e+00 1.662857937470680447e+00
6.131586561917837344e+02 5.000000000000000000e+00 1.662858008890387707e+00
6.131586561917773679e+02 5.000000000000000000e+00 1.662858017093769236e+00
6.131586561918036296e+02 5.000000000000000000e+00 1.662858009444976082e+00
6.131586561918578582e+02 5.000000000000000000e+00 1.662858037078633666e+00
6.131586561917360996e+02 5.000000000000000000e+00 1.662858022324680052e+00
6.131586561920998975e+02 5.000000000000000000e+00 1.662857952397550854e+00
6.131586561918624056e+02 5.000000000000000000e+00 1.662858009917099311e+00
6.131586561918468306e+02 5.000000000000000000e+00 1.662858004187733219e+00
6.131586561918363714e+02 5.000000000000000000e+00 1.662858018769666657e+00
6.131586561918251164e+02 5.000000000000000000e+00 1.662858006646934506e+00
6.131586561917504241e+02 5.000000000000000000e+00 1.662858001716621015e+00
6.131586561917908966e+02 5.000000000000000000e+00 1.662857996666618154e+00
6.131586561920614713e+02 5.000000000000000000e+00 1.662858070358208096e+00
6.131586561918300049e+02 5.000000000000000000e+00 1.662858038787728532e+00
6.131586561918473990e+02 5.000000000000000000e+00 1.662858013708246707e+00
6.131586561917687277e+02 5.000000000000000000e+00 1.662857994242482818e+00
6.131586561917331437e+02 5.000000000000000000e+00 1.662857989763850464e+00
6.131586561919071983e+02 5.000000000000000000e+00 1.662858033001646696e+00
6.131586561917724794e+02 5.000000000000000000e+00 1.662858030751593219e+00
6.131586561918385314e+02 5.000000000000000000e+00 1.662857986245754871e+00
6.131586561917658855e+02 5.000000000000000000e+00 1.662858029860553755e+00
6.131586561917674771e+02 5.000000000000000000e+00 1.662858030903564766e+00
6.131586561918265943e+02 5.000000000000000000e+00 1.662857987204645616e+00
6.131586561917334848e+02 5.000000000000000000e+00 1.662858023165087129e+00
6.131586561920307759e+02 5.000000000000000000e+00 1.662857966111767727e+00
6.131586561918720690e+02 5.000000000000000000e+00 1.662857974224535740e+00
6.131586561917839617e+02 5.000000000000000000e+00 1.662858042337142184e+00
6.131586561919367568e+02 5.000000000000000000e+00 1.662857979467118330e+00
6.131586561919141332e+02 5.000000000000000000e+00 1.662858064743784503e+00
6.131586561918088591e+02 5.000000000000000000e+00 1.662858036926590177e+00
6.131586561918425105e+02 5.000000000000000000e+00 1.662857982959590641e+00
6.131586561920736358e+02 5.000000000000000000e+00 1.662857949191871798e+00
6.131586561917738436e+02 5.000000000000000000e+00 1.662858029851876918e+00
6.131586561917832796e+02 5.000000000000000000e+00 1.662858021784999529e+00
6.131586561917929430e+02 5.000000000000000000e+00 1.662858008912302843e+00
6.131586561919298219e+02 5.000000000000000000e+00 1.662857978594249886e+00
6.131586561921195653e+02 5.000000000000000000e+00 1.662857953987140203e+00
6.131586561918117013e+02 5.000000000000000000e+00 1.662857993024449366e+00
6.131586561922110832e+02 5.000000000000000000e+00 1.662857951733614170e+00
6.131586561917827112e+02 5.000000000000000000e+00 1.662858008240917229e+00
6.131586561918359166e+02 5.000000000000000000e+00 1.662858037464221894e+00
6.131586561918684311e+02 5.000000000000000000e+00 1.662858011579164685e+00
6.131586561918334155e+02 5.000000000000000000e+00 1.662858030911418483e+00
6.131586561918284133e+02 5.000000000000000000e+00 1.662858030066260318e+00
6.131586561924211765e+02 5.000000000000000000e+00 1.662857924779496566e+00
6.131586561922325700e+02 5.000000000000000000e+00 1.662858081557983869e+00
6.131586561918685447e+02 5.000000000000000000e+00 1.662858041741440251e+00
6.131586561917391691e+02 5.000000000000000000e+00 1.662858031371473810e+00
6.131586561918759344e+02 5.000000000000000000e+00 1.662858012696058374e+00
6.131586561918256848e+02 5.000000000000000000e+00 1.662857996018488382e+00
6.131586561919517635e+02 5.000000000000000000e+00 1.662858041542222054e+00
6.131586561917328027e+02 5.000000000000000000e+00 1.662858009814770277e+00
6.131586561926957302e+02 5.000000000000000000e+00 1.662857909286303171e+00
6.131586561918732059e+02 5.000000000000000000e+00 1.662858020067460529e+00
6.131586561918296638e+02 5.000000000000000000e+00 1.662858018762349621e+00
6.131586561920421445e+02 5.000000000000000000e+00 1.662858066626667020e+00
6.131586561917616791e+02 5.000000000000000000e+00 1.662858009405862036e+00
6.131586561918167035e+02 5.000000000000000000e+00 1.662858002764070253e+00
6.131586561917774816e+02 5.000000000000000000e+00 1.662858014644532423e+00
6.131586561919292535e+02 5.000000000000000000e+00 1.662858057270454770e+00
6.131586561917298468e+02 5.000000000000000000e+00 1.662858031461470487e+00
6.131586561917602012e+02 5.000000000000000000e+00 1.662858030888160199e+00
6.131586561918894631e+02 5.000000000000000000e+00 1.662858017249229547e+00
6.131586561919126552e+02 5.000000000000000000e+00 1.662858050255324738e+00
6.131586561918908274e+02 5.000000000000000000e+00 1.662858053325873664e+00
6.131586561918293228e+02 5.000000000000000000e+00 1.662858026807866318e+00
6.131586561918780944e+02 5.000000000000000000e+00 1.662857980584439010e+00
6.131586561919189080e+02 5.000000000000000000e+00 1.662857968067525061e+00
6.131586561918868483e+02 5.000000000000000000e+00 1.662858038068499411e+00
6.131586561921512839e+02 5.000000000000000000e+00 1.662858070440417890e+00
6.131586561918011284e+02 5.000000000000000000e+00 1.662858037479664874e+00
6.131586561918558118e+02 5.000000000000000000e+00 1.662858022779685419e+00
6.131586561917246172e+02 5.000000000000000000e+00 1.662858006487202722e+00
6.131586561918918505e+02 5.000000000000000000e+00 1.662858037353925456e+00
6.131586561918313691e+02 5.000000000000000000e+00 1.662857974343659340e+00
6.131586561918534244e+02 5.000000000000000000e+00 1.662858024651676647e+00
6.131586561918259122e+02 5.000000000000000000e+00 1.662858020577939522e+00
6.131586561918818461e+02 5.000000000000000000e+00 1.662858010532675568e+00
6.131586561917656581e+02 5.000000000000000000e+00 1.662857995051415072e+00
6.131586561918040843e+02 5.000000000000000000e+00 1.662858051059045605e+00
6.131586561917847575e+02 5.000000000000000000e+00 1.662858021419501675e+00
6.131586561918456937e+02 5.000000000000000000e+00 1.662857991583039707e+00
6.131586561920552185e+02 5.000000000000000000e+00 1.662858065049189316e+00
6.131586561920203167e+02 5.000000000000000000e+00 1.662858059830252699e+00
6.131586561918260259e+02 5.000000000000000000e+00 1.662858039893064799e+00
6.131586561918356892e+02 5.000000000000000000e+00 1.662858030838203272e+00
6.131586561918682037e+02 5.000000000000000000e+00 1.662858047200459266e+00
6.131586561918264806e+02 5.000000000000000000e+00 1.662858010974466616e+00
6.131586561917955578e+02 5.000000000000000000e+00 1.662858028203617389e+00
6.131586561918837788e+02 5.000000000000000000e+00 1.662858039315820102e+00
6.131586561919914402e+02 5.000000000000000000e+00 1.662857960003616409e+00
6.131586561918596772e+02 5.000000000000000000e+00 1.662858028082861317e+00
6.131586561917811196e+02 5.000000000000000000e+00 1.662858031259128566e+00
6.131586561918413736e+02 5.000000000000000000e+00 1.662858014526906292e+00
6.131586561918142024e+02 5.000000000000000000e+00 1.662858013484094677e+00
6.131586561917961262e+02 5.000000000000000000e+00 1.662858012541491348e+00
6.131586561917217750e+02 5.000000000000000000e+00 1.662858012571907684e+00
6.131586561919259566e+02 5.000000000000000000e+00 1.662858047321568167e+00
6.131586561917201834e+02 5.000000000000000000e+00 1.662858000958761684e+00
6.131586561917000608e+02 5.000000000000000000e+00 1.662858014508026283e+00
6.131586561918977623e+02 5.000000000000000000e+00 1.662857982373350474e+00
6.131586561919821179e+02 5.000000000000000000e+00 1.662858056947504659e+00
6.131586561917624749e+02 5.000000000000000000e+00 1.662858010916901774e+00
6.131586561922406418e+02 5.000000000000000000e+00 1.662857943699535657e+00
6.131586561917772542e+02 5.000000000000000000e+00 1.662858000366658651e+00
6.131586561918090865e+02 5.000000000000000000e+00 1.662858016314409548e+00
6.131586561925702199e+02 5.000000000000000000e+00 1.662857919566643750e+00
6.131586561919086762e+02 5.000000000000000000e+00 1.662858047477074219e+00
6.131586561918122698e+02 5.000000000000000000e+00 1.662857995160330615e+00
6.131586561922340479e+02 5.000000000000000000e+00 1.662857945544679694e+00
6.142093982246627775e+02 5.084604247637501295e+00 1.657472512995494585e+00
6.131586561918923053e+02 5.000000000000000000e+00 1.662857984072407147e+00
6.131586561917571316e+02 5.000000000000000000e+00 1.662858023981808486e+00
6.131586561920790928e+02 5.000000000000000000e+00 1.662858066079906605e+00
6.131586561919048108e+02 5.000000000000000000e+00 1.662858031126002167e+00
6.131586561917893050e+02 5.000000000000000000e+00 1.662858011395539792e+00
6.131586561917791869e+02 5.000000000000000000e+00 1.662857993489202713e+00
6.131586561921876637e+02 5.000000000000000000e+00 1.662858080712958930e+00
6.131586561919451697e+02 5.000000000000000000e+00 1.662857970684965547e+00
6.131586561918232974e+02 5.000000000000000000e+00 1.662857989617144039e+00
6.131586561917976042e+02 5.000000000000000000e+00 1.662857998128666193e+00
6.131586561918512643e+02 5.000000000000000000e+00 1.662857991227923105e+00
6.131586561917735025e+02 5.000000000000000000e+00 1.662858012275719277e+00
6.131586561918302323e+02 5.000000000000000000e+00 1.662858016750279333e+00
6.131586561918327334e+02 5.000000000000000000e+00 1.662857999091554850e+00
6.134257495168494643e+02 5.026615164041997375e+00 1.661130193529423371e+00
6.131586561919423275e+02 5.000000000000000000e+00 1.662857965280851280e+00
6.131586561917220024e+02 5.000000000000000000e+00 1.662858016037439324e+00
6.131586561921036491e+02 5.000000000000000000e+00 1.662858072421530276e+00
6.131586561918101097e+02 5.000000000000000000e+00 1.662858026584536075e+00
6.131586561918119287e+02 5.000000000000000000e+00 1.662858008032779500e+00
6.131586561917094969e+02 5.000000000000000000e+00 1.662858020313226604e+00
6.131586561917204108e+02 5.000000000000000000e+00 1.662858030934750708e+00
6.131586561920369149e+02 5.000000000000000000e+00 1.662857962365088760e+00
6.131586561920828444e+02 5.000000000000000000e+00 1.662858070941092281e+00
6.131586561919793894e+02 5.000000000000000000e+00 1.662857959659578055e+00
6.131586561918836651e+02 5.000000000000000000e+00 1.662857978652612534e+00
6.131586561920896656e+02 5.000000000000000000e+00 1.662858076152242903e+00
6.131586561917704330e+02 5.000000000000000000e+00 1.662857986346682804e+00
6.131586561920369149e+02 5.000000000000000000e+00 1.662857960778236999e+00
6.131586561921488965e+02 5.000000000000000000e+00 1.662857944453006942e+00
6.131586561920653367e+02 5.000000000000000000e+00 1.662858067749669155e+00
6.131586561918534244e+02 5.000000000000000000e+00 1.662858011877455855e+00
6.131586561918074949e+02 5.000000000000000000e+00 1.662858004134142087e+00
6.148378498459187540e+02 5.120715276348515310e+00 1.655216034438815376e+00
6.131586561918901452e+02 5.000000000000000000e+00 1.662857998195196085e+00
6.131586561917795279e+02 5.000000000000000000e+00 1.662857990422215160e+00
6.131586561919725682e+02 5.000000000000000000e+00 1.662857965598203203e+00
6.131586561917256404e+02 5.000000000000000000e+00 1.662858012983822631e+00
6.131586561917365543e+02 5.000000000000000000e+00 1.662858028777156161e+00
6.131586561918513780e+02 5.000000000000000000e+00 1.662858017691329460e+00
6.131586561920088343e+02 5.000000000000000000e+00 1.662857964127053334e+00
6.131586561918477400e+02 5.000000000000000000e+00 1.662857977643201313e+00
6.131586561917636118e+02 5.000000000000000000e+00 1.662858020787813862e+00
6.131586561918137477e+02 5.000000000000000000e+00 1.662857989323367480e+00
6.131586561918092002e+02 5.000000000000000000e+00 1.662858004005541845e+00
6.131586561918820735e+02 5.000000000000000000e+00 1.662858017340665073e+00
6.131586561917401923e+02 5.000000000000000000e+00 1.662858001073574732e+00
6.131586561916869869e+02 5.000000000000000000e+00 1.662858016573446340e+00
6.131586561917308700e+02 5.000000000000000000e+00 1.662857999452547197e+00
6.131586561917844165e+02 5.000000000000000000e+00 1.662858010472531234e+00
6.131586561918027201e+02 5.000000000000000000e+00 1.662858032030130273e+00
6.131586561920119038e+02 5.000000000000000000e+00 1.662858058412791440e+00
6.131586561919360747e+02 5.000000000000000000e+00 1.662857965156454787e+00
6.131586561917990821e+02 5.000000000000000000e+00 1.662858003820794517e+00
6.131586561918691132e+02 5.000000000000000000e+00 1.662858040721881370e+00
6.131586561918625193e+02 5.000000000000000000e+00 1.662858032403542241e+00
6.131586561918377356e+02 5.000000000000000000e+00 1.662857981332388047e+00
6.131586561917727067e+02 5.000000000000000000e+00 1.662858008913830954e+00
6.131586561917710014e+02 5.000000000000000000e+00 1.662857998063978604e+00
6.131586561917972631e+02 5.000000000000000000e+00 1.662857989250355217e+00
6.131586561917794143e+02 5.000000000000000000e+00 1.662858039326236659e+00
6.131586561919904170e+02 5.000000000000000000e+00 1.662858058557584062e+00
6.131586561919109499e+02 5.000000000000000000e+00 1.662857974026964447e+00
6.131586561923804766e+02 5.000000000000000000e+00 1.662858100410795181e+00
6.131586561917856670e+02 5.000000000000000000e+00 1.662857999972864098e+00
6.131586561920419172e+02 5.000000000000000000e+00 1.662857965523184323e+00
6.131586561918034022e+02 5.000000000000000000e+00 1.662858007755513068e+00
6.131586561917865765e+02 5.000000000000000000e+00 1.662858030854950542e+00
6.131586561918079497e+02 5.000000000000000000e+00 1.662858044584619277e+00
6.131586561917484914e+02 5.000000000000000000e+00 1.662858028868837712e+00
6.131586561918243206e+02 5.000000000000000000e+00 1.662858002449883132e+00
6.131586561920378244e+02 5.000000000000000000e+00 1.662858061855470249e+00
6.131586561918670668e+02 5.000000000000000000e+00 1.662858043320147639e+00
6.131586561921014891e+02 5.000000000000000000e+00 1.662858076522611084e+00
6.131586561917810059e+02 5.000000000000000000e+00 1.662858032521949303e+00
6.131586561918098823e+02 5.000000000000000000e+00 1.662857990475857362e+00
6.131586561919477845e+02 5.000000000000000000e+00 1.662858047657572946e+00
6.131586561917873723e+02 5.000000000000000000e+00 1.662858006052105209e+00
6.131586561918300049e+02 5.000000000000000000e+00 1.662857997329815429e+00
6.131586561924389116e+02 5.000000000000000000e+00 1.662857930066573120e+00
6.131586561918145435e+02 5.000000000000000000e+00 1.662858007293293916e+00
6.131586561916916480e+02 5.000000000000000000e+00 1.662858030402608822e+00
6.444193562091725198e+02 7.020939515954884413e+00 1.585960375073702799e+00
6.131586561918353482e+02 5.000000000000000000e+00 1.662858007753546419e+00
6.131586561918053349e+02 5.000000000000000000e+00 1.662858033674946778e+00
6.131586561918527423e+02 5.000000000000000000e+00 1.662858050265760168e+00
6.131586561918970801e+02 5.000000000000000000e+00 1.662858033374378097e+00
6.131586561918475127e+02 5.000000000000000000e+00 1.662857984053725424e+00
6.131586561917789595e+02 5.000000000000000000e+00 1.662857994117858951e+00
6.131586561918531970e+02 5.000000000000000000e+00 1.662858031409156334e+00
6.131586561918525149e+02 5.000000000000000000e+00 1.662858004577932425e+00
6.131586561918181815e+02 5.000000000000000000e+00 1.662858039359614626e+00
6.131586561920938721e+02 5.000000000000000000e+00 1.662857961334385903e+00
6.131586561918231837e+02 5.000000000000000000e+00 1.662858018864355136e+00
6.131586561918974212e+02 5.000000000000000000e+00 1.662857983317041155e+00
6.131586561918109055e+02 5.000000000000000000e+00 1.662857994673360817e+00
6.131586561917999916e+02 5.000000000000000000e+00 1.662858005081091495e+00
6.131586561917188192e+02 5.000000000000000000e+00 1.662858028756304174e+00
6.131586561918102234e+02 5.000000000000000000e+00 1.662858029907124946e+00
6.131586561918118150e+02 5.000000000000000000e+00 1.662858027513029358e+00
6.131586561918792313e+02 5.000000000000000000e+00 1.662858039746448968e+00
6.131586561919768883e+02 5.000000000000000000e+00 1.662857963559308150e+00
6.131586561919937139e+02 5.000000000000000000e+00 1.662857969751807108e+00
6.131586561919217502e+02 5.000000000000000000e+00 1.662857972146706942e+00
6.131586561917720246e+02 5.000000000000000000e+00 1.662857985522954385e+00
6.131586561917760037e+02 5.000000000000000000e+00 1.662858031554838689e+00
6.131586561925464594e+02 5.000000000000000000e+00 1.662858111573562114e+00
6.131586561918049938e+02 5.000000000000000000e+00 1.662858034999182610e+00
6.131586561917478093e+02 5.000000000000000000e+00 1.662858016941729300e+00
6.131586561920578333e+02 5.000000000000000000e+00 1.662857950523141115e+00
6.131586561917722520e+02 5.000000000000000000e+00 1.662858007075784572e+00
6.131586561918963980e+02 5.000000000000000000e+00 1.662857977028771694e+00
6.131586561919577889e+02 5.000000000000000000e+00 1.662858060516116288e+00
6.131586561918637699e+02 5.000000000000000000e+00 1.662857995892351504e+00
6.131586561920739769e+02 5.000000000000000000e+00 1.662858081629398299e+00
6.131586561920516942e+02 5.000000000000000000e+00 1.662857964628234875e+00
6.131586561922212013e+02 5.000000000000000000e+00 1.662858084802840031e+00
6.131586561921204748e+02 5.000000000000000000e+00 1.662858074420169752e+00
6.131586561917262088e+02 5.000000000000000000e+00 1.662858018775745794e+00
6.131586561920100849e+02 5.000000000000000000e+00 1.662857965864368293e+00
6.131586561920826171e+02 5.000000000000000000e+00 1.662858074065937553e+00
6.131586561920793201e+02 5.000000000000000000e+00 1.662857959950956532e+00
6.131586561918327334e+02 5.000000000000000000e+00 1.662858028867175042e+00
6.131586561921319571e+02 5.000000000000000000e+00 1.662858075239386002e+00
6.131586561917557674e+02 5.000000000000000000e+00 1.662858034307134858e+00
6.131586561918938969e+02 5.000000000000000000e+00 1.662858027263979022e+00
6.131586561918185225e+02 5.000000000000000000e+00 1.662858032318522472e+00
6.131586561921454859e+02 5.000000000000000000e+00 1.662857943765640556e+00
6.131586561917343943e+02 5.000000000000000000e+00 1.662858011880043341e+00
6.131586561917717972e+02 5.000000000000000000e+00 1.662858012719136802e+00
6.131586561924411853e+02 5.000000000000000000e+00 1.662857928829364340e+00
6.131586561917350764e+02 5.000000000000000000e+00 1.662858009353510802e+00
6.131586561918666121e+02 5.000000000000000000e+00 1.662858028221248397e+00
6.131586561917955578e+02 5.000000000000000000e+00 1.662858019737731619e+00
6.131586561921516250e+02 5.000000000000000000e+00 1.662858079978305037e+00
6.131586561917808922e+02 5.000000000000000000e+00 1.662858002976794980e+00
6.131586561920216809e+02 5.000000000000000000e+00 1.662857956726502051e+00
6.131586561918370535e+02 5.000000000000000000e+00 1.662857989689289218e+00
6.131586561918026064e+02 5.000000000000000000e+00 1.662858010964139099e+00
6.131586561919450560e+02 5.000000000000000000e+00 1.662858058868870170e+00
6.131586561918825282e+02 5.000000000000000000e+00 1.662858003658243877e+00
6.131586561918986718e+02 5.000000000000000000e+00 1.662858044587991024e+00
6.131586561918222742e+02 5.000000000000000000e+00 1.662858003402612139e+00
6.131586561918061307e+02 5.000000000000000000e+00 1.662858030975545631e+00
6.131586561917274594e+02 5.000000000000000000e+00 1.662858024748449681e+00
6.131586561917151812e+02 5.000000000000000000e+00 1.662858012541623687e+00
6.131586561918470579e+02 5.000000000000000000e+00 1.662857990103026706e+00
6.131586561918741154e+02 5.000000000000000000e+00 1.662857980455760609e+00
6.131586561918511507e+02 5.000000000000000000e+00 1.662858022913251244e+00
6.131586561917845302e+02 5.000000000000000000e+00 1.662858003886647840e+00
6.131586561918296638e+02 5.000000000000000000e+00 1.662857997764119355e+00
6.131586561919493761e+02 5.000000000000000000e+00 1.662858058403421602e+00
6.131586561917913514e+02 5.000000000000000000e+00 1.662858020889556920e+00
6.131586561917749805e+02 5.000000000000000000e+00 1.662857996632605806e+00
6.131586561918080633e+02 5.000000000000000000e+00 1.662857994656492311e+00
6.131586561918469442e+02 5.000000000000000000e+00 1.662858006300284908e+00
6.131586561917832796e+02 5.000000000000000000e+00 1.662858006151815893e+00
6.131586561919242513e+02 5.000000000000000000e+00 1.662858051019968419e+00
6.131586561922886176e+02 5.000000000000000000e+00 1.662858096978694800e+00
6.131586561923455747e+02 5.000000000000000000e+00 1.662857929260362466e+00
6.131586561917717972e+02 5.000000000000000000e+00 1.662858026126807554e+00
2.131390575845607145e+03 2.000000000000000000e+01 1.016110695377068440e+00
6.131586561918613825e+02 5.000000000000000000e+00 1.662858020600301856e+00
6.131586561917781637e+02 5.000000000000000000e+00 1.662858008905442109e+00
6.131586561920079248e+02 5.000000000000000000e+00 1.662857972282597130e+00
6.131586561918888947e+02 5.000000000000000000e+00 1.662858045178827515e+00
6.131586561918634288e+02 5.000000000000000000e+00 1.662858000489163546e+00
6.131586561920739769e+02 5.000000000000000000e+00 1.662857956041734475e+00
6.131586561919191354e+02 5.000000000000000000e+00 1.662857971536705559e+00
6.131586561921172915e+02 5.000000000000000000e+00 1.662858068078691520e+00
6.131586561917853260e+02 5.000000000000000000e+00 1.662858019275969879e+00
6.131586561919729093e+02 5.000000000000000000e+00 1.662857960662826651e+00
6.131586561918488769e+02 5.000000000000000000e+00 1.662857993631868148e+00
6.131586561921739076e+02 5.000000000000000000e+00 1.662858085521898843e+00
6.131586561917877134e+02 5.000000000000000000e+00 1.662858031240057821e+00
6.131586561917879408e+02 5.000000000000000000e+00 1.662858035504590104e+00
6.131586561920255463e+02 5.000000000000000000e+00 1.662857951193577266e+00
6.131586561918861662e+02 5.000000000000000000e+00 1.662858038314153797e+00
6.131586561917451945e+02 5.000000000000000000e+00 1.662857996159400553e+00
6.131586561919581300e+02 5.000000000000000000e+00 1.662858050624609785e+00
6.131586561917895324e+02 5.000000000000000000e+00 1.662858004114549759e+00
6.131586561917489462e+02 5.000000000000000000e+00 1.662858008681989297e+00
6.131586561917415565e+02 5.000000000000000000e+00 1.662858010542890286e+00
6.131586561918932148e+02 5.000000000000000000e+00 1.662858015654673949e+00
6.131586561921817520e+02 5.000000000000000000e+00 1.662858082496736944e+00
6.131586561919468750e+02 5.000000000000000000e+00 1.662858054958210374e+00
6.131586561917403060e+02 5.000000000000000000e+00 1.662858002781681499e+00
6.131586561921012617e+02 5.000000000000000000e+00 1.662857954190743559e+00
6.137693909373584802e+02 5.065634692029081343e+00 1.659617672418630008e+00
6.131586561917907829e+02 5.000000000000000000e+00 1.662857993427868664e+00
6.131586561917463314e+02 5.000000000000000000e+00 1.662858015495887853e+00
6.131586561918558118e+02 5.000000000000000000e+00 1.662858029019726791e+00
6.131586561919586984e+02 5.000000000000000000e+00 1.662858054168306010e+00
6.131586561918054485e+02 5.000000000000000000e+00 1.662858030590763425e+00
6.131586561918080633e+02 5.000000000000000000e+00 1.662858025983887433e+00
6.131586561919513088e+02 5.000000000000000000e+00 1.662858057114881438e+00
6.131586561920130407e+02 5.000000000000000000e+00 1.662858060876768906e+00
6.131586561918359166e+02 5.000000000000000000e+00 1.662858017193450166e+00
6.131586561919323231e+02 5.000000000000000000e+00 1.662858063361734917e+00
6.131586561918282996e+02 5.000000000000000000e+00 1.662858020996148989e+00
6.131586561918549023e+02 5.000000000000000000e+00 1.662858015385553223e+00
6.131586561921935754e+02 5.000000000000000000e+00 1.662857949450678996e+00
6.131586561917208655e+02 5.000000000000000000e+00 1.662858029890250444e+00
6.131586561917089284e+02 5.000000000000000000e+00 1.662858035879550389e+00
6.131586561918288680e+02 5.000000000000000000e+00 1.662858019607280191e+00
6.131586561917101790e+02 5.000000000000000000e+00 1.662858023627248549e+00
6.131586561919289124e+02 5.000000000000000000e+00 1.662858049711264607e+00
6.131586561918031748e+02 5.000000000000000000e+00 1.662857996719282250e+00
6.131586561918464895e+02 5.000000000000000000e+00 1.662857992505630156e+00
6.131586561918865073e+02 5.000000000000000000e+00 1.662858012011446673e+00
6.131586561918846883e+02 5.000000000000000000e+00 1.662857981660915030e+00
6.131586561923326144e+02 5.000000000000000000e+00 1.662857927467214392e+00
6.131586561920894383e+02 5.000000000000000000e+00 1.662858070844295932e+00
6.131586561917501967e+02 5.000000000000000000e+00 1.662858017195362192e+00
6.131586561923777481e+02 5.000000000000000000e+00 1.662858094027932276e+00
6.131586561918500138e+02 5.000000000000000000e+00 1.662858003654138273e+00
6.131586561919256155e+02 5.000000000000000000e+00 1.662857974889185186e+00
6.131586561917393965e+02 5.000000000000000000e+00 1.662858014382490479e+00
6.134447247394168699e+02 5.032119501034765463e+00 1.661492779732719249e+00
6.131586561922810006e+02 5.000000000000000000e+00 1.662857934280082217e+00
6.131586561918296638e+02 5.000000000000000000e+00 1.662858043694864563e+00
6.131586561917265499e+02 5.000000000000000000e+00 1.662858002396726764e+00
6.131586561918486495e+02 5.000000000000000000e+00 1.662858034952748199e+00
6.131586561918421694e+02 5.000000000000000000e+00 1.662858046829145842e+00
6.131586561921241127e+02 5.000000000000000000e+00 1.662857949855842010e+00
6.131586561917875997e+02 5.000000000000000000e+00 1.662858007269801153e+00
6.131586561917488325e+02 5.000000000000000000e+00 1.662858008805992549e+00
6.131586561917666813e+02 5.000000000000000000e+00 1.662858023685822806e+00
6.131586561918423968e+02 5.000000000000000000e+00 1.662858051527600578e+00
6.131586561918458074e+02 5.000000000000000000e+00 1.662857975826587564e+00
6.131586561917436029e+02 5.000000000000000000e+00 1.662858010492506144e+00
6.131586561918672942e+02 5.000000000000000000e+00 1.662857997602183557e+00
6.131586561917553126e+02 5.000000000000000000e+00 1.662858023143905406e+00
6.131586561917406470e+02 5.000000000000000000e+00 1.662858026843878845e+00
6.131586561920948952e+02 5.000000000000000000e+00 1.662857962583705440e+00
6.131586561918231837e+02 5.000000000000000000e+00 1.662858016181582910e+00
6.131586561917845302e+02 5.000000000000000000e+00 1.662858013890462061e+00
6.131586561919625638e+02 5.000000000000000000e+00 1.662858056106954807e+00
6.131586561918227289e+02 5.000000000000000000e+00 1.662857982834360149e+00
6.131586561918345524e+02 5.000000000000000000e+00 1.662858019627029282e+00
6.362149310953921031e+02 6.342655568606025973e+00 1.605027467209458436e+00
6.131586561918754796e+02 5.000000000000000000e+00 1.662857981868906210e+00
