0 9.327354
0.4865335 6.547085
1.0947 7.623318
1.520417 8.295964
2.006951 11.70404
2.493484 10.26906
3.040834 13.09417
3.588184 9.506726
3.953084 7.668161
4.500434 8.340807
5.047785 6.636771
5.412685 7.488789
6.020852 7.847533
6.446568 9.147982
6.993918 7.623318
7.480452 7.130044
7.966985 8.161435
8.392702 14.43946
9.000869 14.70852
9.426586 10.22421
9.973936 10.04484
10.39965 7.713004
10.82537 6.188341
11.43354 4.573991
11.79844 3.049327
12.34579 2.735426
12.89314 3.363229
13.44049 3.004484
13.80539 2.017937
14.35274 2.376682
14.83927 2.376682
15.3258 2.017937
15.87315 2.331839
16.29887 11.74888
16.84622 6.905829
17.33275 10.35874
17.8801 9.058295
18.30582 9.910314
18.91399 13.2287
19.3397 10.67265
19.82624 12.42152
20.37359 17.62332
20.92094 12.15247
21.46829 17.93722
21.89401 12.42152
22.38054 14.03587
22.92789 11.83856
23.41442 13.18386
23.90096 9.775784
24.50912 16.99552
24.93484 13.49776
25.48219 12.6009
25.96872 10.53812
26.45526 9.192824
26.88097 6.591928
27.42832 6.591928
27.91486 7.35426
28.34057 5.381166
28.82711 4.887892
29.31364 4.977578
29.73936 3.946188
30.16508 5.426009
30.77324 5.515695
31.25978 7.757847
31.80713 6.950673
32.41529 16.00897
32.78019 11.97309
33.38836 11.65919
33.81408 10.67265
34.36143 9.641255
34.84796 7.802691
35.33449 6.7713
35.76021 5.15695
36.30756 3.856502
36.79409 4.12556
37.21981 3.632287
37.82798 3.09417
38.19288 1.838565
38.74023 2.421525
39.22676 1.748879
39.77411 2.197309
40.13901 2.197309
41.17289 1.165919
41.65943 2.421525
42.20678 6.950673
42.69331 8.116591
43.17984 8.923766
43.78801 12.10762
44.21373 9.147982
44.70026 10.26906
45.24761 11.16592
45.67333 8.699552
46.22068 7.35426
46.76803 11.47982
47.31538 17.75785
47.7411 12.28699
48.16681 10.58296
48.77498 10.08969
49.2007 8.565022
49.80886 8.251121
50.29539 9.775784
50.84275 11.30045
51.20765 8.744394
51.755 7.488789
52.24153 6.950673
52.72807 8.38565
53.15378 10.40359
53.70113 11.74888
54.24848 14.4843
54.6742 15.20179
55.16073 14.26009
55.58645 11.88341
56.19461 12.86996
56.68115 9.058295
57.16768 6.816143
57.47176 5.426009
58.07993 5.470852
58.56647 3.497758
58.99218 3.004484
59.53953 2.556054
59.90443 1.524664
60.57342 1.793722
61.12077 1.524664
61.72893 0.8520179
62.39791 0.6278027
63.55343 0.4035874
64.1616 0.1345291
64.58732 1.210762
65.01303 5.201794
65.49957 4.618834
66.04692 5.381166
66.59427 10.71749
67.0808 6.098655
67.50652 12.01794
67.99305 15.20179
69.14857 16.50224
69.57429 13.99103
70.12164 10.76233
70.66898 10.3139
70.97307 8.565022
71.64205 8.161435
