2.169344069134710296e+01
2.168703480316690957e+01
2.168075173293032165e+01
2.167456564051919443e+01
2.166845467202483633e+01
2.166240032155274520e+01
2.165638690428180979e+01
2.165040111963398317e+01
2.164443168775793325e+01
2.163846904591892795e+01
2.163250509404291222e+01
2.162653298075180075e+01
2.162054692288207036e+01
2.161454205279192919e+01
2.160851428881158398e+01
2.160246022503273977e+01
2.159637703731007363e+01
2.159026240289520615e+01
2.158411443156767007e+01
2.157793160648942177e+01
2.157171273330506267e+01
2.156545689625273710e+01
2.155916342025047427e+01
2.155283183808749214e+01
2.154646186198710467e+01
2.154005335892093598e+01
2.153360632914919748e+01
2.152712088754084263e+01
2.152059724729362244e+01
2.151403570572983170e+01
2.150743663189059518e+01
2.150080045569112741e+01
2.149412765843298700e+01
2.148741876449781429e+01
2.148067433407128490e+01
2.147389495676677384e+01
2.146708124603570766e+01
2.146023383426664211e+01
2.145335336848831531e+01
2.144644050660275170e+01
2.143949591408427224e+01
2.143252026108821795e+01
2.142551421992080307e+01
2.141847846282705703e+01
2.141141366005968649e+01
2.140432047819600569e+01
2.139719957867420774e+01
2.139005161652368514e+01
2.138287723926717376e+01
2.137567708597523009e+01
2.136845178645569021e+01
2.136120196056297615e+01
2.135392821761373128e+01
2.134663115589689397e+01
2.133931136226767578e+01
2.133196941181607897e+01
2.132460586760171495e+01
2.131722128044740217e+01
2.130981618878512052e+01
2.130239111854842093e+01
2.129494658310608202e+01
2.128748308323233118e+01
2.128000110710950210e+01
2.127250113035939449e+01
2.126498361610000742e+01
2.125744901502464046e+01
2.124989776550065557e+01
2.124233029368560111e+01
2.123474701365834605e+01
2.122714832756347647e+01
2.121953462576700389e+01
2.121190628702195724e+01
2.120426367864233086e+01
2.119660715668416984e+01
2.118893706613255290e+01
2.118125374109351000e+01
2.117355750498983014e+01
2.116584867076000265e+01
2.115812754105943583e+01
2.115039440846332752e+01
2.114264955567049142e+01
2.113489325570764166e+01
2.112712577213353882e+01
2.111934735924265638e+01
2.111155826226784171e+01
2.110375871758169097e+01
2.109594895289625782e+01
2.108812918746082232e+01
2.108029963225746428e+01
2.107246049019422429e+01
2.106461195629561090e+01
2.105675421789032242e+01
2.104888745479600942e+01
2.104101183950094267e+01
2.103312753734250506e+01
2.102523470668236172e+01
2.101733349907830117e+01
2.100942405945260560e+01
2.100150652625698555e+01
2.099358103163395839e+01
2.098564770157473447e+01
2.097770665607352569e+01
2.096975800927830846e+01
2.096180186963803038e+01
2.095383834004630330e+01
2.094586751798154012e+01
2.093788949564364898e+01
2.092990436008723876e+01
2.092191219335139962e+01
2.091391307258614063e+01
2.090590707017545213e+01
2.089789425385711752e+01
2.088987468683926707e+01
2.088184842791380547e+01
2.087381553156666314e+01
2.086577604808503850e+01
2.085773002366163809e+01
2.084967750049597512e+01
2.084161851689282585e+01
2.083355310735788635e+01
2.082548130269067954e+01
2.081740313007484744e+01
2.080931861316580722e+01
2.080122777217590979e+01
2.079313062395713629e+01
2.078502718208142852e+01
2.077691745691866387e+01
2.076880145571244896e+01
2.076067918265368206e+01
2.075255063895201957e+01
2.074441582290532793e+01
2.073627472996713195e+01
2.072812735281218011e+01
2.071997368140016249e+01
2.071181370303764169e+01
2.070364740243832458e+01
2.069547476178162171e+01
2.068729576076970034e+01
2.067911037668296714e+01
2.067091858443411567e+01
2.066272035662079887e+01
2.065451566357696933e+01
2.064630447342291575e+01
2.063808675211414467e+01
2.062986246348907571e+01
2.062163156931564956e+01
2.061339402933691289e+01
2.060514980131561558e+01
2.059689884107790547e+01
2.058864110255613156e+01
2.058037653783086185e+01
2.057210509717213398e+01
2.056382672908000231e+01
2.055554138032444200e+01
2.054724899598465626e+01
2.053894951948783998e+01
2.053064289264742470e+01
2.052232905570091859e+01
2.051400794734735555e+01
2.050567950478432522e+01
2.049734366374482519e+01
2.048900035853376878e+01
2.048064952206431499e+01
2.047229108589409208e+01
2.046392498026123619e+01
2.045555113412043013e+01
2.044716947517888528e+01
2.043877992993238024e+01
2.043038242370133872e+01
2.042197688066699968e+01
2.041356322390781486e+01
2.040514137543594586e+01
2.039671125623404890e+01
2.038827278629231188e+01
2.037982588464578271e+01
2.037137046941206009e+01
2.036290645782936082e+01
2.035443376629494239e+01
2.034595231040406560e+01
2.033746200498933021e+01
2.032896276416056480e+01
2.032045450134524245e+01
2.031193712932942219e+01
2.030341056029931579e+01
2.029487470588339804e+01
2.028632947719517077e+01
2.027777478487656992e+01
2.026921053914200499e+01
2.026063664982307699e+01
2.025205302641398575e+01
2.024345957811759078e+01
2.023485621389220412e+01
2.022624284249906168e+01
2.021761937255048025e+01
2.020898571255872866e+01
2.020034177098558459e+01
2.019168745629256634e+01
2.018302267699180774e+01
2.017434734169762933e+01
2.016566135917874902e+01
2.015696463841105768e+01
2.014825708863097020e+01
2.013953861938931311e+01
2.013080914060602211e+01
2.012206856262494270e+01
2.011331679626917435e+01
2.010455375289698310e+01
2.009577934445794156e+01
2.008699348354938152e+01
2.007819608347313078e+01
2.006938705829244896e+01
2.006056632288906272e+01
2.005173379302028991e+01
2.004288938537616716e+01
2.003403301763651356e+01
2.002516460852779545e+01
2.001628407787988451e+01
2.000739134668240027e+01
1.999848633714072221e+01
1.998956897273154709e+01
1.998063917825789915e+01
1.997169687990346887e+01
1.996274200528626963e+01
1.995377448351145233e+01
1.994479424522323185e+01
1.993580122265584365e+01
1.992679534968337052e+01
1.991777656186841838e+01
1.990874479650956985e+01
1.989969999268743805e+01
1.989064209130931005e+01
1.988157103515228741e+01
1.987248676890477128e+01
1.986338923920636290e+01
1.985427839468591671e+01
1.984515418599780290e+01
1.983601656585627282e+01
1.982686548906784907e+01
1.981770091256171540e+01
1.980852279541796435e+01
1.979933109889375942e+01
1.979012578644730525e+01
1.978090682375955822e+01
1.977167417875372024e+01
1.976242782161238409e+01
1.975316772479240868e+01
1.974389386303741389e+01
1.973460621338793075e+01
1.972530475518921733e+01
1.971598947009664116e+01
1.970666034207878425e+01
1.969731735741812884e+01
1.968796050470943371e+01
1.967858977485578720e+01
1.966920516106239347e+01
1.965980665882807443e+01
1.965039426593455829e+01
1.964096798243361874e+01
1.963152781063205055e+01
1.962207375507457741e+01
1.961260582252476325e+01
1.960312402194395176e+01
1.959362836446830514e+01
1.958411886338400620e+01
1.957459553410075870e+01
1.956505839412351122e+01
1.955550746302268550e+01
1.954594276240280593e+01
1.953636431586970446e+01
1.952677214899633995e+01
1.951716628928739539e+01
1.950754676614261385e+01
1.949791361081905450e+01
1.948826685639233602e+01
1.947860653771688177e+01
1.946893269138536908e+01
1.945924535568739344e+01
1.944954457056740083e+01
1.943983037758206223e+01
1.943010281985709753e+01
1.942036194204364463e+01
1.941060779027429106e+01
1.940084041211878585e+01
1.939105985653952047e+01
1.938126617384689965e+01
1.937145941565460205e+01
1.936163963483484096e+01
1.935180688547368177e+01
1.934196122282646257e+01
1.933210270327338520e+01
1.932223138427536568e+01
1.931234732433012624e+01
1.930245058292865323e+01
1.929254122051203524e+01
1.928261929842870970e+01
1.927268487889218207e+01
1.926273802493928500e+01
1.925277880038895972e+01
1.924280726980159528e+01
1.923282349843903916e+01
1.922282755222520123e+01
1.921281949770734343e+01
1.920279940201807634e+01
1.919276733283802017e+01
1.918272335835926512e+01
1.917266754724951383e+01
1.916259996861706227e+01
1.915252069197647344e+01
1.914242978721511435e+01
1.913232732456044971e+01
1.912221337454813863e+01
1.911208800799094476e+01
1.910195129594847785e+01
1.909180330969772044e+01
1.908164412070437876e+01
1.907147380059505082e+01
1.906129242113020794e+01
1.905110005417796515e+01
1.904089677168868278e+01
1.903068264567033552e+01
1.902045774816469148e+01
1.901022215122426218e+01
1.899997592689003767e+01
1.898971914716997844e+01
1.897945188401825334e+01
1.896917420931524489e+01
1.895888619484826876e+01
1.894858791229297879e+01
1.893827943319557150e+01
1.892796082895562648e+01
1.891763217080961113e+01
1.890729352981510303e+01
1.889694497683563768e+01
1.888658658252619915e+01
1.887621841731936811e+01
1.886584055141202754e+01
1.885545305475273636e+01
1.884505599702962542e+01
1.883464944765891147e+01
1.882423347577394424e+01
1.881380815021479336e+01
1.880337353951838253e+01
1.879292971190911388e+01
1.878247673529001815e+01
1.877201467723435258e+01
1.876154360497771023e+01
1.875106358541056295e+01
1.874057468507125535e+01
1.873007697013944650e+01
1.871957050642991405e+01
1.870905535938684139e+01
1.869853159407843179e+01
1.868799927519192750e+01
1.867745846702899470e+01
1.866690923350146392e+01
1.865635163812741482e+01
1.864578574402757383e+01
1.863521161392203496e+01
1.862462931012732881e+01
1.861403889455373317e+01
1.860344042870288206e+01
1.859283397366569801e+01
1.858221959012050206e+01
1.857159733833147541e+01
1.856096727814729874e+01
1.855032946900004376e+01
1.853968396990430989e+01
1.852903083945655283e+01
1.851837013583465819e+01
1.850770191679766441e+01
1.849702623968572723e+01
1.848634316142021561e+01
1.847565273850407408e+01
1.846495502702222424e+01
1.845425008264225397e+01
1.844353796061517414e+01
1.843281871577635656e+01
1.842209240254662816e+01
1.841135907493346480e+01
1.840061878653233052e+01
1.838987159052812359e+01
1.837911753969677875e+01
1.836835668640694053e+01
1.835758908262173961e+01
1.834681477990068998e+01
1.833603382940168203e+01
1.832524628188303240e+01
1.831445218770565120e+01
1.830365159683528020e+01
1.829284455884479499e+01
1.828203112291658528e+01
1.827121133784501339e+01
1.826038525203890828e+01
1.824955291352414477e+01
1.823871436994625839e+01
1.822786966857312052e+01
1.821701885629766693e+01
1.820616197964067595e+01
1.819529908475354674e+01
1.818443021742115917e+01
1.817355542306476579e+01
1.816267474674488369e+01
1.815178823316426104e+01
1.814089592667082584e+01
1.812999787126069862e+01
1.811909411058120156e+01
1.810818468793388547e+01
1.809726964627759571e+01
1.808634902823154178e+01
1.807542287607836684e+01
1.806449123176725635e+01
1.805355413691703248e+01
1.804261163281925917e+01
1.803166376044137209e+01
1.802071056042978725e+01
1.800975207311302384e+01
1.799878833850483417e+01
1.798781939630733007e+01
1.797684528591409148e+01
1.796586604641329643e+01
1.795488171659082610e+01
1.794389233493339475e+01
1.793289793963161927e+01
1.792189856858313490e+01
1.791089425939568613e+01
1.789988504939017844e+01
1.788887097560377271e+01
1.787785207479291572e+01
1.786682838343638480e+01
1.785579993773833962e+01
1.784476677363129937e+01
1.783372892677916965e+01
1.782268643258021967e+01
1.781163932617003454e+01
1.780058764242450309e+01
1.778953141596271692e+01
1.777847068114990492e+01
1.776740547210033228e+01
1.775633582268016397e+01
1.774526176651036025e+01
1.773418333696946902e+01
1.772310056719649651e+01
1.771201349009368542e+01
1.770092213832928962e+01
1.768982654434035595e+01
1.767872674033544556e+01
1.766762275829735529e+01
1.765651462998582133e+01
1.764540238694019791e+01
1.763428606048208636e+01
1.762316568171799602e+01
1.761204128154193072e+01
1.760091289063798570e+01
1.758978053948290565e+01
1.757864425834863198e+01
1.756750407730481101e+01
1.755636002622129510e+01
1.754521213477062602e+01
1.753406043243045431e+01
1.752290494848600488e+01
1.751174571203244668e+01
1.750058275197728719e+01
1.748941609704273858e+01
1.747824577576802696e+01
1.746707181651174068e+01
1.745589424745407925e+01
1.744471309659914837e+01
1.743352839177718394e+01
1.742234016064679025e+01
1.741114843069712848e+01
1.739995322925006960e+01
1.738875458346239711e+01
1.737755252032787823e+01
1.736634706667941686e+01
1.735513824919111414e+01
1.734392609438034327e+01
1.733271062860978162e+01
1.732149187808942514e+01
1.731026986887859920e+01
1.729904462688793032e+01
1.728781617788128599e+01
1.727658454747773220e+01
1.726534976115340569e+01
1.725411184424345379e+01
1.724287082194384624e+01
1.723162671931327239e+01
1.722037956127493530e+01
1.720912937261838138e+01
1.719787617800126611e+01
1.718662000195113038e+01
1.717536086886714131e+01
1.716409880302182600e+01
1.715283382856276617e+01
1.714156596951428924e+01
1.713029524977913454e+01
1.711902169314010536e+01
1.710774532326168540e+01
1.709646616369165528e+01
1.708518423786268414e+01
1.707389956909390349e+01
1.706261218059245266e+01
1.705132209545501709e+01
1.704002933666934538e+01
1.702873392711575207e+01
1.701743588956859199e+01
1.700613524669773469e+01
1.699483202106999258e+01
1.698352623515057758e+01
1.697221791130447954e+01
1.696090707179789092e+01
1.694959373879956743e+01
1.693827793438220652e+01
1.692695968052377253e+01
1.691563899910883606e+01
1.690431591192989913e+01
1.689299044068867417e+01
1.688166260699737364e+01
1.687033243237997127e+01
1.685899993827347387e+01
1.684766514602913290e+01
1.683632807691368427e+01
1.682498875211053502e+01
1.681364719272097474e+01
1.680230341976534802e+01
1.679095745418420904e+01
1.677960931683947265e+01
1.676825902851556904e+01
1.675690660992053438e+01
1.674555208168714060e+01
1.673419546437398608e+01
1.672283677846656857e+01
1.671147604437836165e+01
1.670011328245185922e+01
1.668874851295963779e+01
1.667738175610536544e+01
1.666601303202482498e+01
1.665464236078691940e+01
1.664326976239467015e+01
1.663189525678619418e+01
1.662051886383566313e+01
1.660914060335427322e+01
1.659776049509119389e+01
1.658637855873447009e+01
1.657499481391199225e+01
1.656360928019237377e+01
1.655222197708585341e+01
1.654083292404520833e+01
1.652944214046660321e+01
1.651804964569048551e+01
1.650665545900241327e+01
1.649525959963394328e+01
1.648386208676342335e+01
1.647246293951685914e+01
1.646106217696870289e+01
1.644965981814267408e+01
1.643825588201255883e+01
1.642685038750299498e+01
1.641544335349025019e+01
1.640403479880299997e+01
1.639262474222307731e+01
1.638121320248623292e+01
1.636980019828287780e+01
1.635838574825881153e+01
1.634696987101595766e+01
1.633555258511307073e+01
1.632413390906645745e+01
1.631271386135066592e+01
1.630129246039917845e+01
1.628986972460511495e+01
1.627844567232188311e+01
1.626702032186386049e+01
1.625559369150706246e+01
1.624416579948978523e+01
1.623273666401325599e+01
1.622130630324226885e+01
1.620987473530582434e+01
1.619844197829775112e+01
1.618700805027731704e+01
1.617557296926984733e+01
1.616413675326732147e+01
1.615269942022897709e+01
1.614126098808190335e+01
1.612982147472161643e+01
1.611838089801264573e+01
1.610693927578909523e+01
1.609549662585521901e+01
1.608405296598597189e+01
1.607260831392757083e+01
1.606116268739803843e+01
1.604971610408774296e+01
1.603826858165993485e+01
1.602682013775127956e+01
1.601537078997237273e+01
1.600392055590828377e+01
1.599246945311903367e+01
1.598101749914013325e+01
1.596956471148307344e+01
1.595811110763582619e+01
1.594665670506333832e+01
1.593520152120801647e+01
1.592374557349021558e+01
1.591228887930871316e+01
1.590083145604118897e+01
1.588937332104468503e+01
1.587791449165608171e+01
1.586645498519254893e+01
1.585499481895201157e+01
1.584353401021358998e+01
1.583207257623805653e+01
1.582061053426827968e+01
1.580914790152965388e+01
1.579768469523054364e+01
1.578622093256271697e+01
1.577475663070176282e+01
1.576329180680752451e+01
1.575182647802451541e+01
1.574036066148233814e+01
1.572889437429610027e+01
1.571742763356681216e+01
1.570596045638180982e+01
1.569449285981514208e+01
1.568302486092798631e+01
1.567155647676902674e+01
1.566008772437487018e+01
1.564861862077041188e+01
1.563714918296924061e+01
1.562567942797401699e+01
1.561420937277685361e+01
1.560273903435969878e+01
1.559126842969470417e+01
1.557979757574460500e+01
1.556832648946308773e+01
1.555685518779516308e+01
1.554538368767752488e+01
1.553391200603891242e+01
1.552244015980048175e+01
1.551096816587615201e+01
1.549949604117296609e+01
1.548802380259144940e+01
1.547655146702595808e+01
1.546507905136502004e+01
1.545360657249170089e+01
1.544213404728393435e+01
1.543066149261487041e+01
1.541918892535322172e+01
1.540771636236359932e+01
1.539624382050685192e+01
1.538477131664039987e+01
1.537329886761857978e+01
1.536182649029296776e+01
1.535035420151271346e+01
1.533888201812487218e+01
1.532740995697473885e+01
1.531593803490616601e+01
1.530446626876189242e+01
1.529299467538387880e+01
1.528152327161361512e+01
1.527005207429245637e+01
1.525858110026193692e+01
1.524711036636409212e+01
1.523563988944178327e+01
1.522416968633900858e+01
1.521269977390122463e+01
1.520123016897565904e+01
1.518976088841163374e+01
1.517829194906087409e+01
1.516682336777782680e+01
1.515535516141996730e+01
1.514388734684812121e+01
1.513241994092676990e+01
1.512095296052436666e+01
1.510948642251364760e+01
1.509802034377193891e+01
1.508655474118147488e+01
1.507508963162969629e+01
1.506362503200957370e+01
1.505216095921990949e+01
1.504069743016564686e+01
1.502923446175818434e+01
1.501777207091567945e+01
1.500631027456336142e+01
1.499484908963383667e+01
1.498338853306740681e+01
1.497192862181235995e+01
1.496046937282530465e+01
1.494901080307145769e+01
1.493755292952496383e+01
1.492609576916921021e+01
1.491463933899712124e+01
1.490318365601148543e+01
1.489172873722525914e+01
1.488027459966187926e+01
1.486882126035557050e+01
1.485736873635166511e+01
1.484591704470691198e+01
1.483446620248979286e+01
1.482301622678083497e+01
1.481156713467292718e+01
1.480011894327162913e+01
1.478867166969549984e+01
1.477722533107640501e+01
1.476577994455984211e+01
1.475433552730525655e+01
1.474289209648636323e+01
1.473144966929146449e+01
1.472000826292377873e+01
1.470856789460176017e+01
1.469712858155942214e+01
1.468569034104666926e+01
1.467425319032961717e+01
1.466281714669092828e+01
1.465138222743013330e+01
1.463994844986397403e+01
1.462851583132672495e+01
1.461708438917053776e+01
1.460565414076576829e+01
1.459422510350131930e+01
1.458279729478498510e+01
1.457137073204377664e+01
1.455994543272427855e+01
1.454852141429299373e+01
1.453709869423668088e+01
1.452567729006270625e+01
1.451425721929939883e+01
1.450283849949640214e+01
1.449142114822502059e+01
1.448000518307858542e+01
1.446859062167280818e+01
1.445717748164614314e+01
1.444576578066015493e+01
1.443435553639987745e+01
1.442294676657418329e+01
1.441153948891616032e+01
1.440013372118348123e+01
1.438872948115877470e+01
1.437732678665001274e+01
1.436592565549088185e+01
1.435452610554117570e+01
1.434312815468717517e+01
1.433173182084204456e+01
1.432033712194621700e+01
1.430894407596779239e+01
1.429755270090293529e+01
1.428616301477628348e+01
1.427477503564133698e+01
1.426338878158088441e+01
1.425200427070740261e+01
1.424062152116347058e+01
1.422924055112219577e+01
1.421786137878762446e+01
1.420648402239518227e+01
1.419510850021208626e+01
1.418373483053778727e+01
1.417236303170440337e+01
1.416099312207715855e+01
1.414962512005483042e+01
1.413825904407019429e+01
1.412689491259047792e+01
1.411553274411781622e+01
1.410417255718970964e+01
1.409281437037949125e+01
1.408145820229679579e+01
1.407010407158803211e+01
1.405875199693686106e+01
1.404740199706467507e+01
1.403605409073109378e+01
1.402470829673444541e+01
1.401336463391226772e+01
1.400202312114181424e+01
1.399068377734055524e+01
1.397934662146668394e+01
1.396801167251965126e+01
1.395667894954067023e+01
1.394534847161324720e+01
1.393402025786372711e+01
1.392269432746181401e+01
1.391137069962112705e+01
1.390004939359974756e+01
1.388873042870077512e+01
1.387741382427288528e+01
1.386609959971090511e+01
1.385478777445637455e+01
1.384347836799813969e+01
1.383217139987293365e+01
1.382086688966596988e+01
1.380956485701153902e+01
1.379826532159361285e+01
1.378696830314647137e+01
1.377567382145530495e+01
1.376438189635685205e+01
1.375309254774002810e+01
1.374180579554657022e+01
1.373052165977168393e+01
1.371924016046469852e+01
1.370796131772973325e+01
1.369668515172637058e+01
1.368541168267032404e+01
1.367414093083413995e+01
1.366287291654788483e+01
1.365160766019985417e+01
1.364034518223727943e+01
1.362908550316705636e+01
1.361782864355646261e+01
1.360657462403390916e+01
1.359532346528968283e+01
1.358407518807669767e+01
1.357282981321127302e+01
1.356158736157389733e+01
1.355034785411001685e+01
1.353911131183083683e+01
1.352787775581411900e+01
1.351664720720499879e+01
1.350541968721681485e+01
1.349419521713194037e+01
1.348297381830263042e+01
1.347175551215188172e+01
1.346054032017429947e+01
1.344932826393698200e+01
1.343811936508040006e+01
1.342691364531931875e+01
1.341571112644369279e+01
1.340451183031961335e+01
1.339331577889022462e+01
1.338212299417669549e+01
1.337093349827917166e+01
1.335974731337776333e+01
1.334856446173352573e+01
1.333738496568946630e+01
1.332620884767156966e+01
1.331503613018981547e+01
1.330386683583923180e+01
1.329270098730095739e+01
1.328153860734331104e+01
1.327037971882288225e+01
1.325922434468564326e+01
1.324807250796804858e+01
1.323692423179819322e+01
1.322577953939695483e+01
1.321463845407915727e+01
1.320350099925476250e+01
1.319236719843006433e+01
1.318123707520891408e+01
1.317011065329395159e+01
1.315898795648786113e+01
1.314786900869463970e+01
1.313675383392088847e+01
1.312564245627712545e+01
1.311453489997911070e+01
1.310343118934918749e+01
1.309233134881766070e+01
1.308123540292417530e+01
1.307014337631913037e+01
1.305905529376510366e+01
1.304797118013830648e+01
1.303689106043004919e+01
1.302581495974824044e+01
1.301474290331890238e+01
1.300367491648770901e+01
1.299261102472155294e+01
1.298155125361013162e+01
1.297049562886755325e+01
1.295944417633397805e+01
1.294839692197728276e+01
1.293735389189473928e+01
1.292631511231473240e+01
1.291528060959850244e+01
1.290425041024190911e+01
1.289322454087723102e+01
1.288220302827498287e+01
1.287118589934576818e+01
1.286017318114217467e+01
1.284916490086066965e+01
1.283816108584354865e+01
1.282716176358091431e+01
1.281616696171267122e+01
1.280517670803057939e+01
1.279419103048030948e+01
1.278320995716355846e+01
1.277223351634019011e+01
1.276126173643040040e+01
1.275029464601693974e+01
1.273933227384735467e+01
1.272837464883626524e+01
1.271742180006770440e+01
1.270647375679746638e+01
1.269553054845551543e+01
1.268459220464841941e+01
1.267365875516184737e+01
1.266273022996308129e+01
1.265180665920358827e+01
1.264088807322163710e+01
1.262997450254495568e+01
1.261906597789342221e+01
1.260816253018183808e+01
1.259726419052269897e+01
1.258637099022906369e+01
1.257548296081743899e+01
1.256460013401072828e+01
1.255372254174123015e+01
1.254285021615369544e+01
1.253198318960842350e+01
1.252112149468443825e+01
1.251026516418269452e+01
1.249941423112935723e+01
1.248856872877914093e+01
1.247772869061869727e+01
1.246689415037007542e+01
1.245606514199424808e+01
1.244524169969468375e+01
1.243442385792100424e+01
1.242361165137270085e+01
1.241280511500291794e+01
1.240200428402231481e+01
1.239120919390298248e+01
1.238041988038245833e+01
1.236963637946778860e+01
1.235885872743969038e+01
1.234808696085678115e+01
1.233732111655988817e+01
1.232656123167644502e+01
1.231580734362496443e+01
1.230505949011960531e+01
1.229431770917482147e+01
1.228358203911010271e+01
1.227285251855480652e+01
1.226212918645308925e+01
1.225141208206891719e+01
1.224070124499120382e+01
1.222999671513901632e+01
1.221929853276690459e+01
1.220860673847033517e+01
1.219792137319122460e+01
1.218724247822358997e+01
1.217657009521930789e+01
1.216590426619398535e+01
1.215524503353296737e+01
1.214459243999744587e+01
1.213394652873070001e+01
1.212330734326445736e+01
1.211267492752540598e+01
1.210204932584180781e+01
1.209143058295028617e+01
1.208081874400270372e+01
1.207021385457324669e+01
1.205961596066558705e+01
1.204902510872025800e+01
1.203844134562212886e+01
1.202786471870808249e+01
1.201729527577482237e+01
1.200673306508684668e+01
1.199617813538463196e+01
1.198563053589295713e+01
1.197509031632938914e+01
1.196455752691295871e+01
1.195403221837306340e+01
1.194351444195852352e+01
1.193300424944683868e+01
1.192250169315365405e+01
1.191200682594243254e+01
1.190151970123432079e+01
1.189104037301826544e+01
1.188056889586131959e+01
1.187010532491918902e+01
1.185964971594701289e+01
1.184920212531038253e+01
1.183876260999660524e+01
1.182833122762622047e+01
1.181790803646476640e+01
1.180749309543482539e+01
1.179708646412832707e+01
1.178668820281913021e+01
1.177629837247590494e+01
1.176591703477528483e+01
1.175554425211533172e+01
1.174518008762930954e+01
1.173482460519976733e+01
1.172447786947294546e+01
1.171413994587351937e+01
1.170381090061967022e+01
1.169349080073851965e+01
1.168317971408191447e+01
1.167287770934257907e+01
1.166258485607063200e+01
1.165230122469050578e+01
1.164202688651826278e+01
1.163176191377929847e+01
1.162150637962645838e+01
1.161126035815861357e+01
1.160102392443964270e+01
1.159079715451785830e+01
1.158058012544591620e+01
1.157037291530118850e+01
1.156017560320659321e+01
1.154998826935195133e+01
1.153981099501583785e+01
1.152964386258794960e+01
1.151948695559198832e+01
1.150934035870912986e+01
1.149920415780202454e+01
1.148907843993935707e+01
1.147896329342101041e+01
1.146885880780384426e+01
1.145876507392804911e+01
1.144868218394414505e+01
1.143861023134065213e+01
1.142854931097236637e+01
1.141849951908934102e+01
1.140846095336656241e+01
1.139843371293431495e+01
1.138841789840924967e+01
1.137841361192622713e+01
1.136842095717089762e+01
1.135844003941302205e+01
1.134847096554059576e+01
1.133851384409480723e+01
1.132856878530574463e+01
1.131863590112897811e+01
1.130871530528299296e+01
1.129880711328746479e+01
1.128891144250242284e+01
1.127902841216831753e+01
1.126915814344700806e+01
1.125930075946363296e+01
1.124945638534944337e+01
1.123962514828567372e+01
1.122980717754825974e+01
1.122000260455356369e+01
1.121021156290515819e+01
1.120043418844156946e+01
1.119067061928504891e+01
1.118092099589137511e+01
1.117118546110069488e+01
1.116146416018940712e+01
1.115175724092309295e+01
1.114206485361051691e+01
1.113238715115867095e+01
1.112272428912889133e+01
1.111307642579403065e+01
1.110344372219668507e+01
1.109382634220847841e+01
1.108422445259038547e+01
1.107463822305409629e+01
1.106506782632438934e+01
1.105551343820252264e+01
1.104597523763057865e+01
1.103645340675681474e+01
1.102694813100188043e+01
1.101745959912597961e+01
1.100798800329687133e+01
1.099853353915869292e+01
1.098909640590153103e+01
1.097967680633172094e+01
1.097027494694280314e+01
1.096089103798704123e+01
1.095152529354747983e+01
1.094217793161041818e+01
1.093284917413822122e+01
1.092353924714238467e+01
1.091424838075674941e+01
1.090497680931071933e+01
1.089572477140240814e+01
1.088649250997154461e+01
1.087728027237201367e+01
1.086808831044387169e+01
1.085891688058468851e+01
1.084976624382001020e+01
1.084063666587281816e+01
1.083152841723170212e+01
1.082244177321762990e+01
1.081337701404904905e+01
1.080433442490508611e+01
1.079531429598661951e+01
1.078631692257499353e+01
1.077734260508806230e+01
1.076839164913335622e+01
1.075946436555800823e+01
1.075056107049524101e+01
1.074168208540704939e+01
1.073282773712278981e+01
1.072399835787338418e+01
1.071519428532078955e+01
1.070641586258242484e+01
1.069766343825025778e+01
1.068893736640416670e+01
1.068023800661930522e+01
1.067156572396714331e+01
1.066292088900984503e+01
1.065430387778769017e+01
1.064571507179926435e+01
1.063715485797408711e+01
1.062862362863746490e+01
1.062012178146727059e+01
1.061164971944245039e+01
1.060320785078306116e+01
1.059479658888161424e+01
1.058641635222566713e+01
1.057806756431143569e+01
1.056975065354845356e+01
1.056146605315519338e+01
1.055321420104562335e+01
1.054499553970680203e+01
1.053681051606757357e+01
1.052865958135851265e+01
1.052054319096323276e+01
1.051246180426141841e+01
1.050441588446373409e+01
1.049640589843902383e+01
1.048843231653413000e+01
1.048049561238675231e+01
1.047259626273189248e+01
1.046473474720225916e+01
1.045691154812330836e+01
1.044912715030342554e+01
1.044138204081991006e+01
1.043367670880140530e+01
1.042601164520740653e+01
1.041838734260562127e+01
1.041080429494776993e+01
1.040326299734467952e+01
1.039576394584127783e+01
1.038830763719223249e+01
1.038089456863899684e+01
1.037352523768889512e+01
1.036620014189693251e+01
1.035891977865103364e+01
1.035168464496128138e+01
1.034449523725375641e+01
1.033735205116958156e+01
1.033025558136964150e+01
1.032320632134546656e+01
1.031620476323670843e+01
1.030925139765560417e+01
1.030234671351876230e+01
1.029549119788653933e+01
1.028868533581024991e+01
1.028192961018740803e+01
1.027522450162513223e+01
1.026857048831179320e+01
1.026196804589697464e+01
1.025541764737971029e+01
1.024891976300500396e+01
1.024247486016851205e+01
1.023608340332928890e+01
1.022974585393044933e+01
1.022346267032756550e+01
1.021723430772457597e+01
1.021106121811699552e+01
1.020494385024218253e+01
1.019888264953633694e+01
1.019287805809801917e+01
1.018693051465783661e+01
1.018104045455402407e+01
1.017520830971357704e+01
1.016943450863865017e+01
1.016371947639789397e+01
1.015806363462239581e+01
1.015246740150591620e+01
1.014693119180913605e+01
1.014145541686757390e+01
1.013604048460288531e+01
1.013068679953728157e+01
1.012539476281073725e+01
1.012016477220076283e+01
1.011499722214444574e+01
1.010989250376255022e+01
1.010485100488539345e+01
1.009987311008032407e+01
1.009495920068054353e+01
1.009010965481509636e+01
1.008532484743985513e+01
1.008060515036926752e+01
1.007595093230877659e+01
1.007136255888768162e+01
1.006684039269239328e+01
1.006238479329985758e+01
1.005799611731107746e+01
1.005367471838462734e+01
1.004942094727004687e+01
1.004523515184100368e+01
1.004111767712819869e+01
1.003706886535186449e+01
1.003308905595386946e+01
1.002917858562930320e+01
1.002533778835752898e+01
1.002156699543265539e+01
1.001786653549336492e+01
1.001423673455209595e+01
1.001067791602352663e+01
1.000719040075235533e+01
1.000377450704033144e+01
1.000043055067256326e+01
9.997158844943053069e+00
9.993959700679463154e+00
9.990833426267119677e+00
9.987780327672240333e+00
9.984800708464387498e+00
9.981894869838162876e+00
9.979063110634118772e+00
9.976305727358925068e+00
9.973623014204790138e+00
9.971015263068125023e+00
9.968482763567498850e+00
9.966025803060858834e+00
9.963644666662064608e+00
9.961339637256720891e+00
9.959110995517338694e+00
9.956959019917832165e+00
9.954883986747374180e+00
9.952886170123621312e+00
9.950965842005325968e+00
9.949123272204351665e+00
9.947358728397100336e+00
9.945672476135380080e+00
9.944064778856729347e+00
9.942535897894201113e+00
9.941086092485624803e+00
9.939715619782379719e+00
9.938424734857672860e+00
9.937213690714353120e+00
9.936082738292263627e+00
9.935032126475158876e+00
9.934062102097197311e+00
9.933172909948998708e+00
9.932364792783349827e+00
9.931637991320476644e+00
9.930992744252977289e+00
9.930429288250369524e+00
9.929947857963322022e+00
9.929548686027525051e+00
9.929232003067236079e+00
9.928998037698541168e+00
9.928847016532280634e+00
9.928779164176708250e+00
9.928794703239853803e+00
9.928893854331620972e+00
9.929076836065622302e+00
9.929343865060760166e+00
9.929695155942559026e+00
9.930130921344265005e+00
9.930651371907726954e+00
9.931256716284037722e+00
9.931947161133972912e+00
9.932722911128221810e+00
9.933584168947417581e+00
9.934531135281980951e+00
9.935564008831761384e+00
9.936682986305518384e+00
9.937888262420207397e+00
9.939180029900109403e+00
9.940558479475789966e+00
9.942023799882900192e+00
9.943576177860830256e+00
9.945215798151188835e+00
9.946942843496177744e+00
9.948757494636771170e+00
9.950659930310813195e+00
9.952650327250937679e+00
9.954728860182383343e+00
9.956895701820666744e+00
9.959151022869152214e+00
9.961494992016469041e+00
9.963927775933852260e+00
9.966449539272330682e+00
9.969060444659829656e+00
9.971760652698151262e+00
9.974550321959863908e+00
9.977429608985065812e+00
9.980398668278061436e+00
9.983457652303945551e+00
9.986606711485071841e+00
9.989845994197452228e+00
9.993175646767030074e+00
9.996595813465887659e+00
1.000010663650837728e+01
1.000370825604711911e+01
1.000740081016896355e+01
1.001118443489083809e+01
1.001505926415553382e+01
1.001902542982739419e+01
1.002308306168794338e+01
1.002723228743142236e+01
1.003147323266026092e+01
1.003580602088047691e+01
1.004023077349698845e+01
1.004474760980887105e+01
1.004935664700455078e+01
1.005405800015690865e+01
1.005885178221834053e+01
1.006373810401574254e+01
1.006871707424542706e+01
1.007378879946799621e+01
1.007895338410314068e+01
1.008421093042437455e+01
1.008956153855373650e+01
1.009500530645641447e+01
1.010054232993531187e+01
1.010617270262558165e+01
1.011189651598910189e+01
1.011771385930889089e+01
1.012362481968347083e+01
1.012962948202121716e+01
1.013572792903462094e+01
1.014192024123453173e+01
1.014820649692435595e+01
1.015458677219420203e+01
1.016106114091500068e+01
1.016762967473258428e+01
1.017429244306171476e+01
1.018104951308010087e+01
1.018790094972236204e+01
1.019484681567398177e+01
1.020188717136520395e+01
1.020902207496492764e+01
1.021625158237456610e+01
1.022357574722187046e+01
1.023099462085475508e+01
1.023850825233507322e+01
1.024611668843239443e+01
1.025381997361775888e+01
1.026161815005741396e+01
1.026951125760654371e+01
1.027749933380297520e+01
1.028558241386089378e+01
1.029376053066452990e+01
1.030203371476185836e+01
1.031040199435827986e+01
1.031886539531031310e+01
1.032742394111927986e+01
1.033607765292499359e+01
1.034482654949945335e+01
1.035367064724054842e+01
1.036260996016576996e+01
1.037164449990592985e+01
1.038077427569889366e+01
1.038999929438334213e+01
1.039931956039253080e+01
1.040873507574808343e+01
1.041824584005380672e+01
1.042785185048952101e+01
1.043755310180493545e+01
1.044734958631352839e+01
1.045724129388647938e+01
1.046722821194663666e+01
1.047731032546250418e+01
1.048748761694228193e+01
1.049776006642794535e+01
1.050812765148936201e+01
1.051859034721846520e+01
1.052914812622347185e+01
1.053980095862314670e+01
1.055054881204113215e+01
1.056139165160032434e+01
1.057232943991731133e+01
1.058336213709687712e+01
1.059448970072656593e+01
1.060571208587131231e+01
1.061702924506814760e+01
1.062844112832096499e+01
1.063994768309537697e+01
1.065154885431363674e+01
1.066324458434964839e+01
1.067503481302404467e+01
1.068691947759937122e+01
1.069889851277534554e+01
1.071097185068420110e+01
1.072313942088614347e+01
1.073540115036488274e+01
1.074775696352327614e+01
1.076020678217906479e+01
1.077275052556072410e+01
1.078538811030340483e+01
1.079811945044500732e+01
1.081094445742233212e+01
1.082386304006737987e+01
1.083687510460374881e+01
1.084998055464315847e+01
1.086317929118208703e+01
1.087647121259854899e+01
1.088985621464898301e+01
1.090333419046528185e+01
1.091690503055195549e+01
1.093056862278341335e+01
1.094432485240140274e+01
1.095817360201258417e+01
1.097211475158623450e+01
1.098614817845211711e+01
1.100027375729849055e+01
1.101449136017025232e+01
1.102880085646727082e+01
1.104320211294282927e+01
1.105769499370226328e+01
1.107227936020174219e+01
1.108695507124721580e+01
1.110172198299351720e+01
1.111657994894366119e+01
1.113152881994826870e+01
1.114656844420519732e+01
1.116169866725933879e+01
1.117691933200258880e+01
1.119223027867398912e+01
1.120763134486006507e+01
1.122312236549533715e+01
1.123870317286301734e+01
1.125437359659589553e+01
1.127013346367741420e+01
1.128598259844294027e+01
1.130192082258121467e+01
1.131794795513601670e+01
1.133406381250801509e+01
1.135026820845681605e+01
1.136656095410322465e+01
1.138294185793169078e+01
1.139941072579297732e+01
1.141596736090702890e+01
1.143261156386604682e+01
1.144934313263777348e+01
1.146616186256899361e+01
1.148306754638924509e+01
1.150005997421474291e+01
1.151713893355252338e+01
1.153430420930480693e+01
1.155155558377357572e+01
1.156889283666537516e+01
1.158631574509633566e+01
1.160382408359742712e+01
1.162141762411991230e+01
1.163909613604105608e+01
1.165685938617005490e+01
1.167470713875417232e+01
1.169263915548513566e+01
1.171065519550573519e+01
1.172875501541667731e+01
1.174693836928364732e+01
1.176520500864463337e+01
1.178355468251744753e+01
1.180198713740751693e+01
1.182050211731588796e+01
1.183909936374747573e+01
1.185777861571954794e+01
1.187653960977043432e+01
1.189538207996850083e+01
1.191430575792133695e+01
1.193331037278518458e+01
1.195239565127462278e+01
1.197156131767246734e+01
1.199080709383993160e+01
1.201013269922700211e+01
1.202953785088308081e+01
1.204902226346784921e+01
1.206858564926237243e+01
1.208822771818044295e+01
1.210794817778018029e+01
1.212774673327584196e+01
1.214762308754989384e+01
1.216757694116530075e+01
1.218760799237808179e+01
1.220771593715007874e+01
1.222790046916196793e+01
1.224816127982651892e+01
1.226849805830206996e+01
1.228891049150625570e+01
1.230939826412996574e+01
1.232996105865152536e+01
1.235059855535112128e+01
1.237131043232545835e+01
1.239209636550264371e+01
1.241295602865729464e+01
1.243388909342589344e+01
1.245489522932234294e+01
1.247597410375377791e+01
1.249712538203657886e+01
1.251834872741262572e+01
1.253964380106575405e+01
1.256101026213846161e+01
1.258244776774879981e+01
1.260395597300751191e+01
1.262553453103536683e+01
1.264718309298073073e+01
1.266890130803732006e+01
1.269068882346219596e+01
1.271254528459395061e+01
1.273447033487109792e+01
1.275646361585069144e+01
1.277852476722711650e+01
1.280065342685110430e+01
1.282284923074894145e+01
1.284511181314186956e+01
1.286744080646568378e+01
1.288983584139052496e+01
1.291229654684085837e+01
1.293482255001564951e+01
1.295741347640870877e+01
1.298006894982922788e+01
1.300278859242251350e+01
1.302557202469085418e+01
1.304841886551461450e+01
1.307132873217346969e+01
1.309430124036780718e+01
1.311733600424031820e+01
1.314043263639773507e+01
1.316359074793273010e+01
1.318680994844599041e+01
1.321008984606842240e+01
1.323343004748352492e+01
1.325683015794991171e+01
1.328028978132396887e+01
1.330380852008267034e+01
1.332738597534652314e+01
1.335102174690265286e+01
1.337471543322801537e+01
1.339846663151275585e+01
1.342227493768367630e+01
1.344613994642783261e+01
1.347006125121626319e+01
1.349403844432781518e+01
1.351807111687310226e+01
1.354215885881855286e+01
1.356630125901059181e+01
1.359049790519989109e+01
1.361474838406575039e+01
1.363905228124055569e+01
1.366340918133433391e+01
1.368781866795940161e+01
1.371228032375509542e+01
1.373679373041257534e+01
1.376135846869972035e+01
1.378597411848607912e+01
1.381064025876792378e+01
1.383535646769332494e+01
1.386012232258732801e+01
1.388493739997716503e+01
1.390980127561753577e+01
1.393471352451593326e+01
1.395967372095801196e+01
1.398468143853300738e+01
1.400973625015919843e+01
1.403483772810939456e+01
1.405998544403646200e+01
1.408517896899888022e+01
1.411041787348631082e+01
1.413570172744520725e+01
1.416103010030441922e+01
1.418640256100082730e+01
1.421181867800496867e+01
1.423727801934669124e+01
1.426278015264078824e+01
1.428832464511263112e+01
1.431391106362381649e+01
1.433953897469777594e+01
1.436520794454538752e+01
1.439091753909056060e+01
1.441666732399581541e+01
1.444245686468780754e+01
1.446828572638284705e+01
1.449415347411237676e+01
1.452005967274841325e+01
1.454600388702893810e+01
1.457198568158325891e+01
1.459800462095730822e+01
1.462406026963890326e+01
1.465015219208294006e+01
1.467627995273651997e+01
1.470244311606403720e+01
1.472864124657217744e+01
1.475487390883484551e+01
1.478114066751803257e+01
1.480744108740460163e+01
1.483377473341897712e+01
1.486014117065175988e+01
1.488653996438426752e+01
1.491297068011294691e+01
1.493943288357372623e+01
1.496592614076624628e+01
1.499245001797799581e+01
1.501900408180834390e+01
1.504558789919245854e+01
1.507220103742511519e+01
1.509884306418437916e+01
1.512551354755519029e+01
1.515221205605280552e+01
1.517893815864611717e+01
1.520569142478086100e+01
1.523247142440266266e+01
1.525927772797998117e+01
1.528610990652688884e+01
1.531296753162572166e+01
1.533985017544958751e+01
1.536675741078471269e+01
1.539368881105266773e+01
1.542064395033240665e+01
1.544762240338217296e+01
1.547462374566124410e+01
1.550164755335150701e+01
1.552869340337887927e+01
1.555576087343455605e+01
1.558284954199609729e+01
1.560995898834833540e+01
1.563708879260411067e+01
1.566423853572484504e+01
1.569140779954090448e+01
1.571859616677182281e+01
1.574580322104629637e+01
1.577302854692204548e+01
1.580027172990542716e+01
1.582753235647091827e+01
1.585481001408036228e+01
1.588210429120205447e+01
1.590941477732960152e+01
1.593674106300060700e+01
1.596408273981514192e+01
1.599143940045402346e+01
1.601881063869688049e+01
1.604619604944003086e+01
1.607359522871413304e+01
1.610100777370162817e+01
1.612843328275400268e+01
1.615587135540878805e+01
1.618332159240640777e+01
1.621078359570675786e+01
1.623825696850558842e+01
1.626574131525069333e+01
1.629323624165783002e+01
1.632074135472647214e+01
1.634825626275531363e+01
1.637578057535753473e+01
1.640331390347589036e+01
1.643085585939753912e+01
1.645840605676864143e+01
1.648596411060876932e+01
1.651352963732504975e+01
1.654110225472609486e+01
1.656868158203571184e+01
1.659626723990636776e+01
1.662385885043244826e+01
1.665145603716324985e+01
1.667905842511576253e+01
1.670666564078723226e+01
1.673427731216746039e+01
1.676189306875089713e+01
1.678951254154848627e+01
1.681713536309927193e+01
1.684476116748180274e+01
1.687238959032526608e+01
1.690002026882039488e+01
1.692765284173015772e+01
1.695528694940019321e+01
1.698292223376902754e+01
1.701055833837804343e+01
1.703819490838122874e+01
1.706583159055465870e+01
1.709346803330581110e+01
1.712110388668254046e+01
1.714873880238193848e+01
1.717637243375887124e+01
1.720400443583431382e+01
1.723163446530346832e+01
1.725926218054361883e+01
1.728688724162177692e+01
1.731450931030207130e+01
1.734212805005293845e+01
1.736974312605404691e+01
1.739735420520301901e+01
1.742496095612192164e+01
1.745256304916349421e+01
1.748016015641718823e+01
1.750775195171497245e+01
1.753533811063687509e+01
1.756291831051635555e+01
1.759049223044540256e+01
1.761805955127944046e+01
1.764561995564199748e+01
1.767317312792915018e+01
1.770071875431373698e+01
1.772825652274939756e+01
1.775578612297431746e+01
1.778330724651483408e+01
1.781081958668875131e+01
1.783832283860850154e+01
1.786581669918405169e+01
1.789330086712561041e+01
1.792077504294611856e+01
1.794823892896353712e+01
1.797569222930290422e+01
1.800313464989821099e+01
1.803056589849405000e+01
1.805798568464707188e+01
1.808539371972720744e+01
1.811278971691873707e+01
1.814017339122110428e+01
1.816754445944955521e+01
1.819490264023560400e+01
1.822224765402723534e+01
1.824957922308898262e+01
1.827689707150175380e+01
1.830420092516250818e+01
1.833149051178371280e+01
1.835876556089261413e+01
1.838602580383033569e+01
1.841327097375077315e+01
1.844050080561931892e+01
1.846771503621138422e+01
1.849491340411075768e+01
1.852209564970777222e+01
1.854926151519731192e+01
1.857641074457660935e+01
1.860354308364289011e+01
1.863065827999086110e+01
1.865775608300999266e+01
1.868483624388164444e+01
1.871189851557602779e+01
1.873894265284900840e+01
1.876596841223873113e+01
1.879297555206207804e+01
1.881996383241098769e+01
1.884693301514860408e+01
1.887388286390525494e+01
1.890081314407429502e+01
1.892772362280779319e+01
1.895461406901205592e+01
1.898148425334300171e+01
1.900833394820141820e+01
1.903516292772802743e+01
1.906197096779843747e+01
1.908875784601794123e+01
1.911552334171618028e+01
1.914226723594166302e+01
1.916898931145615492e+01
1.919568935272891608e+01
1.922236714593084628e+01
1.924902247892844542e+01
1.927565514127767443e+01
1.930226492421769535e+01
1.932885162066447293e+01
1.935541502520424118e+01
1.938195493408688819e+01
1.940847114521917050e+01
1.943496345815784920e+01
1.946143167410269115e+01
1.948787559588934926e+01
1.951429502798215410e+01
1.954068977646677752e+01
1.956705964904277906e+01
1.959340445501607419e+01
1.961972400529126048e+01
1.964601811236388329e+01
1.967228659031255233e+01
1.969852925479100136e+01
1.972474592302000573e+01
1.975093641377925735e+01
1.977710054739909395e+01
1.980323814575217156e+01
1.982934903224502321e+01
1.985543303180954311e+01
1.988148997089436421e+01
1.990751967745618245e+01
1.993352198095095318e+01
1.995949671232504841e+01
1.998544370400631465e+01
2.001136278989503126e+01
2.003725380535482614e+01
2.006311658720349200e+01
2.008895097370374572e+01
2.011475680455389536e+01
2.014053392087845396e+01
2.016628216521866790e+01
2.019200138152300283e+01
2.021769141513752288e+01
2.024335211279625213e+01
2.026898332261142954e+01
2.029458489406374255e+01
2.032015667799246117e+01
2.034569852658554723e+01
2.037121029336967837e+01
2.039669183320024359e+01
2.042214300225126067e+01
2.044756365800525799e+01
2.047295365924308541e+01
2.049831286603371083e+01
2.052364113972391735e+01
2.054893834292799681e+01
2.057420433951737948e+01
2.059943899461022099e+01
2.062464217456094318e+01
2.064981374694972516e+01
2.067495358057199439e+01
2.070006154542781829e+01
2.072513751271129578e+01
2.075018135479991699e+01
2.077519294524385174e+01
2.080017215875523107e+01
2.082511887119741800e+01
2.085003295957416825e+01
2.087491430201885123e+01
2.089976277778357172e+01
2.092457826722830916e+01
2.094936065180999663e+01
2.097410981407159269e+01
2.099882563763111420e+01
2.102350800717066193e+01
2.104815680842540004e+01
2.107277192817252143e+01
2.109735325422021646e+01
2.112190067539656368e+01
2.114641408153846314e+01
2.117089336348051631e+01
2.119533841304388488e+01
2.121974912302514227e+01
2.124412538718511101e+01
2.126846710023768239e+01
2.129277415783861471e+01
2.131704645657432806e+01
2.134128389395066705e+01
2.136548636838168136e+01
2.138965377917834942e+01
2.141378602653734831e+01
2.143788301152975606e+01
2.146194463608978253e+01
2.148597080300347884e+01
2.150996141589742550e+01
2.153391637922743129e+01
2.155783559826722851e+01
2.158171897909711490e+01
2.160556642859266319e+01
2.162937785441335592e+01
2.165315316499125942e+01
2.167689226951966219e+01
2.170059507794173115e+01
2.172426150093916064e+01
2.174789144992078249e+01
2.177148483701123993e+01
2.179504157503958695e+01
2.181856157752793379e+01
2.184204475868006057e+01
2.186549103337004851e+01
2.188890031713089357e+01
2.191227252614313059e+01
2.193560757722344690e+01
2.195890538781328871e+01
2.198216587596748184e+01
2.200538896034284875e+01
2.202857456018679727e+01
2.205172259532594126e+01
2.207483298615471412e+01
2.209790565362396109e+01
2.212094051922954563e+01
2.214393750500096303e+01
2.216689653348991840e+01
2.218981752775895444e+01
2.221270041137003304e+01
2.223554510837312748e+01
2.225835154329483245e+01
2.228111964112694210e+01
2.230384932731505998e+01
2.232654052774716291e+01
2.234919316874220030e+01
2.237180717703868282e+01
2.239438247978324625e+01
2.241691900451924369e+01
2.243941667917529870e+01
2.246187543205390469e+01
2.248429519181995673e+01
2.250667588748932246e+01
2.252901744841740239e+01
2.255131980428766525e+01
2.257358288510020117e+01
2.259580662116025707e+01
2.261799094306674007e+01
2.264013578170076002e+01
2.266224106821414352e+01
2.268430673401791609e+01
2.270633271077080195e+01
2.272831893036770978e+01
2.275026532492819697e+01
2.277217182678492691e+01
2.279403836847211551e+01
2.281586488271396362e+01
2.283765130241307872e+01
2.285939756063886108e+01
2.288110359061591481e+01
2.290276932571239499e+01
2.292439469942836539e+01
2.294597964538413493e+01
2.296752409730857281e+01
2.298902798902739164e+01
2.301049125445142707e+01
2.303191382756487116e+01
2.305329564241352003e+01
2.307463663309294333e+01
2.309593673373667855e+01
2.311719587850436142e+01
2.313841400156985628e+01
2.315959103710932965e+01
2.318072691928930595e+01
2.320182158225469848e+01
2.322287496011678343e+01
2.324388698694117039e+01
2.326485759673571252e+01
2.328578672343837042e+01
2.330667430090506897e+01
2.332752026289749736e+01
2.334832454307085214e+01
2.336908707496153781e+01
2.338980779197486726e+01
2.341048662737264507e+01
2.343112351426076145e+01
2.345171838557669020e+01
2.347227117407695829e+01
2.349278181232457285e+01
2.351325023267635572e+01
2.353367636727024959e+01
2.355406014801256021e+01
2.357440150656511690e+01
2.359470037433239398e+01
2.361495668244856461e+01
2.363517036176445529e+01
2.365534134283448608e+01
2.367546955590347224e+01
2.369555493089341525e+01
2.371559739739017658e+01
2.373559688463008399e+01
2.375555332148646315e+01
2.377546663645607694e+01
2.379533675764548661e+01
2.381516361275734184e+01
2.383494712907652158e+01
2.385468723345626074e+01
2.387438385230413473e+01
2.389403691156794451e+01
2.391364633672153062e+01
2.393321205275045216e+01
2.395273398413758770e+01
2.397221205484861883e+01
2.399164618831739304e+01
2.401103630743119055e+01
2.403038233451586692e+01
2.404968419132086765e+01
2.406894179900414343e+01
2.408815507811693379e+01
2.410732394858840166e+01
2.412644832971016484e+01
2.414552814012068538e+01
2.416456329778953105e+01
2.418355372000148051e+01
2.420249932334048992e+01
2.422140002367353873e+01
2.424025573613430495e+01
2.425906637510668418e+01
2.427783185420817347e+01
2.429655208627309904e+01
2.431522698333566623e+01
2.433385645661279995e+01
2.435244041648697788e+01
2.437097877248871924e+01
2.438947143327898459e+01
2.440791830663139095e+01
2.442631929941423152e+01
2.444467431757234266e+01
2.446298326610874341e+01
2.448124604906612589e+01
2.449946256950812540e+01
2.451763272950041994e+01
2.453575643009161666e+01
2.455383357129392863e+01
2.457186405206367041e+01
2.458984777028154411e+01
2.460778462273268730e+01
2.462567450508654687e+01
2.464351731187650074e+01
2.466131293647929823e+01
2.467906127109425540e+01
2.469676220672223366e+01
2.471441563314439449e+01
2.473202143890071270e+01
2.474957951126829059e+01
2.476708973623940580e+01
2.478455199849935653e+01
2.480196618140404397e+01
2.481933216695733080e+01
2.483664983578816887e+01
2.485391906712745680e+01
2.487113973878470219e+01
2.488831172712440676e+01
2.490543490704223117e+01
2.492250915194089700e+01
2.493953433370586481e+01
2.495651032268077074e+01
2.497343698764261433e+01
2.499031419577671542e+01
2.500714181265142244e+01
2.502391970219259676e+01
2.504064772665787331e+01
2.505732574661065826e+01
2.507395362089393842e+01
2.509053120660384906e+01
2.510705835906302497e+01
2.512353493179374908e+01
2.513996077649089500e+01
2.515633574299464215e+01
2.517265967926307013e+01
2.518893243134447246e+01
2.520515384334959563e+01
2.522132375742363308e+01
2.523744201371813389e+01
2.525350845036272673e+01
2.526952290343673013e+01
2.528548520694065971e+01
2.530139519276764659e+01
2.531725269067474926e+01
2.533305752825421564e+01
2.534880953090476297e+01
2.536450852180277238e+01
2.538015432187343734e+01
2.539574674976206836e+01
2.541128562180541550e+01
2.542677075200304770e+01
2.544220195198885293e+01
2.545757903100269814e+01
2.547290179586228476e+01
2.548817005093521004e+01
2.550338359811132349e+01
2.551854223677537092e+01
2.553364576377995832e+01
2.554869397341898818e+01
2.556368665740147250e+01
2.557862360482593900e+01
2.559350460215532053e+01
2.560832943319255151e+01
2.562309787905679315e+01
2.563780971816046872e+01
2.565246472618710882e+01
2.566706267607014169e+01
2.568160333797266048e+01
2.569608647926828482e+01
2.571051186452319470e+01
2.572487925547944698e+01
2.573918841103964894e+01
2.575343908725315956e+01
2.576763103730381133e+01
2.578176401149940844e+01
2.579583775726307593e+01
2.580985201912652727e+01
2.582380653872541032e+01
2.583770105479699808e+01
2.585153530318020643e+01
2.586530901681815919e+01
2.587902192576351368e+01
2.589267375718663544e+01
2.590626423538685330e+01
2.591979308180693664e+01
2.593326001505103662e+01
2.594666475090624758e+01
2.596000700236800540e+01
2.597328647966954307e+01
2.598650289031562366e+01
2.599965593912075690e+01
2.601274532825216568e+01
2.602577075727768374e+01
2.603873192321893271e+01
2.605162852060991696e+01
2.606446024156135621e+01
2.607722677583100790e+01
2.608992781090026014e+01
2.610256303205720485e+01
2.611513212248657467e+01
2.612763476336669655e+01
2.614007063397381359e+01
2.615243941179405951e+01
2.616474077264329878e+01
2.617697439079517352e+01
2.618913993911760585e+01
2.620123708921796535e+01
2.621326551159728524e+01
2.622522487581364814e+01
2.623711485065504689e+01
2.624893510432193722e+01
2.626068530461970596e+01
2.627236511916123618e+01
2.628397421557971114e+01
2.629551226175190237e+01
2.630697892603195243e+01
2.631837387749587620e+01
2.632969678619675236e+01
2.634094732343069012e+01
2.635212516201355726e+01
2.636322997656846567e+01
2.637426144382386539e+01
2.638521924292219722e+01
2.639610305573888738e+01
2.640691256721145308e+01
2.641764746567847766e+01
2.642830744322806424e+01
2.643889219605545193e+01
2.644940142482924372e+01
2.645983483506583411e+01
2.647019213751135425e+01
2.648047304853055550e+01
2.649067729050188902e+01
2.650080459221802798e+01
2.651085468929093736e+01
2.652082732456062786e+01
2.653072224850664895e+01
2.654053921966117002e+01
2.655027800502267255e+01
2.655993838046905964e+01
2.656952013116899636e+01
2.657902305199020532e+01
2.658844694790346708e+01
2.659779163438100014e+01
2.660705693778784919e+01
2.661624269576491741e+01
2.662534875760231401e+01
2.663437498460155695e+01
2.664332125042527721e+01
2.665218744143308527e+01
2.666097345700224253e+01
2.666967920983181628e+01
2.667830462622903198e+01
2.668684964637668955e+01
2.669531422458039671e+01
2.670369832949458910e+01
2.671200194432630681e+01
2.672022506701585343e+01
2.672836771039348136e+01
2.673642990231135386e+01
2.674441168575028982e+01
2.675231311890061292e+01
2.676013427521693089e+01
2.676787524344637959e+01
2.677553612763035318e+01
2.678311704707958896e+01
2.679061813632279154e+01
2.679803954502895991e+01
2.680538143790381866e+01
2.681264399456078351e+01
2.681982740936696885e+01
2.682693189126508315e+01
2.683395766357179468e+01
2.684090496375356949e+01
2.684777404318088045e+01
2.685456516686181416e+01
2.686127861315622667e+01
2.686791467347156015e+01
2.687447365194152837e+01
2.688095586508898194e+01
2.688736164147415408e+01
2.689369132132972240e+01
2.689994525618386589e+01
2.690612380847276697e+01
2.691222735114381237e+01
2.691825626725088227e+01
2.692421094954299576e+01
2.693009180004759884e+01
2.693589922964970640e+01
2.694163365766821627e+01
2.694729551143047885e+01
2.695288522584627700e+01
2.695840324298233881e+01
2.696385001163835682e+01
2.696922598692551887e+01
2.697453162984845676e+01
2.697976740689152209e+01
2.698493378961009626e+01
2.699003125422775184e+01
2.699506028123994028e+01
2.700002135502479561e+01
2.700491496346163345e+01
2.700974159755765669e+01
2.701450175108332630e+01
2.701919592021676308e+01
2.702382460319752866e+01
2.702838829999010883e+01
2.703288751195732686e+01
2.703732274154384285e+01
2.704169449196995600e+01
2.704600326693577728e+01
2.705024957033586830e+01
2.705443390598435727e+01
2.705855677735058862e+01
2.706261868730519993e+01
2.706662013787662602e+01
2.707056163001794857e+01
2.707444366338395625e+01
2.707826673611829804e+01
2.708203134465057715e+01
2.708573798350323614e+01
2.708938714510803791e+01
2.709297931963201478e+01
2.709651499481236314e+01
2.709999465580064992e+01
2.710341878501571244e+01
2.710678786200485746e+01
2.711010236331357959e+01
2.711336276236325915e+01
2.711656952933661913e+01
2.711972313107081334e+01
2.712282403095775152e+01
2.712587268885155467e+01
2.712886956098279256e+01
2.713181509987927242e+01
2.713470975429319765e+01
2.713755396913435902e+01
2.714034818540923411e+01
2.714309284016564305e+01
2.714578836644282944e+01
2.714843519322668186e+01
2.715103374540987957e+01
2.715358444375678815e+01
2.715608770487284573e+01
2.715854394117826942e+01
2.716095356088585433e+01
2.716331696798269135e+01
2.716563456221560457e+01
2.716790673908015563e+01
2.717013388981295918e+01
2.717231640138726689e+01
2.717445465651149661e+01
2.717654903363069607e+01
2.717859990693068895e+01
2.718060764634479654e+01
2.718257261756298604e+01
2.718449518204329607e+01
2.718637569702542578e+01
2.718821451554633128e+01
2.719001198645776185e+01
2.719176845444554402e+01
2.719348426005057817e+01
2.719515973969136269e+01
2.719679522568803165e+01
2.719839104628772475e+01
2.719994752569121843e+01
2.720146498408079339e+01
2.720294373764914297e+01
2.720438409862932616e+01
2.720578637532566191e+01
2.720715087214544781e+01
2.720847788963151714e+01
2.720976772449550296e+01
2.721102066965173094e+01
2.721223701425174468e+01
2.721341704371937809e+01
2.721456103978627539e+01
2.721566928052786949e+01
2.721674204039972267e+01
2.721777959027423321e+01
2.721878219747760141e+01
2.721975012582704068e+01
2.722068363566821958e+01
2.722158298391287801e+01
2.722244842407652499e+01
2.722328020631628931e+01
2.722407857746881277e+01
2.722484378108819314e+01
2.722557605748392007e+01
2.722627564375880027e+01
2.722694277384682948e+01
2.722757767855103594e+01
2.722818058558116761e+01
2.722875171959132246e+01
2.722929130221743677e+01
2.722979955211459924e+01
2.723027668499424081e+01
2.723072291366109710e+01
2.723113844805003581e+01
2.723152349526258220e+01
2.723187825960332020e+01
2.723220294261597729e+01
2.723249774311931759e+01
2.723276285724275070e+01
2.723299847846166344e+01
2.723320479763252067e+01
2.723338200302763923e+01
2.723353028036966350e+01
2.723364981286580289e+01
2.723374078124170339e+01
2.723380336377504563e+01
2.723383773632880889e+01
2.723384407238422966e+01
2.723382254307343331e+01
2.723377331721173178e+01
2.723369656132960870e+01
2.723359243970434562e+01
2.723346111439136052e+01
2.723330274525515193e+01
2.723311748999995885e+01
2.723290550420003342e+01
2.723266694132962229e+01
2.723240195279256426e+01
2.723211068795158596e+01
2.723179329415722094e+01
2.723144991677642324e+01
2.723108069922080432e+01
2.723068578297456099e+01
2.723026530762205866e+01
2.722981941087506286e+01
2.722934822859964044e+01
2.722885189484274804e+01
2.722833054185844759e+01
2.722778430013383044e+01
2.722721329841456495e+01
2.722661766373018466e+01
2.722599752141895735e+01
2.722535299515253726e+01
2.722468420696019464e+01
2.722399127725279655e+01
2.722327432484642884e+01
2.722253346698575527e+01
2.722176881936701776e+01
2.722098049616071336e+01
2.722016861003401544e+01
2.721933327217285736e+01
2.721847459230375321e+01
2.721759267871525267e+01
2.721668763827917559e+01
2.721575957647150901e+01
2.721480859739302005e+01
2.721383480378958453e+01
2.721283829707225976e+01
2.721181917733702704e+01
2.721077754338430310e+01
2.720971349273814610e+01
2.720862712166519515e+01
2.720751852519337177e+01
2.720638779713027233e+01
2.720523503008131883e+01
2.720406031546766457e+01
2.720286374354382630e+01
2.720164540341504988e+01
2.720040538305446987e+01
2.719914376931997779e+01
2.719786064797086667e+01
2.719655610368423737e+01
2.719523022007116353e+01
2.719388307969261476e+01
2.719251476407515966e+01
2.719112535372643435e+01
2.718971492815037649e+01
2.718828356586227102e+01
2.718683134440350813e+01
2.718535834035619914e+01
2.718386462935754011e+01
2.718235028611395521e+01
2.718081538441506240e+01
2.717925999714739405e+01
2.717768419630796473e+01
2.717608805301758679e+01
2.717447163753401185e+01
2.717283501926490175e+01
2.717117826678054726e+01
2.716950144782647669e+01
2.716780462933578022e+01
2.716608787744134901e+01
2.716435125748786561e+01
2.716259483404364872e+01
2.716081867091228474e+01
2.715902283114412086e+01
2.715720737704759458e+01
2.715537237020035022e+01
2.715351787146020968e+01
2.715164394097600109e+01
2.714975063819817791e+01
2.714783802188933493e+01
2.714590615013451824e+01
2.714395508035139315e+01
2.714198486930028409e+01
2.713999557309401922e+01
2.713798724720767197e+01
2.713595994648812848e+01
2.713391372516350941e+01
2.713184863685246029e+01
2.712976473457329618e+01
2.712766207075302560e+01
2.712554069723619321e+01
2.712340066529364790e+01
2.712124202563112618e+01
2.711906482839773602e+01
2.711686912319430576e+01
2.711465495908159795e+01
2.711242238458842024e+01
2.711017144771956922e+01
2.710790219596371031e+01
2.710561467630109789e+01
2.710330893521119933e+01
2.710098501868017706e+01
2.709864297220829599e+01
2.709628284081718164e+01
2.709390466905698958e+01
2.709150850101345398e+01
2.708909438031485450e+01
2.708666235013881973e+01
2.708421245321911286e+01
2.708174473185221487e+01
2.707925922790390416e+01
2.707675598281565854e+01
2.707423503761100392e+01
2.707169643290176353e+01
2.706914020889418282e+01
2.706656640539499747e+01
2.706397506181738777e+01
2.706136621718682989e+01
2.705873991014690816e+01
2.705609617896497809e+01
2.705343506153779032e+01
2.705075659539697952e+01
2.704806081771454274e+01
2.704534776530815421e+01
2.704261747464644827e+01
2.703986998185421697e+01
2.703710532271750466e+01
2.703432353268864929e+01
2.703152464689125267e+01
2.702870870012502991e+01
2.702587572687064821e+01
2.702302576129443779e+01
2.702015883725306011e+01
2.701727498829809804e+01
2.701437424768057838e+01
2.701145664835540927e+01
2.700852222298578553e+01
2.700557100394748034e+01
2.700260302333311913e+01
2.699961831295635051e+01
2.699661690435596739e+01
2.699359882879998196e+01
2.699056411728959404e+01
2.698751280056316659e+01
2.698444490910006976e+01
2.698136047312450714e+01
