2.002355717876522334e+00
2.004691030631934989e+00
2.007006141352882356e+00
2.009301251541133926e+00
2.011576561104645222e+00
2.013832268349997179e+00
2.016068569976129154e+00
2.018285661069290526e+00
2.020483735099137146e+00
2.022662983915905599e+00
2.024823597748596438e+00
2.026965765204108649e+00
2.029089673267269411e+00
2.031195507301696512e+00
2.033283451051449475e+00
2.035353686643414761e+00
2.037406394590387748e+00
2.039441753794791978e+00
2.041459941553012136e+00
2.043461133560289245e+00
2.045445503916144769e+00
2.047413225130302106e+00
2.049364468129068140e+00
2.051299402262141580e+00
2.053218195309828964e+00
2.055121013490623927e+00
2.057008021469142633e+00
2.058879382364373622e+00
2.060735257758225192e+00
2.062575807704352115e+00
2.064401190737231495e+00
2.066211563881476199e+00
2.068007082661363683e+00
2.069787901110555772e+00
2.071554171782008069e+00
2.073306045758034344e+00
2.075043672660524585e+00
2.076767200661302937e+00
2.078476776492593991e+00
2.080172545457610767e+00
2.081854651441227944e+00
2.083523236920751920e+00
2.085178442976753477e+00
2.086820409303971946e+00
2.088449274222273111e+00
2.090065174687647520e+00
2.091668246303252321e+00
2.093258623330478407e+00
2.094836438700037107e+00
2.096401824023067295e+00
2.097954909602240292e+00
2.099495824442874081e+00
2.101024696264039981e+00
2.102541651509654663e+00
2.104046815359560618e+00
2.105540311740586645e+00
2.107022263337575918e+00
2.108492791604392291e+00
2.109952016774885752e+00
2.111400057873820568e+00
2.112837032727771014e+00
2.114263057975956706e+00
2.115678249081039741e+00
2.117082720339870328e+00
2.118476584894173342e+00
2.119859954741184271e+00
2.121232940744222528e+00
2.122595652643203046e+00
2.123948199065087472e+00
2.125290687534266532e+00
2.126623224482883767e+00
2.127945915261077570e+00
2.129258864147165031e+00
2.130562174357748084e+00
2.131855948057750805e+00
2.133140286370379002e+00
2.134415289387009196e+00
2.135681056176998549e+00
2.136937684797420189e+00
2.138185272302721707e+00
2.139423914754304601e+00
2.140653707230024683e+00
2.141874743833616979e+00
2.143087117704036260e+00
2.144290921024722518e+00
2.145486245032782957e+00
2.146673180028095818e+00
2.147851815382335605e+00
2.149022239547911717e+00
2.150184540066833350e+00
2.151338803579488701e+00
2.152485115833349560e+00
2.153623561691587529e+00
2.154754225141616519e+00
2.155877189303554431e+00
2.156992536438600006e+00
2.158100347957335963e+00
2.159200704427949535e+00
2.160293685584373957e+00
2.161379370334353567e+00
2.162457836767427199e+00
2.163529162162833419e+00
2.164593422997343808e+00
2.165650694953011879e+00
2.166701052924850046e+00
2.167744571028426215e+00
2.168781322607390649e+00
2.169811380240919796e+00
2.170834815751092162e+00
2.171851700210186031e+00
2.172862103947904355e+00
2.173866096558526806e+00
2.174863746907989448e+00
2.175855123140892022e+00
2.176840292687432399e+00
2.177819322270274860e+00
2.178792277911339781e+00
2.179759224938533357e+00
2.180720227992401838e+00
2.181675351032718702e+00
2.182624657345006547e+00
2.183568209546987937e+00
2.184506069594973621e+00
2.185438298790181033e+00
2.186364957784990626e+00
2.187286106589136914e+00
2.188201804575835130e+00
2.189112110487844376e+00
2.190017082443468155e+00
2.190916777942494065e+00
2.191811253872070431e+00
2.192700566512523874e+00
2.193584771543115153e+00
2.194463924047737713e+00
2.195338078520554959e+00
2.196207288871581120e+00
2.197071608432205281e+00
2.197931089960654560e+00
2.198785785647406232e+00
2.199635747120539886e+00
2.200481025451039852e+00
2.201321671158036342e+00
2.202157734213999074e+00
2.202989264049874052e+00
2.203816309560167941e+00
2.204638919107984041e+00
2.205457140530002302e+00
2.206271021141412714e+00
2.207080607740793621e+00
2.207885946614946970e+00
2.208687083543678931e+00
2.209484063804535658e+00
2.210276932177488884e+00
2.211065732949577090e+00
2.211850509919496055e+00
2.212631306402148113e+00
2.213408165233142100e+00
2.214181128773250240e+00
2.214950238912818392e+00
2.215715537076136776e+00
2.216477064225761850e+00
2.217234860866800883e+00
2.217988967051148563e+00
2.218739422381686754e+00
2.219486266016441167e+00
2.220229536672694071e+00
2.220969272631063696e+00
2.221705511739537453e+00
2.222438291417468292e+00
2.223167648659533757e+00
2.223893620039654184e+00
2.224616241714873599e+00
2.225335549429205528e+00
2.226051578517437957e+00
2.226764363908907640e+00
2.227473940131230012e+00
2.228180341314001556e+00
2.228883601192464869e+00
2.229583753111133770e+00
2.230280830027393968e+00
2.230974864515059330e+00
2.231665888767904171e+00
2.232353934603155121e+00
2.233039033464955470e+00
2.233721216427794865e+00
2.234400514199907040e+00
2.235076957126637787e+00
2.235750575193782730e+00
2.236421398030889129e+00
2.237089454914534148e+00
2.237754774771569810e+00
2.238417386182339097e+00
2.239077317383860954e+00
2.239734596272992206e+00
2.240389250409553501e+00
2.241041307019433049e+00
2.241690792997659276e+00
2.242337734911449942e+00
2.242982159003229281e+00
2.243624091193619829e+00
2.244263557084413385e+00
2.244900581961505992e+00
2.245535190797815606e+00
2.246167408256172671e+00
2.246797258692179167e+00
2.247424766157052556e+00
2.248049954400438200e+00
2.248672846873199127e+00
2.249293466730185376e+00
2.249911836832972245e+00
2.250527979752583008e+00
2.251141917772185863e+00
2.251753672889764246e+00
2.252363266820767596e+00
2.252970721000743470e+00
2.253576056587940357e+00
2.254179294465893602e+00
2.254780455245988247e+00
2.255379559270000556e+00
2.255976626612619107e+00
2.256571677083945016e+00
2.257164730231969507e+00
2.257755805345033728e+00
2.258344921454268572e+00
2.258932097336011413e+00
2.259517351514206851e+00
2.260100702262785699e+00
2.260682167608025317e+00
2.261261765330892182e+00
2.261839512969363142e+00
2.262415427820729796e+00
2.262989526943883778e+00
2.263561827161585160e+00
2.264132345062710439e+00
2.264701097004484964e+00
2.265268099114694955e+00
2.265833367293887957e+00
2.266396917217546658e+00
2.266958764338254273e+00
2.267518923887839932e+00
2.268077410879504541e+00
2.268634240109933753e+00
2.269189426161393630e+00
2.269742983403810754e+00
2.270294925996832358e+00
2.270845267891875352e+00
2.271394022834158921e+00
2.271941204364716249e+00
2.272486825822399581e+00
2.273030900345862637e+00
2.273573440875529261e+00
2.274114460155552297e+00
2.274653970735749375e+00
2.275191984973528925e+00
2.275728515035804200e+00
2.276263572900885546e+00
2.276797170360364664e+00
2.277329319020980680e+00
2.277860030306475547e+00
2.278389315459432574e+00
2.278917185543102075e+00
2.279443651443215035e+00
2.279968723869780778e+00
2.280492413358871762e+00
2.281014730274397273e+00
2.281535684809860243e+00
2.282055286990103848e+00
2.282573546673043907e+00
2.283090473551389277e+00
2.283606077154347602e+00
2.284120366849319961e+00
2.284633351843584403e+00
2.285145041185963510e+00
2.285655443768480399e+00
2.286164568328005853e+00
2.286672423447889457e+00
2.287179017559581418e+00
2.287684358944238827e+00
2.288188455734324389e+00
2.288691315915190039e+00
2.289192947326649907e+00
2.289693357664545292e+00
2.290192554482288756e+00
2.290690545192406447e+00
2.291187337068066654e+00
2.291682937244592377e+00
2.292177352720967676e+00
2.292670590361332916e+00
2.293162656896464036e+00
2.293653558925247804e+00
2.294143302916140215e+00
2.294631895208617767e+00
2.295119342014616315e+00
2.295605649419959260e+00
2.296090823385777746e+00
2.296574869749914871e+00
2.297057794228325900e+00
2.297539602416464266e+00
2.298020299790656473e+00
2.298499891709469889e+00
2.298978383415069437e+00
2.299455780034561414e+00
2.299932086581331081e+00
2.300407307956367831e+00
2.300881448949583241e+00
2.301354514241112703e+00
2.301826508402616600e+00
2.302297435898565059e+00
2.302767301087513818e+00
2.303236108223373879e+00
2.303703861456666946e+00
2.304170564835775092e+00
2.304636222308179327e+00
2.305100837721689722e+00
2.305564414825663988e+00
2.306026957272218958e+00
2.306488468617432730e+00
2.306948952322535717e+00
2.307408411755095479e+00
2.307866850190189556e+00
2.308324270811572543e+00
2.308780676712827606e+00
2.309236070898520676e+00
2.309690456285331983e+00
2.310143835703189819e+00
2.310596211896389640e+00
2.311047587524706515e+00
2.311497965164497348e+00
2.311947347309796452e+00
2.312395736373401345e+00
2.312843134687949220e+00
2.313289544506988094e+00
2.313734968006034176e+00
2.314179407283627032e+00
2.314622864362369192e+00
2.315065341189965320e+00
2.315506839640247616e+00
2.315947361514193670e+00
2.316386908540936762e+00
2.316825482378770396e+00
2.317263084616139945e+00
2.317699716772629426e+00
2.318135380299941151e+00
2.318570076582862072e+00
2.319003806940229229e+00
2.319436572625881432e+00
2.319868374829606950e+00
2.320299214678080091e+00
2.320729093235793350e+00
2.321158011505978003e+00
2.321585970431521151e+00
2.322012970895871664e+00
2.322439013723939460e+00
2.322864099682987682e+00
2.323288229483516876e+00
2.323711403780142515e+00
2.324133623172461416e+00
2.324554888205915937e+00
2.324975199372647072e+00
2.325394557112343108e+00
2.325812961813076285e+00
2.326230413812136799e+00
2.326646913396855254e+00
2.327062460805421118e+00
2.327477056227694963e+00
2.327890699806006936e+00
2.328303391635957897e+00
2.328715131767203683e+00
2.329125920204237588e+00
2.329535756907167521e+00
2.329944641792479398e+00
2.330352574733801418e+00
2.330759555562652796e+00
2.331165584069194718e+00
2.331570660002967976e+00
2.331974783073625712e+00
2.332377952951659505e+00
2.332780169269118797e+00
2.333181431620321433e+00
2.333581739562561097e+00
2.333981092616805419e+00
2.334379490268389645e+00
2.334776931967698310e+00
2.335173417130849138e+00
2.335568945140361841e+00
2.335963515345825137e+00
2.336357127064555783e+00
2.336749779582252717e+00
2.337141472153640542e+00
2.337532204003113012e+00
2.337921974325363639e+00
2.338310782286015854e+00
2.338698627022241627e+00
2.339085507643376971e+00
2.339471423231531677e+00
2.339856372842187948e+00
2.340240355504800362e+00
2.340623370223385180e+00
2.341005415977101656e+00
2.341386491720831575e+00
2.341766596385752131e+00
2.342145728879898581e+00
2.342523888088726025e+00
2.342901072875662738e+00
2.343277282082658619e+00
2.343652514530724762e+00
2.344026769020472134e+00
2.344400044332641375e+00
2.344772339228625047e+00
2.345143652450989435e+00
2.345513982723985258e+00
2.345883328754056141e+00
2.346251689230339998e+00
2.346619062825165525e+00
2.346985448194539359e+00
2.347350843978636803e+00
2.347715248802275223e+00
2.348078661275391887e+00
2.348441079993511593e+00
2.348802503538206743e+00
2.349162930477558309e+00
2.349522359366607471e+00
2.349880788747800153e+00
2.350238217151429776e+00
2.350594643096075131e+00
2.350950065089028485e+00
2.351304481626724119e+00
2.351657891195156669e+00
2.352010292270297676e+00
2.352361683318505925e+00
2.352712062796932901e+00
2.353061429153921580e+00
2.353409780829403442e+00
2.353757116255287940e+00
2.354103433855847971e+00
2.354448732048099568e+00
2.354793009242177604e+00
2.355136263841707489e+00
2.355478494244170218e+00
2.355819698841262522e+00
2.356159876019253918e+00
2.356499024159339317e+00
2.356837141637983191e+00
2.357174226827263741e+00
2.357510278095211298e+00
2.357845293806138276e+00
2.358179272320969577e+00
2.358512211997566776e+00
2.358844111191046089e+00
2.359174968254095006e+00
2.359504781537279605e+00
2.359833549389354523e+00
2.360161270157561830e+00
2.360487942187929455e+00
2.360813563825563843e+00
2.361138133414939055e+00
2.361461649300180987e+00
2.361784109825347144e+00
2.362105513334704643e+00
2.362425858172998883e+00
2.362745142685723998e+00
2.363063365219386203e+00
2.363380524121762249e+00
2.363696617742156114e+00
2.364011644431650794e+00
2.364325602543355220e+00
2.364638490432649398e+00
2.364950306457421547e+00
2.365261048978306135e+00
2.365570716358916581e+00
2.365879306966072182e+00
2.366186819170023270e+00
2.366493251344671478e+00
2.366798601867787788e+00
2.367102869121224806e+00
2.367406051491127705e+00
2.367708147368140725e+00
2.368009155147606570e+00
2.368309073229769801e+00
2.368607900019968682e+00
2.368905633928829246e+00
2.369202273372453593e+00
2.369497816772603738e+00
2.369792262556884133e+00
2.370085609158920192e+00
2.370377855018533264e+00
2.370668998581911158e+00
2.370959038301776900e+00
2.371247972637554380e+00
2.371535800055530441e+00
2.371822519029012533e+00
2.372108128038483255e+00
2.372392625571755786e+00
2.372676010124120882e+00
2.372958280198492531e+00
2.373239434305552731e+00
2.373519470963890043e+00
2.373798388700138595e+00
2.374076186049109083e+00
2.374352861553923333e+00
2.374628413766140422e+00
2.374902841245881913e+00
2.375176142561956638e+00
2.375448316291977502e+00
2.375719361022480491e+00
2.375989275349037921e+00
2.376258057876370788e+00
2.376525707218454908e+00
2.376792221998630605e+00
2.377057600849703523e+00
2.377321842414045872e+00
2.377584945343695022e+00
2.377846908300449424e+00
2.378107729955960536e+00
2.378367408991824306e+00
2.378625944099669098e+00
2.378883333981240078e+00
2.379139577348484913e+00
2.379394672923631049e+00
2.379648619439267865e+00
2.379901415638419948e+00
2.380153060274621257e+00
2.380403552111988397e+00
2.380652889925285898e+00
2.380901072499998161e+00
2.381148098632388965e+00
2.381393967129568523e+00
2.381638676809550770e+00
2.381882226501311539e+00
2.382124615044846738e+00
2.382365841291223862e+00
2.382605904102635286e+00
2.382844802352447999e+00
2.383082534925251128e+00
2.383319100716901673e+00
2.383554498634568475e+00
2.383788727596774404e+00
2.384021786533435439e+00
2.384253674385899746e+00
2.384484390106984097e+00
2.384713932661005398e+00
2.384942301023818434e+00
2.385169494182842076e+00
2.385395511137089475e+00
2.385620350897196928e+00
2.385844012485447418e+00
2.386066494935795035e+00
2.386287797293887625e+00
2.386507918617085888e+00
2.386726857974484250e+00
2.386944614446925961e+00
2.387161187127020856e+00
2.387376575119156019e+00
2.387590777539512210e+00
2.387803793516072748e+00
2.388015622188632836e+00
2.388226262708808001e+00
2.388435714240041641e+00
2.388643975957608134e+00
2.388851047048617726e+00
2.389056926712018303e+00
2.389261614158597613e+00
2.389465108610980160e+00
2.389667409303628975e+00
2.389868515482839850e+00
2.390068426406736890e+00
2.390267141345268964e+00
2.390464659580200379e+00
2.390660980405105107e+00
2.390856103125356125e+00
2.391050027058113869e+00
2.391242751532317357e+00
2.391434275888669081e+00
2.391624599479621249e+00
2.391813721669361570e+00
2.392001641833796821e+00
2.392188359360535088e+00
2.392373873648867555e+00
2.392558184109750741e+00
2.392741290165782519e+00
2.392923191251184800e+00
2.393103886811779102e+00
2.393283376304962573e+00
2.393461659199685787e+00
2.393638734976425653e+00
2.393814603127160545e+00
2.393989263155343661e+00
2.394162714575872375e+00
2.394334956915064261e+00
2.394505989710622451e+00
2.394675812511608548e+00
2.394844424878411093e+00
2.395011826382711373e+00
2.395178016607453664e+00
2.395342995146810594e+00
2.395506761606146728e+00
2.395669315601987481e+00
2.395830656761980482e+00
2.395990784724859157e+00
2.396149699140408096e+00
2.396307399669423077e+00
2.396463885983673325e+00
2.396619157765862873e+00
2.396773214709590594e+00
2.396926056519309345e+00
2.397077682910286889e+00
2.397228093608562371e+00
2.397377288350905467e+00
2.397525266884774187e+00
2.397672028968271363e+00
2.397817574370101124e+00
2.397961902869524486e+00
2.398105014256314504e+00
2.398246908330714078e+00
2.398387584903386216e+00
2.398527043795371405e+00
2.398665284838038758e+00
2.398802307873041606e+00
2.398938112752269092e+00
2.399072699337797765e+00
2.399206067501844952e+00
2.399338217126719908e+00
2.399469148104774963e+00
2.399598860338357120e+00
2.399727353739757429e+00
2.399854628231162135e+00
2.399980683744603382e+00
2.400105520221906374e+00
2.400229137614641850e+00
2.400351535884072796e+00
2.400472715001104707e+00
2.400592674946233185e+00
2.400711415709494201e+00
2.400828937290408582e+00
2.400945239697934053e+00
2.401060322950409720e+00
2.401174187075505895e+00
2.401286832110169911e+00
2.401398258100573724e+00
2.401508465102060619e+00
2.401617453179093253e+00
2.401725222405197702e+00
2.401831772862913272e+00
2.401937104643736109e+00
2.402041217848067678e+00
2.402144112585158364e+00
2.402245788973055518e+00
2.402346247138550606e+00
2.402445487217121478e+00
2.402543509352881301e+00
2.402640313698522601e+00
2.402735900415263970e+00
2.402830269672795893e+00
2.402923421649225233e+00
2.403015356531021496e+00
2.403106074512962653e+00
2.403195575798081407e+00
2.403283860597608346e+00
2.403370929130919986e+00
2.403456781625483707e+00
2.403541418316802680e+00
2.403624839448362582e+00
2.403707045271576526e+00
2.403788036045730436e+00
2.403867812037930651e+00
2.403946373523048408e+00
2.404023720783664775e+00
2.404099854110019585e+00
2.404174773799954590e+00
2.404248480158861501e+00
2.404320973499626923e+00
2.404392254142580843e+00
2.404462322415440223e+00
2.404531178653258827e+00
2.404598823198370372e+00
2.404665256400338791e+00
2.404730478615902278e+00
2.404794490208923996e+00
2.404857291550335230e+00
2.404918883018086539e+00
2.404979264997092248e+00
2.405038437879180258e+00
2.405096402063040095e+00
2.405153157954168730e+00
2.405208705964822613e+00
2.405263046513962610e+00
2.405316180027204265e+00
2.405368106936767170e+00
2.405418827681423011e+00
2.405468342706445828e+00
2.405516652463561389e+00
2.405563757410895231e+00
2.405609658012925145e+00
2.405654354740430101e+00
2.405697848070440958e+00
2.405740138486191171e+00
2.405781226477067047e+00
2.405821112538558904e+00
2.405859797172214876e+00
2.405897280885589851e+00
2.405933564192197949e+00
2.405968647611465894e+00
2.406002531668683719e+00
2.406035216894959916e+00
2.406066703827172137e+00
2.406096993007922347e+00
2.406126084985488411e+00
2.406153980313780583e+00
2.406180679552293533e+00
2.406206183266060616e+00
2.406230492025612122e+00
2.406253606406925982e+00
2.406275526991386471e+00
2.406296254365736687e+00
2.406315789122039472e+00
2.406334131857627678e+00
2.406351283175065969e+00
2.406367243682105084e+00
2.406382013991640534e+00
2.406395594721668196e+00
2.406407986495246121e+00
2.406419189940448344e+00
2.406429205690327144e+00
2.406438034382869962e+00
2.406445676660959432e+00
2.406452133172333863e+00
2.406457404569546377e+00
2.406461491509924500e+00
2.406464394655533745e+00
2.406466114673135870e+00
2.406466652234151127e+00
2.406466008014621849e+00
2.406464182695171594e+00
2.406461176960971393e+00
2.406456991501698006e+00
2.406451627011503724e+00
2.406445084188972849e+00
2.406437363737091495e+00
2.406428466363209395e+00
2.406418392779004378e+00
2.406407143700448614e+00
2.406394719847774866e+00
2.406381121945440515e+00
2.406366350722096481e+00
2.406350406910551243e+00
2.406333291247739314e+00
2.406315004474689268e+00
2.406295547336490426e+00
2.406274920582263110e+00
2.406253124965125778e+00
2.406230161242163934e+00
2.406206030174399935e+00
2.406180732526765009e+00
2.406154269068065954e+00
2.406126640570958930e+00
2.406097847811918822e+00
2.406067891571211703e+00
2.406036772632865972e+00
2.406004491784644816e+00
2.405971049818020013e+00
2.405936447528144839e+00
2.405900685713826093e+00
2.405863765177498781e+00
2.405825686725202583e+00
2.405786451166553430e+00
2.405746059314720409e+00
2.405704511986402228e+00
2.405661810001801459e+00
2.405617954184601448e+00
2.405572945361944992e+00
2.405526784364408588e+00
2.405479472025982002e+00
2.405431009184047397e+00
2.405381396679355355e+00
2.405330635356005331e+00
2.405278726061424788e+00
2.405225669646349207e+00
2.405171466964802107e+00
2.405116118874075504e+00
2.405059626234711256e+00
2.405001989910482418e+00
2.404943210768375472e+00
2.404883289678571234e+00
2.404822227514430200e+00
2.404760025152472558e+00
2.404696683472364871e+00
2.404632203356901421e+00
2.404566585691991332e+00
2.404499831366640361e+00
2.404431941272938467e+00
2.404362916306044706e+00
2.404292757364172584e+00
2.404221465348578946e+00
2.404149041163547995e+00
2.404075485716381078e+00
2.404000799917381581e+00
2.403924984679847388e+00
2.403848040920055773e+00
2.403769969557253194e+00
2.403690771513647295e+00
2.403610447714393139e+00
2.403528999087585660e+00
2.403446426564250782e+00
2.403362731078334757e+00
2.403277913566697510e+00
2.403191974969102418e+00
2.403104916228211874e+00
2.403016738289577958e+00
2.402927442101635336e+00
2.402837028615696369e+00
2.402745498785944456e+00
2.402652853569427815e+00
2.402559093926055933e+00
2.402464220818593787e+00
2.402368235212657410e+00
2.402271138076710777e+00
2.402172930382062255e+00
2.402073613102861049e+00
2.401973187216094985e+00
2.401871653701587395e+00
2.401769013541997122e+00
2.401665267722815411e+00
2.401560417232365463e+00
2.401454463061801992e+00
2.401347406205112112e+00
2.401239247659112674e+00
2.401129988423453820e+00
2.401019629500617647e+00
2.400908171895922649e+00
2.400795616617521944e+00
2.400681964676408153e+00
2.400567217086415184e+00
2.400451374864220888e+00
2.400334439029352396e+00
2.400216410604185668e+00
2.400097290613954382e+00
2.399977080086752146e+00
2.399855780053539167e+00
2.399733391548144912e+00
2.399609915607276101e+00
2.399485353270522037e+00
2.399359705580362601e+00
2.399232973582172690e+00
2.399105158324231990e+00
2.398976260857731635e+00
2.398846282236781757e+00
2.398715223518421702e+00
2.398583085762627576e+00
2.398449870032321130e+00
2.398315577393381304e+00
2.398180208914652667e+00
2.398043765667956517e+00
2.397906248728101541e+00
2.397767659172894916e+00
2.397627998083153855e+00
2.397487266542717155e+00
2.397345465638459405e+00
2.397202596460301205e+00
2.397058660101222927e+00
2.396913657657279817e+00
2.396767590227612210e+00
2.396620458914464624e+00
2.396472264823195530e+00
2.396323009062295117e+00
2.396172692743399057e+00
2.396021316981305382e+00
2.395868882893989138e+00
2.395715391602620148e+00
2.395560844231578557e+00
2.395405241908471705e+00
2.395248585764152782e+00
2.395090876932737256e+00
2.394932116551621970e+00
2.394772305761502462e+00
2.394611445706393393e+00
2.394449537533645866e+00
2.394286582393968299e+00
2.394122581441444630e+00
2.393957535833557415e+00
2.393791446731205141e+00
2.393624315298723992e+00
2.393456142703910938e+00
2.393286930118043276e+00
2.393116678715899504e+00
2.392945389675785073e+00
2.392773064179551934e+00
2.392599703412621626e+00
2.392425308564010589e+00
2.392249880826350150e+00
2.392073421395914501e+00
2.391895931472640680e+00
2.391717412260156994e+00
2.391537864965804339e+00
2.391357290800663726e+00
2.391175690979580715e+00
2.390993066721190718e+00
2.390809419247946099e+00
2.390624749786142367e+00
2.390439059565944380e+00
2.390252349821412547e+00
2.390064621790532140e+00
2.389875876715239489e+00
2.389686115841449521e+00
2.389495340419085956e+00
2.389303551702107065e+00
2.389110750948536310e+00
2.388916939420491659e+00
2.388722118384213555e+00
2.388526289110095568e+00
2.388329452872713698e+00
2.388131610950858352e+00
2.387932764627561877e+00
2.387732915190131866e+00
2.387532063930181803e+00
2.387330212143661701e+00
2.387127361130889636e+00
2.386923512196585495e+00
2.386718666649901177e+00
2.386512825804453897e+00
2.386305990978359048e+00
2.386098163494263069e+00
2.385889344679376300e+00
2.385679535865508516e+00
2.385468738389099563e+00
2.385256953591256224e+00
2.385044182817784630e+00
2.384830427419226240e+00
2.384615688750892470e+00
2.384399968172899342e+00
2.384183267050202559e+00
2.383965586752635257e+00
2.383746928654939978e+00
2.383527294136809527e+00
2.383306684582918944e+00
2.383085101382965476e+00
2.382862545931703213e+00
2.382639019628981725e+00
2.382414523879782031e+00
2.382189060094255684e+00
2.381962629687759847e+00
2.381735234080899932e+00
2.381506874699562903e+00
2.381277552974958578e+00
2.381047270343658706e+00
2.380816028247632943e+00
2.380583828134292368e+00
2.380350671456524569e+00
2.380116559672735832e+00
2.379881494246890217e+00
2.379645476648550417e+00
2.379408508352915508e+00
2.379170590840864463e+00
2.378931725598994795e+00
2.378691914119664297e+00
2.378451157901031898e+00
2.378209458447098967e+00
2.377966817267749722e+00
2.377723235878794750e+00
2.377478715802011866e+00
2.377233258565188301e+00
2.376986865702161555e+00
2.376739538752864700e+00
2.376491279263366341e+00
2.376242088785915474e+00
2.375991968878981897e+00
2.375740921107302839e+00
2.375488947041923371e+00
2.375236048260240374e+00
2.374982226346047831e+00
2.374727482889578578e+00
2.374471819487550484e+00
2.374215237743208640e+00
2.373957739266371103e+00
2.373699325673473304e+00
2.373439998587611122e+00
2.373179759638587960e+00
2.372918610462958711e+00
2.372656552704075938e+00
2.372393588012132071e+00
2.372129718044209579e+00
2.371864944464322278e+00
2.371599268943463734e+00
2.371332693159652560e+00
2.371065218797978158e+00
2.370796847550646458e+00
2.370527581117028326e+00
2.370257421203703974e+00
2.369986369524509140e+00
2.369714427800585277e+00
2.369441597760422180e+00
2.369167881139908616e+00
2.368893279682375841e+00
2.368617795138649562e+00
2.368341429267093012e+00
2.368064183833655800e+00
2.367786060611924093e+00
2.367507061383164579e+00
2.367227187936373323e+00
2.366946442068326828e+00
2.366664825583626452e+00
2.366382340294748143e+00
2.366098988022091287e+00
2.365814770594026228e+00
2.365529689846943118e+00
2.365243747625301207e+00
2.364956945781676367e+00
2.364669286176812157e+00
2.364380770679665567e+00
2.364091401167459416e+00
2.363801179525729435e+00
2.363510107648373992e+00
2.363218187437704287e+00
2.362925420804492749e+00
2.362631809668023219e+00
2.362337355956139806e+00
2.362042061605297949e+00
2.361745928560613716e+00
2.361448958775912210e+00
2.361151154213779968e+00
2.360852516845613813e+00
2.360553048651670593e+00
2.360252751621118250e+00
2.359951627752085557e+00
2.359649679051713633e+00
2.359346907536203464e+00
2.359043315230870075e+00
2.358738904170190498e+00
2.358433676397856171e+00
2.358127633966822234e+00
2.357820778939359929e+00
2.357513113387105452e+00
2.357204639391112799e+00
2.356895359041902172e+00
2.356585274439514599e+00
2.356274387693560790e+00
2.355962700923272646e+00
2.355650216257553442e+00
2.355336935835031564e+00
2.355022861804109358e+00
2.354707996323016417e+00
2.354392341559859769e+00
2.354075899692675833e+00
2.353758672909482375e+00
2.353440663408328692e+00
2.353121873397349351e+00
2.352802305094813029e+00
2.352481960729178034e+00
2.352160842539140706e+00
2.351838952773687819e+00
2.351516293692150761e+00
2.351192867564254385e+00
2.350868676670171631e+00
2.350543723300572818e+00
2.350218009756680271e+00
2.349891538350318054e+00
2.349564311403966155e+00
2.349236331250811549e+00
2.348907600234799276e+00
2.348578120710687500e+00
2.348247895044096367e+00
2.347916925611563954e+00
2.347585214800595121e+00
2.347252765009715247e+00
2.346919578648523519e+00
2.346585658137744446e+00
2.346251005909279375e+00
2.345915624406260669e+00
2.345579516083103666e+00
2.345242683405558193e+00
2.344905128850762299e+00
2.344566854907294218e+00
2.344227864075225209e+00
2.343888158866172855e+00
2.343547741803352125e+00
2.343206615421628669e+00
2.342864782267572554e+00
2.342522244899509776e+00
2.342179005887575549e+00
2.341835067813767601e+00
2.341490433271997240e+00
2.341145104868143978e+00
2.340799085220107489e+00
2.340452376957860903e+00
2.340104982723504534e+00
2.339756905171315182e+00
2.339408146967804747e+00
2.339058710791768192e+00
2.338708599334339056e+00
2.338357815299041853e+00
2.338006361401844924e+00
2.337654240371215053e+00
2.337301454948168100e+00
2.336948007886323175e+00
2.336593901951956820e+00
2.336239139924054520e+00
2.335883724594365773e+00
2.335527658767453829e+00
2.335170945260754305e+00
2.334813586904622706e+00
2.334455586542392158e+00
2.334096947030423586e+00
2.333737671238162115e+00
2.333377762048186366e+00
2.333017222356266629e+00
2.332656055071415047e+00
2.332294263115939348e+00
2.331931849425496583e+00
2.331568816949148193e+00
2.331205168649411075e+00
2.330840907502312209e+00
2.330476036497442838e+00
2.330110558638010865e+00
2.329744476940895925e+00
2.329377794436701343e+00
2.329010514169808754e+00
2.328642639198432285e+00
2.328274172594671843e+00
2.327905117444566407e+00
2.327535476848147766e+00
2.327165253919496024e+00
2.326794451786791118e+00
2.326423073592368329e+00
2.326051122492772461e+00
2.325678601658809352e+00
2.325305514275603613e+00
2.324931863542649690e+00
2.324557652673866937e+00
2.324182884897653345e+00
2.323807563456941505e+00
2.323431691609250116e+00
2.323055272626740386e+00
2.322678309796267548e+00
2.322300806419439034e+00
2.321922765812665546e+00
2.321544191307217453e+00
2.321165086249277199e+00
2.320785453999996140e+00
2.320405297935546951e+00
2.320024621447180024e+00
2.319643427941275871e+00
2.319261720839402408e+00
2.318879503578366474e+00
2.318496779610271563e+00
2.318113552402570665e+00
2.317729825438122226e+00
2.317345602215243439e+00
2.316960886247767082e+00
2.316575681065095704e+00
2.316189990212254468e+00
2.315803817249951102e+00
2.315417165754625195e+00
2.315030039318508148e+00
2.314642441549675134e+00
2.314254376072102382e+00
2.313865846525721359e+00
2.313476856566473394e+00
2.313087409866367850e+00
2.312697510113534083e+00
2.312307161012279622e+00
2.311916366283143454e+00
2.311525129662954647e+00
2.311133454904883866e+00
2.310741345778502431e+00
2.310348806069837391e+00
2.309955839581426140e+00
2.309562450132373712e+00
2.309168641558406510e+00
2.308774417711930926e+00
2.308379782462087970e+00
2.307984739694808329e+00
2.307589293312870549e+00
2.307193447235956540e+00
2.306797205400706652e+00
2.306400571760776508e+00
2.306003550286893855e+00
2.305606144966915405e+00
2.305208359805881013e+00
2.304810198826072298e+00
2.304411666067068598e+00
2.304012765585802924e+00
2.303613501456618362e+00
2.303213877771327134e+00
2.302813898639263446e+00
2.302413568187344328e+00
2.302012890560122482e+00
2.301611869919846232e+00
2.301210510446515478e+00
2.300808816337937657e+00
2.300406791809785023e+00
2.300004441095653718e+00
2.299601768447117944e+00
2.299198778133788590e+00
2.298795474443370956e+00
2.298391861681720272e+00
2.297987944172899422e+00
2.297583726259238013e+00
2.297179212301386553e+00
2.296774406678377289e+00
2.296369313787677946e+00
2.295963938045251673e+00
2.295558283885613893e+00
2.295152355761889584e+00
2.294746158145870574e+00
2.294339695528071932e+00
2.293932972417792815e+00
2.293525993343171088e+00
2.293118762851240611e+00
2.292711285507991192e+00
2.292303565898424544e+00
2.291895608626611569e+00
2.291487418315751423e+00
2.291078999608227917e+00
2.290670357165666804e+00
2.290261495668995284e+00
2.289852419818497520e+00
2.289443134333873253e+00
2.289033643954295094e+00
2.288623953438466696e+00
2.288214067564678711e+00
2.287803991130869186e+00
2.287393728954677741e+00
2.286983285873505967e+00
2.286572666744572491e+00
2.286161876444972041e+00
2.285750919871732734e+00
2.285339801941872917e+00
2.284928527592457570e+00
2.284517101780658699e+00
2.284105529483808183e+00
2.283693815699459062e+00
2.283281965445440154e+00
2.282869983759912902e+00
2.282457875701430883e+00
2.282045646348994428e+00
2.281633300802107467e+00
2.281220844180835705e+00
2.280808281625862133e+00
2.280395618298544314e+00
2.279982859380969451e+00
2.279570010076013009e+00
2.279157075607392891e+00
2.278744061219726280e+00
2.278330972178586045e+00
2.277917813770556243e+00
2.277504591303288084e+00
2.277091310105555433e+00
2.276677975527310327e+00
2.276264592939737597e+00
2.275851167735312153e+00
2.275437705327850502e+00
2.275024211152569364e+00
2.274610690666137636e+00
2.274197149346731894e+00
2.273783592694090139e+00
2.273370026229567742e+00
2.272956455496188077e+00
2.272542886058698919e+00
2.272129323503623510e+00
2.271715773439318298e+00
2.271302241496018670e+00
2.270888733325898912e+00
2.270475254603120163e+00
2.270061811023884601e+00
2.269648408306486065e+00
2.269235052191363344e+00
2.268821748441149033e+00
2.268408502840723706e+00
2.267995321197264325e+00
2.267582209340295307e+00
2.267169173121740045e+00
2.266756218415967972e+00
2.266343351119846972e+00
2.265930577152790004e+00
2.265517902456804844e+00
2.265105332996542487e+00
2.264692874759345997e+00
2.264280533755295366e+00
2.263868316017258575e+00
2.263456227600934678e+00
2.263044274584902649e+00
2.262632463070665789e+00
2.262220799182697473e+00
2.261809289068486883e+00
2.261397938898582094e+00
2.260986754866635362e+00
2.260575743189447095e+00
2.260164910107006708e+00
2.259754261882536586e+00
2.259343804802534716e+00
2.258933545176814217e+00
2.258523489338545964e+00
2.258113643644297674e+00
2.257704014474074317e+00
2.257294608231357191e+00
2.256885431343141235e+00
2.256476490259974543e+00
2.256067791455994787e+00
2.255659341428966513e+00
2.255251146700314901e+00
2.254843213815163061e+00
2.254435549342366674e+00
2.254028159874547299e+00
2.253621052028124350e+00
2.253214232443349285e+00
2.252807707784336255e+00
2.252401484739092297e+00
2.251995570019549309e+00
2.251589970361591586e+00
2.251184692525084241e+00
2.250779743293903401e+00
2.250375129475958413e+00
2.249970857903221599e+00
2.249566935431752679e+00
2.249163368941720975e+00
2.248760165337430728e+00
2.248357331547341520e+00
2.247954874524091817e+00
2.247552801244517617e+00
2.247151118709670659e+00
2.246749833944841512e+00
2.246348953999571574e+00
2.245948485947672157e+00
2.245548436887240484e+00
2.245148813940671229e+00
2.244749624254672060e+00
2.244350875000274304e+00
2.243952573372844483e+00
2.243554726592093207e+00
2.243157341902084934e+00
2.242760426571245080e+00
2.242363987892364907e+00
2.241968033182607289e+00
2.241572569783512492e+00
2.241177605060996836e+00
2.240783146405355808e+00
2.240389201231264504e+00
2.239995776977775410e+00
2.239602881108315291e+00
2.239210521110681640e+00
2.238818704497036904e+00
2.238427438803901826e+00
2.238036731592145667e+00
2.237646590446977779e+00
2.237257022977936494e+00
2.236868036818875360e+00
2.236479639627949823e+00
2.236091839087599009e+00
2.235704642904531969e+00
2.235318058809705466e+00
2.234932094558304883e+00
2.234546757929722016e+00
2.234162056727531542e+00
2.233777998779463481e+00
2.233394591937378326e+00
2.233011844077237296e+00
2.232629763099070352e+00
2.232248356926945565e+00
2.231867633508934023e+00
2.231487600817074757e+00
2.231108266847335209e+00
2.230729639619572602e+00
2.230351727177491306e+00
2.229974537588600647e+00
2.229598078944168726e+00
2.229222359359175343e+00
2.228847386972262701e+00
2.228473169945683008e+00
2.228099716465245628e+00
2.227727034740262457e+00
2.227355133003489307e+00
2.226984019511066837e+00
2.226613702542458828e+00
2.226244190400387346e+00
2.225875491410767903e+00
2.225507613922639738e+00
2.225140566308097423e+00
2.224774356962216704e+00
2.224408994302979004e+00
2.224044486771194595e+00
2.223680842830423998e+00
2.223318070966893156e+00
2.222956179689413059e+00
2.222595177529289145e+00
2.222235073040234710e+00
2.221875874798277195e+00
2.221517591401665381e+00
2.221160231470772572e+00
2.220803803647995789e+00
2.220448316597658067e+00
2.220093779005898327e+00
2.219740199580569673e+00
2.219387587051125266e+00
2.219035950168510407e+00
2.218685297705043524e+00
2.218335638454302483e+00
2.217986981231001131e+00
2.217639334870866730e+00
2.217292708230514720e+00
2.216947110187318604e+00
2.216602549639280717e+00
2.216259035504895003e+00
2.215916576723012010e+00
2.215575182252695896e+00
2.215234861073083206e+00
2.214895622183235879e+00
2.214557474601991149e+00
2.214220427367812771e+00
2.213884489538629818e+00
2.213549670191683916e+00
2.213215978423362706e+00
2.212883423349039536e+00
2.212552014102902920e+00
2.212221759837787793e+00
2.211892669724997873e+00
2.211564752954131130e+00
2.211238018732899047e+00
2.210912476286939210e+00
2.210588134859633236e+00
2.210265003711911369e+00
2.209943092122062858e+00
2.209622409385534336e+00
2.209302964814731318e+00
2.208984767738813471e+00
2.208667827503488557e+00
2.208352153470798385e+00
2.208037755018906978e+00
2.207724641541880306e+00
2.207412822449465128e+00
2.207102307166865174e+00
2.206793105134509325e+00
2.206485225807822026e+00
2.206178678656987024e+00
2.205873473166704013e+00
2.205569618835950152e+00
2.205267125177728715e+00
2.204966001718820401e+00
2.204666257999528423e+00
2.204367903573420051e+00
2.204070948007063713e+00
2.203775400879763868e+00
2.203481271783289230e+00
2.203188570321601869e+00
2.202897306110578324e+00
2.202607488777727607e+00
2.202319127961905210e+00
2.202032233313026666e+00
2.201746814491771342e+00
2.201462881169286678e+00
2.201180443026886202e+00
2.200899509755744443e+00
2.200620091056588734e+00
2.200342196639383463e+00
2.200065836223015658e+00
2.199791019534972580e+00
2.199517756311014871e+00
2.199246056294848373e+00
2.198975929237791060e+00
2.198707384898432871e+00
2.198440433042295528e+00
2.198175083441486155e+00
2.197911345874346001e+00
2.197649230125097830e+00
2.197388745983486658e+00
2.197129903244413818e+00
2.196872711707574588e+00
2.196617181177085154e+00
2.196363321461104245e+00
2.196111142371458325e+00
2.195860653723253453e+00
2.195611865334488488e+00
2.195364787025662512e+00
2.195119428619377366e+00
2.194875799939937533e+00
2.194633910812944233e+00
2.194393771064885090e+00
2.194155390522720683e+00
2.193918779013464881e+00
2.193683946363764736e+00
2.193450902399471047e+00
2.193219656945208040e+00
2.192990219823937714e+00
2.192762600856519750e+00
2.192536809861266534e+00
2.192312856653495956e+00
2.192090751045076225e+00
2.191870502843971558e+00
2.191652121853778556e+00
2.191435617873259467e+00
2.191221000695875443e+00
2.191008280109307371e+00
2.190797465894979368e+00
2.190588567827576938e+00
2.190381595674557591e+00
2.190176559195659678e+00
2.189973468142404567e+00
2.189772332257600151e+00
2.189573161274832369e+00
2.189375964917958495e+00
2.189180752900593774e+00
2.188987534925594058e+00
2.188796320684532670e+00
2.188607119857177263e+00
2.188419942110957805e+00
2.188234797100433671e+00
2.188051694466753627e+00
2.187870643837115381e+00
2.187691654824218457e+00
2.187514737025711753e+00
2.187339900023641537e+00
2.187167153383890117e+00
2.186996506655613182e+00
2.186827969370676250e+00
2.186661551043077800e+00
2.186497261168377726e+00
2.186335109223119133e+00
2.186175104664243918e+00
2.186017256928506125e+00
2.185861575431881754e+00
2.185708069568973233e+00
2.185556748712412123e+00
2.185407622212256484e+00
2.185260699395384698e+00
2.185115989564886174e+00
2.184973501999448509e+00
2.184833245952737979e+00
2.184695230652781817e+00
2.184559465301342485e+00
2.184425959073288848e+00
2.184294721115966897e+00
2.184165760548564261e+00
2.184039086461469825e+00
2.183914707915635578e+00
2.183792633941928241e+00
2.183672873540481785e+00
2.183555435680046397e+00
2.183440329297334337e+00
2.183327563296359131e+00
2.183217146547776988e+00
2.183109087888220223e+00
2.183003396119631567e+00
2.182900080008593147e+00
2.182799148285652802e+00
2.182700609644648182e+00
2.182604472742027291e+00
2.182510746196168139e+00
2.182419438586691296e+00
2.182330558453774660e+00
2.182244114297464677e+00
2.182160114576980892e+00
2.182078567710023176e+00
2.181999482072073171e+00
2.181922865995695293e+00
2.181848727769834628e+00
2.181777075639112162e+00
2.181707917803118679e+00
2.181641262415705995e+00
2.181577117584276859e+00
2.181515491369069970e+00
2.181456391782448101e+00
2.181399826788182228e+00
2.181345804300728553e+00
2.181294332184515294e+00
2.181245418253214385e+00
2.181199070269024265e+00
2.181155295941941574e+00
2.181114102929036402e+00
2.181075498833723980e+00
2.181039491205039482e+00
2.181006087536902616e+00
2.180975295267392422e+00
2.180947121778011866e+00
2.180921574392956863e+00
2.180898660378379983e+00
2.180878386941660807e+00
2.180860761230666522e+00
2.180845790333018286e+00
2.180833481275353591e+00
2.180823841022592635e+00
2.180816876477197130e+00
2.180812594478437116e+00
2.180811001801652438e+00
2.180812105157513336e+00
2.180815911191285927e+00
2.180822426482093235e+00
2.180831657542179336e+00
2.180843610816172173e+00
2.180858292680347255e+00
2.180875709441891797e+00
2.180895867338169314e+00
2.180918772535986427e+00
2.180944431130858341e+00
2.180972849146276538e+00
2.181004032532976034e+00
2.181037987168206183e+00
2.181074718854998817e+00
2.181114233321443940e+00
2.181156536219959641e+00
2.181201633126569561e+00
2.181249529540176813e+00
2.181300230881842772e+00
2.181353742494068548e+00
2.181410069640076443e+00
2.181469217503091862e+00
2.181531191185632323e+00
2.181595995708793811e+00
2.181663636011543339e+00
2.181734116950008850e+00
2.181807443296779336e+00
2.181883619740200952e+00
2.181962650883676691e+00
2.182044541244975822e+00
2.182129295255535784e+00
2.182216917259776068e+00
2.182307411514408990e+00
2.182400782187759791e+00
2.182497033359085847e+00
2.182596169017899879e+00
2.182698193063298930e+00
2.182803109303295575e+00
2.182910921454155329e+00
2.183021633139732742e+00
2.183135247890818142e+00
2.183251769144484822e+00
2.183371200243442001e+00
2.183493544435390898e+00
2.183618804872386576e+00
2.183746984610206443e+00
2.183878086607717428e+00
2.184012113726256921e+00
2.184149068729010601e+00
2.184288954280400041e+00
2.184431772945476524e+00
2.184577527189314416e+00
2.184726219376418310e+00
2.184877851770128387e+00
2.185032426532035554e+00
2.185189945721403681e+00
2.185350411294591844e+00
2.185513825104491659e+00
2.185680188899961518e+00
2.185849504325273696e+00
2.186021772919565453e+00
2.186196996116296809e+00
2.186375175242717184e+00
2.186556311519334272e+00
2.186740406059392239e+00
2.186927459868360568e+00
2.187117473843423365e+00
2.187310448772981530e+00
2.187506385336158043e+00
2.187705284102314796e+00
2.187907145530573416e+00
2.188111969969343651e+00
2.188319757655867281e+00
2.188530508715757161e+00
2.188744223162554015e+00
2.188960900897288120e+00
2.189180541708048988e+00
2.189403145269563478e+00
2.189628711142784123e+00
2.189857238774483239e+00
2.190088727496856347e+00
2.190323176527136706e+00
2.190560584967215174e+00
2.190800951803270724e+00
2.191044275905412508e+00
2.191290556027325032e+00
2.191539790805928867e+00
2.191791978761046256e+00
2.192047118295077812e+00
2.192305207692687663e+00
2.192566245120502355e+00
2.192830228626813760e+00
2.193097156141293524e+00
2.193367025474720400e+00
2.193639834318712900e+00
2.193915580245476615e+00
2.194194260707555522e+00
2.194475873037601499e+00
2.194760414448147845e+00
2.195047882031395226e+00
2.195338272759007836e+00
2.195631583481918447e+00
2.195927810930149437e+00
2.196226951712639153e+00
2.196529002317079815e+00
2.196833959109767864e+00
2.197141818335464070e+00
2.197452576117263856e+00
2.197766228456480953e+00
2.198082771232541255e+00
2.198402200202885126e+00
2.198724511002884796e+00
2.199049699145771530e+00
2.199377760022570349e+00
2.199708688902052511e+00
2.200042480930696875e+00
2.200379131132660149e+00
2.200718634409761343e+00
2.201060985541479553e+00
2.201406179184954848e+00
2.201754209875011803e+00
2.202105072024189258e+00
2.202458759922780729e+00
2.202815267738889027e+00
2.203174589518490656e+00
2.203536719185512638e+00
2.203901650541923996e+00
2.204269377267833896e+00
2.204639892921607114e+00
2.205013190939985712e+00
2.205389264638229818e+00
2.205768107210260176e+00
2.206149711728825569e+00
2.206534071145670683e+00
2.206921178291723074e+00
2.207311025877288557e+00
2.207703606492260828e+00
2.208098912606341724e+00
2.208496936569273927e+00
2.208897670611085662e+00
2.209301106842349149e+00
2.209707237254447509e+00
2.210116053719857199e+00
2.210527547992440667e+00
2.210941711707749224e+00
2.211358536383345452e+00
2.211778013419126054e+00
2.212200134097668691e+00
2.212624889584581478e+00
2.213052270928868914e+00
2.213482269063309360e+00
2.213914874804843613e+00
2.214350078854976811e+00
2.214787871800189212e+00
2.215228244112363409e+00
2.215671186149218208e+00
2.216116688154757153e+00
2.216564740259730382e+00
2.217015332482104473e+00
2.217468454727546057e+00
2.217924096789918753e+00
2.218382248351785435e+00
2.218842898984928702e+00
2.219306038150880234e+00
2.219771655201463023e+00
2.220239739379341160e+00
2.220710279818584709e+00
2.221183265545244367e+00
2.221658685477935880e+00
2.222136528428440005e+00
2.222616783102309146e+00
2.223099438099486402e+00
2.223584481914936628e+00
2.224071902939286360e+00
2.224561689459475744e+00
2.225053829659420224e+00
2.225548311620686448e+00
2.226045123323173058e+00
2.226544252645806132e+00
2.227045687367243509e+00
2.227549415166589331e+00
2.228055423624118347e+00
2.228563700222012223e+00
2.229074232345105155e+00
2.229587007281637501e+00
2.230102012224020935e+00
2.230619234269614726e+00
2.231138660421507325e+00
2.231660277589311292e+00
2.232184072589970203e+00
2.232710032148566004e+00
2.233238142899142353e+00
2.233768391385538621e+00
2.234300764062225220e+00
2.234835247295156702e+00
2.235371827362626629e+00
2.235910490456136213e+00
2.236451222681267836e+00
2.236994010058568794e+00
2.237538838524441687e+00
2.238085693932047260e+00
2.238634562052209898e+00
2.239185428574334669e+00
2.239738279107331476e+00
2.240293099180545422e+00
2.240849874244696505e+00
2.241408589672825968e+00
2.241969230761250653e+00
2.242531782730523116e+00
2.243096230726400631e+00
2.243662559820819968e+00
2.244230755012878387e+00
2.244800801229821730e+00
2.245372683328041852e+00
2.245946386094075820e+00
2.246521894245613105e+00
2.247099192432512105e+00
2.247678265237814443e+00
2.248259097178774812e+00
2.248841672707891259e+00
2.249425976213940359e+00
2.250011992023019491e+00
2.250599704399594447e+00
2.251189097547551921e+00
2.251780155611254219e+00
2.252372862676605081e+00
2.252967202772113264e+00
2.253563159869964139e+00
2.254160717887096155e+00
2.254759860686277761e+00
2.255360572077193648e+00
2.255962835817530099e+00
2.256566635614068783e+00
2.257171955123778329e+00
2.257778777954913441e+00
2.258387087668117132e+00
2.258996867777524731e+00
2.259608101751870546e+00
2.260220773015598539e+00
2.260834864949976986e+00
2.261450360894209144e+00
2.262067244146556799e+00
2.262685497965454040e+00
2.263305105570634801e+00
2.263926050144252855e+00
2.264548314832007581e+00
2.265171882744273280e+00
2.265796736957224944e+00
2.266422860513968018e+00
2.267050236425671272e+00
2.267678847672697451e+00
2.268308677205733481e+00
2.268939707946926898e+00
2.269571922791017826e+00
2.270205304606470964e+00
2.270839836236613785e+00
2.271475500500767186e+00
2.272112280195380141e+00
2.272750158095163453e+00
2.273389116954223077e+00
2.274029139507192543e+00
2.274670208470364496e+00
2.275312306542821794e+00
2.275955416407568155e+00
2.276599520732653925e+00
2.277244602172307175e+00
2.277890643368057688e+00
2.278537626949859618e+00
2.279185535537217699e+00
2.279834351740303688e+00
2.280484058161077687e+00
2.281134637394402365e+00
2.281786072029158507e+00
2.282438344649355244e+00
2.283091437835238047e+00
2.283745334164396734e+00
2.284400016212866813e+00
2.285055466556230375e+00
2.285711667770711664e+00
2.286368602434272201e+00
2.287026253127699249e+00
2.287684602435693382e+00
2.288343632947950290e+00
2.289003327260239029e+00
2.289663667975478933e+00
2.290324637704808541e+00
2.290986219068652296e+00
2.291648394697784141e+00
2.292311147234383117e+00
2.292974459333086745e+00
2.293638313662040407e+00
2.294302692903940510e+00
2.294967579757071885e+00
2.295632956936342950e+00
2.296298807174311118e+00
2.296965113222208199e+00
2.297631857850956472e+00
2.298299023852180767e+00
2.298966594039216105e+00
2.299634551248105563e+00
2.300302878338595480e+00
2.300971558195125777e+00
2.301640573727810946e+00
2.302309907873415717e+00
2.302979543596328060e+00
2.303649463889517968e+00
2.304319651775499356e+00
2.304990090307277750e+00
2.305660762569294420e+00
2.306331651678366068e+00
2.307002740784610317e+00
2.307674013072373409e+00
2.308345451761144584e+00
2.309017040106465579e+00
2.309688761400830348e+00
2.310360598974583457e+00
2.311032536196806042e+00
2.311704556476193773e+00
2.312376643261930820e+00
2.313048780044553165e+00
2.313720950356807471e+00
2.314393137774498843e+00
2.315065325917333272e+00
2.315737498449748966e+00
2.316409639081745020e+00
2.317081731569695879e+00
2.317753759717162243e+00
2.318425707375691758e+00
2.319097558445613494e+00
2.319769296876821318e+00
2.320440906669549719e+00
2.321112371875142522e+00
2.321783676596813173e+00
2.322454804990393917e+00
2.323125741265080979e+00
2.323796469684167754e+00
2.324466974565766009e+00
2.325137240283529305e+00
2.325807251267355991e+00
2.326476992004089528e+00
2.327146447038209054e+00
2.327815600972512389e+00
2.328484438468785722e+00
2.329152944248468859e+00
2.329821103093308032e+00
2.330488899846005157e+00
2.331156319410852884e+00
2.331823346754360760e+00
2.332489966905876067e+00
2.333156164958191336e+00
2.333821926068146535e+00
2.334487235457218812e+00
2.335152078412106480e+00
2.335816440285300111e+00
2.336480306495647863e+00
2.337143662528907928e+00
2.337806493938296537e+00
2.338468786345020867e+00
2.339130525438810171e+00
2.339791696978430036e+00
2.340452286792192194e+00
2.341112280778452792e+00
2.341771664906103556e+00
2.342430425215050960e+00
2.343088547816688294e+00
2.343746018894359295e+00
2.344402824703808008e+00
2.345058951573625539e+00
2.345714385905681265e+00
2.346369114175550497e+00
2.347023122932929695e+00
2.347676398802041930e+00
2.348328928482037448e+00
2.348980698747377804e+00
2.349631696448218232e+00
2.350281908510775786e+00
2.350931321937691276e+00
2.351579923808380546e+00
2.352227701279376859e+00
2.352874641584665749e+00
2.353520732036005647e+00
2.354165960023246740e+00
2.354810313014636947e+00
2.355453778557119016e+00
2.356096344276617849e+00
2.356737997878321167e+00
2.357378727146948627e+00
2.358018519947014724e+00
2.358657364223081476e+00
2.359295248000002676e+00
2.359932159383160144e+00
2.360568086558686218e+00
2.361203017793684911e+00
2.361836941436440629e+00
2.362469845916618461e+00
2.363101719745456464e+00
2.363732551515947744e+00
2.364362329903016313e+00
2.364991043663684067e+00
2.365618681637226661e+00
2.366245232745324945e+00
2.366870685992206180e+00
2.367495030464776828e+00
2.368118255332746003e+00
2.368740349848744042e+00
2.369361303348429981e+00
2.369981105250590581e+00
2.370599745057235364e+00
2.371217212353680104e+00
2.371833496808620545e+00
2.372448588174203898e+00
2.373062476286089684e+00
2.373675151063499911e+00
2.374286602509266153e+00
2.374896820709868184e+00
2.375505795835462841e+00
2.376113518139905345e+00
2.376719977960761732e+00
2.377325165719323063e+00
2.377929071920600546e+00
2.378531687153320195e+00
2.379133002089908189e+00
2.379733007486468654e+00
2.380331694182754365e+00
2.380929053102132986e+00
2.381525075251541335e+00
2.382119751721437861e+00
2.382713073685744476e+00
2.383305032401784818e+00
2.383895619210210981e+00
2.384484825534931129e+00
2.385072642883020677e+00
2.385659062844637024e+00
2.386244077092918747e+00
2.386827677383885682e+00
2.387409855556328342e+00
2.387990603531692013e+00
2.388569913313955517e+00
2.389147776989502869e+00
2.389724186726988719e+00
2.390299134777199797e+00
2.390872613472905694e+00
2.391444615228710546e+00
2.392015132540892264e+00
2.392584157987241777e+00
2.393151684226891618e+00
2.393717704000141389e+00
2.394282210128278354e+00
2.394845195513391811e+00
2.395406653138179909e+00
2.395966576065756470e+00
2.396524957439444936e+00
2.397081790482575414e+00
2.397637068498270185e+00
2.398190784869226988e+00
2.398742933057497417e+00
2.399293506604260440e+00
2.399842499129587914e+00
2.400389904332211444e+00
2.400935715989278574e+00
2.401479927956108540e+00
2.402022534165939582e+00
2.402563528629677592e+00
2.403102905435631431e+00
2.403640658749255365e+00
2.404176782812875057e+00
2.404711271945420670e+00
2.405244120542146202e+00
2.405775323074351491e+00
2.406304874089096657e+00
2.406832768208915230e+00
2.407359000131519711e+00
2.407883564629506701e+00
2.408406456550058916e+00
2.408927670814638766e+00
2.409447202418682821e+00
2.409965046431291391e+00
2.410481197994913671e+00
2.410995652325032879e+00
2.411508404709841624e+00
2.412019450509922169e+00
2.412528785157915578e+00
2.413036404158194870e+00
2.413542303086528840e+00
2.414046477589748552e+00
2.414548923385406276e+00
2.415049636261433541e+00
2.415548612075797408e+00
2.416045846756152748e+00
2.416541336299491416e+00
2.417035076771789637e+00
2.417527064307652740e+00
2.418017295109958553e+00
2.418505765449495026e+00
2.418992471664599186e+00
2.419477410160793429e+00
2.419960577410415148e+00
2.420441969952250805e+00
2.420921584391163339e+00
2.421399417397719578e+00
2.421875465707812758e+00
2.422349726122289049e+00
2.422822195506565190e+00
2.423292870790250131e+00
2.423761748966759999e+00
2.424228827092936189e+00
2.424694102288659003e+00
2.425157571736458628e+00
2.425619232681128778e+00
2.426079082429333678e+00
2.426537118349219035e+00
2.426993337870016809e+00
2.427447738481650408e+00
2.427900317734343005e+00
2.428351073238216085e+00
2.428800002662894642e+00
2.429247103737106173e+00
2.429692374248282771e+00
2.430135812042159227e+00
2.430577415022370236e+00
2.431017181150049389e+00
2.431455108443425939e+00
2.431891194977417570e+00
2.432325438883230273e+00
2.432757838347948010e+00
2.433188391614129920e+00
2.433617096979400873e+00
2.434043952796048682e+00
2.434468957470610206e+00
2.434892109463468124e+00
2.435313407288440590e+00
2.435732849512372677e+00
2.436150434754727812e+00
2.436566161687177434e+00
2.436980029033192885e+00
2.437392035567633730e+00
2.437802180116341422e+00
2.438210461555725850e+00
2.438616878812358557e+00
2.439021430862560624e+00
2.439424116731994996e+00
2.439824935495255698e+00
2.440223886275458387e+00
2.440620968243833122e+00
2.441016180619312248e+00
2.441409522668125387e+00
2.441800993703386879e+00
2.442190593084692107e+00
2.442578320217705379e+00
2.442964174553758472e+00
2.443348155589438075e+00
2.443730262866183001e+00
2.444110495969876951e+00
2.444488854530444844e+00
2.444865338221447804e+00
2.445239946759678151e+00
2.445612679904757503e+00
2.445983537458733537e+00
2.446352519265678982e+00
2.446719625211290161e+00
2.447084855222486866e+00
2.447448209267012231e+00
2.447809687353036168e+00
2.448169289528756121e+00
2.448527015882000502e+00
2.448882866539834335e+00
2.449236841668162246e+00
2.449588941471337655e+00
2.449939166191767104e+00
2.450287516109520780e+00
2.450633991541941281e+00
2.450978592843254145e+00
2.451321320404178827e+00
2.451662174651543236e+00
2.452001156047897368e+00
2.452338265091126956e+00
2.452673502314072884e+00
2.453006868284145714e+00
2.453338363602948213e+00
2.453667988905892994e+00
2.453995744861825479e+00
2.454321632172648648e+00
2.454645651572943787e+00
2.454967803829599227e+00
2.455288089741436419e+00
2.455606510138840015e+00
2.455923065883387046e+00
2.456237757867477445e+00
2.456550587013971221e+00
2.456861554275818094e+00
2.457170660635696890e+00
2.457477907105654058e+00
2.457783294726739509e+00
2.458086824568650908e+00
2.458388497729375288e+00
2.458688315334831120e+00
2.458986278538517922e+00
2.459282388521160101e+00
2.459576646490359231e+00
2.459869053680241446e+00
2.460159611351113274e+00
2.460448320789113019e+00
2.460735183305868379e+00
2.461020200238154487e+00
2.461303372947550194e+00
2.461584702820103221e+00
2.461864191265989987e+00
2.462141839719182990e+00
2.462417649637114181e+00
2.462691622500345456e+00
2.462963759812238251e+00
2.463234063098624027e+00
2.463502533907480974e+00
2.463769173808606716e+00
2.464033984393296350e+00
2.464296967274023142e+00
2.464558124084117896e+00
2.464817456477452318e+00
2.465074966128125933e+00
2.465330654730149451e+00
2.465584523997135236e+00
2.465836575661988661e+00
2.466086811476598584e+00
2.466335233211533584e+00
2.466581842655737766e+00
2.466826641616227000e+00
2.467069631917793160e+00
2.467310815402701252e+00
2.467550193930398095e+00
2.467787769377215223e+00
2.468023543636077122e+00
2.468257518616213453e+00
2.468489696242867737e+00
2.468720078457012690e+00
2.468948667215067339e+00
2.469175464488610583e+00
2.469400472264106305e+00
2.469623692542620930e+00
2.469845127339547641e+00
2.470064778684334161e+00
2.470282648620207855e+00
2.470498739203907057e+00
2.470713052505410623e+00
2.470925590607673694e+00
2.471136355606362578e+00
2.471345349609589626e+00
2.471552574737656993e+00
2.471758033122794185e+00
2.471961726908903589e+00
2.472163658251306018e+00
2.472363829316486239e+00
2.472562242281844735e+00
2.472758899335445903e+00
2.472953802675774693e+00
2.473146954511489692e+00
2.473338357061180659e+00
2.473528012553128264e+00
2.473715923225065172e+00
2.473902091323938457e+00
2.474086519105675119e+00
2.474269208834949385e+00
2.474450162784951779e+00
2.474629383237158198e+00
2.474806872481106090e+00
2.474982632814166195e+00
2.475156666541322270e+00
2.475328975974947276e+00
2.475499563434584438e+00
2.475668431246730972e+00
2.475835581744622260e+00
2.476001017268017801e+00
2.476164740162989375e+00
2.476326752781711882e+00
2.476487057482255949e+00
2.476645656628382319e+00
2.476802552589334461e+00
2.476957747739641391e+00
2.477111244458913841e+00
2.477263045131647079e+00
2.477413152147025954e+00
2.477561567898727279e+00
2.477708294784729759e+00
2.477853335207122143e+00
2.477996691571913157e+00
2.478138366288847205e+00
2.478278361771216076e+00
2.478416680435676867e+00
2.478553324702070793e+00
2.478688296993242890e+00
2.478821599734863046e+00
2.478953235355251472e+00
2.479083206285204621e+00
2.479211514957820217e+00
2.479338163808328055e+00
2.479463155273922581e+00
2.479586491793592806e+00
2.479708175807958437e+00
2.479828209759105118e+00
2.479946596090425448e+00
2.480063337246455113e+00
2.480178435672717452e+00
2.480291893815564030e+00
2.480403714122022318e+00
2.480513899039641146e+00
2.480622451016340158e+00
2.480729372500257490e+00
2.480834665939605443e+00
2.480938333782520377e+00
2.481040378476921493e+00
2.481140802470365170e+00
2.481239608209905079e+00
2.481336798141951405e+00
2.481432374712133626e+00
2.481526340365162842e+00
2.481618697544699437e+00
2.481709448693218079e+00
2.481798596251875377e+00
2.481886142660382877e+00
2.481972090356875604e+00
2.482056441777787725e+00
2.482139199357725534e+00
2.482220365529346218e+00
2.482299942723233066e+00
2.482377933367776901e+00
2.482454339889057504e+00
2.482529164710724601e+00
2.482602410253883729e+00
2.482674078936980777e+00
2.482744173175690072e+00
2.482812695382803803e+00
2.482879647968119219e+00
2.482945033338335161e+00
2.483008853896940593e+00
2.483071112044112461e+00
2.483131810176611332e+00
2.483190950687677923e+00
2.483248535966933179e+00
2.483304568400278800e+00
2.483359050369799093e+00
2.483411984253664606e+00
2.483463372426036653e+00
2.483513217256973604e+00
2.483561521112338522e+00
2.483608286353708117e+00
2.483653515338284379e+00
2.483697210418805312e+00
2.483739373943458340e+00
2.483780008255793703e+00
2.483819115694642754e+00
2.483856698594032686e+00
2.483892759283107932e+00
2.483927300086046674e+00
2.483960323321985353e+00
2.483991831304938724e+00
2.484021826343725259e+00
2.484050310741890755e+00
2.484077286797636841e+00
2.484102756803746814e+00
2.484126723047515473e+00
2.484149187810678949e+00
2.484170153369346767e+00
2.484189621993933450e+00
2.484207595949093239e+00
2.484224077493655702e+00
2.484239068880561341e+00
2.484252572356798971e+00
2.484264590163345332e+00
2.484275124535104684e+00
2.484284177700849749e+00
2.484291751883165311e+00
2.484297849298388705e+00
2.484302472156559194e+00
2.484305622661358903e+00
2.484307303010063084e+00
2.484307515393486820e+00
2.484306261995936183e+00
2.484303544995154489e+00
2.484299366562278344e+00
2.484293728861788342e+00
2.484286634051461995e+00
2.484278084282329768e+00
2.484268081698629338e+00
2.484256628437766068e+00
2.484243726630266380e+00
2.484229378399740895e+00
2.484213585862841356e+00
2.484196351129224212e+00
2.484177676301511095e+00
2.484157563475254626e+00
2.484136014738899334e+00
2.484113032173749236e+00
2.484088617853933201e+00
2.484062773846373418e+00
2.484035502210750757e+00
2.484006804999478568e+00
2.483976684257670708e+00
2.483945142023111341e+00
2.483912180326228292e+00
2.483877801190068624e+00
2.483842006630269328e+00
2.483804798655032897e+00
2.483766179265106455e+00
2.483726150453754666e+00
2.483684714206739752e+00
2.483641872502301062e+00
2.483597627311132872e+00
2.483551980596365727e+00
2.483504934313550017e+00
2.483456490410634654e+00
2.483406650827952866e+00
2.483355417498206208e+00
2.483302792346449905e+00
2.483248777290076870e+00
2.483193374238807039e+00
2.483136585094673165e+00
2.483078411752011050e+00
2.483018856097447102e+00
2.482957920009889463e+00
2.482895605360520008e+00
2.482831914012783692e+00
2.482766847822383216e+00
