3.559690120243436695e+01
3.551618238318631882e+01
3.543780215019266677e+01
3.536171906187244929e+01
3.528789161507732786e+01
3.521627824988929945e+01
3.514683736508899869e+01
3.507952734043660570e+01
3.501430656326520818e+01
3.495113345771321178e+01
3.488996651544619709e+01
3.483076432705949088e+01
3.477348561358262202e+01
3.471808925766477216e+01
3.466453433413217766e+01
3.461278013968934175e+01
3.456278622159531722e+01
3.451451240519145358e+01
3.446791882019103781e+01
3.442296592566795965e+01
3.437961453370286335e+01
3.433782583166117064e+01
3.429756140309213919e+01
3.425878324724811108e+01
3.422145379723242797e+01
3.418553593679204994e+01
3.415099301577674851e+01
3.411778886429173241e+01
3.408588780557521147e+01
3.405525466763457132e+01
3.402585479367988341e+01
3.399765405139164187e+01
3.397061884106547325e+01
3.394471610267562056e+01
3.391991332190007569e+01
3.389617853515122192e+01
3.387348033365556432e+01
3.385178786662692119e+01
3.383107084357676086e+01
3.381129953580487779e+01
3.379244477711395689e+01
3.377447796378960732e+01
3.375737105388783732e+01
3.374109656587061323e+01
3.372562757662870325e+01
3.371093771893104218e+01
3.369700117833772879e+01
3.368379268961303552e+01
3.367128753267388674e+01
3.365946152810737857e+01
3.364829103229038054e+01
3.363775293214250439e+01
3.362782463954261658e+01
3.361848408543811217e+01
3.360970971367423488e+01
3.360148047457027332e+01
3.359377581826765891e+01
3.358657568787398873e+01
3.357986051242595238e+01
3.357361119969266383e+01
3.356780912884008927e+01
3.356243614297586930e+01
3.355747454159304510e+01
3.355290707292983399e+01
3.354871692626195312e+01
3.354488772414264020e+01
3.354140351460492298e+01
3.353824876333947458e+01
3.353540834586078034e+01
3.353286753967327627e+01
3.353061201644855771e+01
3.352862783422373383e+01
3.352690142963039932e+01
3.352541961016309102e+01
3.352416954649520875e+01
3.352313876484975452e+01
3.352231513943210928e+01
3.352168688493051718e+01
3.352124254909063694e+01
3.352097100536877150e+01
3.352086144566898440e+01
3.352090337316788293e+01
3.352108659523125311e+01
3.352140121642572268e+01
3.352183763162847185e+01
3.352238651923763513e+01
3.352303883448579569e+01
3.352378580285831333e+01
3.352461891361832613e+01
3.352552991343975464e+01
3.352651080014938856e+01
3.352755381657890865e+01
3.352865144452761825e+01
3.352979639883604790e+01
3.353098162157098727e+01
3.353220027632170286e+01
3.353344574260740529e+01
3.353471161039463766e+01
3.353599167472721376e+01
3.353727993046402389e+01
3.353857056712671181e+01
3.353985796385580898e+01
3.354113668447416075e+01
3.354240147265688421e+01
3.354364724720651481e+01
3.354486909743256717e+01
3.354606227863397550e+01
3.354722220768324092e+01
3.354834445871076554e+01
3.354942475888837095e+01
3.355045898431015416e+01
3.355144315596946569e+01
3.355237343583028320e+01
3.355324612299177289e+01
3.355405764994416984e+01
3.355480457891456325e+01
3.355548359830100935e+01
3.355609151919325228e+01
3.355662527197869593e+01
3.355708190303174376e+01
3.355745857148503575e+01
3.355775254608100511e+01
3.355796120210214184e+01
3.355808201837828619e+01
3.355811257436939599e+01
3.355805054732230275e+01
3.355789370949984374e+01
3.355763992548074270e+01
3.355728714952874014e+01
3.355683342302953065e+01
3.355627687199398679e+01
3.355561570462604237e+01
3.355484820895388509e+01
3.355397275052310135e+01
3.355298777015013201e+01
3.355189178173483100e+01
3.355068337013057089e+01
3.354936118907070153e+01
3.354792395914992653e+01
3.354637046585929028e+01
3.354469955767346789e+01
3.354291014418918593e+01
3.354100119431338811e+01
3.353897173450004487e+01
3.353682084703431343e+01
3.353454766836291867e+01
3.353215138746966062e+01
3.352963124429482633e+01
3.352698652819730540e+01
3.352421657645871278e+01
3.352132077282800537e+01
3.351829854610578252e+01
3.351514936876727546e+01
3.351187275562297430e+01
3.350846826251591892e+01
3.350493548505472319e+01
3.350127405738138009e+01
3.349748365097303804e+01
3.349356397347677472e+01
3.348951476757640933e+01
3.348533580989081315e+01
3.348102690990256036e+01
3.347658790891635761e+01
3.347201867904630035e+01
3.346731912223131644e+01
3.346248916927798689e+01
3.345752877893001909e+01
3.345243793696371881e+01
3.344721665530860832e+01
3.344186497119276424e+01
3.343638294631202257e+01
3.343077066602242553e+01
3.342502823855540584e+01
3.341915579425496219e+01
3.341315348483635006e+01
3.340702148266557714e+01
3.340075998005925584e+01
3.339436918860423020e+01
3.338784933849640169e+01
3.338120067789824930e+01
3.337442347231463202e+01
3.336751800398618428e+01
3.336048457130003442e+01
3.335332348821715698e+01
3.334603508371619540e+01
3.333861970125295215e+01
3.333107769823549660e+01
3.332340944551403084e+01
3.331561532688557747e+01
3.330769573861271482e+01
3.329965108895618897e+01
3.329148179772088412e+01
3.328318829581488814e+01
3.327477102482126980e+01
3.326623043658218393e+01
3.325756699279494200e+01
3.324878116461987787e+01
3.323987343229943292e+01
3.323084428478836827e+01
3.322169421939474887e+01
3.321242374143130149e+01
3.320303336387691928e+01
3.319352360704816363e+01
3.318389499828020917e+01
3.317414807161726031e+01
3.316428336751197747e+01
3.315430143253379924e+01
3.314420281908576982e+01
3.313398808512977922e+01
3.312365779391986109e+01
3.311321251374353380e+01
3.310265281767059520e+01
3.309197928330958405e+01
3.308119249257133987e+01
3.307029303143978183e+01
3.305928148974940228e+01
3.304815846096950338e+01
3.303692454199491380e+01
3.302558033294301509e+01
3.301412643695685745e+01
3.300256346001430785e+01
3.299089201074296795e+01
3.297911270024071939e+01
3.296722614190164080e+01
3.295523295124737473e+01
3.294313374576373832e+01
3.293092914474237176e+01
3.291861976912692711e+01
3.290620624136451511e+01
3.289368918526138685e+01
3.288106922584338321e+01
3.286834698922051956e+01
3.285552310245608965e+01
3.284259819343960629e+01
3.282957289076399121e+01
3.281644782360654489e+01
3.280322362161379601e+01
3.278990091478989655e+01
3.277648033338884659e+01
3.276296250780987407e+01
3.274934806849655189e+01
3.273563764583893487e+01
3.272183187007905047e+01
3.270793137121943062e+01
3.269393677893472727e+01
3.267984872248620576e+01
3.266566783063911572e+01
3.265139473158286165e+01
3.263703005285385217e+01
3.262257442126095697e+01
3.260802846281358569e+01
3.259339280265210448e+01
3.257866806498083889e+01
3.256385487300321557e+01
3.254895384885938370e+01
3.253396561356586858e+01
3.251889078695752033e+01
3.250372998763140231e+01
3.248848383289283959e+01
3.247315293870333619e+01
3.245773791963049604e+01
3.244223938879967761e+01
3.242665795784763105e+01
3.241099423687770553e+01
3.239524883441688274e+01
3.237942235737443752e+01
3.236351541100217588e+01
3.234752859885626464e+01
3.233146252276059585e+01
3.231531778277157940e+01
3.229909497714440647e+01
3.228279470230064874e+01
3.226641755279733559e+01
3.224996412129716106e+01
3.223343499854012606e+01
3.221683077331629619e+01
3.220015203243985269e+01
3.218339936072428031e+01
3.216657334095863519e+01
3.214967455388499218e+01
3.213270357817692968e+01
3.211566099041898070e+01
3.209854736508726347e+01
3.208136327453086523e+01
3.206410928895433443e+01
3.204678597640106119e+01
3.202939390273750320e+01
3.201193363163827854e+01
3.199440572457222487e+01
3.197681074078905894e+01
3.195914923730700608e+01
3.194142176890112239e+01
3.192362888809236310e+01
3.190577114513737911e+01
3.188784908801902773e+01
3.186986326243752998e+01
3.185181421180232419e+01
3.183370247722451296e+01
3.181552859750998863e+01
3.179729310915307394e+01
3.177899654633085191e+01
3.176063944089793623e+01
3.174222232238190600e+01
3.172374571797916687e+01
3.170521015255141606e+01
3.168661614862251952e+01
3.166796422637592912e+01
3.164925490365254390e+01
3.163048869594900836e+01
3.161166611641647251e+01
3.159278767585977121e+01
3.157385388273698013e+01
3.155486524315940855e+01
3.153582226089195473e+01
3.151672543735382703e+01
3.149757527161963111e+01
3.147837226042080516e+01
3.145911689814738565e+01
3.143980967685009276e+01
3.142045108624273908e+01
3.140104161370492974e+01
3.138158174428505731e+01
3.136207196070358805e+01
3.134251274335659332e+01
3.132290457031959718e+01
3.130324791735160872e+01
3.128354325789945278e+01
3.126379106310231748e+01
3.124399180179651836e+01
3.122414594052046510e+01
3.120425394351990533e+01
3.118431627275334961e+01
3.116433338789765273e+01
3.114430574635380466e+01
3.112423380325289557e+01
3.110411801146229038e+01
3.108395882159192425e+01
3.106375668200080753e+01
3.104351203880364096e+01
3.102322533587759423e+01
3.100289701486925509e+01
3.098252751520168147e+01
3.096211727408158154e+01
3.094166672650667138e+01
3.092117630527307170e+01
3.090064644098291069e+01
3.088007756205195520e+01
3.085947009471740543e+01
3.083882446304576064e+01
3.081814108894079496e+01
3.079742039215161142e+01
3.077666279028079543e+01
3.075586869879265706e+01
3.073503853102152306e+01
3.071417269818013907e+01
3.069327160936811794e+01
3.067233567158047336e+01
3.065136528971619967e+01
3.063036086658692980e+01
3.060932280292562169e+01
3.058825149739535121e+01
3.056714734659808741e+01
3.054601074508356007e+01
3.052484208535817700e+01
3.050364175789393428e+01
3.048241015113741881e+01
3.046114765151881443e+01
3.043985464346095071e+01
3.041853150938837302e+01
3.039717862973645879e+01
3.037579638296054085e+01
3.035438514554506284e+01
3.033294529201273804e+01
3.031147719493376513e+01
3.028998122493501555e+01
3.026845775070925271e+01
3.024690713902437622e+01
3.022532975473265537e+01
3.020372596077999106e+01
3.018209611821514216e+01
3.016044058619902302e+01
3.013875972201393694e+01
3.011705388107285231e+01
3.009532341692866453e+01
3.007356868128344729e+01
3.005179002399772514e+01
3.002998779309969635e+01
3.000816233479451256e+01
2.998631399347347681e+01
2.996444311172330188e+01
2.994255003033530471e+01
2.992063508831461505e+01
2.989869862288935920e+01
2.987674096951985092e+01
2.985476246190773608e+01
2.983276343200513381e+01
2.981074421002377761e+01
2.978870512444410323e+01
2.976664650202434359e+01
2.974456866780959885e+01
2.972247194514087809e+01
2.970035665566409833e+01
2.967822311933913682e+01
2.965607165444875193e+01
2.963390257760755375e+01
2.961171620377093561e+01
2.958951284624395583e+01
2.956729281669023024e+01
2.954505642514074992e+01
2.952280398000270978e+01
2.950053578806830146e+01
2.947825215452344949e+01
2.945595338295656163e+01
2.943363977536720455e+01
2.941131163217477962e+01
2.938896925222715240e+01
2.936661293280925378e+01
2.934424296965164203e+01
2.932185965693905061e+01
2.929946328731888983e+01
2.927705415190969518e+01
2.925463254030958282e+01
2.923219874060464818e+01
2.920975303937731837e+01
2.918729572171468334e+01
2.916482707121679852e+01
2.914234737000493425e+01
2.911985689872981453e+01
2.909735593657977759e+01
2.907484476128894713e+01
2.905232364914532539e+01
2.902979287499889338e+01
2.900725271226962931e+01
2.898470343295551643e+01
2.896214530764051176e+01
2.893957860550245442e+01
2.891700359432098111e+01
2.889442054048534558e+01
2.887182970900225953e+01
2.884923136350364459e+01
2.882662576625438078e+01
2.880401317815999462e+01
2.878139385877431877e+01
2.875876806630711968e+01
2.873613605763167200e+01
2.871349808829230099e+01
2.869085441251188939e+01
2.866820528319934169e+01
2.864555095195700218e+01
2.862289166908805527e+01
2.860022768360386181e+01
2.857755924323128127e+01
2.855488659441993349e+01
2.853220998234942130e+01
2.850952965093654257e+01
2.848684584284243471e+01
2.846415879947968719e+01
2.844146876101942567e+01
2.841877596639833570e+01
2.839608065332567932e+01
2.837338305829024065e+01
2.835068341656725366e+01
2.832798196222528730e+01
2.830527892813308455e+01
2.828257454596637288e+01
2.825986904621462514e+01
2.823716265818780613e+01
2.821445561002303393e+01
2.819174812869127322e+01
2.816904044000391494e+01
2.814633276861936650e+01
2.812362533804959952e+01
2.810091837066664056e+01
2.807821208770904420e+01
2.805550670928830570e+01
2.803280245439527008e+01
2.801009954090647014e+01
2.798739818559044679e+01
2.796469860411402664e+01
2.794200101104856415e+01
2.791930561987613757e+01
2.789661264299571286e+01
2.787392229172930769e+01
2.785123477632806299e+01
2.782855030597828971e+01
2.780586908880756880e+01
2.778319133189061318e+01
2.776051724125528253e+01
2.773784702188852336e+01
2.771518087774219552e+01
2.769251901173894481e+01
2.766986162577804365e+01
2.764720892074111092e+01
2.762456109649786384e+01
2.760191835191186982e+01
2.757928088484615259e+01
2.755664889216884106e+01
2.753402256975882878e+01
2.751140211251126644e+01
2.748878771434312185e+01
2.746617956819872219e+01
2.744357786605514704e+01
2.742098279892769241e+01
2.739839455687531355e+01
2.737581332900592557e+01
2.735323930348174315e+01
2.733067266752465230e+01
2.730811360742139016e+01
2.728556230852881015e+01
2.726301895527913643e+01
2.724048373118505495e+01
2.721795681884487550e+01
2.719543839994770451e+01
2.717292865527842238e+01
2.715042776472278518e+01
2.712793590727244464e+01
2.710545326102989350e+01
2.708298000321342514e+01
2.706051631016210379e+01
2.703806235734057140e+01
2.701561831934395386e+01
2.699318436990272474e+01
2.697076068188742681e+01
2.694834742731347177e+01
2.692594477734593639e+01
2.690355290230418106e+01
2.688117197166657135e+01
2.685880215407516047e+01
2.683644361734025452e+01
2.681409652844502745e+01
2.679176105355011828e+01
2.676943735799811819e+01
2.674712560631808600e+01
2.672482596223008500e+01
2.670253858864954566e+01
2.668026364769173853e+01
2.665800130067619023e+01
2.663575170813100357e+01
2.661351502979721673e+01
2.659129142463314111e+01
2.656908105081860683e+01
2.654688406575924731e+01
2.652470062609074830e+01
2.650253088768300103e+01
2.648037500564433344e+01
2.645823313432565271e+01
2.643610542732454860e+01
2.641399203748941105e+01
2.639189311692354423e+01
2.636980881698913848e+01
2.634773928831134526e+01
2.632568468078229884e+01
2.630364514356503136e+01
2.628162082509745190e+01
2.625961187309630773e+01
2.623761843456101772e+01
2.621564065577758029e+01
2.619367868232246011e+01
2.617173265906633972e+01
2.614980273017798140e+01
2.612788903912801075e+01
2.610599172869261864e+01
2.608411094095734128e+01
2.606224681732077286e+01
2.604039949849820346e+01
2.601856912452532811e+01
2.599675583476188123e+01
2.597495976789523198e+01
2.595318106194398666e+01
2.593141985426157703e+01
2.590967628153978453e+01
2.588795047981228947e+01
2.586624258445817048e+01
2.584455273020537902e+01
2.582288105113420329e+01
2.580122768068073569e+01
2.577959275164023012e+01
2.575797639617056944e+01
2.573637874579560858e+01
2.571479993140850340e+01
2.569324008327510356e+01
2.567169933103722101e+01
2.565017780371592693e+01
2.562867562971484858e+01
2.560719293682341302e+01
2.558572985222004448e+01
2.556428650247541867e+01
2.554286301355565314e+01
2.552145951082543363e+01
2.550007611905122573e+01
2.547871296240436223e+01
2.545737016446417655e+01
2.543604784822109721e+01
2.541474613607971733e+01
2.539346514986184289e+01
2.537220501080954449e+01
2.535096583958818073e+01
2.532974775628935049e+01
2.530855088043394119e+01
2.528737533097504553e+01
2.526622122630091027e+01
2.524508868423787789e+01
2.522397782205328554e+01
2.520288875645835347e+01
2.518182160361105204e+01
2.516077647911897941e+01
2.513975349804215753e+01
2.511875277489589209e+01
2.509777442365356137e+01
2.507681855774936963e+01
2.505588529008117860e+01
2.503497473301319687e+01
2.501408699837874039e+01
2.499322219748295737e+01
2.497238044110551769e+01
2.495156183950328455e+01
2.493076650241301095e+01
2.490999453905397232e+01
2.488924605813058832e+01
2.486852116783508038e+01
2.484781997585004376e+01
2.482714258935103402e+01
2.480648911500914977e+01
2.478585965899360133e+01
2.476525432697420470e+01
2.474467322412396797e+01
2.472411645512154621e+01
2.470358412415376748e+01
2.468307633491810549e+01
2.466259319062513100e+01
2.464213479400097029e+01
2.462170124728975651e+01
2.460129265225601003e+01
2.458090911018706848e+01
2.456055072189548838e+01
2.454021758772138995e+01
2.451990980753484095e+01
2.449962748073819796e+01
2.447937070626844047e+01
2.445913958259947663e+01
2.443893420774447733e+01
2.441875467925814647e+01
2.439860109423898393e+01
2.437847354933159139e+01
2.435837214072889267e+01
2.433829696417436494e+01
2.431824811496428396e+01
2.429822568794993387e+01
2.427822977753976730e+01
2.425826047770164351e+01
2.423831788196496007e+01
2.421840208342281642e+01
2.419851317473417751e+01
2.417865124812598765e+01
2.415881639539529147e+01
2.413900870791135134e+01
2.411922827661773283e+01
2.409947519203438304e+01
2.407974954425972314e+01
2.406005142297266985e+01
2.404038091743470673e+01
2.402073811649191626e+01
2.400112310857698716e+01
2.398153598171123235e+01
2.396197682350658553e+01
2.394244572116759073e+01
2.392294276149335630e+01
2.390346803087955152e+01
2.388402161532032864e+01
2.386460360041026618e+01
2.384521407134630877e+01
2.382585311292968200e+01
2.380652080956777183e+01
2.378721724527606440e+01
2.376794250367998629e+01
2.374869666801679458e+01
2.372947982113744558e+01
2.371029204550843517e+01
2.369113342321362836e+01
2.367200403595611746e+01
2.365290396506000903e+01
2.363383329147223932e+01
2.361479209576439686e+01
2.359578045813446678e+01
2.357679845840863919e+01
2.355784617604306064e+01
2.353892369012559982e+01
2.352003107937757065e+01
2.350116842215550506e+01
2.348233579645284053e+01
2.346353327990165738e+01
2.344476094977438052e+01
2.342601888298547408e+01
2.340730715609311474e+01
2.338862584530088995e+01
2.336997502645946412e+01
2.335135477506820223e+01
2.333276516627686092e+01
2.331420627488719433e+01
2.329567817535460250e+01
2.327718094178974440e+01
2.325871464796014010e+01
2.324027936729177668e+01
2.322187517287071046e+01
2.320350213744464085e+01
2.318516033342447713e+01
2.316684983288592292e+01
2.314857070757100388e+01
2.313032302888963443e+01
2.311210686792116320e+01
2.309392229541587938e+01
2.307576938179655102e+01
2.305764819715993141e+01
2.303955881127825833e+01
2.302150129360076036e+01
2.300347571325513840e+01
2.298548213904903292e+01
2.296752063947151257e+01
2.294959128269453075e+01
2.293169413657436451e+01
2.291382926865307823e+01
2.289599674615995539e+01
2.287819663601292319e+01
2.286042900481997364e+01
2.284269391888059175e+01
2.282499144418713044e+01
2.280732164642624582e+01
2.278968459098025434e+01
2.277208034292853966e+01
2.275450896704889914e+01
2.273697052781894712e+01
2.271946508941743659e+01
2.270199271572562338e+01
2.268455347032863756e+01
2.266714741651678011e+01
2.264977461728686237e+01
2.263243513534354889e+01
2.261512903310064715e+01
2.259785637268241842e+01
2.258061721592489590e+01
2.256341162437716008e+01
2.254623965930262131e+01
2.252910138168032006e+01
2.251199685220617042e+01
2.249492613129423901e+01
2.247788927907800982e+01
2.246088635541163114e+01
2.244391741987113420e+01
2.242698253175570855e+01
2.241008175008891357e+01
2.239321513361988636e+01
2.237638274082459588e+01
2.235958462990702245e+01
2.234282085880036206e+01
2.232609148516825215e+01
2.230939656640592617e+01
2.229273615964141797e+01
2.227611032173673422e+01
2.225951910928903033e+01
2.224296257863175796e+01
2.222644078583585525e+01
2.220995378671086584e+01
2.219350163680610422e+01
2.217708439141179255e+01
2.216070210556018694e+01
2.214435483402670712e+01
2.212804263133107341e+01
2.211176555173840086e+01
2.209552364926031842e+01
2.207931697765607026e+01
2.206314559043362067e+01
2.204700954085072695e+01
2.203090888191604790e+01
2.201484366639020607e+01
2.199881394678687840e+01
2.198281977537384080e+01
2.196686120417406229e+01
2.195093828496672828e+01
2.193505106928832404e+01
2.191919960843365089e+01
2.190338395345689193e+01
2.188760415517263169e+01
2.187186026415688289e+01
2.185615233074812025e+01
2.184048040504830368e+01
2.182484453692386595e+01
2.180924477600674649e+01
2.179368117169538621e+01
2.177815377315571510e+01
2.176266262932214701e+01
2.174720778889858153e+01
2.173178930035936673e+01
2.171640721195027623e+01
2.170106157168949679e+01
2.168575242736857334e+01
2.167047982655337890e+01
2.165524381658508801e+01
2.164004444458108267e+01
2.162488175743594354e+01
2.160975580182236655e+01
2.159466662419210436e+01
2.157961427077689720e+01
2.156459878758940363e+01
2.154962022042411363e+01
2.153467861485826518e+01
2.151977401625276798e+01
2.150490646975309517e+01
2.149007602029019282e+01
2.147528271258137877e+01
2.146052659113123084e+01
2.144580770023248206e+01
2.143112608396689467e+01
2.141648178620614829e+01
2.140187485061270678e+01
2.138730532064069934e+01
2.137277323953676955e+01
2.135827865034094941e+01
2.134382159588751904e+01
2.132940211880583803e+01
2.131502026152121587e+01
2.130067606625574683e+01
2.128636957502914129e+01
2.127210082965957838e+01
2.125786987176452314e+01
2.124367674276155071e+01
2.122952148386917770e+01
2.121540413610767928e+01
2.120132474029989211e+01
2.118728333707203504e+01
2.117327996685451552e+01
2.115931466988271126e+01
2.114538748619779795e+01
2.113149845564751672e+01
2.111764761788698408e+01
2.110383501237945225e+01
2.109006067839711562e+01
2.107632465502186747e+01
2.106262698114608867e+01
2.104896769547340796e+01
2.103534683651946935e+01
2.102176444261269594e+01
2.100822055189504667e+01
2.099471520232276944e+01
2.098124843166715081e+01
2.096782027751525845e+01
2.095443077727068726e+01
2.094107996815431605e+01
2.092776788720499681e+01
2.091449457128034339e+01
2.090126005705741363e+01
2.088806438103345187e+01
2.087490757952660303e+01
2.086178968867665873e+01
2.084871074444569672e+01
2.083567078261890870e+01
2.082266983880519362e+01
2.080970794843791438e+01
2.079678514677561552e+01
2.078390146890263068e+01
2.077105694972991046e+01
2.075825162399555524e+01
2.074548552626565012e+01
2.073275869093482271e+01
2.072007115222701401e+01
2.070742294419610019e+01
2.069481410072657823e+01
2.068224465553426583e+01
2.066971464216689114e+01
2.065722409400485660e+01
2.064477304426178250e+01
2.063236152598529216e+01
2.061998957205752347e+01
2.060765721519589988e+01
2.059536448795371655e+01
2.058311142272075855e+01
2.057089805172402563e+01
2.055872440702826509e+01
2.054659052053671431e+01
2.053449642399160524e+01
2.052244214897492824e+01
2.051042772690893656e+01
2.049845318905684621e+01
2.048651856652341863e+01
2.047462389025557172e+01
2.046276919104303005e+01
2.045095449951887190e+01
2.043917984616020789e+01
2.042744526128870675e+01
2.041575077507127389e+01
2.040409641752058079e+01
2.039248221849570086e+01
2.038090820770269218e+01
2.036937441469516230e+01
2.035788086887490778e+01
2.034642759949242219e+01
2.033501463564756406e+01
2.032364200629002937e+01
2.031230974022004787e+01
2.030101786608884140e+01
2.028976641239926337e+01
2.027855540750634944e+01
2.026738487961785040e+01
2.025625485679485749e+01
2.024516536695227131e+01
2.023411643785946623e+01
2.022310809714072022e+01
2.021214037227588278e+01
2.020121329060083681e+01
2.019032687930808834e+01
2.017948116544729942e+01
2.016867617592579975e+01
2.015791193750918708e+01
2.014718847682177838e+01
2.013650582034723158e+01
2.012586399442898255e+01
2.011526302527086330e+01
2.010470293893755311e+01
2.009418376135514350e+01
2.008370551831163908e+01
2.007326823545747629e+01
2.006287193830605986e+01
2.005251665223421398e+01
2.004220240248278628e+01
2.003192921415706351e+01
2.002169711222734350e+01
2.001150612152938990e+01
2.000135626676495804e+01
1.999124757250230289e+01
1.998118006317662676e+01
1.997115376309065127e+01
1.996116869641500458e+01
1.995122488718882181e+01
1.994132235932013231e+01
1.993146113658642093e+01
1.992164124263505798e+01
1.991186270098380007e+01
1.990212553502127335e+01
1.989242976800741403e+01
1.988277542307401191e+01
1.987316252322507992e+01
1.986359109133742962e+01
1.985406115016104422e+01
1.984457272231961511e+01
1.983512583031095389e+01
1.982572049650747559e+01
1.981635674315665696e+01
1.980703459238147346e+01
1.979775406618088951e+01
1.978851518643024932e+01
1.977931797488179910e+01
1.977016245316507081e+01
1.976104864278736528e+01
1.975197656513418210e+01
1.974294624146965305e+01
1.973395769293701107e+01
1.972501094055897752e+01
1.971610600523825241e+01
1.970724290775788745e+01
1.969842166878178702e+01
1.968964230885506694e+01
1.968090484840452703e+01
1.967220930773906673e+01
1.966355570705009015e+01
1.965494406641195724e+01
1.964637440578236038e+01
1.963784674500280047e+01
1.962936110379893506e+01
1.962091750178105443e+01
1.961251595844444751e+01
1.960415649316982822e+01
1.959583912522375471e+01
1.958756387375900232e+01
1.957933075781501131e+01
1.957113979631824918e+01
1.956299100808264413e+01
1.955488441180994030e+01
1.954682002609015612e+01
1.953879786940192176e+01
1.953081796011289484e+01
1.952288031648017252e+01
1.951498495665062194e+01
1.950713189866135622e+01
1.949932116044002228e+01
1.949155275980527335e+01
1.948382671446708159e+01
1.947614304202717150e+01
1.946850175997936105e+01
1.946090288570995952e+01
1.945334643649814410e+01
1.944583242951631519e+01
1.943836088183049782e+01
1.943093181040067563e+01
1.942354523208120654e+01
1.941620116362113180e+01
1.940889962166460236e+01
1.940164062275120216e+01
1.939442418331631046e+01
1.938725031969149981e+01
1.938011904810484509e+01
1.937303038468132854e+01
1.936598434544314884e+01
1.935898094631012256e+01
1.935202020310000037e+01
1.934510213152883296e+01
1.933822674721133339e+01
1.933139406566118623e+01
1.932460410229145253e+01
1.931785687241483984e+01
1.931115239124413563e+01
1.930449067389245243e+01
1.929787173537365774e+01
1.929129559060265109e+01
1.928476225439572644e+01
1.927827174147091327e+01
1.927182406644827495e+01
1.926541924385031024e+01
1.925905728810220197e+01
1.925273821353222914e+01
1.924646203437200853e+01
1.924022876475691390e+01
1.923403841872632469e+01
1.922789101022399549e+01
1.922178655309836159e+01
1.921572506110286227e+01
1.920970654789627474e+01
1.920373102704299484e+01
1.919779851201340293e+01
1.919190901618414458e+01
1.918606255283846451e+01
1.918025913516650860e+01
1.917449877626564003e+01
1.916878148914075197e+01
1.916310728670455532e+01
1.915747618177793399e+01
1.915188818709019358e+01
1.914634331527941669e+01
1.914084157889272930e+01
1.913538299038662416e+01
1.912996756212725558e+01
1.912459530639073790e+01
1.911926623536344749e+01
1.911398036114231047e+01
1.910873769573511893e+01
1.910353825106079384e+01
1.909838203894971542e+01
1.909326907114398253e+01
1.908819935929772527e+01
1.908317291497737855e+01
1.907818974966198766e+01
1.907324987474347822e+01
1.906835330152695107e+01
1.906350004123097364e+01
1.905869010498783211e+01
1.905392350384386546e+01
1.904920024875969631e+01
1.904452035061053650e+01
1.903988382018646419e+01
1.903529066819269033e+01
1.903074090524985351e+01
1.902623454189426155e+01
1.902177158857821482e+01
1.901735205567021936e+01
1.901297595345531732e+01
1.900864329213531434e+01
1.900435408182906372e+01
1.900010833257274712e+01
1.899590605432010193e+01
1.899174725694274457e+01
1.898763195023037653e+01
1.898356014389110413e+01
1.897953184755163747e+01
1.897554707075761016e+01
1.897160582297381026e+01
1.896770811358443964e+01
1.896385395189338396e+01
1.896004334712444717e+01
1.895627630842163569e+01
1.895255284484938940e+01
1.894887296539285515e+01
1.894523667895811414e+01
1.894164399437246615e+01
1.893809492038464981e+01
1.893458946566509837e+01
1.893112763880620264e+01
1.892770944832254898e+01
1.892433490265116447e+01
1.892100401015175493e+01
1.891771677910696781e+01
1.891447321772261247e+01
1.891127333412792666e+01
1.890811713637579672e+01
1.890500463244300278e+01
1.890193583023047452e+01
1.889891073756349371e+01
1.889592936219197483e+01
1.889299171179066050e+01
1.889009779395939503e+01
1.888724761622331627e+01
1.888444118603312560e+01
1.888167851076530113e+01
1.887895959772233212e+01
1.887628445413295708e+01
1.887365308715237333e+01
1.887106550386248571e+01
1.886852171127212685e+01
1.886602171631728453e+01
1.886356552586131485e+01
1.886115314669519094e+01
1.885878458553770542e+01
1.885645984903569783e+01
1.885417894376428904e+01
1.885194187622708029e+01
1.884974865285639822e+01
1.884759928001348683e+01
1.884549376398875253e+01
1.884343211100195603e+01
1.884141432720245390e+01
1.883944041866938335e+01
1.883751039141191796e+01
1.883562425136944185e+01
1.883378200441177341e+01
1.883198365633939986e+01
1.883022921288365836e+01
1.882851867970695992e+01
1.882685206240300246e+01
1.882522936649696987e+01
1.882365059744574864e+01
1.882211576063811620e+01
1.882062486139498603e+01
1.881917790496955689e+01
1.881777489654757929e+01
1.881641584124749755e+01
1.881510074412070210e+01
1.881382961015170707e+01
1.881260244425834927e+01
1.881141925129200487e+01
1.881028003603776710e+01
1.880918480321466291e+01
1.880813355747584126e+01
1.880712630340877922e+01
1.880616304553546314e+01
1.880524378831259469e+01
1.880436853613178982e+01
1.880353729331975288e+01
1.880275006413850392e+01
1.880200685278552086e+01
1.880130766339398463e+01
1.880065250003293187e+01
1.880004136670746817e+01
1.879947426735893501e+01
1.879895120586512292e+01
1.879847218604043135e+01
1.879803721163608543e+01
1.879764628634030288e+01
1.879729941377847524e+01
1.879699659751337748e+01
1.879673784104531720e+01
1.879652314781235134e+01
1.879635252119044608e+01
1.879622596449367222e+01
1.879614348097437215e+01
1.879610507382334816e+01
1.879611074617005428e+01
1.879616050108274550e+01
1.879625434156869090e+01
1.879639227057431583e+01
1.879657429098541499e+01
1.879680040562729104e+01
1.879707061726496420e+01
1.879738492860332499e+01
1.879774334228730837e+01
1.879814586090208905e+01
1.879859248697322371e+01
1.879908322296684631e+01
1.879961807128982443e+01
1.880019703428994760e+01
1.880082011425606936e+01
1.880148731341830626e+01
1.880219863394818702e+01
1.880295407795882667e+01
1.880375364750509704e+01
1.880459734458378662e+01
1.880548517113377471e+01
1.880641712903618412e+01
1.880739322011456593e+01
1.880841344613503807e+01
1.880947780880646647e+01
1.881058630978062851e+01
1.881173895065236579e+01
1.881293573295975108e+01
1.881417665818424467e+01
1.881546172775086134e+01
1.881679094302832667e+01
1.881816430532923690e+01
1.881958181591021173e+01
1.882104347597206129e+01
1.882254928665993532e+01
1.882409924906348664e+01
1.882569336421702033e+01
1.882733163309965363e+01
1.882901405663547223e+01
1.883074063569367951e+01
1.883251137108875284e+01
1.883432626358059636e+01
1.883618531387468664e+01
1.883808852262224676e+01
1.884003589042035998e+01
1.884202741781216517e+01
1.884406310528696338e+01
1.884614295328040967e+01
1.884826696217461262e+01
1.885043513229834033e+01
1.885264746392711643e+01
1.885490395728339763e+01
1.885720461253671232e+01
1.885954942980379911e+01
1.886193840914877740e+01
1.886437155058325033e+01
1.886684885406649670e+01
1.886937031950557042e+01
1.887193594675548880e+01
1.887454573561932847e+01
1.887719968584840657e+01
1.887989779714240512e+01
1.888264006914950599e+01
1.888542650146654722e+01
1.888825709363915806e+01
1.889113184516188682e+01
1.889405075547835722e+01
1.889701382398139629e+01
1.890002105001317290e+01
1.890307243286535055e+01
1.890616797177919750e+01
1.890930766594573598e+01
1.891249151450589849e+01
1.891571951655062378e+01
1.891899167112102376e+01
1.892230797720850433e+01
1.892566843375490748e+01
1.892907303965263210e+01
1.893252179374477251e+01
1.893601469482525701e+01
1.893955174163898292e+01
1.894313293288193378e+01
1.894675826720130729e+01
1.895042774319567869e+01
1.895414135941508960e+01
1.895789911436120079e+01
1.896170100648742718e+01
1.896554703419904087e+01
1.896943719585333099e+01
1.897337148975969612e+01
1.897734991417980766e+01
1.898137246732770578e+01
1.898543914736995220e+01
1.898954995242573673e+01
1.899370488056700879e+01
1.899790392981860521e+01
1.900214709815837111e+01
1.900643438351728420e+01
1.901076578377958270e+01
1.901514129678288256e+01
1.901956092031829826e+01
1.902402465213058491e+01
1.902853248991822355e+01
1.903308443133357741e+01
1.903768047398299856e+01
1.904232061542694510e+01
1.904700485318010905e+01
1.905173318471152299e+01
1.905650560744469857e+01
1.906132211875772953e+01
1.906618271598341252e+01
1.907108739640937500e+01
1.907603615727818180e+01
1.908102899578745593e+01
1.908606590908999578e+01
1.909114689429388889e+01
1.909627194846263265e+01
1.910144106861524449e+01
1.910665425172637555e+01
1.911191149472644213e+01
1.911721279450171096e+01
1.912255814789443775e+01
1.912794755170296668e+01
1.913338100268184760e+01
1.913885849754195334e+01
1.914438003295058266e+01
1.914994560553158465e+01
1.915555521186544752e+01
1.916120884848944073e+01
1.916690651189770023e+01
1.917264819854134572e+01
1.917843390482859789e+01
1.918426362712488142e+01
1.919013736175293516e+01
1.919605510499290801e+01
1.920201685308250106e+01
1.920802260221703861e+01
1.921407234854959611e+01
1.922016608819109962e+01
1.922630381721043946e+01
1.923248553163457331e+01
1.923871122744861850e+01
1.924498090059598709e+01
1.925129454697846398e+01
1.925765216245633127e+01
1.926405374284845351e+01
1.927049928393239853e+01
1.927698878144453332e+01
1.928352223108013064e+01
1.929009962849346849e+01
1.929672096929794023e+01
1.930338624906614697e+01
1.931009546333000060e+01
1.931684860758083744e+01
1.932364567726951421e+01
1.933048666780648972e+01
1.933737157456196343e+01
1.934430039286593939e+01
1.935127311800834704e+01
1.935828974523913715e+01
1.936535026976837415e+01
1.937245468676634630e+01
1.937960299136365450e+01
1.938679517865131174e+01
1.939403124368084974e+01
1.940131118146441125e+01
1.940863498697483536e+01
1.941600265514577828e+01
1.942341418087178795e+01
1.943086955900841772e+01
1.943836878437230453e+01
1.944591185174128967e+01
1.945349875585448984e+01
1.946112949141239312e+01
1.946880405307697615e+01
1.947652243547177875e+01
1.948428463318200343e+01
1.949209064075460418e+01
1.949994045269839660e+01
1.950783406348413251e+01
1.951577146754459235e+01
1.952375265927469528e+01
1.953177763303157732e+01
1.953984638313469446e+01
1.954795890386589718e+01
1.955611518946952287e+01
1.956431523415252016e+01
1.957255903208452708e+01
1.958084657739788170e+01
1.958917786418784956e+01
1.959755288651262717e+01
1.960597163839343082e+01
1.961443411381460677e+01
1.962294030672373069e+01
1.963149021103168579e+01
1.964008382061270552e+01
1.964872112930455472e+01
1.965740213090854738e+01
1.966612681918963901e+01
1.967489518787654745e+01
1.968370723066181682e+01
1.969256294120190276e+01
1.970146231311726126e+01
1.971040533999245170e+01
1.971939201537620789e+01
1.972842233278149138e+01
1.973749628568565129e+01
1.974661386753045988e+01
1.975577507172219072e+01
1.976497989163170388e+01
1.977422832059458813e+01
1.978352035191117153e+01
1.979285597884662096e+01
1.980223519463106996e+01
1.981165799245966141e+01
1.982112436549262213e+01
1.983063430685537298e+01
1.984018780963861417e+01
1.984978486689838206e+01
1.985942547165613092e+01
1.986910961689885369e+01
1.987883729557912460e+01
1.988860850061517382e+01
1.989842322489101534e+01
1.990828146125649312e+01
1.991818320252734864e+01
1.992812844148532747e+01
1.993811717087826452e+01
1.994814938342014088e+01
1.995822507179115490e+01
1.996834422863784297e+01
1.997850684657313636e+01
1.998871291817640383e+01
1.999896243599359380e+01
2.000925539253728402e+01
2.001959178028674557e+01
2.002997159168801389e+01
2.004039481915402376e+01
2.005086145506463069e+01
2.006137149176668188e+01
2.007192492157415131e+01
2.008252173676816454e+01
2.009316192959708047e+01
2.010384549227659079e+01
2.011457241698978748e+01
2.012534269588721969e+01
2.013615632108697540e+01
2.014701328467479158e+01
2.015791357870408973e+01
2.016885719519603626e+01
2.017984412613967748e+01
2.019087436349196452e+01
2.020194789917783851e+01
2.021306472509030527e+01
2.022422483309052765e+01
2.023542821500786459e+01
2.024667486263995997e+01
2.025796476775282784e+01
2.026929792208091641e+01
2.028067431732716486e+01
2.029209394516308862e+01
2.030355679722887530e+01
2.031506286513341308e+01
2.032661214045436537e+01
2.033820461473829511e+01
2.034984027950068608e+01
2.036151912622600335e+01
2.037324114636782113e+01
2.038500633134885121e+01
2.039681467256101399e+01
2.040866616136550604e+01
2.042056078909291017e+01
2.043249854704322388e+01
2.044447942648591621e+01
2.045650341866005206e+01
2.046857051477432776e+01
2.048068070600712431e+01
2.049283398350660335e+01
2.050503033839077816e+01
2.051726976174755634e+01
2.052955224463481798e+01
2.054187777808050797e+01
2.055424635308267156e+01
2.056665796060952189e+01
2.057911259159953943e+01
2.059161023696151105e+01
2.060415088757460467e+01
2.061673453428842606e+01
2.062936116792311836e+01
2.064203077926939400e+01
2.065474335908859516e+01
2.066749889811280028e+01
2.068029738704487031e+01
2.069313881655848419e+01
2.070602317729825259e+01
2.071895045987975692e+01
2.073192065488961688e+01
2.074493375288555086e+01
2.075798974439646472e+01
2.077108861992248379e+01
2.078423036993503104e+01
2.079741498487690166e+01
2.081064245516231992e+01
2.082391277117699246e+01
2.083722592327817935e+01
2.085058190179476867e+01
2.086398069702732982e+01
2.087742229924815618e+01
2.089090669870137162e+01
2.090443388560297322e+01
2.091800385014085961e+01
2.093161658247495893e+01
2.094527207273724301e+01
2.095897031103180908e+01
2.097271128743491886e+01
2.098649499199509805e+01
2.100032141473317182e+01
2.101419054564232525e+01
2.102810237468817789e+01
2.104205689180884065e+01
2.105605408691496550e+01
2.107009394988982010e+01
2.108417647058935174e+01
2.109830163884222642e+01
2.111246944444990348e+01
2.112667987718670659e+01
2.114093292679987002e+01
2.115522858300958120e+01
2.116956683550907670e+01
2.118394767396469192e+01
2.119837108801589665e+01
2.121283706727536966e+01
2.122734560132908044e+01
2.124189667973630691e+01
2.125649029202971363e+01
2.127112642771542284e+01
2.128580507627305707e+01
2.130052622715579602e+01
2.131528986979044049e+01
2.133009599357747632e+01
2.134494458789112414e+01
2.135983564207938556e+01
2.137476914546413198e+01
2.138974508734114366e+01
2.140476345698014171e+01
2.141982424362489823e+01
2.143492743649326115e+01
2.145007302477720401e+01
2.146526099764290407e+01
2.148049134423078499e+01
2.149576405365558784e+01
2.151107911500639247e+01
2.152643651734672048e+01
2.154183624971457078e+01
2.155727830112244803e+01
2.157276266055746916e+01
2.158828931698139186e+01
2.160385825933065362e+01
2.161946947651646056e+01
2.163512295742481939e+01
2.165081869091661559e+01
2.166655666582762407e+01
2.168233687096861573e+01
2.169815929512539299e+01
2.171402392705882178e+01
2.172993075550491326e+01
2.174587976917486998e+01
2.176187095675514627e+01
2.177790430690747669e+01
2.179397980826896486e+01
2.181009744945212248e+01
2.182625721904490490e+01
2.184245910561079285e+01
2.185870309768883146e+01
2.187498918379369073e+01
2.189131735241569743e+01
2.190768759202092042e+01
2.192409989105120616e+01
2.194055423792421777e+01
2.195705062103352390e+01
2.197358902874861286e+01
2.199016944941496732e+01
2.200679187135411041e+01
2.202345628286366264e+01
2.204016267221738090e+01
2.205691102766522249e+01
2.207370133743339480e+01
2.209053358972440861e+01
2.210740777271711721e+01
2.212432387456677674e+01
2.214128188340511016e+01
2.215828178734033571e+01
2.217532357445722369e+01
2.219240723281716043e+01
2.220953275045818742e+01
2.222670011539505097e+01
2.224390931561925910e+01
2.226116033909913838e+01
2.227845317377985168e+01
2.229578780758349410e+01
2.231316422840911073e+01
2.233058242413275707e+01
2.234804238260754872e+01
2.236554409166371471e+01
2.238308753910864013e+01
2.240067271272690874e+01
2.241829960028037760e+01
2.243596818950821259e+01
2.245367846812691681e+01
2.247143042383041589e+01
2.248922404429008282e+01
2.250705931715480546e+01
2.252493623005099721e+01
2.254285477058269649e+01
2.256081492633159158e+01
2.257881668485704907e+01
2.259686003369619556e+01
2.261494496036395319e+01
2.263307145235308226e+01
2.265123949713422746e+01
2.266944908215598176e+01
2.268770019484492551e+01
2.270599282260565843e+01
2.272432695282087423e+01
2.274270257285139607e+01
2.276111967003621928e+01
2.277957823169255391e+01
2.279807824511589587e+01
2.281661969758005881e+01
2.283520257633720263e+01
2.285382686861792223e+01
2.287249256163125821e+01
2.289119964256475015e+01
2.290994809858450765e+01
2.292873791683522811e+01
2.294756908444025356e+01
2.296644158850161332e+01
2.298535541610008437e+01
2.300431055429522331e+01
2.302330699012540549e+01
2.304234471060789957e+01
2.306142370273888531e+01
2.308054395349350685e+01
2.309970544982592600e+01
2.311890817866936132e+01
2.313815212693613432e+01
2.315743728151771563e+01
2.317676362928477118e+01
2.319613115708721196e+01
2.321553985175421175e+01
2.323498970009430309e+01
2.325448068889537723e+01
2.327401280492474100e+01
2.329358603492917723e+01
2.331320036563496956e+01
2.333285578374795222e+01
2.335255227595356686e+01
2.337228982891689100e+01
2.339206842928269126e+01
2.341188806367545538e+01
2.343174871869945974e+01
2.345165038093879417e+01
2.347159303695740817e+01
2.349157667329915711e+01
2.351160127648784837e+01
2.353166683302729467e+01
2.355177332940132118e+01
2.357192075207385429e+01
2.359210908748894653e+01
2.361233832207080496e+01
2.363260844222385515e+01
2.365291943433278021e+01
2.367327128476255282e+01
2.369366397985848849e+01
2.371409750594629173e+01
2.373457184933208808e+01
2.375508699630247733e+01
2.377564293312456201e+01
2.379623964604600772e+01
2.381687712129507162e+01
2.383755534508065210e+01
2.385827430359233503e+01
2.387903398300042568e+01
2.389983436945598783e+01
2.392067544909090770e+01
2.394155720801791531e+01
2.396247963233063061e+01
2.398344270810360968e+01
2.400444642139239448e+01
2.402549075823353064e+01
2.404657570464462779e+01
2.406770124662440580e+01
2.408886737015271962e+01
2.411007406119060192e+01
2.413132130568032707e+01
2.415260908954542529e+01
2.417393739869073954e+01
2.419530621900245748e+01
2.421671553634816476e+01
2.423816533657687700e+01
2.425965560551907174e+01
2.428118632898675600e+01
2.430275749277348041e+01
2.432436908265439257e+01
2.434602108438627255e+01
2.436771348370758616e+01
2.438944626633850987e+01
2.441121941798097339e+01
2.443303292431870943e+01
2.445488677101729635e+01
2.447678094372416524e+01
2.449871542806869229e+01
2.452069020966219526e+01
2.454270527409800096e+01
2.456476060695146657e+01
2.458685619378002940e+01
2.460899202012324949e+01
2.463116807150283449e+01
2.465338433342269653e+01
2.467564079136899124e+01
2.469793743081013560e+01
2.472027423719687178e+01
2.474265119596229567e+01
2.476506829252189945e+01
2.478752551227360712e+01
2.481002284059781715e+01
2.483256026285744156e+01
2.485513776439793787e+01
2.487775533054735888e+01
2.490041294661639171e+01
2.492311059789838268e+01
2.494584826966938707e+01
2.496862594718821526e+01
2.499144361569644701e+01
2.501430126041850244e+01
2.503719886656164562e+01
2.506013641931605918e+01
2.508311390385485140e+01
2.510613130533410597e+01
2.512918860889293882e+01
2.515228579965349809e+01
2.517542286272104235e+01
2.519859978318395122e+01
2.522181654611377510e+01
2.524507313656526364e+01
2.526836953957642251e+01
2.529170574016853124e+01
2.531508172334618934e+01
2.533849747409735897e+01
2.536195297739339694e+01
2.538544821818908304e+01
2.540898318142268408e+01
2.543255785201596453e+01
2.545617221487423620e+01
2.547982625488639741e+01
2.550351995692495777e+01
2.552725330584609864e+01
2.555102628648968377e+01
2.557483888367931613e+01
2.559869108222236633e+01
2.562258286691001175e+01
2.564651422251727197e+01
2.567048513380304797e+01
2.569449558551016466e+01
2.571854556236538514e+01
2.574263504907947819e+01
2.576676403034723251e+01
2.579093249084750994e+01
2.581514041524325975e+01
2.583938778818158255e+01
2.586367459429374449e+01
2.588800081819522347e+01
2.591236644448575177e+01
2.593677145774933379e+01
2.596121584255430648e+01
2.598569958345334641e+01
2.601022266498353730e+01
2.603478507166638778e+01
2.605938678800785979e+01
2.608402779849843256e+01
2.610870808761310968e+01
2.613342763981147598e+01
2.615818643953771527e+01
2.618298447122066364e+01
2.620782171927383430e+01
2.623269816809544608e+01
2.625761380206849083e+01
2.628256860556072994e+01
2.630756256292475115e+01
2.633259565849800055e+01
2.635766787660282162e+01
2.638277920154648726e+01
2.640792961762122104e+01
2.643311910910426477e+01
2.645834766025788198e+01
2.648361525532941485e+01
2.650892187855130189e+01
2.653426751414113838e+01
2.655965214630166926e+01
2.658507575922087440e+01
2.661053833707196858e+01
2.663603986401344770e+01
2.666158032418911716e+01
2.668715970172814522e+01
2.671277798074508070e+01
2.673843514533987786e+01
2.676413117959797106e+01
2.678986606759026401e+01
2.681563979337319026e+01
2.684145234098874155e+01
2.686730369446449984e+01
2.689319383781368700e+01
2.691912275503515772e+01
2.694509043011349547e+01
2.697109684701899113e+01
2.699714198970771051e+01
2.702322584212151924e+01
2.704934838818810405e+01
2.707550961182103677e+01
2.710170949691977071e+01
2.712794802736971178e+01
2.715422518704222199e+01
2.718054095979467633e+01
2.720689532947048050e+01
2.723328827989911005e+01
2.725971979489615293e+01
2.728618985826332732e+01
2.731269845378852779e+01
2.733924556524585014e+01
2.736583117639563767e+01
2.739245527098449884e+01
2.741911783274535708e+01
2.744581884539746497e+01
2.747255829264646110e+01
2.749933615818438071e+01
2.752615242568970544e+01
2.755300707882738820e+01
2.757990010124889224e+01
2.760683147659222314e+01
2.763380118848194300e+01
2.766080922052924151e+01
2.768785555633193951e+01
2.771494017947452804e+01
2.774206307352820744e+01
2.776922422205092289e+01
2.779642360858737860e+01
2.782366121666909464e+01
2.785093702981442476e+01
2.787825103152859185e+01
2.790560320530371996e+01
2.793299353461888046e+01
2.796042200294009916e+01
2.798788859372041316e+01
2.801539329039989212e+01
2.804293607640567032e+01
2.807051693515197854e+01
2.809813585004019032e+01
2.812579280445882901e+01
2.815348778178362465e+01
2.818122076537753529e+01
2.820899173859077536e+01
2.823680068476085836e+01
2.826464758721262172e+01
2.829253242925825873e+01
2.832045519419736124e+01
2.834841586531693736e+01
2.837641442589143992e+01
2.840445085918283041e+01
2.843252514844057544e+01
2.846063727690169642e+01
2.848878722779080519e+01
2.851697498432008970e+01
2.854520052968944199e+01
2.857346384708640130e+01
2.860176491968622514e+01
2.863010373065192482e+01
2.865848026313423347e+01
2.868689450027174459e+01
2.871534642519087299e+01
2.874383602100591162e+01
2.877236327081904577e+01
2.880092815772037085e+01
2.882953066478796700e+01
2.885817077508791684e+01
2.888684847167432324e+01
2.891556373758934839e+01
2.894431655586322094e+01
2.897310690951431766e+01
2.900193478154916349e+01
2.903080015496245636e+01
2.905970301273712053e+01
2.908864333784431011e+01
2.911762111324345881e+01
2.914663632188232967e+01
2.917568894669700086e+01
2.920477897061194383e+01
2.923390637653999846e+01
2.926307114738245474e+01
2.929227326602907056e+01
2.932151271535810011e+01
2.935078947823631879e+01
2.938010353751904447e+01
2.940945487605018371e+01
2.943884347666227796e+01
2.946826932217650707e+01
2.949773239540273551e+01
2.952723267913952654e+01
2.955677015617417425e+01
2.958634480928276389e+01
2.961595662123018613e+01
2.964560557477014413e+01
2.967529165264521751e+01
2.970501483758685524e+01
2.973477511231545378e+01
2.976457245954036068e+01
2.979440686195990295e+01
2.982427830226141907e+01
2.985418676312128383e+01
2.988413222720496520e+01
2.991411467716702788e+01
2.994413409565117590e+01
2.997419046529028464e+01
3.000428376870637592e+01
3.003441398851076727e+01
3.006458110730399369e+01
3.009478510767588944e+01
3.012502597220559863e+01
3.015530368346159307e+01
3.018561822400174677e+01
3.021596957637333247e+01
3.024635772311306070e+01
3.027678264674710817e+01
3.030724432979111782e+01
3.033774275475029114e+01
3.036827790411937755e+01
3.039884976038271347e+01
3.042945830601424007e+01
3.046010352347752814e+01
3.049078539522585274e+01
3.052150390370217536e+01
3.055225903133919374e+01
3.058305076055937732e+01
3.061387907377495310e+01
3.064474395338800150e+01
3.067564538179044575e+01
3.070658334136408740e+01
3.073755781448064539e+01
3.076856878350174895e+01
3.079961623077902289e+01
3.083070013865408043e+01
3.086182048945856593e+01
3.089297726551417611e+01
3.092417044913268498e+01
3.095540002261598289e+01
3.098666596825611563e+01
3.101796826833529153e+01
3.104930690512592406e+01
3.108068186089064611e+01
3.111209311788235610e+01
3.114354065834424645e+01
3.117502446450982845e+01
3.120654451860295708e+01
3.123810080283784529e+01
3.126969329941912790e+01
3.130132199054186870e+01
3.133298685839159603e+01
3.136468788514432759e+01
3.139642505296659536e+01
3.142819834401547041e+01
3.146000774043861981e+01
3.149185322437431012e+01
3.152373477795143941e+01
3.155565238328956568e+01
3.158760602249893168e+01
3.161959567768050761e+01
3.165162133092601948e+01
3.168368296431796338e+01
3.171578055992964096e+01
3.174791409982515944e+01
3.178008356605953466e+01
3.181228894067864488e+01
3.184453020571930182e+01
3.187680734320925069e+01
3.190912033516719504e+01
3.194146916360288557e+01
3.197385381051707398e+01
3.200627425790158753e+01
3.203873048773932908e+01
3.207122248200430192e+01
3.210375022266168799e+01
3.213631369166783003e+01
3.216891287097026009e+01
3.220154774250775631e+01
3.223421828821032165e+01
3.226692448999927620e+01
3.229966632978724306e+01
3.233244378947817665e+01
3.236525685096741256e+01
3.239810549614165325e+01
3.243098970687906046e+01
3.246390946504923392e+01
3.249686475251326101e+01
3.252985555112371685e+01
3.256288184272471398e+01
3.259594360915194500e+01
3.262904083223267548e+01
3.266217349378580082e+01
3.269534157562186039e+01
3.272854505954305893e+01
3.276178392734330203e+01
3.279505816080822456e+01
3.282836774171522620e+01
3.286171265183349277e+01
3.289509287292398909e+01
3.292850838673954428e+01
3.296195917502485884e+01
3.299544521951651177e+01
3.302896650194301031e+01
3.306252300402479705e+01
3.309611470747428541e+01
3.312974159399591656e+01
3.316340364528614515e+01
3.319710084303348196e+01
3.323083316891852235e+01
3.326460060461396750e+01
3.329840313178466715e+01
3.333224073208762661e+01
3.336611338717205655e+01
3.340002107867937298e+01
3.343396378824323278e+01
3.346794149748958347e+01
3.350195418803667025e+01
3.353600184149505736e+01
3.357008443946767073e+01
3.360420196354977662e+01
3.363835439532913085e+01
3.367254171638585802e+01
3.370676390829257230e+01
3.374102095261437029e+01
3.377531283090883818e+01
3.380963952472613698e+01
3.384400101560900254e+01
3.387839728509273840e+01
3.391282831470528691e+01
3.394729408596721498e+01
3.398179458039179934e+01
3.401632977948499814e+01
3.405089966474550778e+01
3.408550421766477001e+01
3.412014341972699327e+01
3.415481725240923794e+01
3.418952569718135237e+01
3.422426873550608661e+01
3.425904634883904265e+01
3.429385851862875256e+01
3.432870522631668564e+01
3.436358645333727679e+01
3.439850218111796210e+01
3.443345239107918587e+01
3.446843706463443624e+01
3.450345618319028063e+01
3.453850972814637288e+01
3.457359768089551011e+01
3.460872002282362558e+01
3.464387673530982426e+01
3.467906779972641829e+01
3.471429319743895547e+01
3.474955290980622635e+01
3.478484691818031393e+01
3.482017520390660081e+01
3.485553774832378338e+01
3.489093453276394996e+01
3.492636553855255954e+01
3.496183074700847726e+01
3.499733013944400284e+01
3.503286369716489901e+01
3.506843140147042703e+01
3.510403323365334671e+01
3.513966917499997322e+01
3.517533920679016290e+01
3.521104331029738432e+01
3.524678146678871826e+01
3.528255365752488615e+01
3.531835986376027137e+01
3.535420006674296900e+01
3.539007424771475030e+01
3.542598238791119059e+01
3.546192446856159108e+01
3.549790047088907130e+01
3.553391037611055481e+01
3.556995416543683319e+01
3.560603182007255185e+01
3.564214332121626683e+01
3.567828865006045191e+01
3.571446778779152709e+01
3.575068071558987270e+01
3.578692741462990767e+01
3.582320786608004681e+01
3.585952205110276481e+01
3.589586995085459620e+01
3.593225154648619224e+01
3.596866681914232089e+01
3.600511574996190944e+01
3.604159832007805164e+01
3.607811451061806451e+01
3.611466430270345285e+01
3.615124767745000156e+01
3.618786461596776860e+01
3.622451509936111336e+01
3.626119910872871799e+01
3.629791662516360873e+01
3.633466762975320563e+01
3.637145210357931546e+01
3.640827002771819565e+01
3.644512138324051875e+01
3.648200615121145773e+01
3.651892431269067885e+01
3.655587584873238427e+01
3.659286074038532632e+01
3.662987896869282167e+01
3.666693051469277975e+01
3.670401535941776672e+01
3.674113348389496991e+01
3.677828486914626893e+01
3.681546949618823561e+01
3.685268734603216956e+01
3.688993839968409816e+01
3.692722263814485473e+01
3.696454004241006430e+01
3.700189059347015075e+01
3.703927427231040070e+01
3.707669105991097780e+01
3.711414093724692975e+01
3.715162388528824522e+01
3.718913988499982537e+01
3.722668891734156915e+01
3.726427096326834487e+01
3.730188600373007546e+01
3.733953401967168162e+01
3.737721499203319553e+01
3.741492890174969688e+01
3.745267572975141235e+01
3.749045545696369430e+01
3.752826806430706341e+01
3.756611353269722997e+01
3.760399184304511522e+01
3.764190297625686554e+01
3.767984691323390223e+01
3.771782363487292855e+01
3.775583312206596531e+01
3.779387535570035084e+01
3.783195031665876940e+01
3.787005798581931515e+01
3.790819834405547795e+01
3.794637137223617174e+01
3.798457705122576300e+01
3.802281536188409206e+01
3.806108628506650149e+01
3.809938980162387878e+01
3.813772589240262789e+01
3.817609453824475452e+01
3.821449571998782346e+01
3.825292941846505101e+01
3.829139561450529783e+01
3.832989428893307604e+01
3.836842542256860611e+01
3.840698899622778129e+01
3.844558499072228841e+01
3.848421338685955106e+01
3.852287416544277932e+01
3.856156730727099102e+01
3.860029279313903317e+01
3.863905060383761736e+01
3.867784072015334118e+01
3.871666312286869527e+01
3.875551779276210596e+01
3.879440471060792106e+01
3.883332385717650936e+01
3.887227521323420376e+01
3.891125875954337232e+01
3.895027447686242539e+01
3.898932234594582269e+01
3.902840234754413729e+01
3.906751446240404846e+01
3.910665867126838435e+01
3.914583495487612197e+01
3.918504329396240848e+01
3.922428366925861809e+01
3.926355606149235911e+01
3.930286045138748108e+01
3.934219681966411741e+01
3.938156514703869249e+01
3.942096541422395717e+01
3.946039760192901014e+01
3.949986169085931920e+01
3.953935766171675681e+01
3.957888549519958588e+01
3.961844517200252369e+01
3.965803667281673484e+01
3.969765997832988802e+01
3.973731506922614898e+01
3.977700192618620179e+01
3.981672052988730570e+01
3.985647086100327385e+01
3.989625290020453008e+01
3.993606662815811603e+01
3.997591202552773382e+01
4.001578907297371046e+01
4.005569775115309028e+01
4.009563804071964910e+01
4.013560992232385871e+01
4.017561337661297216e+01
4.021564838423100952e+01
4.025571492581880051e+01
4.029581298201400585e+01
4.033594253345112435e+01
4.037610356076153550e+01
4.041629604457348535e+01
4.045651996551217167e+01
4.049677530419970850e+01
4.053706204125518298e+01
4.057738015729464820e+01
4.061772963293116590e+01
4.065811044877484193e+01
4.069852258543281920e+01
4.073896602350930607e+01
4.077944074360563320e+01
4.081994672632021093e+01
4.086048395224861451e+01
4.090105240198356995e+01
4.094165205611499658e+01
4.098228289523001422e+01
4.102294489991296444e+01
4.106363805074543905e+01
4.110436232830632264e+01
4.114511771317176425e+01
4.118590418591526259e+01
4.122672172710762339e+01
4.126757031731702341e+01
4.130844993710903879e+01
4.134936056704663088e+01
4.139030218769019598e+01
4.143127477959756533e+01
4.147227832332406905e+01
4.151331279942250063e+01
4.155437818844319509e+01
4.159547447093400763e+01
4.163660162744033499e+01
4.167775963850518650e+01
4.171894848466915562e+01
4.176016814647046260e+01
4.180141860444497581e+01
4.184269983912621882e+01
4.188401183104541303e+01
4.192535456073149902e+01
4.196672800871113651e+01
4.200813215550874702e+01
4.204956698164651385e+01
4.209103246764443185e+01
4.213252859402029316e+01
4.217405534128976541e+01
4.221561268996635619e+01
4.225720062056145565e+01
4.229881911358433655e+01
4.234046814954224658e+01
4.238214770894034444e+01
4.242385777228177801e+01
4.246559832006767721e+01
4.250736933279716112e+01
4.254917079096741617e+01
4.259100267507367477e+01
4.263286496560923666e+01
4.267475764306550445e+01
4.271668068793196937e+01
4.275863408069631788e+01
4.280061780184435349e+01
4.284263183186008206e+01
4.288467615122569754e+01
4.292675074042161754e+01
4.296885557992652593e+01
4.301099065021735157e+01
4.305315593176932509e+01
4.309535140505597184e+01
4.313757705054914737e+01
4.317983284871906591e+01
4.322211878003430741e+01
4.326443482496185311e+01
4.330678096396708554e+01
4.334915717751381692e+01
4.339156344606433890e+01
4.343399975007938707e+01
4.347646607001822616e+01
4.351896238633860747e+01
4.356148867949683989e+01
4.360404492994778280e+01
4.364663111814488161e+01
4.368924722454018195e+01
4.373189322958433678e+01
4.377456911372666326e+01
4.381727485741511430e+01
4.386001044109634961e+01
4.390277584521572862e+01
4.394557105021732468e+01
4.398839603654395347e+01
4.403125078463720854e+01
4.407413527493746841e+01
4.411704948788391789e+01
4.415999340391455519e+01
4.420296700346624164e+01
4.424597026697468749e+01
4.428900317487451588e+01
4.433206570759924858e+01
4.437515784558132736e+01
4.441827956925214949e+01
4.446143085904208192e+01
4.450461169538048267e+01
4.454782205869571499e+01
4.459106192941518287e+01
4.463433128796533822e+01
4.467763011477167368e+01
4.472095839025882213e+01
4.476431609485049279e+01
4.480770320896954928e+01
4.485111971303798839e+01
4.489456558747696846e+01
4.493804081270687334e+01
4.498154536914727686e+01
4.502507923721697836e+01
4.506864239733405952e+01
4.511223482991581335e+01
4.515585651537889333e+01
4.519950743413922112e+01
4.524318756661207175e+01
4.528689689321205947e+01
4.533063539435315903e+01
4.537440305044875544e+01
4.541819984191163684e+01
4.546202574915402295e+01
4.550588075258759346e+01
4.554976483262345965e+01
4.559367796967227093e+01
4.563762014414415802e+01
4.568159133644878978e+01
4.572559152699538743e+01
4.576962069619272455e+01
4.581367882444916972e+01
4.585776589217270782e+01
4.590188187977094714e+01
4.594602676765113358e+01
4.599020053622018622e+01
4.603440316588470438e+01
4.607863463705100315e+01
4.612289493012512054e+01
4.616718402551282452e+01
4.621150190361964860e+01
4.625584854485092734e+01
4.630022392961178213e+01
4.634462803830714961e+01
4.638906085134183854e+01
4.643352234912046583e+01
4.647801251204757023e+01
4.652253132052757678e+01
4.656707875496481819e+01
4.661165479576359161e+01
4.665625942332810183e+01
4.670089261806258207e+01
4.674555436037121581e+01
4.679024463065822914e+01
4.683496340932787660e+01
4.687971067678444825e+01
4.692448641343231230e+01
4.696929059967593645e+01
4.701412321591988075e+01
4.705898424256884738e+01
4.710387366002768061e+01
4.714879144870135974e+01
4.719373758899509852e+01
4.723871206131429545e+01
4.728371484606456221e+01
4.732874592365175914e+01
4.737380527448197398e+01
4.741889287896162131e+01
4.746400871749739991e+01
4.750915277049629992e+01
4.755432501836568093e+01
4.759952544151320808e+01
4.764475402034696572e+01
4.769001073527540768e+01
4.773529556670739993e+01
4.778060849505224184e+01
4.782594950071964490e+01
4.787131856411983932e+01
4.791671566566348872e+01
4.796214078576180384e+01
4.800759390482648570e+01
4.805307500326977532e+01
4.809858406150447507e+01
4.814412105994396285e+01
4.818968597900222051e+01
4.823527879909383387e+01
4.828089950063400693e+01
4.832654806403861159e+01
4.837222446972417345e+01
4.841792869810792155e+01
4.846366072960777416e+01
4.850942054464236008e+01
4.855520812363106842e+01
4.860102344699404142e+01
4.864686649515220296e+01
4.869273724852725849e+01
4.873863568754172348e+01
4.878456179261895898e+01
4.883051554418317863e+01
4.887649692265944168e+01
4.892250590847370972e+01
4.896854248205283966e+01
4.901460662382459788e+01
4.906069831421771710e+01
4.910681753366186797e+01
4.915296426258769458e+01
4.919913848142684287e+01
4.924534017061196067e+01
4.929156931057671898e+01
4.933782588175586170e+01
4.938410986458517016e+01
4.943042123950149858e+01
4.947675998694283805e+01
4.952312608734825972e+01
4.956951952115799287e+01
4.961594026881341790e+01
4.966238831075706628e+01
4.970886362743265607e+01
4.975536619928514170e+01
4.980189600676067130e+01
4.984845303030665775e+01
4.989503725037174320e+01
4.994164864740584875e+01
4.998828720186021712e+01
5.003495289418737002e+01
5.008164570484118627e+01
5.012836561427685922e+01
5.017511260295094644e+01
5.022188665132141239e+01
5.026868773984759997e+01
5.031551584899027318e+01
5.036237095921161711e+01
5.040925305097525921e+01
5.045616210474633334e+01
5.050309810099141572e+01
5.055006102017859604e+01
5.059705084277749165e+01
5.064406754925923337e+01
5.069111112009652942e+01
5.073818153576362988e+01
5.078527877673640489e+01
5.083240282349230199e+01
5.087955365651038164e+01
5.092673125627137409e+01
5.097393560325764383e+01
5.102116667795322513e+01
5.106842446084385045e+01
5.111570893241694336e+01
5.116302007316166112e+01
5.121035786356889474e+01
5.125772228413129739e+01
