0 1.158798
0.1606695 1.373391
0.3414226 1.373391
0.5221757 1.545064
0.6828452 1.416309
0.823431 1.330472
1.024268 2.274678
1.164854 3.648069
1.325523 4.763948
1.52636 3.34764
1.687029 2.961373
1.827615 2.360515
1.988285 1.93133
2.169038 1.888412
2.349791 2.145923
2.51046 2.961373
2.67113 2.618026
2.851883 2.188841
2.992469 1.244635
3.173222 1.502146
3.313808 5.193133
3.494561 4.334764
3.675314 3.34764
3.795816 2.7897
3.996653 1.630901
4.157322 2.103004
4.317992 1.802575
4.538912 1.502146
4.679498 1.802575
4.820084 1.330472
5.000837 1.072961
5.161507 1.287554
5.322176 2.961373
5.482845 8.62661
5.663599 8.068669
5.824268 8.798284
6.005021 11.97425
6.16569 11.03004
6.306276 10.12876
6.507113 8.111588
6.667783 7.854077
6.828452 6.65236
7.009205 5.83691
7.169875 10.38627
7.310461 11.80258
7.491214 13.04721
7.651883 17.29614
7.812552 15.87983
8.01339 16.0515
8.153975 18.02575
8.334728 16.82403
8.495398 15.70815
8.656067 16.60944
8.836821 17.42489
8.99749 14.20601
9.158159 12.61803
9.338912 13.30472
9.499582 9.184549
9.660252 9.957082
9.861088 9.399141
10.00167 8.841202
10.14226 7.296137
10.3431 7.553648
10.4636 9.914163
10.64435 10.30043
10.84519 10.4721
11.00586 11.50215
11.14644 10.85837
11.3272 11.03004
11.48787 8.540772
11.64854 8.669528
11.82929 7.167382
11.98996 6.180257
12.17071 6.266094
12.33138 6.39485
12.53222 6.695279
12.65272 7.596567
12.83347 8.412017
12.99414 8.283262
13.15481 7.939914
13.35565 6.824034
13.49623 6.738197
13.67699 6.738197
13.83766 7.467811
13.95816 5.922747
14.159 5.751073
14.33975 6.609442
14.50042 6.09442
14.641 7.467811
14.84184 6.781116
14.98243 6.566524
15.16318 5.793992
15.34393 4.849785
15.5046 4.635193
15.64519 5.107296
15.84603 4.420601
16.00669 4.120172
16.18745 3.862661
16.34812 3.948498
16.4887 2.875536
16.66946 3.733906
16.85021 3.34764
16.9908 2.23176
17.17155 1.802575
17.3523 2.188841
17.49289 1.330472
17.65356 2.188841
17.83431 2.060086
17.99498 1.244635
18.17573 1.845494
18.3364 1.716738
18.69791 1.67382
18.85858 1.845494
18.99916 1.158798
19.17992 1.587983
19.3205 1.373391
19.48117 1.587983
19.66192 1.030043
19.84268 1.030043
19.98326 1.759657
20.16402 0.9012876
20.32469 1.502146
20.48536 1.158798
20.66611 1.201717
20.84686 0.9012876
21.00753 1.416309
21.14812 1.287554
21.36904 1.287554
21.48954 1.502146
21.69038 0.944206
21.83096 0.9871244
21.99163 0.8154507
22.17239 1.545064
22.31297 2.360515
22.47364 2.961373
22.69456 2.446352
22.85523 1.845494
22.95565 1.030043
23.15649 1.287554
23.31716 1.158798
23.49791 1.502146
23.67866 1.716738
23.81925 1.502146
24 1.373391