2.480966510200648123e-02
0.000000000000000000e+00
2.480966510200648123e-02
0.000000000000000000e+00
2.480966510200648123e-02
0.000000000000000000e+00
2.480966510200648123e-02
0.000000000000000000e+00
2.480966510200648123e-02
0.000000000000000000e+00
2.480966510200648123e-02
0.000000000000000000e+00
2.480966510200648123e-02
0.000000000000000000e+00
2.480966510200648123e-02
0.000000000000000000e+00
2.480966510200648123e-02
0.000000000000000000e+00
2.480966510200648123e-02
0.000000000000000000e+00
