0.000000000000000000e+00 2.000000000000000000e+01
2.069999999999999965e-02 2.529999999999999957e-02
3.600000000000000422e-02 4.399999999999999745e-02
7.470000000000000077e-03 9.129999999999999227e-03
2.879999999999999921e-02 3.520000000000000212e-02
1.170000000000000033e-03 1.429999999999999848e-03
2.700000000000000178e+00 3.299999999999999822e+00
4.320000000000000229e-02 5.279999999999999971e-02
2.700000000000000178e+00 3.299999999999999822e+00
1.349999999999999985e-02 1.650000000000000078e-02
2.339999999999999719e-02 2.860000000000000042e-02
