1.584600
1.584600
1.584600
1.584600
1.584600
1.584600
1.584600
1.584600
1.584600
1.584600
1.584600
1.584600
1.584600
1.584600
1.584600
1.584600
1.584600
1.584600
1.584600
1.584600
1.584600
1.584600
1.584601
1.584601
1.584601
1.584602
1.584602
1.584602
1.584603
1.584603
1.584604
1.584604
1.584605
1.584605
1.584606
1.584606
1.584607
1.584607
1.584608
1.584608
1.584608
1.584609
1.584609
1.584609
1.584609
1.584609
1.584610
1.584610
1.584610
1.584610
1.584610
1.584610
1.584610
1.584610
1.584611
1.584611
1.584611
1.584611
1.584611
1.584612
1.584612
1.584612
1.584612
1.584612
1.584613
1.584613
1.584613
1.584613
1.584613
1.584613
1.584613
1.584613
1.584613
1.584613
1.584613
1.584613
1.584613
1.584613
1.584613
1.584614
1.584614
1.584614
1.584614
1.584614
1.584614
1.584614
1.584614
1.584615
1.584615
1.584615
1.584615
1.584615
1.584615
1.584616
1.584616
1.584616
1.584616
1.584616
1.584616
1.584616
1.584616
1.584616
1.584616
1.584616
1.584616
1.584616
1.584616
1.584616
1.584616
1.584616
1.584617
1.584617
1.584617
1.584617
1.584617
1.584617
1.584617
1.584617
1.584618
1.584618
1.584618
1.584618
1.584618
1.584618
1.584618
1.584618
1.584618
1.584618
1.584618
1.584618
1.584618
1.584618
1.584618
1.584618
1.584618
1.584618
1.584618
1.584618
1.584619
1.584619
1.584619
1.584619
1.584619
1.584619
1.584619
1.584619
1.584619
1.584619
1.584620
1.584620
1.584620
1.584620
1.584620
1.584620
1.584620
1.584620
1.584620
1.584620
1.584620
1.584620
1.584620
1.584620
1.584620
1.584620
1.584620
1.584620
1.584620
1.584620
1.584620
1.584620
1.584621
1.584621
1.584621
1.584621
1.584621
1.584621
1.584621
1.584621
1.584621
1.584621
1.584621
1.584621
1.584621
1.584621
1.584621
1.584621
1.584621
1.584621
1.584621
1.584621
1.584621
1.584621
1.584621
1.584621
1.584621
1.584621
1.584622
1.584622
1.584622
1.584622
1.584622
1.584622
1.584622
1.584622
1.584622
1.584622
1.584622
1.584622
1.584622
1.584622
1.584622
1.584622
1.584622
1.584622
1.584622
1.584622
1.584622
1.584622
1.584622
1.584622
1.584622
1.584622
1.584622
1.584622
1.584622
1.584622
1.584623
1.584623
1.584623
1.584623
1.584623
1.584623
1.584623
1.584623
1.584623
1.584623
1.584623
1.584623
1.584623
1.584623
1.584623
1.584623
1.584623
1.584623
1.584623
1.584623
1.584623
1.584623
1.584623
1.584623
1.584623
1.584623
1.584623
1.584623
1.584623
1.584623
1.584624
1.584624
1.584624
1.584624
1.584624
1.584624
1.584624
1.584624
1.584624
1.584624
1.584624
1.584624
1.584624
1.584624
1.584624
1.584624
1.584624
1.584624
1.584624
1.584624
1.584624
1.584624
1.584624
1.584624
1.584624
1.584624
1.584624
1.584624
1.584624
1.584624
1.584624
1.584624
1.584624
1.584624
1.584624
1.584624
1.584624
1.584624
1.584624
1.584624
1.584624
1.584624
1.584624
1.584624
1.584624
1.584624
1.584624
1.584624
1.584624
1.584624
1.584624
1.584624
1.584624
1.584624
1.584624
1.584624
1.584624
1.584625
1.584625
1.584625
1.584625
1.584625
1.584625
1.584625
1.584625
1.584625
1.584625
1.584625
1.584625
1.584625
1.584625
1.584625
1.584625
1.584625
1.584625
1.584625
1.584625
1.584625
1.584625
1.584625
1.584625
1.584625
1.584625
1.584625
1.584625
1.584625
1.584625
1.584625
1.584625
1.584625
1.584625
1.584625
1.584625
1.584625
1.584625
1.584625
1.584625
1.584625
1.584625
1.584625
1.584625
1.584625
1.584625
1.584625
1.584625
1.584625
1.584625
1.584625
1.584625
1.584625
1.584625
1.584625
1.584625
1.584625
1.584625
1.584625
1.584625
1.584625
1.584625
1.584625
1.584625
1.584625
1.584625
1.584625
1.584625
1.584625
1.584625
1.584625
1.584626
1.584626
1.584626
1.584626
1.584626
1.584626
1.584626
1.584626
1.584626
1.584626
1.584626
1.584626
1.584626
1.584626
1.584626
1.584626
1.584626
1.584626
1.584626
1.584626
1.584626
1.584626
1.584626
1.584626
1.584626
1.584626
1.584626
1.584626
1.584626
1.584626
1.584626
1.584626
1.584626
1.584626
1.584626
1.584626
1.584626
1.584626
1.584626
1.584626
1.584626
1.584626
1.584626
1.584626
1.584626
1.584626
1.584626
1.584626
1.584626
1.584626
1.584626
1.584626
1.584626
1.584626
1.584626
1.584626
1.584626
1.584626
1.584626
1.584626
1.584626
1.584626
1.584626
1.584626
1.584626
1.584626
1.584626
1.584626
1.584626
1.584626
1.584626
1.584626
1.584626
1.584626
1.584626
1.584626
1.584626
1.584626
1.584626
1.584626
1.584626
1.584626
1.584626
1.584626
1.584626
1.584626
1.584626
1.584626
1.584626
1.584626
1.584626
1.584626
1.584626
1.584626
1.584626
1.584626
1.584626
1.584626
1.584626
1.584626
1.584626
1.584626
1.584626
1.584626
1.584626
1.584626
1.584626
1.584626
1.584626
1.584626
1.584626
1.584626
1.584626
1.584626
1.584626
1.584626
1.584626
1.584626
1.584626
1.584626
1.584626
1.584626
1.584626
1.584626
1.584626
1.584626
1.584626
1.584626
1.584626
1.584626
1.584626
1.584626
1.584626
1.584626
1.584626
1.584626
1.584626
1.584626
1.584626
1.584626
1.584626
1.584626
1.584626
1.584626
1.584626
1.584626
1.584626
1.584626
1.584626
1.584626
1.584626
1.584626
1.584626
1.584626
1.584626
1.584626
1.584626
1.584626
1.584626
1.584626
1.584626
1.584626
1.584626
1.584626
1.584626
1.584626
1.584626
1.584626
1.584626
1.584626
1.584626
1.584626
1.584626
1.584626
1.584626
1.584626
1.584626
1.584626
1.584626
1.584626
1.584626
1.584626
1.584626
1.584626
1.584626
1.584626
1.584626
1.584626
1.584626
1.584626
1.584626
1.584626
1.584626
1.584626
1.584626
1.584626
1.584626
1.584626
1.584626
1.584626
1.584626
1.584626
1.584626
1.584626
1.584626
1.584626
1.584626
1.584626
1.584626
1.584626
1.584626
1.584626
1.584626
1.584626
1.584626
1.584626
1.584626
1.584626
1.584626
1.584626
1.584626
1.584626
1.584626
1.584626
1.584626
1.584626
1.584626
1.584626
1.584626
1.584626
1.584626
1.584626
1.584626
1.584626
1.584626
1.584626
1.584626
1.584626
1.584626
1.584626
1.584626
1.584626
1.584626
1.584626
1.584626
1.584626
1.584626
1.584626
1.584626
1.584626
1.584626
1.584626
1.584626
1.584626
1.584626
1.584626
1.584626
1.584626
1.584626
1.584626
1.584626
1.584626
1.584626
1.584626
1.584626
1.584626
1.584626
1.584626
1.584626
1.584626
1.584626
1.584626
1.584626
1.584626
1.584626
1.584626
1.584626
1.584626
1.584626
1.584626
1.584626
1.584626
1.584626
1.584626
1.584626
1.584626
1.584626
1.584626
1.584626
1.584626
1.584626
1.584626
1.584626
1.584626
1.584626
1.584626
1.584626
1.584626
1.584626
1.584626
1.584626
1.584626
1.584626
1.584626
1.584626
1.584626
1.584626
1.584626
1.584626
1.584626
1.584626
1.584626
1.584626
1.584626
1.584626
1.584626
1.584626
1.584626
1.584626
1.584626
1.584626
1.584626
1.584626
1.584626
1.584626
1.584626
1.584626
1.584626
1.584626
1.584626
1.584626
1.584626
1.584626
1.584626
1.584626
1.584626
1.584626
1.584626
1.584626
1.584626
1.584626
1.584626
1.584626
1.584626
1.584626
1.584626
1.584626
1.584626
1.584626
1.584626
1.584626
1.584626
1.584626
1.584626
1.584626
1.584626
1.584626
1.584626
1.584626
1.584626
1.584626
1.584626
1.584626
1.584626
1.584626
1.584626
1.584626
1.584626
1.584626
1.584626
1.584626
1.584626
1.584626
1.584626
1.584626
1.584626
1.584626
1.584626
1.584626
1.584626
1.584626
1.584626
1.584626
1.584626
1.584626
1.584626
1.584626
1.584626
1.584626
1.584626
1.584626
1.584626
1.584626
1.584626
1.584626
1.584626
1.584626
1.584626
1.584626
1.584626
1.584626
1.584626
1.584626
1.584626
1.584626
1.584626
1.584626
1.584626
1.584626
1.584626
1.584626
1.584626
1.584626
1.584626
1.584626
1.584626
1.584626
1.584626
1.584626
1.584626
1.584626
1.584626
1.584626
1.584626
1.584626
1.584626
1.584626
1.584626
1.584626
1.584626
1.584626
1.584626
1.584626
1.584626
1.584626
1.584626
1.584626
1.584626
1.584626
1.584626
1.584626
1.584626
1.584626
1.584626
1.584626
1.584626
1.584626
1.584626
1.584626
1.584626
1.584626
1.584626
1.584626
1.584626
1.584626
1.584626
1.584626
1.584626
1.584626
1.584626
1.584626
1.584626
1.584626
1.584626
1.584626
1.584626
1.584626
1.584626
1.584626
1.584626
1.584626
1.584626
1.584626
1.584626
1.584626
1.584626
1.584626
1.584626
1.584626
1.584626
1.584626
1.584626
1.584626
1.584626
1.584626
1.584626
1.584626
1.584626
1.584626
1.584626
1.584626
1.584626
1.584626
1.584626
1.584626
1.584626
1.584626
1.584626
1.584626
1.584626
1.584626
1.584626
1.584626
1.584626
1.584626
1.584626
1.584626
1.584626
1.584626
1.584626
1.584626
1.584626
1.584626
1.584626
1.584626
1.584626
1.584626
1.584626
1.584626
1.584626
1.584626
1.584626
1.584626
1.584626
1.584626
1.584626
1.584626
1.584626
1.584626
1.584626
1.584626
1.584626
1.584626
1.584626
1.584626
1.584626
1.584626
1.584626
1.584626
1.584626
1.584626
1.584626
1.584626
1.584626
1.584626
1.584626
1.584626
1.584626
1.584626
1.584626
1.584626
1.584626
1.584626
1.584626
1.584626
1.584626
1.584626
1.584626
1.584626
1.584626
1.584626
1.584626
1.584626
1.584626
1.584626
1.584626
1.584626
1.584626
1.584626
1.584626
1.584626
1.584626
1.584626
1.584626
1.584626
1.584626
1.584626
1.584626
1.584626
1.584626
1.584626
1.584626
1.584626
1.584626
1.584626
1.584626
1.584626
1.584626
1.584626
1.584626
1.584626
1.584626
1.584626
1.584626
1.584626
1.584626
1.584626
1.584626
1.584626
1.584626
1.584626
1.584626
1.584626
1.584626
1.584626
1.584626
1.584626
1.584626
1.584626
1.584626
1.584626
1.584626
1.584626
1.584626
1.584626
1.584626
1.584626
1.584626
1.584626
1.584626
1.584626
1.584626
1.584626
1.584626
1.584626
1.584626
1.584626
1.584626
1.584626
1.584626
1.584626
1.584626
1.584626
1.584626
1.584626
1.584626
1.584626
1.584626
1.584626
1.584626
1.584626
1.584626
1.584626
1.584626
1.584626
1.584626
1.584626
1.584626
1.584626
1.584626
1.584626
1.584626
1.584626
1.584626
1.584626
1.584626
1.584626
1.584626
1.584626
1.584626
1.584626
1.584626
1.584626
1.584626
1.584626
1.584626
1.584626
1.584626
1.584626
1.584626
1.584626
1.584626
1.584626
1.584626
1.584626
1.584626
1.584626
1.584626
1.584626
1.584626
1.584626
1.584626
1.584626
1.584626
1.584626
1.584626
1.584626
1.584626
1.584626
1.584626
1.584626
1.584626
1.584626
1.584626
1.584626
1.584626
1.584626
1.584626
1.584626
1.584626
1.584626
1.584626
1.584626
1.584626
1.584626
1.584626
1.584626
1.584626
1.584626
1.584626
1.584626
1.584626
