1.950897536088844975e+00
1.062628599657471806e+00
3.918318272151977699e-01
8.318131350974604654e-01
1.950897536088844975e+00
1.062628599657471806e+00
3.918318272151977699e-01
8.318131350974604654e-01
9.088149553615108900e+00
1.339279606473171014e-01
1.810932970199162995e+00
2.186594039832625777e-02
1.055999999999999994e-01
0.000000000000000000e+00
1.322414270984906493e+00
1.047950747409445021e-02
4.743199999999999639e-01
5.551115123125782702e-17
8.910000000000000142e-01
0.000000000000000000e+00
6.234382879650114617e+00
5.234063307689641731e-03
1.953215351734829186e+00
6.619008559430326899e-02
6.129272311852521776e-02
2.323006507002838440e-03
1.117407072141243951e+01
4.828653854330685058e-01
3.862749352229052135e+01
1.316266612601129093e+00
1.522642327280552799e+01
3.431961515830463938e-01
4.297279867863988412e-01
1.226916758709701086e-02
2.474999900000000169e-02
0.000000000000000000e+00
9.717443350834381022e+01
3.603195242106282503e+00
2.572884897841901664e-01
4.521155509797753283e-03
1.108606202743423363e+00
2.645953013928119962e-02
5.110973003261607062e+01
2.108417270931735921e+00
3.680997208892910599e+00
7.676229014183365285e-02
3.618999999999999821e-03
0.000000000000000000e+00
5.369950645871921641e-02
2.742886960244392616e-03
6.929999999999999494e-01
0.000000000000000000e+00
6.270000000000000018e-01
0.000000000000000000e+00
1.031529618062304865e-01
2.463108890439766070e-03
1.316990227645202127e+00
3.949656665279826194e-03
4.485590047317168927e-01
1.511796501084486724e-02
1.260900000000000076e-01
0.000000000000000000e+00
9.969774527541179623e+02
2.164845637323723082e+01
1.952332502525552016e+00
3.539722252776846684e-02
1.988513206559998636e+00
1.165251745574724940e-01
1.709032170181601629e+01
1.231705034163218970e+00
2.537999999999999756e-05
2.159999999999999225e-06
5.095998703199969232e+07
3.912722726457080804e+06
1.288661081148509346e+01
6.774325095378387340e-01
1.721519778114002747e+03
9.641087460030830414e+01
7.725941742151148754e-03
4.101164692265714721e-04
7.398700898244295665e+00
2.899908209795408753e-01
1.415567689119782369e+00
6.866299843702210193e-02
1.468689999999999816e-09
1.248800000000000123e-10
6.663368978473757642e-02
4.608009095669975998e-03
2.442927466805902981e+01
1.104681847908154380e+00
4.091734951641488587e+05
1.485896811824462566e+04
1.509801512593037520e-01
7.091010679417382619e-03
1.056797525200773525e+05
2.526477122162339583e+03
1.216789849424647798e+02
6.093311651656754258e+00
1.171181406435765293e+00
6.290670180538412981e-02
7.702588720919621323e+01
3.340471367481430143e+00
1.647486771348495968e+05
7.219370166287483698e+03
1.599672108938965165e+00
9.787616916917257770e-02
2.178514863422676171e+03
1.008628041006870291e+02
7.677610445416738205e-01
2.937970906245075328e-02
1.336906616519134332e+03
3.808945761901367177e+01
2.490004598753673193e+01
8.185652797947335912e-01
5.093907369509870186e+05
2.530275974430455608e+04
3.518033323416595977e+02
1.545404708202095456e+01
1.100647503218574263e+07
6.969956249190835515e+05
5.320759058880755038e+04
3.502908747586574009e+03
1.649945262885420316e+00
8.779505714808087669e-02
1.458379239564197904e+00
4.478905321936553496e-02
1.326115059539531016e+00
7.983576025592051262e-02
1.493406268560184991e+00
4.249086855395959456e-02
4.831865646082051380e-01
2.880119315256075840e-02
4.136336152145497991e+00
1.826938852153832116e-01
2.004565749165061028e+00
4.134126803128864575e-02
2.004673867694563683e+00
9.909648762976944192e-02
6.341847789742359964e+00
1.994179211426228282e-01
1.945317859221848078e+00
4.733210625226479812e-02
