5.302223131062744343e+00 5.302223131062759443e+00 5.302223131062741679e+00 5.302223131062739903e+00 5.302223131062515193e+00
5.304227538075550363e+00 5.304227538075568127e+00 5.304227538075544146e+00 5.304227538075540593e+00 5.304227538075319437e+00
5.306015966295668740e+00 5.306015966295706932e+00 5.306015966295685615e+00 5.306015966295655417e+00 5.306015966295440478e+00
5.307591134880278005e+00 5.307591134880459194e+00 5.307591134880483175e+00 5.307591134880298434e+00 5.307591134879963590e+00
5.308955737106582085e+00 5.308955737107265982e+00 5.308955737107500461e+00 5.308955737106799688e+00 5.308955737106032302e+00
5.310112440599501937e+00 5.310112440601493233e+00 5.310112440602341444e+00 5.310112440600341266e+00 5.310112440598367733e+00
5.311063887555917518e+00 5.311063887560729668e+00 5.311063887562992747e+00 5.311063887558250762e+00 5.311063887553550522e+00
5.311812694967384729e+00 5.311812694977561478e+00 5.311812694982645411e+00 5.311812694972763538e+00 5.311812694962730674e+00
5.312361454841145303e+00 5.312361454860632826e+00 5.312361454870788258e+00 5.312361454852076115e+00 5.312361454832586816e+00
5.312712734418824745e+00 5.312712734453402419e+00 5.312712734471998210e+00 5.312712734439090312e+00 5.312712734404024140e+00
5.312869076393528012e+00 5.312869076451279149e+00 5.312869076483113240e+00 5.312869076428537340e+00 5.312869076369238108e+00
5.312832999124969646e+00 5.312832999216803742e+00 5.312832999268448653e+00 5.312832999182155014e+00 5.312832999086839258e+00
5.312606996852788477e+00 5.312606996993004316e+00 5.312606997073183734e+00 5.312606996942030868e+00 5.312606996795145697e+00
5.312193539908034445e+00 5.312193540114924062e+00 5.312193540234915190e+00 5.312193540042121853e+00 5.312193539823646837e+00
5.311595074922843551e+00 5.311595075219327278e+00 5.311595075393402254e+00 5.311595075117959475e+00 5.311595074802675676e+00
5.310814025038317787e+00 5.310814025452623710e+00 5.310814025698503471e+00 5.310814025314561704e+00 5.310814024871266525e+00
5.309852790110642040e+00 5.309852790677006773e+00 5.309852791016356655e+00 5.309852790492564090e+00 5.309852789883260371e+00
5.308713746915429077e+00 5.308713747674833172e+00 5.308713748133766508e+00 5.308713747432602048e+00 5.308713746611634754e+00
5.307399249350326365e+00 5.307399250351256370e+00 5.307399250960871839e+00 5.307399250037925675e+00 5.307399248951102599e+00
5.305911628635895383e+00 5.305911629935123663e+00 5.305911630732063067e+00 5.305911629535310148e+00 5.305911628118979984e+00
5.304253193514779419e+00 5.304253195178171509e+00 5.304253196205187315e+00 5.304253194674230620e+00 5.304253192854340604e+00
5.302426230449171385e+00 5.302426232552506669e+00 5.302426233859057980e+00 5.302426231924352251e+00 5.302426229615475606e+00
5.300433003816602096e+00 5.300433006446412243e+00 5.300433008089274090e+00 5.300433005671327358e+00 5.300433002775672975e+00
5.298275756104057876e+00 5.298275759358480386e+00 5.298275761402365447e+00 5.298275758410926350e+00 5.298275754817329819e+00
5.295956708100449717e+00 5.295956712090088558e+00 5.295956714608286653e+00 5.295956710941519319e+00 5.295956706524412638e+00
5.293478059087441956e+00 5.293478063936242428e+00 5.293478067011269772e+00 5.293478062554905605e+00 5.293478057173274465e+00
5.290841987028660043e+00 5.290841992874784516e+00 5.290841996599044528e+00 5.290841991225536667e+00 5.290841984721862623e+00
5.288050648757278260e+00 5.288050655753991691e+00 5.288050660230446454e+00 5.288050653798103795e+00 5.288050645997302901e+00
5.285106180162028267e+00 5.285106188478578382e+00 5.285106193821429876e+00 5.285106186173543108e+00 5.285106176881898321e+00
5.282010696371599145e+00 5.282010706194109062e+00 5.282010712529480401e+00 5.282010703493452475e+00 5.282010692497530080e+00
5.278766291937517785e+00 5.278766303469866195e+00 5.278766310936501505e+00 5.278766300322960348e+00 5.278766287388535261e+00
5.275375041015443855e+00 5.275375054480147874e+00 5.275375063230103301e+00 5.275375050832023405e+00 5.275375035702996485e+00
5.271838997544887384e+00 5.271839013183976519e+00 5.271839023383324552e+00 5.271839008975139684e+00 5.271838991372455929e+00
5.268160195427464387e+00 5.268160213503351841e+00 5.268160225332882085e+00 5.268160208669602440e+00 5.268160188290173629e+00
5.264340648703607961e+00 5.264340669499951275e+00 5.264340683155876555e+00 5.264340663972205903e+00 5.264340640487841227e+00
5.260382351727775685e+00 5.260382375550324952e+00 5.260382391244988298e+00 5.260382369254444690e+00 5.260382342310781389e+00
5.256287279342178209e+00 5.256287306519618063e+00 5.256287324482193490e+00 5.256287299376237954e+00 5.256287268591683493e+00
5.252057387049026360e+00 5.252057417933801986e+00 5.252057438410998813e+00 5.252057409858162274e+00 5.252057374822853397e+00
5.247694611181318969e+00 5.247694646150448783e+00 5.247694669407209744e+00 5.247694637052241262e+00 5.247694597326995947e+00
5.243200869072182080e+00 5.243200908528052651e+00 5.243200934848250228e+00 5.243200898311258129e+00 5.243200853426562169e+00
5.238578059222769312e+00 5.238578103593918733e+00 5.238578133281047933e+00 5.238578092156662258e+00 5.238578041611648750e+00
5.233828061468735804e+00 5.233828111210613976e+00 5.233828144588473563e+00 5.233828098445014732e+00 5.233828041706479972e+00
5.228952737145300844e+00 5.228952792741012878e+00 5.228952830154390163e+00 5.228952778533049184e+00 5.228952715034472121e+00
5.223953929250921391e+00 5.223953991211951475e+00 5.223954033027291111e+00 5.223953975441324005e+00 5.223953904581904339e+00
5.218833462609553386e+00 5.218833531476471777e+00 5.218833578082539226e+00 5.218833514016480102e+00 5.218833435160199485e+00
5.213593144031563931e+00 5.213593220374705517e+00 5.213593272183242533e+00 5.213593201092125540e+00 5.213593113566830084e+00
5.208234762473265000e+00 5.208234846893387449e+00 5.208234904339759552e+00 5.208234825648356825e+00 5.208234728744855602e+00
5.202760089195095361e+00 5.202760182324017713e+00 5.202760245867850131e+00 5.202760158969933713e+00 5.202760051941121233e+00
5.197170877918467546e+00 5.197170980419682174e+00 5.197171050545480675e+00 5.197170954803093323e+00 5.197170836863103105e+00
5.191468864981281683e+00 5.191468977550544928e+00 5.191469054768311331e+00 5.191468949511059527e+00 5.191468819834427428e+00
5.185655769492130140e+00 5.185655892858020977e+00 5.185655977703856223e+00 5.185655862228224500e+00 5.185655719949087583e+00
5.179733293483180567e+00 5.179733428407645945e+00 5.179733521444333633e+00 5.179733395013015773e+00 5.179733239224330710e+00
5.173703122061780846e+00 5.173703269340641953e+00 5.173703371158230091e+00 5.173703232999481649e+00 5.173703062752275983e+00
5.167566923560782399e+00 5.167567084024223156e+00 5.167567195240580169e+00 5.167567044547591415e+00 5.167566858850227263e+00
5.161326349687567649e+00 5.161326524200596566e+00 5.161326645461961071e+00 5.161326481392251253e+00 5.161326279209737855e+00
5.154983035671842906e+00 5.154983225134723845e+00 5.154983357116241116e+00 5.154983178791072262e+00 5.154982959044387414e+00
5.148538600412173594e+00 5.148538805760835224e+00 5.148538949167067891e+00 5.148538755670888811e+00 5.148538517236332268e+00
5.141994646621274256e+00 5.141994868827685750e+00 5.141995024393121838e+00 5.141994814773026334e+00 5.141994556481608747e+00
5.135352760970070207e+00 5.135353001042599175e+00 5.135353169532135276e+00 5.135352942797345221e+00 5.135352663434204601e+00
5.128614514230554811e+00 5.128614773214287936e+00 5.128614955423700827e+00 5.128614710545076782e+00 5.128614408848911843e+00
5.121781461417427295e+00 5.121781740394466986e+00 5.121781937150871045e+00 5.121781673060440632e+00 5.121781347722989430e+00
5.114855141928528859e+00 5.114855442018268583e+00 5.114855654180549216e+00 5.114855369771062144e+00 5.114855019436600259e+00
5.107837079684065529e+00 5.107837402043426067e+00 5.107837630502662485e+00 5.107837324627173103e+00 5.107836947892036683e+00
5.100728783264746546e+00 5.100729129088398039e+00 5.100729374768265600e+00 5.100729046239732334e+00 5.100728641651905981e+00
5.093531746048786779e+00 5.093532116569334356e+00 5.093532380426489148e+00 5.093532028017404123e+00 5.093531594076095459e+00
5.086247446347549328e+00 5.086247842835698307e+00 5.086248125860148406e+00 5.086247748302186622e+00 5.086247283457436374e+00
5.078877347540110776e+00 5.078877771304796340e+00 5.078878074520252639e+00 5.078877670503949560e+00 5.078877173156284286e+00
5.071422898206797036e+00 5.071423350595296142e+00 5.071423675059502756e+00 5.071423243233954992e+00 5.071422711734076216e+00
5.063885532261577893e+00 5.063886014659590984e+00 5.063886361464641439e+00 5.063885900437231413e+00 5.063885333085715423e+00
5.056266669083278487e+00 5.056267182914989000e+00 5.056267553187619335e+00 5.056267061523764816e+00 5.056266456570815748e+00
5.048567713645698340e+00 5.048568260373798466e+00 5.048568655275671446e+00 5.048568131498599065e+00 5.048567487143817090e+00
5.040790056646659245e+00 5.040790637772354366e+00 5.040791058500319721e+00 5.040790501090861575e+00 5.040789815483031511e+00
5.032935074635948247e+00 5.032935691698940062e+00 5.032936139485271632e+00 5.032935546881691202e+00 5.032934818118615539e+00
5.025004130142185943e+00 5.025004784720628948e+00 5.025005260833252052e+00 5.025004631431085222e+00 5.025003857559441123e+00
5.016998571798628070e+00 5.016999265509058503e+00 5.016999771251755114e+00 5.016999103403682270e+00 5.016998282418905220e+00
5.008919734467904838e+00 5.008920468965144757e+00 5.008921005677740901e+00 5.008920297693482127e+00 5.008919427539681557e+00
5.000768939365710430e+00 5.000769716342758464e+00 5.000770285401292981e+00 5.000769535547521905e+00 5.000768614117406585e+00
4.992547494183447121e+00 4.992548315371333700e+00 4.992548918188209228e+00 4.992548124688494404e+00 4.992547149823380437e+00
4.984256693209867528e+00 4.984257560377492347e+00 4.984258198401612105e+00 4.984257359436382373e+00 4.984256328926162105e+00
4.975897817451649274e+00 4.975898732405600100e+00 4.975899407122479801e+00 4.975898520829005633e+00 4.975897432412179633e+00
4.967472134752981106e+00 4.967473099337327724e+00 4.967473812269191491e+00 4.967472876741597432e+00 4.967471728105323336e+00
4.958980899914134710e+00 4.958981916010199775e+00 4.958982668716065412e+00 4.958981682005356717e+00 4.958980470785529171e+00
4.950425354809047107e+00 4.950426424335161890e+00 4.950427218410896835e+00 4.950426178525014542e+00 4.950424902306370889e+00
4.941806728501908275e+00 4.941807853413143548e+00 4.941808690491512834e+00 4.941807595395407482e+00 4.941806251711647668e+00
4.933126237362771782e+00 4.933127419650649159e+00 4.933128301401344729e+00 4.933127149017068724e+00 4.933125735351009844e+00
4.924385085182182209e+00 4.924386326874369502e+00 4.924387255004016417e+00 4.924386043210842168e+00 4.924384556994624518e+00
4.915584463284883299e+00 4.915585766444869442e+00 4.915586742697022338e+00 4.915585469331576363e+00 4.915583907946838416e+00
4.906725550642512701e+00 4.906726917369264918e+00 4.906727943524381352e+00 4.906726606380802380e+00 4.906724967158915263e+00
4.897809513985381891e+00 4.897810946412985977e+00 4.897812024288392685e+00 4.897810621118504848e+00 4.897808901340823695e+00
4.888837507913319946e+00 4.888839008210601911e+00 4.888840139660433515e+00 4.888838668173944413e+00 4.888836865072080151e+00
4.879810675005572307e+00 4.879812245375709345e+00 4.879813432290838193e+00 4.879811890155550280e+00 4.879810000911665391e+00
4.870730145929794475e+00 4.870731788609901081e+00 4.870733032917848426e+00 4.870731417759892601e+00 4.870729439507010206e+00
4.861597039550114907e+00 4.861598756810822763e+00 4.861600060475656626e+00 4.861598369879740922e+00 4.861596299702088508e+00
4.852412463034293744e+00 4.852414257179312074e+00 4.852415622201526446e+00 4.852413853711208702e+00 4.852411688644592047e+00
4.843177511959982695e+00 4.843179385325647068e+00 4.843180813742028690e+00 4.843178964859994551e+00 4.843176701892122793e+00
4.833893270419969745e+00 4.833895225374766014e+00 4.833896719258250485e+00 4.833894787446626040e+00 4.833892423517601067e+00
4.824560811126747062e+00 4.824562850070855724e+00 4.824564411530348984e+00 4.824562394211002747e+00 4.824559926213633609e+00
4.815181195516831103e+00 4.815183320881609497e+00 4.815184952061831503e+00 4.815182846616725243e+00 4.815180271397020206e+00
4.805755473852618032e+00 4.805757688100103842e+00 4.805759391181388729e+00 4.805757194952921196e+00 4.805754509310643741e+00
4.796284685324412322e+00 4.796286990946811102e+00 4.796288768144902903e+00 4.796286478436275758e+00 4.796283679125312283e+00
4.786769858151696866e+00 4.786772257670894426e+00 4.786774111236700158e+00 4.786771725312276793e+00 4.786768809040910178e+00
4.777212009683103666e+00 4.777214505650074550e+00 4.777216437869474142e+00 4.777213952955201570e+00 4.777210916386916750e+00
4.767612146495717518e+00 4.767614741490007191e+00 4.767616754683589697e+00 4.767614167967392902e+00 4.767611007721336946e+00
4.757971264493782826e+00 4.757973961122940132e+00 4.757976057645758594e+00 4.757973366277965077e+00 4.757970078929523616e+00
4.748290349006571098e+00 4.748293149905626898e+00 4.748295332146895475e+00 4.748292533240650037e+00 4.748289115321737697e+00
4.738570374885173742e+00 4.738573282716022739e+00 4.738575553098876014e+00 4.738572643730607048e+00 4.738569091730512106e+00
4.728812306598180193e+00 4.728815324049024049e+00 4.728817685030206164e+00 4.728814662240072408e+00 4.728810972605981711e+00
4.719017098327209503e+00 4.719020228111967974e+00 4.719022682181535089e+00 4.719019542973896364e+00 4.719015712111451322e+00
4.709185694061539529e+00 4.709188938919293577e+00 4.709191488600269260e+00 4.709188229944149207e+00 4.709184254217842813e+00
4.699319027691678308e+00 4.699322390386024395e+00 4.699325038234118068e+00 4.699321657063713964e+00 4.699317532797807395e+00
4.689418023102081889e+00 4.689421506420553776e+00 4.689424255023801891e+00 4.689420748238975811e+00 4.689416471718048207e+00
4.679483594263370350e+00 4.679487201016823583e+00 4.679490052995252114e+00 4.679486417462043413e+00 4.679481984931651795e+00
4.669516645323923854e+00 4.669520378345966449e+00 4.669523336351206311e+00 4.669519568902324558e+00 4.669514976569375975e+00
4.659518070700259251e+00 4.659521932846582004e+00 4.659524999561543979e+00 4.659521096996928513e+00 4.659516341030677467e+00
4.649488755166749421e+00 4.649492749314535267e+00 4.649495927453015653e+00 4.649491886540351615e+00 4.649486963072948953e+00
4.639429573944790164e+00 4.639433702992080910e+00 4.639436995298390265e+00 4.639432812773655712e+00 4.639427717900867165e+00
4.629341392791402221e+00 4.629345659656516787e+00 4.629349068905057152e+00 4.629344741473050640e+00 4.629339471254656502e+00
4.619225068086588060e+00 4.619229475707442134e+00 4.619233004702348211e+00 4.619228529037276765e+00 4.619223079498127937e+00
4.609081446920130887e+00 4.609085998253637406e+00 4.609089649828349344e+00 4.609085022574375579e+00 4.609079389704953122e+00
4.598911367177800358e+00 4.598916065199234460e+00 4.598919842216091070e+00 4.598915059987905174e+00 4.598909239745077038e+00
4.588715657627069788e+00 4.588720505329473731e+00 4.588724410679263954e+00 4.588719470062635253e+00 4.588713458370065723e+00
4.578495138001529519e+00 4.578500138395033225e+00 4.578504174996607112e+00 4.578499072548995130e+00 4.578492865298253278e+00
4.568250619084889941e+00 4.568255775196108814e+00 4.568259945995922777e+00 4.568254678247045675e+00 4.568248271298165797e+00
4.557982902794324609e+00 4.557988217665722708e+00 4.557992525637402537e+00 4.557987089089831301e+00 4.557980478272102509e+00
4.547692782263388800e+00 4.547698258952685535e+00 4.547702707096559216e+00 4.547697098226282542e+00 4.547690279338668873e+00
4.537381041923612912e+00 4.537386683503108031e+00 4.537391274845783862e+00 4.537385490102843200e+00 4.537378458915123147e+00
4.527048457585777896e+00 4.527054267141751964e+00 4.527059004735646042e+00 4.527053040544714690e+00 4.527045792798047863e+00
4.516695796520505013e+00 4.516701777152587916e+00 4.516706664075467614e+00 4.516700516836456458e+00 4.516693048244189157e+00
4.506323817538464560e+00 4.506329972359050196e+00 4.506335011713540339e+00 4.506328677802179605e+00 4.506320984050271150e+00
4.495933271069245230e+00 4.495939603202826262e+00 4.495944798115972141e+00 4.495938273884456216e+00 4.495930350632643346e+00
4.485524899239933028e+00 4.485531411822576864e+00 4.485536765445290008e+00 4.485530047222924921e+00 4.485521890105286680e+00
4.475099435951968019e+00 4.475106132131832837e+00 4.475111647637269208e+00 4.475104731732234775e+00 4.475096336357997195e+00
4.464657606962332714e+00 4.464664489895862509e+00 4.464670170482163414e+00 4.464663053178772323e+00 4.464654415132387477e+00
4.454200129952953446e+00 4.454207202809259414e+00 4.454213051694009273e+00 4.454205729258725377e+00 4.454196844102561670e+00
4.443727714618841418e+00 4.443734980570920534e+00 4.443741000998942425e+00 4.443733469672102920e+00 4.443724332943629562e+00
4.433241062726952286e+00 4.433248524961123316e+00 4.433254720193840370e+00 4.433246976201341560e+00 4.433237583419569638e+00
4.422740868209802834e+00 4.422748529915431881e+00 4.422754903240188717e+00 4.422746942783084556e+00 4.422737289441557529e+00
4.412227817219702253e+00 4.412235681597494796e+00 4.412242236318065558e+00 4.412234055583494019e+00 4.412224137160062121e+00
4.401702588220700818e+00 4.401710658475676219e+00 4.401717397918316621e+00 4.401708993072242393e+00 4.401698805020329175e+00
4.391165852045123330e+00 4.391174131390759072e+00 4.391181058898898648e+00 4.391172426092695424e+00 4.391161963850951366e+00
4.380618271980074141e+00 4.380626763634144716e+00 4.380633882571545179e+00 4.380625017937957999e+00 4.380614276923113337e+00
4.370060503826740828e+00 4.370069211013687394e+00 4.370076524760936110e+00 4.370067424418493829e+00 4.370056400032888533e+00
4.359493195983308311e+00 4.359502121930294294e+00 4.359509633887749480e+00 4.359500293937253801e+00 4.359488981563674592e+00
4.348916989503959662e+00 4.348926137443732465e+00 4.348933851027538822e+00 4.348924267556739665e+00 4.348912662564635490e+00
4.338332518180814112e+00 4.338341891347207380e+00 4.338349809992820383e+00 4.338339979072435071e+00 4.338328076813334988e+00
4.327740408600508459e+00 4.327750010232160882e+00 4.327758137389507098e+00 4.327748055078694200e+00 4.327735850892381109e+00
4.317141280226147515e+00 4.317151113562008646e+00 4.317159452699030453e+00 4.317149115041389429e+00 4.317136604250874754e+00
4.306535745451895103e+00 4.306545813734554251e+00 4.306554368332777827e+00 4.306543771361395656e+00 4.306530949279562925e+00
4.295924409683920864e+00 4.295934716156017075e+00 4.295943489713176078e+00 4.295932629447570150e+00 4.295919491371824606e+00
4.285307871394723023e+00 4.285318419300915060e+00 4.285327415327963685e+00 4.285316287777618527e+00 4.285302828996517377e+00
4.274686722201831657e+00 4.274697514786121921e+00 4.274706736808815855e+00 4.274695337971255782e+00 4.274681553759577923e+00
4.264061546922255808e+00 4.264072587429324379e+00 4.264082038986109602e+00 4.264070364849453121e+00 4.264056250474212995e+00
4.253432923649318909e+00 4.253444215321947830e+00 4.253453899965172091e+00 4.253441946506663740e+00 4.253427497222813436e+00
4.242801423805897088e+00 4.242812969886848862e+00 4.242822891180458633e+00 4.242810654369143286e+00 4.242795865425111224e+00
4.232167612220650632e+00 4.232179415949899770e+00 4.232189577470514052e+00 4.232177053265933964e+00 4.232161919899407820e+00
4.221532047179807456e+00 4.221544111796181831e+00 4.221554517131395734e+00 4.221541701485619136e+00 4.221526218929171570e+00
4.210895280502383820e+00 4.210907609241349547e+00 4.210918261989942124e+00 4.210905150847159994e+00 4.210889314323954302e+00
4.200257857591166655e+00 4.200270453685928551e+00 4.200281357457027909e+00 4.200267946754674853e+00 4.200251751483993878e+00
4.189620317506471459e+00 4.189633184186242865e+00 4.189644342598829674e+00 4.189630628267917878e+00 4.189614069461063295e+00
4.178983193016704512e+00 4.178996333507348560e+00 4.179007750190036674e+00 4.178993728155611542e+00 4.178976801021154763e+00
4.168347010670390596e+00 4.168360428193108369e+00 4.168372106783210462e+00 4.168357772965161523e+00 4.168340472705124533e+00
4.157712290846435010e+00 4.157725988618065749e+00 4.157737932761758515e+00 4.157723283074847842e+00 4.157705604889664563e+00
4.147079547824508161e+00 4.147093529056568251e+00 4.147105742407598328e+00 4.147090772762653366e+00 4.147072711847576088e+00
4.136449289834858156e+00 4.136463557733525143e+00 4.136476043953753567e+00 4.136460750257286101e+00 4.136442301807131905e+00
4.125822019127171281e+00 4.125836576892729646e+00 4.125849339650414116e+00 4.125833717806255407e+00 4.125814877011959148e+00
4.115198232019936064e+00 4.115213082846381099e+00 4.115226125817162739e+00 4.115210171725606436e+00 4.115190933778799298e+00
4.104578418967766318e+00 4.104593566042685104e+00 4.104606892907432858e+00 4.104590602467330207e+00 4.104570962557032132e+00
4.093963064610403713e+00 4.093978511114189978e+00 4.093992125560420803e+00 4.093975494667855486e+00 4.093955447984861884e+00
4.083352647838466076e+00 4.083368396944590195e+00 4.083382302663935093e+00 4.083365327214718121e+00 4.083344868948474371e+00
4.072747641842117794e+00 4.072763696716016568e+00 4.072777897406004932e+00 4.072760573293956021e+00 4.072739698636719474e+00
4.062148514175297542e+00 4.062164877974963950e+00 4.062179377336180508e+00 4.062161700455948932e+00 4.062140404599854371e+00
4.051555726804003221e+00 4.051572402678614182e+00 4.051587204416787102e+00 4.051569170661802666e+00 4.051547448802806706e+00
4.040969736169070181e+00 4.040986727259867628e+00 4.041001835082749238e+00 4.040983440348328237e+00 4.040961287683455083e+00
4.030390993234052033e+00 4.030408302672718435e+00 4.030423720292463763e+00 4.030404960473454423e+00 4.030382372204531549e+00
4.019819943546587560e+00 4.019837574456414764e+00 4.019853305586186920e+00 4.019834176580355134e+00 4.019811147911424243e+00
4.009257027285866748e+00 4.009274982779897911e+00 4.009291031136524630e+00 4.009271528841900967e+00 4.009248054982755605e+00
3.998702679322628128e+00 3.998720962505088128e+00 3.998737331805419348e+00 3.998717452123944138e+00 3.998693528287702303e+00
3.988157329266215356e+00 3.988175943230432008e+00 3.988192637194250878e+00 3.988172376028848554e+00 3.988147997435290915e+00
3.977621401523220523e+00 3.977640349353304128e+00 3.977657371699461208e+00 3.977636724957909653e+00 3.977611886831218246e+00
3.967095315344139728e+00 3.967114600112705780e+00 3.967131954562258311e+00 3.967110918154026056e+00 3.967085615725919556e+00
3.956579484880698327e+00 3.956599109650764223e+00 3.956616799922919814e+00 3.956595369763225012e+00 3.956569598270862187e+00
3.946074319232092176e+00 3.946094287054632499e+00 3.946112316870084680e+00 3.946090488876524915e+00 3.946064243565441831e+00
3.935580222501035230e+00 3.935600536417072526e+00 3.935618909493777018e+00 3.935596679590557034e+00 3.935569955712728163e+00
3.925097593839576682e+00 3.925118256877585754e+00 3.925136976934277655e+00 3.925114341048646871e+00 3.925087133865230449e+00
3.914626827503905115e+00 3.914647842682086321e+00 3.914666913433900053e+00 3.914643867500535279e+00 3.914616172280088957e+00
3.904168312899741533e+00 3.904189683223286522e+00 3.904209108385441773e+00 3.904185648342709314e+00 3.904157460363742782e+00
3.893722434635927598e+00 3.893744163099459143e+00 3.893763946382741370e+00 3.893740068177214741e+00 3.893711382726558146e+00
3.883289572569393222e+00 3.883311662154108834e+00 3.883331807268703528e+00 3.883307506851271906e+00 3.883278319226440622e+00
3.872870101857558200e+00 3.872892555533819614e+00 3.872913066184678232e+00 3.872888339515175193e+00 3.872858645022887014e+00
3.862464393002873475e+00 3.862487213727244573e+00 3.862508093618044924e+00 3.862482936661223221e+00 3.862452730619581498e+00
3.852072811904065919e+00 3.852096002622034998e+00 3.852117255450449917e+00 3.852091664180706143e+00 3.852060941917855530e+00
3.841695719900250161e+00 3.841719283543175045e+00 3.841740913004946467e+00 3.841714883402179037e+00 3.841683640258312327e+00
3.831333473821045832e+00 3.831357413308955184e+00 3.831379423093121073e+00 3.831352951147463326e+00 3.831321182473684139e+00
3.820986426030256844e+00 3.821010744268886761e+00 3.821033138061780576e+00 3.821006219769624845e+00 3.820973920929515710e+00
3.810654924474891292e+00 3.810679624358274786e+00 3.810702405839003770e+00 3.810675037207336580e+00 3.810642203576413145e+00
3.800339312728403307e+00 3.800364397136257733e+00 3.800387569980370195e+00 3.800359747023232870e+00 3.800326373989821427e+00
3.790039930038644922e+00 3.790065401838590642e+00 3.790088969713962364e+00 3.790060688456320381e+00 3.790026771421657781e+00
3.779757111370672273e+00 3.779782973416031755e+00 3.779806939986138481e+00 3.779778196460763962e+00 3.779743730839213889e+00
3.769491187453652081e+00 3.769517442585302192e+00 3.769541811505512374e+00 3.769512601756419112e+00 3.769477582976166197e+00
3.759242484823229979e+00 3.759269135867787437e+00 3.759293910788262583e+00 3.759264230867978451e+00 3.759228654370637912e+00
3.749011325867422251e+00 3.749038375638756637e+00 3.749063560201124190e+00 3.749033406173718941e+00 3.748997267415580481e+00
3.738798028868541845e+00 3.738825480166319881e+00 3.738851078006229400e+00 3.738820445944948112e+00 3.738783740396019351e+00
3.728602908048100684e+00 3.728630763658985714e+00 3.728656778403137029e+00 3.728625664393051764e+00 3.728588387538808391e+00
3.718426273608296473e+00 3.718454536304821367e+00 3.718480971573202343e+00 3.718449371709178219e+00 3.718411519049090064e+00
3.708268431775947338e+00 3.708297104317431092e+00 3.708323963720671745e+00 3.708291874109672204e+00 3.708253441159408137e+00
3.698129684843537213e+00 3.698158769975261606e+00 3.698186057116581438e+00 3.698153473875932296e+00 3.698114456165419117e+00
3.688010331212211224e+00 3.688039831666074964e+00 3.688067550138937278e+00 3.688034469398320248e+00 3.687994862474360591e+00
3.677910665432377435e+00 3.677940583926351259e+00 3.677968737316144932e+00 3.677935155216134788e+00 3.677894954640031244e+00
3.667830978245782969e+00 3.667861317484329309e+00 3.667889909366303325e+00 3.667855822060064330e+00 3.667815023410620157e+00
3.657771556625678766e+00 3.657802319299460425e+00 3.657831353240154737e+00 3.657796756892236267e+00 3.657755355762982052e+00
3.647732683817995536e+00 3.647763872604079527e+00 3.647793352159524272e+00 3.647758242947285012e+00 3.647716234949820446e+00
3.637714639381070647e+00 3.637746256942871792e+00 3.637776185659788108e+00 3.637740559772421278e+00 3.637697940533282992e+00
3.627717699225950110e+00 3.627749748213238590e+00 3.627780129627477645e+00 3.627743983267186501e+00 3.627700748431500255e+00
3.617742135655674041e+00 3.617774618704733047e+00 3.617805456342269910e+00 3.617768785723503022e+00 3.617724930951522921e+00
3.607788217404727327e+00 3.607821137138184753e+00 3.607852434513778572e+00 3.607815235864179737e+00 3.607770756835213977e+00
3.597856209677886330e+00 3.597889568705065155e+00 3.597921329323062523e+00 3.597883598882892553e+00 3.597838491291554419e+00
3.587946374188837773e+00 3.587980175105430991e+00 3.588012402458629069e+00 3.587974136481510534e+00 3.587928396041885737e+00
3.578058969198586237e+00 3.578093214587183102e+00 3.578125912157461563e+00 3.578087106909969339e+00 3.578040729351603222e+00
3.568194249553263031e+00 3.568228941982882318e+00 3.568262113240252553e+00 3.568222765002471153e+00 3.568175746074752741e+00
3.558352466722098484e+00 3.558387608748871944e+00 3.558421257151952677e+00 3.558381362217219124e+00 3.558333697685133412e+00
3.548533868834437222e+00 3.548569463001019830e+00 3.548603591996255968e+00 3.548563146671546153e+00 3.548514832320248669e+00
3.538738700717273034e+00 3.538774749553668109e+00 3.538809362575665585e+00 3.538768363181473475e+00 3.538719394811832064e+00
3.528967203931498098e+00 3.529003709954356971e+00 3.529038810425257466e+00 3.528997253295826919e+00 3.528947626729160181e+00
3.519219616808998197e+00 3.519256582522572341e+00 3.519292173852262007e+00 3.519250055335584104e+00 3.519199766409023322e+00
3.509496174488150988e+00 3.509533602383496209e+00 3.509569687969119389e+00 3.509527004427031915e+00 3.509476048998394937e+00
3.499797108950488678e+00 3.499835001506529153e+00 3.499871584732586083e+00 3.499828332540870335e+00 3.499776706483866739e+00
3.490122649055463100e+00 3.490161008738111637e+00 3.490198092976099176e+00 3.490154268524457315e+00 3.490101967733681310e+00
3.480473020576673626e+00 3.480511849839997396e+00 3.480549438448405031e+00 3.480505038140650598e+00 3.480452058526646297e+00
3.470848446235918150e+00 3.470887747521187006e+00 3.470925843845254377e+00 3.470880864099178620e+00 3.470827201593531086e+00
3.461249145738993338e+00 3.461288921475928593e+00 3.461327528847554458e+00 3.461281966095194562e+00 3.461227616645478733e+00
3.451675335809042178e+00 3.451715588414811631e+00 3.451754710152410421e+00 3.451708560839821249e+00 3.451653520414770249e+00
3.442127230221929679e+00 3.442167962102468337e+00 3.442207601510802739e+00 3.442160862098391672e+00 3.442105126682750260e+00
3.432605039838908745e+00 3.432646253387864110e+00 3.432686413757998878e+00 3.432639080720209623e+00 3.432582646319960240e+00
3.423108972641569547e+00 3.423150670241686289e+00 3.423191354850748436e+00 3.423143424676455826e+00 3.423086287313592990e+00
3.413639233763839709e+00 3.413681417785867200e+00 3.413722629897082861e+00 3.413674099089202052e+00 3.413616254807001482e+00
3.404196025526510905e+00 3.404238698330640744e+00 3.404280441193038520e+00 3.404231306268962420e+00 3.404172751126696816e+00
3.394779547468589342e+00 3.394822711403333138e+00 3.394864988251853344e+00 3.394815245743003640e+00 3.394755975821234895e+00
