2.064469551059191232e+01 2.064469546305915060e+01 2.064469551022613558e+01 2.064469551812630144e+01 2.064469552305184052e+01
2.057291805949870422e+01 2.057291786968501057e+01 2.057291805803441065e+01 2.057291808959825019e+01 2.057291810926146525e+01
2.050143754317398503e+01 2.050143711683388048e+01 2.050143753987771689e+01 2.050143761080488147e+01 2.050143765495609216e+01
2.043025284394571983e+01 2.043025208737522647e+01 2.043025283808420411e+01 2.043025296400360702e+01 2.043025304232805084e+01
2.035936285261345802e+01 2.035936167268249264e+01 2.035936284345454439e+01 2.035936303991688234e+01 2.035936316203141061e+01
2.028876646811151474e+01 2.028876477229904651e+01 2.028876645492499620e+01 2.028876673739614844e+01 2.028876691284618161e+01
2.021846259719855610e+01 2.021846029362459873e+01 2.021846257925704649e+01 2.021846296311136371e+01 2.021846320136792841e+01
2.014845015416837626e+01 2.014844715162418254e+01 2.014845013074814872e+01 2.014845063126202973e+01 2.014845094171890238e+01
2.007872806058076876e+01 2.007872426855842818e+01 2.007872803096254088e+01 2.007872866330835748e+01 2.007872905527941754e+01
2.000929524501239598e+01 2.000929057373257081e+01 2.000929520848206167e+01 2.000929598772231088e+01 2.000929647043896864e+01
1.994015064282469396e+01 1.994014500326326100e+01 1.994015059867408723e+01 1.994015153975576737e+01 1.994015212236454104e+01
1.987129319594850685e+01 1.987128649986178885e+01 1.987129314347609110e+01 1.987129426122532649e+01 1.987129495278554714e+01
1.980272185268376361e+01 1.980271401263257758e+01 1.980272179119530662e+01 1.980272310031221394e+01 1.980272390979385122e+01
1.973443556751331940e+01 1.973442649688577077e+01 1.973443549632254346e+01 1.973443701137634676e+01 1.973443794765795190e+01
1.966643330092986730e+01 1.966642291396292919e+01 1.966643321935905675e+01 1.966643495478339787e+01 1.966643602665015678e+01
1.959871401927491164e+01 1.959870223107488485e+01 1.959871392665551326e+01 1.959871589674400383e+01 1.959871711288591456e+01
1.953127669458898197e+01 1.953126342115080050e+01 1.953127659026218410e+01 1.953127880916415293e+01 1.953128017817428486e+01
1.946412030447226726e+01 1.946410546269768105e+01 1.946412018778951136e+01 1.946412266950598635e+01 1.946412419987888143e+01
1.939724383195480684e+01 1.939722733966954138e+01 1.939724370227832750e+01 1.939724646065820579e+01 1.939724816078836511e+01
1.933064626537566966e+01 1.933062804134550206e+01 1.933064612207897426e+01 1.933064917081540202e+01 1.933065104899586117e+01
1.926432659827037597e+01 1.926430656221620907e+01 1.926432644073871003e+01 1.926432979336565054e+01 1.926433185778665091e+01
1.919828382926593591e+01 1.919826190187788129e+01 1.919828365689673433e+01 1.919828732678572791e+01 1.919828958553351228e+01
1.913251696198301843e+01 1.913249306493353430e+01 1.913251677418632468e+01 1.913252077454344757e+01 1.913252323559911261e+01
1.906702500494465724e+01 1.906699906090073782e+01 1.906702480114352483e+01 1.906702914500650081e+01 1.906703181624494547e+01
1.900180697149105669e+01 1.900177890412551207e+01 1.900180675112192219e+01 1.900181145135744742e+01 1.900181434054641372e+01
1.893686187969997547e+01 1.893683161370191215e+01 1.893686164221302093e+01 1.893686671151422019e+01 1.893686982631341564e+01
1.887218875231238258e+01 1.887215621339663940e+01 1.887218849717186941e+01 1.887219394805596195e+01 1.887219729601623897e+01
1.880778661666287377e+01 1.880775173157875102e+01 1.880778634334746258e+01 1.880779218815356657e+01 1.880779577671620473e+01
1.874365450461462501e+01 1.874361720115384955e+01 1.874365421261767040e+01 1.874366046350477433e+01 1.874366430000083739e+01
1.867979145249836748e+01 1.867975165950221950e+01 1.867979114132822005e+01 1.867979781027321806e+01 1.867980190192299617e+01
1.861619650105521728e+01 1.861615414842097138e+01 1.861619617023545459e+01 1.861620326903153000e+01 1.861620762294397124e+01
1.855286869538318584e+01 1.855282371406968167e+01 1.855286834445287525e+01 1.855287588470789828e+01 1.855288050788017884e+01
1.848980708488681302e+01 1.848975940691939002e+01 1.848980671340076043e+01 1.848981470653577830e+01 1.848981960585294004e+01
1.842701072322982014e+01 1.842696028170458433e+01 1.842701033075875117e+01 1.842701878800672688e+01 1.842702397024136829e+01
1.836447866829064779e+01 1.836442539737800672e+01 1.836447825442142445e+01 1.836448718682605374e+01 1.836449265863803149e+01
1.830220998212054795e+01 1.830215381706816657e+01 1.830220954645635345e+01 1.830221896487101674e+01 1.830222473280726803e+01
1.824020373090406011e+01 1.824014460803916649e+01 1.824020327306456934e+01 1.824021318815139736e+01 1.824021925864580140e+01
1.817845898492173262e+01 1.817839684165279834e+01 1.817845850454327561e+01 1.817846892677234649e+01 1.817847530614560725e+01
1.811697481851487268e+01 1.811690959333275330e+01 1.811697431525056956e+01 1.811698525489924094e+01 1.811699194935885870e+01
1.805575031005222542e+01 1.805568194253069692e+01 1.805574978357212146e+01 1.805576125072443361e+01 1.805576826636471921e+01
1.799478454189836540e+01 1.799471297269413839e+01 1.799478399188955180e+01 1.799479599643578709e+01 1.799480333923789388e+01
1.793407660038374019e+01 1.793400177123593409e+01 1.793407602655047128e+01 1.793408857818677760e+01 1.793409625401881158e+01
1.787362557577620592e+01 1.787354742950532227e+01 1.787362497783998450e+01 1.787363808606811588e+01 1.787364610068529203e+01
1.781343056225393084e+01 1.781334904276037179e+01 1.781342993995361113e+01 1.781344361408077503e+01 1.781345197312558781e+01
1.775349065787961678e+01 1.775340571014166358e+01 1.775349001097147550e+01 1.775350426011026883e+01 1.775351296911270893e+01
1.769380496457586815e+01 1.769371653464726890e+01 1.769380429283367562e+01 1.769381912590210248e+01 1.769382819027993392e+01
1.763437258810169084e+01 1.763428062310879341e+01 1.763437189131677485e+01 1.763438731703836027e+01 1.763439674209740815e+01
1.757519263802995368e+01 1.757509708616841237e+01 1.757519191601124930e+01 1.757520794291524879e+01 1.757521773384973685e+01
1.751626422772585201e+01 1.751616503825693272e+01 1.751626348029995484e+01 1.751628011672159957e+01 1.751629027861452670e+01
1.745758647432617039e+01 1.745748359757267565e+01 1.745758570133735077e+01 1.745760295541824192e+01 1.745761349324176237e+01
1.739915849871936615e+01 1.739905188606121555e+01 1.739915770002963669e+01 1.739917557971815043e+01 1.739918649833400011e+01
1.734097942552642735e+01 1.734086902939582586e+01 1.734097860101554289e+01 1.734099711406732425e+01 1.734100841822730388e+01
1.728304838308234181e+01 1.728293415695865676e+01 1.728304753264782079e+01 1.728306668662638401e+01 1.728307838097281390e+01
1.722536450341825898e+01 1.722524640182256661e+01 1.722536362697540469e+01 1.722538342925273014e+01 1.722539551831898308e+01
1.716792692224419525e+01 1.716780490073348275e+01 1.716792601972609233e+01 1.716794647748336189e+01 1.716795896569436053e+01
1.711073477893228301e+01 1.711060879409340529e+01 1.711073385028981519e+01 1.711075497051814054e+01 1.711076786219095069e+01
1.705378721650054175e+01 1.705365722594385147e+01 1.705378626170237766e+01 1.705380805120361742e+01 1.705382135054800941e+01
1.699708338159705789e+01 1.699694934394979029e+01 1.699708240062964393e+01 1.699710486601728121e+01 1.699711857713633734e+01
1.694062242448463351e+01 1.694048429938404965e+01 1.694062141735219740e+01 1.694064456505224570e+01 1.694065869194296425e+01
1.688440349902579740e+01 1.688426124711203258e+01 1.688440246575032688e+01 1.688442630200231775e+01 1.688444084855624894e+01
1.682842576266820345e+01 1.682827934557689531e+01 1.682842470328942852e+01 1.682844923414740990e+01 1.682846420415131306e+01
1.677268837643033805e+01 1.677253775678505221e+01 1.677268729100570255e+01 1.677271252233932231e+01 1.677272791947582320e+01
1.671719050488754021e+01 1.671703564629202532e+01 1.671718939349221245e+01 1.671721533098774870e+01 1.671723115883606070e+01
1.666193131615828804e+01 1.666177218318852482e+01 1.666193017888510397e+01 1.666195682804666944e+01 1.666197309008325078e+01
1.660690998189078726e+01 1.660674654008680662e+01 1.660690881885024694e+01 1.660693618500095781e+01 1.660695288460021146e+01
1.655212567724982264e+01 1.655195789310734256e+01 1.655212448857004048e+01 1.655215257685323138e+01 1.655216971728823694e+01
1.649757758090376925e+01 1.649740542186571091e+01 1.649757636673046335e+01 1.649760518211092020e+01 1.649762276655415860e+01
1.644326487501183465e+01 1.644308830945965738e+01 1.644326363550830195e+01 1.644329318277349827e+01 1.644331121429761566e+01
1.638918674521147878e+01 1.638900574245639774e+01 1.638918548055854174e+01 1.638921576431999938e+01 1.638923424589851408e+01
1.633534238060606114e+01 1.633515691088011579e+01 1.633534109100206067e+01 1.633537211569666425e+01 1.633539105020473059e+01
1.628173097375265144e+01 1.628154100819961769e+01 1.628172965941338646e+01 1.628176142930472636e+01 1.628178081951990563e+01
1.622835172064988640e+01 1.622815723131614263e+01 1.622835038180861744e+01 1.622838290098835046e+01 1.622840274959138895e+01
1.617520382072610374e+01 1.617500478055133328e+01 1.617520245763349607e+01 1.617523573002276294e+01 1.617525603959834157e+01
1.612228647682751870e+01 1.612208285963534138e+01 1.612228508975162100e+01 1.612231911910246041e+01 1.612233989213996566e+01
1.606959889520657470e+01 1.606939067569506818e+01 1.606959748443278357e+01 1.606963227432957098e+01 1.606965351322388713e+01
1.601714028551037217e+01 1.601692743924252937e+01 1.601713885134140725e+01 1.601717440520230085e+01 1.601719611225457740e+01
1.596490986076923235e+01 1.596469236416331938e+01 1.596490840352510077e+01 1.596494472460348746e+01 1.596496690202192958e+01
1.591290683738530554e+01 1.591268466770518941e+01 1.591290535740327527e+01 1.591294244878926634e+01 1.591296509868991826e+01
1.586113043512133203e+01 1.586090357046671429e+01 1.586112893275590707e+01 1.586116679737781965e+01 1.586118992178533738e+01
1.580957987708945467e+01 1.580934829638607475e+01 1.580957835271235368e+01 1.580961699333819936e+01 1.580964059418664291e+01
1.575825438974011838e+01 1.575801807272989485e+01 1.575825284374023738e+01 1.575829226297923924e+01 1.575831634211285248e+01
1.570715320285103545e+01 1.570691213008218234e+01 1.570715163563443539e+01 1.570719183593853074e+01 1.570721639511252121e+01
1.565627554951623068e+01 1.565602970233333124e+01 1.565627396150611794e+01 1.565631494517147537e+01 1.565633998605278876e+01
1.560562066613515242e+01 1.560537002666920259e+01 1.560561905777185387e+01 1.560566082694039558e+01 1.560568635110849556e+01
1.555518779240182781e+01 1.555493234356027443e+01 1.555518616414277844e+01 1.555522872080370433e+01 1.555525472975134171e+01
1.550497617129409278e+01 1.550471589675084516e+01 1.550497452361382500e+01 1.550501786960514039e+01 1.550504436473911340e+01
1.545498504906287529e+01 1.545471993324829896e+01 1.545498338245299941e+01 1.545502751946303555e+01 1.545505450210496257e+01
1.540521367522151408e+01 1.540494370331244056e+01 1.540521199019071474e+01 1.540525691975965827e+01 1.540528439114673276e+01
1.535566130253514316e+01 1.535538646044486377e+01 1.535565959960917048e+01 1.535570532313058578e+01 1.535573328441632235e+01
1.530632718701011186e+01 1.530604746137838035e+01 1.530632546673178140e+01 1.530637198545413113e+01 1.530640043770911873e+01
1.525721058788345097e+01 1.525692596606651108e+01 1.525720885081263845e+01 1.525725616584080591e+01 1.525728511005343968e+01
1.520831076761238343e+01 1.520802123767299641e+01 1.520830901432603177e+01 1.520835712662282546e+01 1.520838656370005104e+01
1.515962699186387219e+01 1.515933254256135676e+01 1.515962522295599335e+01 1.515967413334366043e+01 1.515970406411168625e+01
1.511115852950420546e+01 1.511085915028450266e+01 1.511115674558588573e+01 1.511120645474762370e+01 1.511123687995263687e+01
1.506290465258862454e+01 1.506260033357437678e+01 1.506290285428804054e+01 1.506295336276947694e+01 1.506298428307835913e+01
1.501486463635097124e+01 1.501455536833169013e+01 1.501486282431341479e+01 1.501491413252409401e+01 1.501494554852511953e+01
1.496703775919340274e+01 1.496672353361561036e+01 1.496703593408128086e+01 1.496708804229612078e+01 1.496711995449966359e+01
1.491942330267605676e+01 1.491910411163354055e+01 1.491942146516892720e+01 1.491947437352971484e+01 1.491950678236892713e+01
1.487202055150686952e+01 1.487169638773089808e+01 1.487201870230146916e+01 1.487207241081831377e+01 1.487210531664976010e+01
1.482482879353135807e+01 1.482449965038096096e+01 1.482482693334162605e+01 1.482488144189440682e+01 1.482491484499874979e+01
1.477784731972240806e+01 1.477751319117472839e+01 1.477784544927951060e+01 1.477790075761932442e+01 1.477793465820198726e+01
1.473107542417015914e+01 1.473073630481082574e+01 1.473107354422254467e+01 1.473112965197310231e+01 1.473116405016489239e+01
1.468451240407186376e+01 1.468416828908543437e+01 1.468451051538529661e+01 1.468456742204433141e+01 1.468460231790208681e+01
1.463815755972179034e+01 1.463780844488226585e+01 1.463815566307938987e+01 1.463821336802005924e+01 1.463824876152725452e+01
1.459201019450113179e+01 1.459165607616253268e+01 1.459200829070343808e+01 1.459206679317570021e+01 1.459210268424307699e+01
1.454606961486801175e+01 1.454571048995498472e+01 1.454606770473302824e+01 1.454612700386502944e+01 1.454616339233114530e+01
1.450033513034746413e+01 1.449997099634594733e+01 1.450033321471071623e+01 1.450039330951011962e+01 1.450043019514196452e+01
1.445480605352141978e+01 1.445443690846942353e+01 1.445480413323602065e+01 1.445486502259135442e+01 1.445490240508492796e+01
1.440948170001877671e+01 1.440910754249719439e+01 1.440947977595548934e+01 1.440954145863746660e+01 1.440957933761830922e+01
1.436436138850546484e+01 1.436398221762896021e+01 1.436435946155278387e+01 1.436442193621558872e+01 1.436446031123935008e+01
1.431944444067453581e+01 1.431906025608249777e+01 1.431944251173874605e+01 1.431950577692134630e+01 1.431954464747429689e+01
1.427473018123627035e+01 1.427434098308387256e+01 1.427472825124154454e+01 1.427479230536893873e+01 1.427483167086851878e+01
1.423021793790835510e+01 1.422982372685765817e+01 1.423021600779682672e+01 1.423028084918130354e+01 1.423032070897659906e+01
1.418590704140603442e+01 1.418550781861716992e+01 1.418590511213790251e+01 1.418597073898027361e+01 1.418601109235251378e+01
1.414179682543231387e+01 1.414139259255475167e+01 1.414179489798591405e+01 1.414186130837673971e+01 1.414190215453979427e+01
1.409788662666819015e+01 1.409747738583209475e+01 1.409788470204011013e+01 1.409795189396087878e+01 1.409799323206170385e+01
1.405417578476289897e+01 1.405376153857054966e+01 1.405417386396808688e+01 1.405424183529238924e+01 1.405428366441148391e+01
1.401066364232419481e+01 1.401024439384150000e+01 1.401066172639604623e+01 1.401073047489075840e+01 1.401077279404259457e+01
1.396734954490863245e+01 1.396692529765673108e+01 1.396734763489912723e+01 1.396741715822552443e+01 1.396745996635898734e+01
1.392423284101192671e+01 1.392380359895886066e+01 1.392423093799173905e+01 1.392430123370661832e+01 1.392434452970539205e+01
1.388131288205929614e+01 1.388087864961176976e+01 1.388131098711791189e+01 1.388138205267468983e+01 1.388142583535766050e+01
1.383858902239581923e+01 1.383814980439107067e+01 1.383858713664166729e+01 1.383865896939148321e+01 1.383870323751310849e+01
1.379606061927686866e+01 1.379561642097458574e+01 1.379605874383746311e+01 1.379613134103019689e+01 1.379617609328088612e+01
1.375372703285852793e+01 1.375327785993288998e+01 1.375372516888060304e+01 1.375379852766592848e+01 1.375384376267237130e+01
1.371158762618806648e+01 1.371113348471984139e+01 1.371158577483770280e+01 1.371165989226611615e+01 1.371170560859162002e+01
1.366964176519437935e+01 1.366918266166316265e+01 1.366963992765718494e+01 1.366971480068098543e+01 1.366976099682580603e+01
1.362788881867854407e+01 1.362742475995501579e+01 1.362788699615978771e+01 1.362796262163405459e+01 1.362800929603567468e+01
1.358632815830433849e+01 1.358585915164266034e+01 1.358632635202911665e+01 1.358640272671265237e+01 1.358644987774608559e+01
1.354495915858879052e+01 1.354448521161908658e+01 1.354495736980218190e+01 1.354503449035846963e+01 1.354508211633652515e+01
1.350378119689277057e+01 1.350330231761374300e+01 1.350377942686002086e+01 1.350385728985810729e+01 1.350390538903165272e+01
1.346279365341162126e+01 1.346230985018308957e+01 1.346279190341831722e+01 1.346287050533370078e+01 1.346291907589188774e+01
1.342199591116577650e+01 1.342150719270162007e+01 1.342199418251801291e+01 1.342207351973353013e+01 1.342212255980402524e+01
1.338138735599142670e+01 1.338089373135212590e+01 1.338138565001600888e+01 1.338146571882267111e+01 1.338151522647186731e+01
1.334096737653122489e+01 1.334046885511713043e+01 1.334096569457585879e+01 1.334104649117368346e+01 1.334109646440686170e+01
1.330073536422500347e+01 1.330023195576896455e+01 1.330073370765848750e+01 1.330081522815730999e+01 1.330086566491882216e+01
1.326069071330054427e+01 1.326018242786137336e+01 1.326068908351292919e+01 1.326077132393314884e+01 1.326082222210667538e+01
1.322083282076426869e+01 1.322031966871967334e+01 1.322083121916713289e+01 1.322091417544053904e+01 1.322096553284901255e+01
1.318116108639213913e+01 1.318064307843225791e+01 1.318115951441880362e+01 1.318124318238904102e+01 1.318129499679521288e+01
1.314167491272037047e+01 1.314115205984098900e+01 1.314167337182603035e+01 1.314175774724974488e+01 1.314181001635562929e+01
1.310237370503628895e+01 1.310184601853258179e+01 1.310237219669855335e+01 1.310245727524544890e+01 1.310250999669324123e+01
1.306325687136938463e+01 1.306272436282915272e+01 1.306325539708797834e+01 1.306334117434228936e+01 1.306339434571352065e+01
1.302432382248185228e+01 1.302378650377963787e+01 1.302432238377948259e+01 1.302440885523984981e+01 1.302446247405633528e+01
1.298557397186006490e+01 1.298503185515036762e+01 1.298557257028200063e+01 1.298565973136281393e+01 1.298571379508590695e+01
1.294700673570490679e+01 1.294645983341657569e+01 1.294700537281976693e+01 1.294709321885121689e+01 1.294714772488248755e+01
1.290862153292339265e+01 1.290806985775300753e+01 1.290862021032301143e+01 1.290870873655203965e+01 1.290876368223279513e+01
1.287041778511905221e+01 1.286986135002546838e+01 1.287041650441901908e+01 1.287050570600959176e+01 1.287056108862128490e+01
1.283239491658355824e+01 1.283183373478151701e+01 1.283239367942329245e+01 1.283248355145713937e+01 1.283253936822099206e+01
1.279455235428718929e+01 1.279398643924203860e+01 1.279455116233039469e+01 1.279464169980730581e+01 1.279469794788461101e+01
1.275688952787053765e+01 1.275631889329200419e+01 1.275688838280531812e+01 1.275697958064383286e+01 1.275703625713558154e+01
1.271940586963495257e+01 1.271883052947209691e+01 1.271940477317426677e+01 1.271949662621196886e+01 1.271955372815905072e+01
1.268210081453440274e+01 1.268152078296952290e+01 1.268209976841620090e+01 1.268219227141027439e+01 1.268224979579320078e+01
1.264497380016589467e+01 1.264438909160966240e+01 1.264497280615352892e+01 1.264506595378118625e+01 1.264512389752006705e+01
1.260802426676139909e+01 1.260743489584696952e+01 1.260802332664387748e+01 1.260811711350265263e+01 1.260817547345710210e+01
1.257125165717841497e+01 1.257065763875664111e+01 1.257125077277067327e+01 1.257134519337901324e+01 1.257140396634789603e+01
1.253465541689173790e+01 1.253405676602558927e+01 1.253465459003509963e+01 1.253474963883243198e+01 1.253480882155390574e+01
1.249823499398436866e+01 1.249763172594416005e+01 1.249823422654663041e+01 1.249832989789403115e+01 1.249838948704512909e+01
1.246198983913901337e+01 1.246138196939715215e+01 1.246198913301509137e+01 1.246208542119522100e+01 1.246214541339196913e+01
1.242591940562933672e+01 1.242530694985558348e+01 1.242591876274123663e+01 1.242601566195905072e+01 1.242607605375589230e+01
1.239002314931125426e+01 1.238940612336777214e+01 1.239002257160882969e+01 1.239012007599140297e+01 1.239018086388140460e+01
1.235430052861447514e+01 1.235367894855113313e+01 1.235430001807534772e+01 1.235439812167256335e+01 1.235445930208670973e+01
1.231875100453363459e+01 1.231812488658333571e+01 1.231875056316395600e+01 1.231884925994833324e+01 1.231891082925577585e+01
1.228337404062006755e+01 1.228274340119412322e+01 1.228337367045452666e+01 1.228347295432176445e+01 1.228353490882902221e+01
1.224816910297283279e+01 1.224753395865653793e+01 1.224816880607534486e+01 1.224826867084421700e+01 1.224833100679543740e+01
1.221313566023068375e+01 1.221249602777877996e+01 1.221313543869448814e+01 1.221323587810725364e+01 1.221329859168335474e+01
1.217827318356301447e+01 1.217762907989549070e+01 1.217827303951130702e+01 1.217837404723364259e+01 1.217843713455251553e+01
1.214358114666200095e+01 1.214293258885964732e+01 1.214358108224810628e+01 1.214368265186939233e+01 1.214374610898510021e+01
1.210905902573349735e+01 1.210840603103391366e+01 1.210905904314144443e+01 1.210916116817472954e+01 1.210922499107756600e+01
1.207470629948927332e+01 1.207404888528256492e+01 1.207470640093406011e+01 1.207480907481624577e+01 1.207487325943199963e+01
1.204052244913794389e+01 1.203986063296289899e+01 1.204052263686606494e+01 1.204062585295788423e+01 1.204069039514775952e+01
1.200650695837727433e+01 1.200584075791719485e+01 1.200650723466704939e+01 1.200661098625315226e+01 1.200667588181310208e+01
1.197265931338514733e+01 1.197198874646419320e+01 1.197265968054720453e+01 1.197276396083614891e+01 1.197282920549666940e+01
1.193897900281189273e+01 1.193830408739108151e+01 1.193897946318960557e+01 1.193908426531384670e+01 1.193914985473935353e+01
1.190546551777138973e+01 1.190478627194503680e+01 1.190546607374126431e+01 1.190557139075713700e+01 1.190563732054566159e+01
1.187211835183327402e+01 1.187143479382523914e+01 1.187211900580552282e+01 1.187222483069318990e+01 1.187229109637577906e+01
1.183893700101434732e+01 1.183824914917448190e+01 1.183893775543313787e+01 1.183904408109653339e+01 1.183911067813685314e+01
1.180592096377053046e+01 1.180522883657121191e+01 1.180592182111473321e+01 1.180602864038142386e+01 1.180609556417520700e+01
1.177306974098859982e+01 1.177237335702121079e+01 1.177307070377191955e+01 1.177317800939309222e+01 1.177324525526759480e+01
1.174038283597794852e+01 1.173968221394964928e+01 1.174038390674975751e+01 1.174049169139997240e+01 1.174055925461352068e+01
1.170785975446257687e+01 1.170715491319283252e+01 1.170786093580806231e+01 1.170796919208521558e+01 1.170803706782648490e+01
1.167550000457271686e+01 1.167479096299029528e+01 1.167550129911367662e+01 1.167561001953874822e+01 1.167567820292640945e+01
1.164330309683702325e+01 1.164258987397659695e+01 1.164330450723210930e+01 1.164341368424902079e+01 1.164348217033087529e+01
1.161126854417411103e+01 1.161055115917345049e+01 1.161127007311956838e+01 1.161137969909495204e+01 1.161144848284763142e+01
1.157939586188491887e+01 1.157867433398157075e+01 1.157939751211489821e+01 1.157950757933786612e+01 1.157957665566585881e+01
1.154768456764416840e+01 1.154695891617283365e+01 1.154768634193143306e+01 1.154779684261334438e+01 1.154786620634872207e+01
1.151613418149287682e+01 1.151540442588218305e+01 1.151613608264917943e+01 1.151624700892334552e+01 1.151631665482471689e+01
1.148474422582978249e+01 1.148401038559982190e+01 1.148474625670653815e+01 1.148485760062796679e+01 1.148492752338015777e+01
1.145351422540395170e+01 1.145277632016317071e+01 1.145351638889267853e+01 1.145362814243772576e+01 1.145369833665076520e+01
1.142244370730621306e+01 1.142170175674908705e+01 1.142244600633918239e+01 1.142255816140527003e+01 1.142262862161395098e+01
1.139153220096183716e+01 1.139078622486587378e+01 1.139153463851256376e+01 1.139164718691778155e+01 1.139171790758068958e+01
1.136077923812200119e+01 1.136002925634553939e+01 1.136078181720586322e+01 1.136089475068865973e+01 1.136096572618762757e+01
1.133018435285647385e+01 1.132943038533585423e+01 1.133018707653129376e+01 1.133030038675002871e+01 1.133037161138918947e+01
1.129974708154522212e+01 1.129898914829263035e+01 1.129974995291180662e+01 1.129986363144440631e+01 1.129993509944956642e+01
1.126946696287097360e+01 1.126870508397183457e+01 1.126946998507382958e+01 1.126958402341730903e+01 1.126965572893500855e+01
1.123934353781107909e+01 1.123857773342190391e+01 1.123934671403883989e+01 1.123946110360891026e+01 1.123953304070571413e+01
1.120937634962988128e+01 1.120860663997589945e+01 1.120937968311616295e+01 1.120949441524671819e+01 1.120956657790829603e+01
1.117956494387084732e+01 1.117879134924384843e+01 1.117956843789459853e+01 1.117968350383726062e+01 1.117975588596759273e+01
1.114990886834875461e+01 1.114913140910495493e+01 1.114991252623515727e+01 1.115002791715881969e+01 1.115010051257926982e+01
1.112040767314206136e+01 1.111962636969996865e+01 1.112041149826294095e+01 1.112052720525312921e+01 1.112060000770159718e+01
1.109106091058497157e+01 1.109027578342342935e+01 1.109106490635964981e+01 1.109118092041816972e+01 1.109125392354815354e+01
1.106186813525997259e+01 1.106107920491607643e+01 1.106187230515575237e+01 1.106198861719990312e+01 1.106206181457958060e+01
1.103282890398982374e+01 1.103203619105713962e+01 1.103283325152281513e+01 1.103294985238506953e+01 1.103302323749637104e+01
1.100394277583023239e+01 1.100314630095676272e+01 1.100394730456589443e+01 1.100406418499304273e+01 1.100413775123063687e+01
1.097520931206179284e+01 1.097440909594835290e+01 1.097521402561573822e+01 1.097533117626853638e+01 1.097540491693894360e+01
1.094662807618277078e+01 1.094582413958102585e+01 1.094663297822136805e+01 1.094675038967366199e+01 1.094682429799411416e+01
1.091819863390101908e+01 1.091739099761198695e+01 1.091820372814217599e+01 1.091832139088049125e+01 1.091839545997808791e+01
1.088992055312684748e+01 1.088910923799901909e+01 1.088992584334066294e+01 1.089004374776331119e+01 1.089011797067379916e+01
1.086179340396493131e+01 1.086097843089289938e+01 1.086179889397447695e+01 1.086191703039108170e+01 1.086199140005797403e+01
1.083381675870724337e+01 1.083299814862990296e+01 1.083382245238925279e+01 1.083394081101985762e+01 1.083401532029320791e+01
1.080599019182499099e+01 1.080516796572428007e+01 1.080599609311063070e+01 1.080611466408515753e+01 1.080618930572059888e+01
1.077831327996155153e+01 1.077748745886076343e+01 1.077831939283718121e+01 1.077843816619452078e+01 1.077851293285205259e+01
1.075078560192452315e+01 1.074995620688708975e+01 1.075079193043241510e+01 1.075091089611982653e+01 1.075098578036276997e+01
1.072340673867855187e+01 1.072257379080654438e+01 1.072341328691775963e+01 1.072353243478996276e+01 1.072360742908374220e+01
1.069617627333760446e+01 1.069533979377050770e+01 1.069618304546460585e+01 1.069630236528309553e+01 1.069637746199413719e+01
1.066909379115762135e+01 1.066825380107102106e+01 1.066910079138728129e+01 1.066922027281945162e+01 1.066929546421394370e+01
1.064215887952900985e+01 1.064131540013337762e+01 1.064216611213520736e+01 1.064228574475354350e+01 1.064236102299627973e+01
1.061537112796916382e+01 1.061452418050870961e+01 1.061537859728577260e+01 1.061549837056704071e+01 1.061557372772015917e+01
1.058873012811512382e+01 1.058787973386660575e+01 1.058873783853669615e+01 1.058885774186098772e+01 1.058893316988276112e+01
1.056223547371600802e+01 1.056138165398773232e+01 1.056224342969873042e+01 1.056236345234872509e+01 1.056243894309227827e+01
1.053588676062581264e+01 1.053502953675647902e+01 1.053589496668824488e+01 1.053601509784812684e+01 1.053609064306017196e+01
1.050968358679576831e+01 1.050882298015359773e+01 1.050969204751979369e+01 1.050981227627455894e+01 1.050988786759408633e+01
1.048362555226724524e+01 1.048276158424888216e+01 1.048363427229886113e+01 1.048375458763313262e+01 1.048383021659009806e+01
1.045771225916409009e+01 1.045684495119383328e+01 1.045772124321434404e+01 1.045784163401169664e+01 1.045791729202568554e+01
1.043194331168558797e+01 1.043107268521436204e+01 1.043195256453142328e+01 1.043207301957312083e+01 1.043214869795198396e+01
1.040631831609879576e+01 1.040544439260347964e+01 1.040632784258398580e+01 1.040644835054830786e+01 1.040652404048679358e+01
1.038083688073156630e+01 1.037995968171402872e+01 1.038084668576759384e+01 1.038096723522851228e+01 1.038104292780685611e+01
1.035549861596487098e+01 1.035461816295138426e+01 1.035550870453187677e+01 1.035562928395834881e+01 1.035570497014088076e+01
1.033030313422586310e+01 1.032941944876622919e+01 1.033031351137356246e+01 1.033043410912819837e+01 1.033050977976188101e+01
1.030525004998023775e+01 1.030436315364726241e+01 1.030526072082886557e+01 1.030538132516715066e+01 1.030545697098013669e+01
1.028033897972528266e+01 1.027944889411399743e+01 1.028034994946656866e+01 1.028047054853553632e+01 1.028054616013568889e+01
1.025556954198231985e+01 1.025467628870950065e+01 1.025558081588041581e+01 1.025570139771778244e+01 1.025577696559117946e+01
1.023094135728968901e+01 1.023004495799320601e+01 1.023095294068221150e+01 1.023107349321508508e+01 1.023114900772449687e+01
1.020645404819533120e+01 1.020555452453366918e+01 1.020646594649426575e+01 1.020658645753816884e+01 1.020666190892152692e+01
1.018210723924965500e+01 1.018120461290141066e+01 1.018211945794245743e+01 1.018223991520007665e+01 1.018231529356891407e+01
1.015790055699827477e+01 1.015699484966168420e+01 1.015791310164878603e+01 1.015803349270889022e+01 1.015810878804675177e+01
1.013383362997478265e+01 1.013292486336734299e+01 1.013384650622434435e+01 1.013396681856057135e+01 1.013404202072143967e+01
1.010990608869360052e+01 1.010899428455162230e+01 1.010991930226201951e+01 1.011003952323167709e+01 1.011011462193832067e+01
1.008611756564268624e+01 1.008520274572102160e+01 1.008613112232935016e+01 1.008625123917225430e+01 1.008632622401461099e+01
