6.308018007681805983e+00 6.308018007681917894e+00 6.308018007681837069e+00 6.308018007681892136e+00 6.308018007682259842e+00
6.301100588361653543e+00 6.301100588361711274e+00 6.301100588361654431e+00 6.301100588361563837e+00 6.301100588362012367e+00
6.294046331343539080e+00 6.294046331343700729e+00 6.294046331343489342e+00 6.294046331343698064e+00 6.294046331343806422e+00
6.286857255601817407e+00 6.286857255602413375e+00 6.286857255601558947e+00 6.286857255601859151e+00 6.286857255601888461e+00
6.279535361644099645e+00 6.279535361646709113e+00 6.279535361643293179e+00 6.279535361644441593e+00 6.279535361643715063e+00
6.272082631657515783e+00 6.272082631665002239e+00 6.272082631655538698e+00 6.272082631658817853e+00 6.272082631656433094e+00
6.264501029652253195e+00 6.264501029669493626e+00 6.264501029648092079e+00 6.264501029655648701e+00 6.264501029650335617e+00
6.256792501604341084e+00 6.256792501639869997e+00 6.256792501596491363e+00 6.256792501611950996e+00 6.256792501601723622e+00
6.248958975597600052e+00 6.248958975664350213e+00 6.248958975583942532e+00 6.248958975612746158e+00 6.248958975594915088e+00
6.241002361964062217e+00 6.241002362080796395e+00 6.241002361941739629e+00 6.241002361991719205e+00 6.241002361962714851e+00
6.232924553423580427e+00 6.232924553616324914e+00 6.232924553388849986e+00 6.232924553470794216e+00 6.232924553426052228e+00
6.224727425222241095e+00 6.224727425525886204e+00 6.224727425170335060e+00 6.224727425298633321e+00 6.224727425232441824e+00
6.216412835269771620e+00 6.216412835729806297e+00 6.216412835194734754e+00 6.216412835388060998e+00 6.216412835293430028e+00
6.207982624275866890e+00 6.207982624950224348e+00 6.207982624170392150e+00 6.207982624452433207e+00 6.207982624320950826e+00
6.199438615885477510e+00 6.199438616846504324e+00 6.199438615740731073e+00 6.199438616140967362e+00 6.199438615962653110e+00
6.190782616813076622e+00 6.190782618149605732e+00 6.190782616618512257e+00 6.190782617173034019e+00 6.190782616936190585e+00
6.182016416975893769e+00 6.182016418795416079e+00 6.182016416719059215e+00 6.182016417471421832e+00 6.182016417162490285e+00
6.173141789626143350e+00 6.173141792057074362e+00 6.173141789292479586e+00 6.173141790294592646e+00 6.173141789897997889e+00
6.164160491482243209e+00 6.164160494676273139e+00 6.164160491054875735e+00 6.164160492367923183e+00 6.164160491865924740e+00
6.155074262859047352e+00 6.155074266993567633e+00 6.155074262318570355e+00 6.155074264013957297e+00 6.155074263386498323e+00
6.145884827797085670e+00 6.145884833077685627e+00 6.145884827121331107e+00 6.145884829281666129e+00 6.145884828506220643e+00
6.136593894190828458e+00 6.136593900853861250e+00 6.136593893354643114e+00 6.136593896074730381e+00 6.136593895126148723e+00
6.127203153915988132e+00 6.127203162231183775e+00 6.127203152890987603e+00 6.127203156278851814e+00 6.127203155129210543e+00
6.117714282955851068e+00 6.117714293228988076e+00 6.117714281710180835e+00 6.117714285888099290e+00 6.117714284506547529e+00
6.108128941526668854e+00 6.108128954102284958e+00 6.108128940024752040e+00 6.108128945130308018e+00 6.108128943482917350e+00
6.098448774202094746e+00 6.098448789466232256e+00 6.098448772404374552e+00 6.098448778591516906e+00 6.098448776641137492e+00
6.088675410036694657e+00 6.088675428419679569e+00 6.088675407899375003e+00 6.088675415339500852e+00 6.088675413045599782e+00
6.078810462688521987e+00 6.078810484667767966e+00 6.078810460163291296e+00 6.078810469046345588e+00 6.078810466364855891e+00
6.068855530540766985e+00 6.068855556643606874e+00 6.068855527574552156e+00 6.068855538110084602e+00 6.068855534993262246e+00
6.058812196822535689e+00 6.058812227629029046e+00 6.058812193357210774e+00 6.058812205775465642e+00 6.058812202171758088e+00
6.048682029728657206e+00 6.048682065874441349e+00 6.048682025700761855e+00 6.048682040253781977e+00 6.048682036107688731e+00
6.038466582538630334e+00 6.038466624717766962e+00 6.038466577879098907e+00 6.038466594841813695e+00 6.038466590093732655e+00
6.028167393734685575e+00 6.028167442702494938e+00 6.028167388368560253e+00 6.028167408039867503e+00 6.028167402625961735e+00
6.017785987118953628e+00 6.017786043694842490e+00 6.017785980965096648e+00 6.017786003668948780e+00 6.017785997521015062e+00
6.007323871929757253e+00 6.007323937000031755e+00 6.007323864900565802e+00 6.007323890987041004e+00 6.007323884032374828e+00
5.996782542957038942e+00 5.996782617477699695e+00 5.996782534958155608e+00 5.996782564804518323e+00 5.996782556965786881e+00
5.986163480656927938e+00 5.986163565656441143e+00 5.986163471586948504e+00 5.986163505598707246e+00 5.986163496793827754e+00
5.975468151265446615e+00 5.975468247847488534e+00 5.975468141015634060e+00 5.975468179627577037e+00 5.975468169769591498e+00
5.964698006911373973e+00 5.964698116257546090e+00 5.964697995365362715e+00 5.964698039042592548e+00 5.964698028039548738e+00
5.953854485728280466e+00 5.953854609100774908e+00 5.953854472761784145e+00 5.953854522000718852e+00 5.953854509755560187e+00
5.942939011965701290e+00 5.942939150709946716e+00 5.942938997446225891e+00 5.942939052775598086e+00 5.942939039186049932e+00
5.931952996099509434e+00 5.931953151646757405e+00 5.931952979886057520e+00 5.931953041867892296e+00 5.931953026826353614e+00
5.920897834941460047e+00 5.920898008811310120e+00 5.920897816884244769e+00 5.920897886114808273e+00 5.920897869508253031e+00
5.909774911747915027e+00 5.909775105550834517e+00 5.909774891688072351e+00 5.909774968798809702e+00 5.909774950508683844e+00
5.898585596327766467e+00 5.898585811767547149e+00 5.898585574097069184e+00 5.898585659755519295e+00 5.898585639657645707e+00
5.887331245149570513e+00 5.887331484025689399e+00 5.887331220570143131e+00 5.887331315480820670e+00 5.887331293445311253e+00
5.876013201447865875e+00 5.876013465657805135e+00 5.876013174331902178e+00 5.876013279237167986e+00 5.876013255128333945e+00
5.864632795328721393e+00 5.864633086870228773e+00 5.864632765478203780e+00 5.864632881159105082e+00 5.864632854835376108e+00
5.853191343874499353e+00 5.853191664847800624e+00 5.853191311080929715e+00 5.853191438358003928e+00 5.853191409671851808e+00
5.841690151247841634e+00 5.841690503857764227e+00 5.841690115291960694e+00 5.841690255026033007e+00 5.841690223823890804e+00
5.830130508794890254e+00 5.830130895352918508e+00 5.830130469446412000e+00 5.830130622539349439e+00 5.830130588661549318e+00
5.818513695147751186e+00 5.818514118074025632e+00 5.818513652165096417e+00 5.818513819560532596e+00 5.818513782841239212e+00
5.806840976326183679e+00 5.806841438151415069e+00 5.806840929456219769e+00 5.806841112140264549e+00 5.806841072407408433e+00
5.795113605838570159e+00 5.795114109205883324e+00 5.795113554816347268e+00 5.795113753818251112e+00 5.795113710893483372e+00
5.783332824782111636e+00 5.783333372448817400e+00 5.783332769330619350e+00 5.783332985723419029e+00 5.783332939422046515e+00
5.771499861942306353e+00 5.771500456781582855e+00 5.771499801772220550e+00 5.771500036673348433e+00 5.771499986804291105e+00
5.759615933891694795e+00 5.759616578894206640e+00 5.759615868701129848e+00 5.759616123272992105e+00 5.759616069638744840e+00
5.747682245087866626e+00 5.747682943363292551e+00 5.747682174562145363e+00 5.747682450012663757e+00 5.747682392409254604e+00
5.735699987970757974e+00 5.735700742749243908e+00 5.735699911782176308e+00 5.735700209365279356e+00 5.735700147582265096e+00
5.723670343059243493e+00 5.723671157692770350e+00 5.723670260866834170e+00 5.723670581882982944e+00 5.723670515703382478e+00
5.711594479046972594e+00 5.711595357010659235e+00 5.711594390496296469e+00 5.711594736292989971e+00 5.711594665493199052e+00
5.699473552897562634e+00 5.699474497790889771e+00 5.699473457620488404e+00 5.699473829592666796e+00 5.699473753942448262e+00
5.687308709939132179e+00 5.687309725487009082e+00 5.687308607553624107e+00 5.687309007143971584e+00 5.687308926406516640e+00
5.675101083958055348e+00 5.675102174011823486e+00 5.675100974067962767e+00 5.675101402767247727e+00 5.675101316699198151e+00
5.662851797291990508e+00 5.662852965830436069e+00 5.662851679486869294e+00 5.662852138834317373e+00 5.662852047185691795e+00
5.650561960922320992e+00 5.650563212052551521e+00 5.650561834777221293e+00 5.650562326360847543e+00 5.650562228875003257e+00
5.638232674565929692e+00 5.638234012524158345e+00 5.638232539641220953e+00 5.638233065098056329e+00 5.638232961511696395e+00
5.625865026766274646e+00 5.625866455918505871e+00 5.625864882607471529e+00 5.625865443623771611e+00 5.625865333666975943e+00
5.613460094983785176e+00 5.613461619826423998e+00 5.613459941121368146e+00 5.613460539432815644e+00 5.613460422829041008e+00
5.601018945685599881e+00 5.601020570846006130e+00 5.601018781634848231e+00 5.601019419026728841e+00 5.601019295492807082e+00
5.588542634434674028e+00 5.588544364671608200e+00 5.588542459695514886e+00 5.588543138002828314e+00 5.588543007248984118e+00
5.576032205978231460e+00 5.576034046182214432e+00 5.576032020035087022e+00 5.576032741142653570e+00 5.576032602872516009e+00
5.563488694335567253e+00 5.563490649529176046e+00 5.563488496657206461e+00 5.563489262499732746e+00 5.563489116410360147e+00
5.550913122885208217e+00 5.550915198223273173e+00 5.550912912924605536e+00 5.550913725486729788e+00 5.550913571268627500e+00
5.538306504451452561e+00 5.538308705221157702e+00 5.538306281645667184e+00 5.538307142961951257e+00 5.538306980299097404e+00
5.525669841390263848e+00 5.525672173011172639e+00 5.525669605160323350e+00 5.525670517315230512e+00 5.525670345885109747e+00
5.513004125674578759e+00 5.513006593698637658e+00 5.513003875425345868e+00 5.513004840553187513e+00 5.513004660026814996e+00
5.500310338978949609e+00 5.500312949090443659e+00 5.500310074099020952e+00 5.500311094383866894e+00 5.500310904425828262e+00
5.487589452763600661e+00 5.487592210778955426e+00 5.487589172625201961e+00 5.487590250300764971e+00 5.487590050569265188e+00
5.474842428357869828e+00 5.474845340225325430e+00 5.474842132316766197e+00 5.474843269666266998e+00 5.474843059813155222e+00
5.462070217043049070e+00 5.462073288842274721e+00 5.462069904438454415e+00 5.462071103794444049e+00 5.462070883465266036e+00
5.449273760134621725e+00 5.449276998076312495e+00 5.449273430289118814e+00 5.449274694033283239e+00 5.449274462867323976e+00
5.436453989063909198e+00 5.436457399489341924e+00 5.436453641283375049e+00 5.436454971846305106e+00 5.436454729476640324e+00
5.423611825459121683e+00 5.423615414839591864e+00 5.423611459032659177e+00 5.423612858893604560e+00 5.423612604947151361e+00
5.410748181225836007e+00 5.410751956162000553e+00 5.410747795425717932e+00 5.410749267112298533e+00 5.410749001209867792e+00
5.397863958626873071e+00 5.397867925848042425e+00 5.397863552708494161e+00 5.397865098796390093e+00 5.397864820552751297e+00
5.384960050361616624e+00 5.384964216724994479e+00 5.384959623563450037e+00 5.384961246676074786e+00 5.384960955700008434e+00
5.372037339644763598e+00 5.372041712134604907e+00 5.372036891188312957e+00 5.372038593996461664e+00 5.372038289890812557e+00
5.359096700284483816e+00 5.359101286011199505e+00 5.359096229374257447e+00 5.359098014595724990e+00 5.359097696957472401e+00
5.346138996760038786e+00 5.346143802959224978e+00 5.346138502583525742e+00 5.346140372982698175e+00 5.346140041403022458e+00
5.333165084298832070e+00 5.333170118330238019e+00 5.333164566026482589e+00 5.333166524413829990e+00 5.333166178478262687e+00
5.320175808952902763e+00 5.320181078299345501e+00 5.320175265738124715e+00 5.320177314969773974e+00 5.320176954258238666e+00
5.307172007674884284e+00 5.307177519941089550e+00 5.307171438654030737e+00 5.307173581631348114e+00 5.307173205718179076e+00
5.294154508393284608e+00 5.294160271304803267e+00 5.294153912685609420e+00 5.294156152354804412e+00 5.294155760808814115e+00
5.281124130087530233e+00 5.281130151489414892e+00 5.281123506795273315e+00 5.281125846147205039e+00 5.281125438531301342e+00
5.268081682862232995e+00 5.268087970717696855e+00 5.268081031070709130e+00 5.268083473139840933e+00 5.268083049011412555e+00
5.255027968020940854e+00 5.255034530410017446e+00 5.255027286798460651e+00 5.255029834662419574e+00 5.255029393573833474e+00
5.241963778139938412e+00 5.241970623257542705e+00 5.241963066537690175e+00 5.241965723316251768e+00 5.241965264815000580e+00
5.228889897139943344e+00 5.228897033294928498e+00 5.228889154192320809e+00 5.228891923047263468e+00 5.228891446675591581e+00
5.215807100358821558e+00 5.215814535972482346e+00 5.215806325083320871e+00 5.215809209217904474e+00 5.215808714512908395e+00
5.202716154623412415e+00 5.202723898227810118e+00 5.202715346020517551e+00 5.202718348678923022e+00 5.202717835172836480e+00
5.189617818320595433e+00 5.189625878556961780e+00 5.189616975374101493e+00 5.189620099840466239e+00 5.189619567060567817e+00
5.176512841467939552e+00 5.176521227085052246e+00 5.176511963144948325e+00 5.176515212743016292e+00 5.176514660211529062e+00
5.163401965783851466e+00 5.163410685636395492e+00 5.163401051034865574e+00 5.163404429127150586e+00 5.163403856361650668e+00
5.150285924757615597e+00 5.150294987804114655e+00 5.150284972516280924e+00 5.150288482503414755e+00 5.150287889017006293e+00
5.137165443717979230e+00 5.137174859019296491e+00 5.137164452901624045e+00 5.137168098221404300e+00 5.137167483522628864e+00
5.124041239902078715e+00 5.124051016619613819e+00 5.124040209411582225e+00 5.124043993538697883e+00 5.124043357131380816e+00
5.110914022523626699e+00 5.110924169917464788e+00 5.110912951243482993e+00 5.110916877688680415e+00 5.110916219072382027e+00
5.097784492840829351e+00 5.097795020267440691e+00 5.097783379639187373e+00 5.097787451948351034e+00 5.097786770618339958e+00
5.084653344223177385e+00 5.084664261133950092e+00 5.084652187952142022e+00 5.084656409705497815e+00 5.084655705152845151e+00
5.071521262218353421e+00 5.071532578156924487e+00 5.071520061714014815e+00 5.071524436525661095e+00 5.071523708237096528e+00
5.058388924618698823e+00 5.058400649220567757e+00 5.058387678701007140e+00 5.058392210218085161e+00 5.058391457676490788e+00
5.045257001526775475e+00 5.045269144515657445e+00 5.045255708999950350e+00 5.045260400901590891e+00 5.045259623585846676e+00
5.032126155420630020e+00 5.032138726607949586e+00 5.032124815073198754e+00 5.032129671069866639e+00 5.032128868454954329e+00
5.018997041218682398e+00 5.019010050500768649e+00 5.018995651823633608e+00 5.019000675656523747e+00 5.018999847213592602e+00
5.005870306344442966e+00 5.005883763699697120e+00 5.005868866659050731e+00 5.005874062099213262e+00 5.005873207295765681e+00
4.992746590789966632e+00 4.992760506278008492e+00 4.992745099556365140e+00 4.992750470403620078e+00 4.992749588703522257e+00
4.979626527179502382e+00 4.979640910937906284e+00 4.979624983124623760e+00 4.979630533206922394e+00 4.979629624070474492e+00
4.966510740832571713e+00 4.966525603075463202e+00 4.966509142668231291e+00 4.966514875841012255e+00 4.966513938725137578e+00
4.953399849826667811e+00 4.953415200842401056e+00 4.953398196249682250e+00 4.953404116394825252e+00 4.953403150753057815e+00
4.940294465059043461e+00 4.940310315207530500e+00 4.940292754751567372e+00 4.940298865776514781e+00 4.940297871059083690e+00
4.927195190308541584e+00 4.927211550020410336e+00 4.927193421938152795e+00 4.927199727775136040e+00 4.927198703429107596e+00
4.914102622297064293e+00 4.914119502069988599e+00 4.914100794516683912e+00 4.914107299122067118e+00 4.914106244591467387e+00
4.901017350750135115e+00 4.901034761147434082e+00 4.901015462198480499e+00 4.901022169551622731e+00 4.901021084277391360e+00
4.887939958457277356e+00 4.887957910105628301e+00 4.887938007758948267e+00 4.887944921861452130e+00 4.887943805281534715e+00
4.874871021331975918e+00 4.874889524918621930e+00 4.874869007097647255e+00 4.874876131972496474e+00 4.874874983522141214e+00
4.861811108471512988e+00 4.861830174742878263e+00 4.861809029297802454e+00 4.861816368988105985e+00 4.861815188100332641e+00
4.848760782215624232e+00 4.848780421974232979e+00 4.848758636685706058e+00 4.848766195254299305e+00 4.848764981359198423e+00
4.835720598205344167e+00 4.835740822308160602e+00 4.835718384888935795e+00 4.835726166416585592e+00 4.835724918942494455e+00
4.822691105441354154e+00 4.822711924797544292e+00 4.822688822894821037e+00 4.822696831481456670e+00 4.822695549852756614e+00
4.809672846341537245e+00 4.809694271909745744e+00 4.809670493107720546e+00 4.809678732870422024e+00 4.809677416509342329e+00
4.796666356798320763e+00 4.796688399585850249e+00 4.796663931408081005e+00 4.796672406480941397e+00 4.796671054806243006e+00
4.783672166237124657e+00 4.783694837295628943e+00 4.783669667207070653e+00 4.783678381740393171e+00 4.783676994168170715e+00
4.770690797670081196e+00 4.770714108095586603e+00 4.770688223506574843e+00 4.770697181664687037e+00 4.770695757610112331e+00
4.757722767758075122e+00 4.757746728684929316e+00 4.757720116952559586e+00 4.757729322913177405e+00 4.757727861787837575e+00
4.744768586857355253e+00 4.744793209460483219e+00 4.744765857891788841e+00 4.744775315845421559e+00 4.744773817061640919e+00
4.731828759086605274e+00 4.731854054573907398e+00 4.731825950428524941e+00 4.731835664575898548e+00 4.731834127542099644e+00
4.718903782368761846e+00 4.718929761984833604e+00 4.718900892475851983e+00 4.718910867030039036e+00 4.718909291155076069e+00
4.705994148498665375e+00 4.706020823516701590e+00 4.705991175815407601e+00 4.706001414997872168e+00 4.705999799686901852e+00
4.693100343185356849e+00 4.693127724911021481e+00 4.693097286146008074e+00 4.693107794189526061e+00 4.693106138847352504e+00
4.680222846116640412e+00 4.680250945880175095e+00 4.680219703143277066e+00 4.680230484287803527e+00 4.680228788315655919e+00
4.667362131003080172e+00 4.667390960162690838e+00 4.667358900507664110e+00 4.667369959002823698e+00 4.667368221801758033e+00
4.654518665640285491e+00 4.654548235574626602e+00 4.654515346023283762e+00 4.654526686124098589e+00 4.654524907091615482e+00
4.641692911952583600e+00 4.641723234063265480e+00 4.641689501604647994e+00 4.641701127573981900e+00 4.641699306108348466e+00
4.628885326054790639e+00 4.628916411759742111e+00 4.628881823355771807e+00 4.628893739459583934e+00 4.628891874955437302e+00
4.616096358294778490e+00 4.616128219029810964e+00 4.616092761614472906e+00 4.616104972125123496e+00 4.616103063978433063e+00
4.603326453313786537e+00 4.603359100527235626e+00 4.603322761012446307e+00 4.603335270203356977e+00 4.603333317806422187e+00
4.590576050090239058e+00 4.590609495243492155e+00 4.590572260517379100e+00 4.590585072667158428e+00 4.590583075413410263e+00
4.577845581996176527e+00 4.577879836559381133e+00 4.577841693493211572e+00 4.577854812880062241e+00 4.577852770159437590e+00
4.565135476844190521e+00 4.565170552296097917e+00 4.565131487741425076e+00 4.565144918647115801e+00 4.565142829850445061e+00
4.552446156939576660e+00 4.552482064764015846e+00 4.552442065560307505e+00 4.552455812264885715e+00 4.552453676780030989e+00
4.539778039129659604e+00 4.539814790814277856e+00 4.539773843786009344e+00 4.539787910571325469e+00 4.539785727786802561e+00
4.527131534852765427e+00 4.527169141886869141e+00 4.527127233850819721e+00 4.527141624995342895e+00 4.527139394297349462e+00
4.514507050188806048e+00 4.514545524060221915e+00 4.514502641823249895e+00 4.514517361605748569e+00 4.514515082380742506e+00
4.501904985905570200e+00 4.501944338100784648e+00 4.501900468465981575e+00 4.501915521160317901e+00 4.501913192793186802e+00
4.489325737510680092e+00 4.489365979509900129e+00 4.489321109275531185e+00 4.489336499153915305e+00 4.489334121029325608e+00
4.476769695295201856e+00 4.476810838573640261e+00 4.476764954538103858e+00 4.476780685866981635e+00 4.476778257368665415e+00
4.464237244386665360e+00 4.464279300409324414e+00 4.464232389370925702e+00 4.464248466412870542e+00 4.464245986923917719e+00
4.451728764790571446e+00 4.451771745013182624e+00 4.451723793774601035e+00 4.451740220785764812e+00 4.451737689688828326e+00
4.439244631443900246e+00 4.439288547308474442e+00 4.439239542676683747e+00 4.439256323907208035e+00 4.439253740584007346e+00
4.426785214255033019e+00 4.426830077190531121e+00 4.426780005980681665e+00 4.426797145673501355e+00 4.426794509505739939e+00
4.414350878157372371e+00 4.414396699574892224e+00 4.414345548611376735e+00 4.414363051001417126e+00 4.414360361369651820e+00
4.401941983147916737e+00 4.401988774442330055e+00 4.401936530560987215e+00 4.401954399875084967e+00 4.401951656160251858e+00
4.389558884340859279e+00 4.389606656884653013e+00 4.389553306935833454e+00 4.389571547390921147e+00 4.389568748972632939e+00
4.377201932004935792e+00 4.377250697151376713e+00 4.377196227999990086e+00 4.377214843803991506e+00 4.377211990062580327e+00
4.364871471616861953e+00 4.364921240693051097e+00 4.364865639223026506e+00 4.364884634572184119e+00 4.364881724886523706e+00
4.352567843897672262e+00 4.352618628207728158e+00 4.352561881321440396e+00 4.352581260402039298e+00 4.352578294151985716e+00
4.340291384865762936e+00 4.340343195684533306e+00 4.340285290307194899e+00 4.340305057292185076e+00 4.340302033856053399e+00
4.328042425872487442e+00 4.328095274447764318e+00 4.328036197527250550e+00 4.328056356578644959e+00 4.328053275335923544e+00
4.315821293654424018e+00 4.315875191201986816e+00 4.315814929712595394e+00 4.315835484977529113e+00 4.315832345306129803e+00
4.303628310369222554e+00 4.303683268073887902e+00 4.303621809016180855e+00 4.303642764629844741e+00 4.303639565909002762e+00
4.291463793645368341e+00 4.291519822657037686e+00 4.291457153062195218e+00 4.291478513143450968e+00 4.291475254750819701e+00
4.279328056620000709e+00 4.279385168054080424e+00 4.279321274982627266e+00 4.279343043637368282e+00 4.279339724952045287e+00
4.267221407985300807e+00 4.267279612919194776e+00 4.267214483466597486e+00 4.267236664783024658e+00 4.267233285182545188e+00
4.255144152028393023e+00 4.255203461501654516e+00 4.255137082795745762e+00 4.255159680848056070e+00 4.255156239711483934e+00
4.243096588674627689e+00 4.243157013686276180e+00 4.243089372893443567e+00 4.243112391736864275e+00 4.243108888441748050e+00
4.231079013529186028e+00 4.231140565036519696e+00 4.231071649359193110e+00 4.231095093033912846e+00 4.231091526959372295e+00
4.219091717917677897e+00 4.219154406835364135e+00 4.219084203517557086e+00 4.219108076043602829e+00 4.219104446567311761e+00
4.207134988929060349e+00 4.207198826126169244e+00 4.207127322451746032e+00 4.207151627833070506e+00 4.207147934334203754e+00
4.195209109453928775e+00 4.195274105754769778e+00 4.195201289052119087e+00 4.195226031271402256e+00 4.195222273128027979e+00
4.183314358228419572e+00 4.183380524408555345e+00 4.183306382049108763e+00 4.183331565071928715e+00 4.183327741663214638e+00
4.171451009870532189e+00 4.171518356657974991e+00 4.171442876061063565e+00 4.171468503830785046e+00 4.171464614535381088e+00
4.159619334924697043e+00 4.159687872996144620e+00 4.159611041627162997e+00 4.159637118068724604e+00 4.159633162265834905e+00
4.147819599896442888e+00 4.147889339878159554e+00 4.147811145253424314e+00 4.147837674269029051e+00 4.147833651337911043e+00
4.136052067297359969e+00 4.136123019761774877e+00 4.136043449446927589e+00 4.136070434918834415e+00 4.136066344238832571e+00
4.124316995678378284e+00 4.124389171145177002e+00 4.124308212759066450e+00 4.124335658546411487e+00 4.124331499497417397e+00
4.112614639674889716e+00 4.112688048606929492e+00 4.112605689821488220e+00 4.112633599762014924e+00 4.112629371723603988e+00
4.100945250038878775e+00 4.101019902844372567e+00 4.100936131386636596e+00 4.100964509294542815e+00 4.100960211647257658e+00
4.089309073683986995e+00 4.089384980711431083e+00 4.089299784365143964e+00 4.089328634031899945e+00 4.089324266155621501e+00
4.077706353716716414e+00 4.077783525257935970e+00 4.077696891863985762e+00 4.077726217057060509e+00 4.077721778332991320e+00
4.066137329481253282e+00 4.066215775766127472e+00 4.066127693225031869e+00 4.066157497687951761e+00 4.066152987496344018e+00
4.054602236589919251e+00 4.054681967789105279e+00 4.054592424061122635e+00 4.054622711512921640e+00 4.054618129235641355e+00
4.043101306967603392e+00 4.043182333188048538e+00 4.043091316295490678e+00 4.043122090430153470e+00 4.043117435447872943e+00
4.031634768881639630e+00 4.031717100168596524e+00 4.031624598196033915e+00 4.031655862682544722e+00 4.031651134377794321e+00
4.020202846985514000e+00 4.020286493318825372e+00 4.020192494415379514e+00 4.020224252896664296e+00 4.020219450650574622e+00
4.008805762349128443e+00 4.008890733644560278e+00 4.008795226023589287e+00 4.008827482117046870e+00 4.008822605312801102e+00
3.997443732500120195e+00 3.997530038606353031e+00 3.997433010548637533e+00 3.997465767844693652e+00 3.997460815863913552e+00
3.986116971456041380e+00 3.986204622155590460e+00 3.986106062007784612e+00 3.986139324070807621e+00 3.986134296297311419e+00
3.974825689762754521e+00 3.974914694769474899e+00 3.974814590948274606e+00 3.974848361314828882e+00 3.974843257130744156e+00
3.963570094528326759e+00 3.963660463487719721e+00 3.963558804477562703e+00 3.963593086657618780e+00 3.963587905447377935e+00
3.952350389458894497e+00 3.952442131946702464e+00 3.952338906304066590e+00 3.952373703779046732e+00 3.952368444925288493e+00
3.941166774893914759e+00 3.941259900415025719e+00 3.941155096766430610e+00 3.941190412990622782e+00 3.941185075878363087e+00
3.930019447839847135e+00 3.930113965828551770e+00 3.930007572874168797e+00 3.930043411272642562e+00 3.930037995285029506e+00
3.918908602006447417e+00 3.919004521824032583e+00 3.918896528336125229e+00 3.918932892306285609e+00 3.918927396828881360e+00
3.907834427838582148e+00 3.907931758774565001e+00 3.907822153600879478e+00 3.907859046510312240e+00 3.907853470926759609e+00
3.896797112553277209e+00 3.896895863822631867e+00 3.896784635884536385e+00 3.896822061072639620e+00 3.896816404769004372e+00
3.885796840169947419e+00 3.885897020914289790e+00 3.885784159210780686e+00 3.885822119986599432e+00 3.885816382346996001e+00
3.874833791547950934e+00 3.874935410833172611e+00 3.874820904438117442e+00 3.874859404081998804e+00 3.874853584492885528e+00
3.863908144415480805e+00 3.864011211232813103e+00 3.863895049299392870e+00 3.863934091060940546e+00 3.863928188906992744e+00
3.853020073407404045e+00 3.853124596670904012e+00 3.853006768429006801e+00 3.853046355528381817e+00 3.853040370196284314e+00
3.842169750093038516e+00 3.842275738641266258e+00 3.842156233400949361e+00 3.842196369027518710e+00 3.842190299902562334e+00
3.831357343014080818e+00 3.831464805606709767e+00 3.831343612757069916e+00 3.831384300069852866e+00 3.831378146538858331e+00
3.820583017711461249e+00 3.820691963032043059e+00 3.820569072042848902e+00 3.820610314170146626e+00 3.820604075618928785e+00
3.809846936763193082e+00 3.809957373415135073e+00 3.809832773837085185e+00 3.809874573875999371e+00 3.809868249691484188e+00
3.799149259810478796e+00 3.799261196320015355e+00 3.799134877785430575e+00 3.799177238802384782e+00 3.799170828370817876e+00
3.788490143595331094e+00 3.788603588407818634e+00 3.788475540631276228e+00 3.788518465660747125e+00 3.788511968369116190e+00
3.777869741986079166e+00 3.777984703468352912e+00 3.777854916247317618e+00 3.777898408293114407e+00 3.777891823527997239e+00
3.767288206014599350e+00 3.767404692452159143e+00 3.767273155667399287e+00 3.767317217700732357e+00 3.767310544849126419e+00
3.756745683901528743e+00 3.756863703500352258e+00 3.756730407116359416e+00 3.756775042077756588e+00 3.756768280526468384e+00
3.746242321092555727e+00 3.746361881976603136e+00 3.746226816042600216e+00 3.746272026839427394e+00 3.746265175975405981e+00
3.735778260284264185e+00 3.735899370497081318e+00 3.735762525146443913e+00 3.735808314655352014e+00 3.735801373865523800e+00
3.725353641458312381e+00 3.725476308960840921e+00 3.725337674413228495e+00 3.725384045477224682e+00 3.725377014148418375e+00
3.714968601908843926e+00 3.715092834580832726e+00 3.714952401140371840e+00 3.714999356571701217e+00 3.714992234090851220e+00
3.704623276274292554e+00 3.704749081912699804e+00 3.704606839970816079e+00 3.704654382547675873e+00 3.704647168301414162e+00
3.694317796566162215e+00 3.694445182885608414e+00 3.694301122918986380e+00 3.694349255388751363e+00 3.694341948763903982e+00
3.684052292198772172e+00 3.684181266831243029e+00 3.684035379404416943e+00 3.684084104480081390e+00 3.684076704862996099e+00
3.673826890019118885e+00 3.673957460513060713e+00 3.673809736276766991e+00 3.673859056640438769e+00 3.673851563417712018e+00
3.663641714334849642e+00 3.663773888156260483e+00 3.663624317849493828e+00 3.663674236148629415e+00 3.663666648706231488e+00
3.653496886944941124e+00 3.653630671475608160e+00 3.653479245924065477e+00 3.653529764775166555e+00 3.653522082499337742e+00
3.643392527166160466e+00 3.643527929705129953e+00 3.643374639823552474e+00 3.643425761808263275e+00 3.643417984084494687e+00
3.633328751864332240e+00 3.633465779626205538e+00 3.633310616416175698e+00 3.633362344085114159e+00 3.633354470299160255e+00
3.623305675479514765e+00 3.623444335595725541e+00 3.623287290148700546e+00 3.623339626017475279e+00 3.623331655554239195e+00
3.613323410057649454e+00 3.613463709575055027e+00 3.613304773069431874e+00 3.613357719622557696e+00 3.613349651867175272e+00
3.603382065274656210e+00 3.603524011156919560e+00 3.603363174861320850e+00 3.603416734548203326e+00 3.603408568884872931e+00
3.593481748468285719e+00 3.593625347594008090e+00 3.593462602864504696e+00 3.593516778103392095e+00 3.593508513916492397e+00
3.583622564661312904e+00 3.583767823826186305e+00 3.583603162108975226e+00 3.583657955283020335e+00 3.583649591955922808e+00
3.573804616593434069e+00 3.573951542507602941e+00 3.573784955337088398e+00 3.573840368798027356e+00 3.573831905714168311e+00
