2.761104494333312509e+00
7.974571748912985258e-01
1.735948912574774905e+00
8.618513872330907377e-01
2.761104494333312509e+00
7.974571748912985258e-01
1.735948912574774905e+00
8.618513872330907377e-01
1.100000000000000000e+01
0.000000000000000000e+00
1.800000000000000044e+00
0.000000000000000000e+00
8.640000000000000457e-02
0.000000000000000000e+00
1.609739999999999949e+00
0.000000000000000000e+00
3.880800000000000360e-01
0.000000000000000000e+00
8.910000000000000142e-01
0.000000000000000000e+00
6.237000000000000099e+00
0.000000000000000000e+00
1.855844116845989378e+00
7.200515929090220424e-02
7.336999999999999078e-02
0.000000000000000000e+00
1.231999999999999851e+01
0.000000000000000000e+00
3.600000000000000000e+01
0.000000000000000000e+00
1.621793448044646979e+01
5.641310391070576413e-01
4.050000000000000822e-01
5.551115123125782702e-17
2.474999900000000169e-02
0.000000000000000000e+00
9.745802057649207484e+01
4.607871624903853380e+00
2.444276636552511484e-01
1.655503521673513598e-02
1.127179867322163132e+00
3.590146764441518729e-02
4.977758488205713405e+01
2.434589926347176192e+00
3.060000000000000053e+00
0.000000000000000000e+00
2.961000000000000090e-03
0.000000000000000000e+00
6.292000000000000370e-02
0.000000000000000000e+00
5.669999999999999485e-01
0.000000000000000000e+00
6.270000000000000018e-01
0.000000000000000000e+00
1.236399999999999999e-01
0.000000000000000000e+00
1.080000000000000071e+00
0.000000000000000000e+00
4.410000000000000031e-01
0.000000000000000000e+00
1.260900000000000076e-01
0.000000000000000000e+00
1.028474900031706738e+03
2.048060106523600155e+01
2.200000000000000178e+00
0.000000000000000000e+00
1.800000000000000044e+00
0.000000000000000000e+00
1.681556270895309169e+01
1.135961181169319545e+00
2.430000000000000112e-05
0.000000000000000000e+00
5.166847236687102169e+07
1.667039196050087223e+06
1.292829423269409972e+01
7.463821117280491357e-01
1.655346515504993022e+03
9.147725598503775757e+01
7.931000000000000549e-03
0.000000000000000000e+00
7.882555210477740104e+00
2.938143583962902761e-01
1.295099999999999918e+00
0.000000000000000000e+00
1.406249999999999978e-09
0.000000000000000000e+00
6.984999999999999543e-02
0.000000000000000000e+00
2.750918295202878738e+01
6.008565482022107940e-01
4.178321981686615618e+05
1.913713349459969322e+04
1.572999999999999954e-01
0.000000000000000000e+00
1.057110708612713934e+05
5.112831810375928399e+03
1.135048204075318097e+02
3.881640815063679195e+00
1.125000000000000000e+00
0.000000000000000000e+00
8.104545664436706431e+01
4.174886574356189151e+00
1.688790303051693481e+05
5.834756001385522723e+03
1.760000000000000231e+00
2.220446049250313081e-16
2.222000073375355896e+03
1.072143891229527242e+02
8.359999999999999654e-01
0.000000000000000000e+00
1.387579172355695619e+03
4.737206382777056035e+01
2.373265876347996794e+01
3.597594974857351580e-01
4.934564465783627820e+05
2.633764797250687116e+04
3.388706255134819685e+02
1.937933257518610830e+01
1.095284516064599529e+07
5.484686037491704337e+05
5.805734675865352619e+04
1.554947382323051215e+03
1.787500000000000089e+00
0.000000000000000000e+00
1.649999999999999911e+00
0.000000000000000000e+00
1.375000000000000000e+00
0.000000000000000000e+00
1.357327190183465815e+00
1.465438036626709288e-02
4.500000000000000111e-01
0.000000000000000000e+00
3.600000000000000089e+00
0.000000000000000000e+00
2.200000000000000178e+00
0.000000000000000000e+00
1.955060625831875454e+00
1.409236322620454618e-01
6.403576911270944194e+00
3.928461774581105126e-01
2.031346459177247432e+00
1.573367323141721397e-01
