3.121738063073193015e+00 3.121738063073563385e+00 3.121738063072768021e+00 3.121738063072922120e+00 3.121738063073931979e+00
3.143084296477341777e+00 3.143084296478789064e+00 3.143084296476312378e+00 3.143084296476625461e+00 3.143084296479290440e+00
3.164042981538062627e+00 3.164042981543685684e+00 3.164042981534723076e+00 3.164042981535609478e+00 3.164042981544683553e+00
3.184618360949728277e+00 3.184618360970482343e+00 3.184618360937926163e+00 3.184618360940859372e+00 3.184618360973493711e+00
3.204814639091189576e+00 3.204814639151141620e+00 3.204814639057353531e+00 3.204814639065478588e+00 3.204814639159707657e+00
3.224635982348214025e+00 3.224635982489652442e+00 3.224635982268341028e+00 3.224635982287050950e+00 3.224635982510454912e+00
3.244086519433574622e+00 3.244086519722076734e+00 3.244086519270200863e+00 3.244086519307650462e+00 3.244086519766184118e+00
3.263170341704626942e+00 3.263170342234076760e+00 3.263170341403789809e+00 3.263170341471353098e+00 3.263170342318318706e+00
3.281891503477794902e+00 3.281891504375313406e+00 3.281891502965978535e+00 3.281891503078657291e+00 3.281891504523817282e+00
3.300254022340642024e+00 3.300254023771470813e+00 3.300254021521719761e+00 3.300254021698497908e+00 3.300254024017307053e+00
3.318261879461299912e+00 3.318261881633605359e+00 3.318261878213466520e+00 3.318261878477620108e+00 3.318261882020566489e+00
3.335919019895345450e+00 3.335919023064963795e+00 3.335919018068054687e+00 3.335919018447411233e+00 3.335919023649450477e+00
3.353229352890120474e+00 3.353229357365230090e+00 3.353229350301020872e+00 3.353229350828178301e+00 3.353229358218252187e+00
3.370196752186534805e+00 3.370196758332264064e+00 3.370196748618410343e+00 3.370196749330909736e+00 3.370196759541533638e+00
3.386825056318368610e+00 3.386825064561330922e+00 3.386825051516088703e+00 3.386825052456548857e+00 3.386825066233457360e+00
3.403118068909104288e+00 3.403118079741871416e+00 3.403118062576583114e+00 3.403118063792795578e+00 3.403118082004630729e+00
3.419079558966301224e+00 3.419079572951801538e+00 3.419079550763472586e+00 3.419079552308462056e+00 3.419079575956493144e+00
3.434713261173547139e+00 3.434713278949397264e+00 3.434713250713353538e+00 3.434713252645399617e+00 3.434713282873271378e+00
3.450022876179991371e+00 3.450022898462760335e+00 3.450022863025392628e+00 3.450022865408023165e+00 3.450022903511505312e+00
3.465012070887497408e+00 3.465012098476899727e+00 3.465012054548499698e+00 3.465012057450451710e+00 3.465012104887192912e+00
3.479684478735425746e+00 3.479684512518447015e+00 3.479684458666134628e+00 3.479684462161284575e+00 3.479684520560553995e+00
3.494043699983065743e+00 3.494043740938020282e+00 3.494043675578766273e+00 3.494043679746036801e+00 3.494043750918440328e+00
3.508093301989748003e+00 3.508093351190265885e+00 3.508093272584008382e+00 3.508093277507246643e+00 3.508093363454415137e+00
3.521836819492641268e+00 3.521836878111586966e+00 3.521836784354452021e+00 3.521836790122285787e+00 3.521836893046516703e+00
3.535277754882263146e+00 3.535277824195592000e+00 3.535277713213203388e+00 3.535277719918878070e+00 3.535277842232730006e+00
3.548419578475727310e+00 3.548419659866267839e+00 3.548419529407169204e+00 3.548419537148357783e+00 3.548419681484181964e+00
3.561265728787734286e+00 3.561265823748906989e+00 3.561265671378078146e+00 3.561265680256680888e+00 3.561265849476081158e+00
3.573819612799332468e+00 3.573819722938799792e+00 3.573819546031284045e+00 3.573819556153205124e+00 3.573819753356423767e+00
3.586084606224467564e+00 3.586084733267719926e+00 3.586084529002351751e+00 3.586084540477266103e+00 3.586084769012479523e+00
3.598064053774338689e+00 3.598064199568210775e+00 3.598063964921452307e+00 3.598063977862553831e+00 3.598064241335078517e+00
3.609761269419573981e+00 3.609761435935700646e+00 3.609761167675584748e+00 3.609761182199324736e+00 3.609761484480718874e+00
3.621179536650245279e+00 3.621179725988445952e+00 3.621179420668627635e+00 3.621179436894445658e+00 3.621179782131500158e+00
3.632322108733756938e+00 3.632322323125365404e+00 3.632321977079279396e+00 3.632321995129318637e+00 3.632322387752937143e+00
3.643192208970624346e+00 3.643192450781743918e+00 3.643192060116877684e+00 3.643192080115697173e+00 3.643192524849649949e+00
3.653793030948079945e+00 3.653793302682777799e+00 3.653792863275051150e+00 3.653792885349330888e+00 3.653793387218882582e+00
3.664127738791658651e+00 3.664128043095103315e+00 3.664127550583356818e+00 3.664127574861595349e+00 3.664128139201997758e+00
3.674199467414702269e+00 3.674199807076229174e+00 3.674199256856829798e+00 3.674199283469041788e+00 3.674199915933885841e+00
3.684011322765783802e+00 3.684011700721907534e+00 3.684011087943458218e+00 3.684011117020867143e+00 3.684011823590288781e+00
3.693566382074119581e+00 3.693566801411480860e+00 3.693566120969646871e+00 3.693566152644373268e+00 3.693566939633114554e+00
3.702867694092952799e+00 3.702868158051204173e+00 3.702867404583648270e+00 3.702867438988403315e+00 3.702868313053712779e+00
3.711918279340932436e+00 3.711918791315566679e+00 3.711917959196997518e+00 3.711917996464772607e+00 3.711918964614149719e+00
3.720721130341512861e+00 3.720721693886626991e+00 3.720720777223960773e+00 3.720720817487721099e+00 3.720721887086494206e+00
3.729279211860379917e+00 3.729279830691379694e+00 3.729278823319012393e+00 3.729278866711394080e+00 3.729280045490134921e+00
3.737595461140919006e+00 3.737596139137173257e+00 3.737595034612362976e+00 3.737595081265368435e+00 3.737596377327133013e+00
3.745672788137752285e+00 3.745673529345180608e+00 3.745672320943541855e+00 3.745672370988248012e+00 3.745673792815645164e+00
3.753514075748353829e+00 3.753514884381959238e+00 3.753513565093070881e+00 3.753513618659335638e+00 3.753515175121419301e+00
3.761122180042757002e+00 3.761123060489103942e+00 3.761121623012225079e+00 3.761121680228402209e+00 3.761123380587382048e+00
3.768499930491374439e+00 3.768500887311007741e+00 3.768499324050906374e+00 3.768499385043567518e+00 3.768501238961341038e+00
3.775650130190946641e+00 3.775651168120754075e+00 3.775649471183644579e+00 3.775649536077311907e+00 3.775651553621806489e+00
3.782575556088628499e+00 3.782576680044149597e+00 3.782574841233741658e+00 3.782574910150621861e+00 3.782577101801955166e+00
3.789278959204233299e+00 3.789280174281915325e+00 3.789278185095568574e+00 3.789278258155301504e+00 3.789280634811753590e+00
3.795763064850653290e+00 3.795764376330049483e+00 3.795762227955039148e+00 3.795762305274455795e+00 3.795764878258249819e+00
3.802030572852467483e+00 3.802031986198382452e+00 3.802029669508273813e+00 3.802029751201160046e+00 3.802032532264054243e+00
3.808084157762749999e+00 3.808085678627332715e+00 3.808083184178461700e+00 3.808083270355337113e+00 3.808086271684023583e+00
3.813926469078101622e+00 3.813928103302884232e+00 3.813925421330945031e+00 3.813925512098851556e+00 3.813928746320162766e+00
3.819560131451907203e+00 3.819561885069794549e+00 3.819559005486534264e+00 3.819559100948835884e+00 3.819562581134757107e+00
3.824987744905850473e+00 3.824989624143054989e+00 3.824986536533069081e+00 3.824986636789264427e+00 3.824990376461755215e+00
3.830211885039683128e+00 3.830213896317610445e+00 3.830210589935248766e+00 3.830210695080795258e+00 3.830214708216412856e+00
3.835235103239273968e+00 3.835237253176359218e+00 3.835233716942731519e+00 3.835233827068881496e+00 3.835238128103214628e+00
3.840059926882955388e+00 3.840062222296443117e+00 3.840058444796529802e+00 3.840058559990182641e+00 3.840063163822088566e+00
3.844688859546166348e+00 3.844691307453847795e+00 3.844687276933711040e+00 3.844687397277276819e+00 3.844692319272924763e+00
3.849124381204422907e+00 3.849126988826320428e+00 3.849122693190418776e+00 3.849122818761693932e+00 3.849128074758416673e+00
3.853368948434619412e+00 3.853371723194622955e+00 3.853367150003221830e+00 3.853367280875281686e+00 3.853372887185233076e+00
3.857424994614651492e+00 3.857427944142106657e+00 3.857423080608791466e+00 3.857423216849896086e+00 3.857429190263520269e+00
3.861294930121441649e+00 3.861298062252673802e+00 3.861292895241973611e+00 3.861293036915489640e+00 3.861299394704794441e+00
3.864981142527407876e+00 3.864984465307276018e+00 3.864978981332324981e+00 3.864979128496648375e+00 3.864985888418289051e+00
3.868485996795234083e+00 3.868489518478511524e+00 3.868483703698901710e+00 3.868483856407416432e+00 3.868491036705599129e+00
3.871811835470900576e+00 3.871815564523690689e+00 3.871809404743359995e+00 3.871809563044399827e+00 3.871817182453588746e+00
3.874960978875359174e+00 3.874964923976446318e+00 3.874958404641677845e+00 3.874958568578501961e+00 3.874966646325943120e+00
3.877935725294587410e+00 3.877939895336771414e+00 3.877933001534248802e+00 3.877933171145037328e+00 3.877941726953100243e+00
3.880738351168085298e+00 3.880742755259427579e+00 3.880735471714440887e+00 3.880735647032290903e+00 3.880744701120623752e+00
3.883371111275748078e+00 3.883375758740787553e+00 3.883368069815495982e+00 3.883368250868453497e+00 3.883377823955961983e+00
3.885836238923277453e+00 3.885841139304207825e+00 3.885833028996002803e+00 3.885833215807093399e+00 3.885843329113737088e+00
3.888135946126063391e+00 3.888141109183848254e+00 3.888132561123808006e+00 3.888132753711093681e+00 3.888143428959509595e+00
3.890272423791547141e+00 3.890277859507047964e+00 3.890268856958445820e+00 3.890269055335079607e+00 3.890280314752024182e+00
3.892247841900130290e+00 3.892253560475117613e+00 3.892244086332071085e+00 3.892244290506382765e+00 3.892256156824007274e+00
3.894064349684549065e+00 3.894070361542713243e+00 3.894060398328884176e+00 3.894060608304472204e+00 3.894073104761425430e+00
3.895724075807817766e+00 3.895730391595707776e+00 3.895719921463112634e+00 3.895720137238954717e+00 3.895733287581317317e+00
3.897229128539676957e+00 3.897235759127660959e+00 3.897224763855509533e+00 3.897224985426080313e+00 3.897238813908133981e+00
3.898581595931686294e+00 3.898588552414799846e+00 3.898577013408480507e+00 3.898577240763887009e+00 3.898591772148717993e+00
3.899783545990789690e+00 3.899790839689576849e+00 3.899778737979688437e+00 3.899778971105821057e+00 3.899794230665766026e+00
3.900837026851508682e+00 3.900844669312809376e+00 3.900831985554289894e+00 3.900832224432983164e+00 3.900848237949914754e+00
3.901744066946713829e+00 3.901752069944417478e+00 3.901738784415734518e+00 3.901739029024949623e+00 3.901755822790407890e+00
3.902506675177009221e+00 3.902515050712798583e+00 3.902501143315211252e+00 3.902501393629212334e+00 3.902518994444379885e+00
3.903126841078759401e+00 3.903135601382757169e+00 3.903121051639685923e+00 3.903121307629250580e+00 3.903139742804780710e+00
3.903606534990692989e+00 3.903615692522108827e+00 3.903600479578554161e+00 3.903600741211185277e+00 3.903620038566880890e+00
3.903947708219178026e+00 3.903957275666880555e+00 3.903941378288947384e+00 3.903941645529103166e+00 3.903961833393451819e+00
3.904152293202117541e+00 3.904162283485248519e+00 3.904145680059673662e+00 3.904145952868999014e+00 3.904167060078563622e+00
3.904222203671590563e+00 3.904232629940046717e+00 3.904215298473877382e+00 3.904215576811459254e+00 3.904237632710132466e+00
3.904159334815066273e+00 3.904170210449995349e+00 3.904152128570296920e+00 3.904152412392924987e+00 3.904175446831045893e+00
3.903965563435357389e+00 3.903976902049595132e+00 3.903958047003248666e+00 3.903958336265687112e+00 3.903982379599024277e+00
3.903642748109249716e+00 3.903654563547736878e+00 3.903634912201278784e+00 3.903635206856558071e+00 3.903660289945162010e+00
3.903192729344855394e+00 3.903205035685031632e+00 3.903184564524571076e+00 3.903184864524268161e+00 3.903211018731196358e+00
3.902617329737693375e+00 3.902630141289813892e+00 3.902608826421032351e+00 3.902609131715585544e+00 3.902636388905502685e+00
3.901918354125464283e+00 3.901931685432907138e+00 3.901909502581106803e+00 3.901909813120129300e+00 3.901938205657784930e+00
3.901097589741392646e+00 3.901111455580876353e+00 3.901088380091135566e+00 3.901088695823750729e+00 3.901118256572344123e+00
3.900156806366774642e+00 3.900171221748647277e+00 3.900147228585959525e+00 3.900147549461120189e+00 3.900178311780538198e+00
3.899097756482177601e+00 3.899112736650707678e+00 3.899087800400146797e+00 3.899088126366961671e+00 3.899120124111908225e+00
3.897922175417072754e+00 3.897937735850548258e+00 3.897911830717618376e+00 3.897912161725719304e+00 3.897945429243736992e+00
3.896631781498328895e+00 3.896647937909166526e+00 3.896621037720193748e+00 3.896621373720088766e+00 3.896655945849470726e+00
3.895228276197691297e+00 3.895245044532344991e+00 3.895217122734998316e+00 3.895217463678520620e+00 3.895253375746142055e+00
3.893713344277738742e+00 3.893730740716986105e+00 3.893701770380651794e+00 3.893702116221220422e+00 3.893739404040217345e+00
3.892088653937024745e+00 3.892106694896023900e+00 3.892076648712263776e+00 3.892076999405314375e+00 3.892115699272706841e+00
3.890355856954067715e+00 3.890374559082312889e+00 3.890343409365500715e+00 3.890343764868869680e+00 3.890383913563075335e+00
3.888516588829930676e+00 3.888535969011229110e+00 3.888503687699202960e+00 3.888504047973504907e+00 3.888545682751753496e+00
3.886572468929674784e+00 3.886592544282043704e+00 3.886559102936752108e+00 3.886559467945867485e+00 3.886602626541561634e+00
3.884525100622858051e+00 3.884545888498291522e+00 3.884511258306775794e+00 3.884511628018166185e+00 3.884556348638095180e+00
3.882376071422389163e+00 3.882397589407030836e+00 3.882361741181891812e+00 3.882362115567042693e+00 3.882408436888558523e+00
3.880126953122875033e+00 3.880149219036718389e+00 3.880112123217102749e+00 3.880112502251949369e+00 3.880160463420047723e+00
3.877779301937545942e+00 3.877802333834251769e+00 3.877763960486741990e+00 3.877764344152094811e+00 3.877813984776417922e+00
3.875334658634010054e+00 3.875358474800781217e+00 3.875318793620264213e+00 3.875319181902223686e+00 3.875370542053984124e+00
3.872794548669326709e+00 3.872819167626330383e+00 3.872778147937260051e+00 3.872778540827708671e+00 3.872831661036558515e+00
3.870160482323234064e+00 3.870185922823747848e+00 3.870143533580838735e+00 3.870143931077802080e+00 3.870198852328600836e+00
3.867433954830890919e+00 3.867460235860838758e+00 3.867416445650270429e+00 3.867416847758394560e+00 3.867473611487934004e+00
3.864616446514395953e+00 3.864643587292012850e+00 3.864598364332560543e+00 3.864598771063555205e+00 3.864657419157213614e+00
3.861709422913157219e+00 3.861737442888701910e+00 3.861690755032851197e+00 3.861691166405917919e+00 3.861751741194245913e+00
3.858714334913486255e+00 3.858743253768643022e+00 3.858695068503932291e+00 3.858695484546291965e+00 3.858758028801562823e+00
3.855632618876717821e+00 3.855662456524389547e+00 3.855612740974552644e+00 3.855613161721798576e+00 3.855677718654461739e+00
3.852465696766494752e+00 3.852496473350379702e+00 3.852445194276572948e+00 3.852445619773171792e+00 3.852512233028281941e+00
3.849214976275101119e+00 3.849246712169166251e+00 3.849193835971356670e+00 3.849194266271103171e+00 3.849262979924692463e+00
3.845881850948665637e+00 3.845914566756699404e+00 3.845860059475012083e+00 3.845860494641461180e+00 3.845931353196851976e+00
3.842467700311476442e+00 3.842501416866500374e+00 3.842445244182594699e+00 3.842445684289615748e+00 3.842518732673720017e+00
3.838973889989233168e+00 3.839008628352915675e+00 3.838950755591585384e+00 3.838951200723704549e+00 3.839026484283221574e+00
3.835401771831085771e+00 3.835437553293398860e+00 3.835377945423773305e+00 3.835378395676682484e+00 3.835455960174300127e+00
3.831752684031002776e+00 3.831789530109507513e+00 3.831728151746677025e+00 3.831728607227696592e+00 3.831808498838240151e+00
3.828027951248026639e+00 3.828065883687271409e+00 3.828002699093821182e+00 3.828003159922356957e+00 3.828085425228891392e+00
3.824228884725507704e+00 3.824267925496464215e+00 3.824202898583963339e+00 3.824203364891968437e+00 3.824288050881907264e+00
3.820356782409713770e+00 3.820396953708834253e+00 3.820330048039698223e+00 3.820330519972160666e+00 3.820417674033269151e+00
3.816412929066359538e+00 3.816454253314910172e+00 3.816385432103991615e+00 3.816385909819411282e+00 3.816475579735859380e+00
3.812398596397487349e+00 3.812441096242091820e+00 3.812370322357316432e+00 3.812370806027941317e+00 3.812463039976219381e+00
3.808315043157616042e+00 3.808358741466511876e+00 3.808285977433067515e+00 3.808286467245870277e+00 3.808381313790889511e+00
3.804163515268437212e+00 3.804208435135813193e+00 3.804133643133778886e+00 3.804134139289898187e+00 3.804231647380647452e+00
3.799945245931235505e+00 3.799991410670024550e+00 3.799914552540997192e+00 3.799915055257791163e+00 3.800015274223678574e+00
3.795661455742655566e+00 3.795708888889940180e+00 3.795629926134524101e+00 3.795630435644030687e+00 3.795733415190218007e+00
3.791313352799726921e+00 3.791362078111687239e+00 3.791280971893558949e+00 3.791281488445034320e+00 3.791387278648979287e+00
3.786902132820511468e+00 3.786952174273146010e+00 3.786868885420913156e+00 3.786869409279562504e+00 3.786978060586252859e+00
3.782428979242481670e+00 3.782480361030966520e+00 3.782394850038975687e+00 3.782395381487277053e+00 3.782506944705439800e+00
3.777895063343346127e+00 3.777947809879991681e+00 3.777860036911466324e+00 3.777860576249534752e+00 3.777975102547388886e+00
3.773301544338767854e+00 3.773355680254121491e+00 3.773265605141295165e+00 3.773266152687022590e+00 3.773383693588061583e+00
3.768649569499595842e+00 3.768705119639053081e+00 3.768612701887237737e+00 3.768613257977121211e+00 3.768733865355990087e+00
3.763940274249693019e+00 3.763997263675869842e+00 3.763902462462550336e+00 3.763903027451566352e+00 3.764026753529767344e+00
3.759174782279566696e+00 3.759233236267083278e+00 3.759136010447514664e+00 3.759136584710295992e+00 3.759263482052132233e+00
3.754354205643907427e+00 3.754414149683679813e+00 3.754314457788387571e+00 3.754315041718703672e+00 3.754445163226896476e+00
3.749479644871458905e+00 3.749541104663480784e+00 3.749438904905536774e+00 3.749439498917863212e+00 3.749572897829572593e+00
3.744552189064019210e+00 3.744615190522917025e+00 3.744510440794493356e+00 3.744511045323086318e+00 3.744647775205443008e+00
3.739572916000494462e+00 3.739637485248944238e+00 3.739530143127667294e+00 3.739530758628491824e+00 3.739670873374700388e+00
3.734542892239456791e+00 3.734609055611063155e+00 3.734499078359403423e+00 3.734499705308955253e+00 3.734643259133749726e+00
3.729463173215697314e+00 3.729530957252072731e+00 3.729418301820266457e+00 3.729418940717355468e+00 3.729565988153190403e+00
3.724334803347324918e+00 3.724404234797161983e+00 3.724288857825785559e+00 3.724289509190938485e+00 3.724440105083434815e+00
3.719158816125625933e+00 3.719229921944691153e+00 3.719111779765444048e+00 3.719112444141706497e+00 3.719266643645677828e+00
3.713936234223406796e+00 3.714009041571625591e+00 3.713888090211156623e+00 3.713888768164590015e+00 3.714046626739835322e+00
3.708668069582365945e+00 3.708742605825249505e+00 3.708618801005010290e+00 3.708619493124694078e+00 3.708781066531794846e+00
3.703355323519477160e+00 3.703431616223858747e+00 3.703304913364999340e+00 3.703305620263913411e+00 3.703470964560147571e+00
3.697998986814035494e+00 3.698077063750814020e+00 3.697947417972927031e+00 3.697948140287658170e+00 3.698117311822770148e+00
3.692600039810644219e+00 3.692679928949064383e+00 3.692547295076308078e+00 3.692548033468229018e+00 3.692721088880424940e+00
3.687159452507172475e+00 3.687241182018942354e+00 3.687105514577646570e+00 3.687106269732274733e+00 3.687283265943960497e+00
3.681678184653256469e+00 3.681761782905726754e+00 3.681623036131352666e+00 3.681623808759880490e+00 3.681804802973753787e+00
3.676157185840282171e+00 3.676242681400846202e+00 3.676100809235587352e+00 3.676101600073828024e+00 3.676286649768582215e+00
3.670597395594294543e+00 3.670684817224656005e+00 3.670539773322995192e+00 3.670540583133342416e+00 3.670729746059869125e+00
3.664999743469218974e+00 3.665089120127206002e+00 3.664940857856237688e+00 3.664941687426304551e+00 3.665135021603352250e+00
3.659365149132898676e+00 3.659456509970140825e+00 3.659304982412113993e+00 3.659305832556447591e+00 3.659503396266954756e+00
3.653694522464483008e+00 3.653787896824684633e+00 3.653633056779998167e+00 3.653633928339504955e+00 3.653835780126273747e+00
3.647988763634661069e+00 3.648084181053895314e+00 3.647925981041773014e+00 3.647926874884352522e+00 3.648133073546265148e+00
3.642248763203558504e+00 3.642346253406919310e+00 3.642184645669574117e+00 3.642185562690572809e+00 3.642396167278614261e+00
3.636475402199538465e+00 3.636574995102673569e+00 3.636409931605008250e+00 3.636410872727108945e+00 3.636625942540407053e+00
3.630669552214820239e+00 3.630771277919282891e+00 3.630602710354138285e+00 3.630603676528195045e+00 3.630823271110179995e+00
3.624832075484246463e+00 3.624935964280390888e+00 3.624763844067073748e+00 3.624764836271685553e+00 3.624989015406138826e+00
3.618963824977729615e+00 3.619069907338542613e+00 3.618894185629364380e+00 3.618895204872027538e+00 3.619124028579344010e+00
3.613065644479875438e+00 3.613173951065177025e+00 3.612994578742902974e+00 3.612995626059205545e+00 3.613229154592444647e+00
3.607138368678362461e+00 3.607248930328102787e+00 3.607065858012758586e+00 3.607066934467918706e+00 3.607305228309181100e+00
3.601182823245436371e+00 3.601295670983301278e+00 3.601108849030481007e+00 3.601109955718092337e+00 3.601353075574568852e+00
3.595199824921182064e+00 3.595314989949558004e+00 3.595124368455255848e+00 3.595125506499281087e+00 3.595373513299753743e+00
3.589190181598028051e+00 3.589307695298981304e+00 3.589113224100618282e+00 3.589114394653844187e+00 3.589367349544729358e+00
3.583154692397825247e+00 3.583274586331278044e+00 3.583076215009816767e+00 3.583077419255454199e+00 3.583335383597440860e+00
3.577094147759989795e+00 3.577216453661456796e+00 3.577014131544682396e+00 3.577015370695820984e+00 3.577278406059953397e+00
3.571009329513624042e+00 3.571134079294753239e+00 3.570927755457748543e+00 3.570929030757792777e+00 3.571197198922036797e+00
3.564901010965773498e+00 3.565028236710642950e+00 3.564817859980198733e+00 3.564819172703275196e+00 3.565092535648930916e+00
3.558769956972565929e+00 3.558899690939403282e+00 3.558685209893458268e+00 3.558686561344180266e+00 3.558965181252319088e+00
3.552616924025244760e+00 3.552749198641419692e+00 3.552530561614590354e+00 3.552531953128835074e+00 3.552815892376859797e+00
3.546442660321369011e+00 3.546577508186517846e+00 3.546354663268307394e+00 3.546356096212649689e+00 3.546645417370762665e+00
3.540247905847917487e+00 3.540385359727395542e+00 3.540158254769041335e+00 3.540159730541863503e+00 3.540454496369740411e+00
3.534033392453349354e+00 3.534173485282555038e+00 3.533942067894249028e+00 3.533943587924780694e+00 3.534243861368066675e+00
3.527799843926961110e+00 3.527942608804815361e+00 3.527706826362267289e+00 3.527708392112092639e+00 3.528014236299197304e+00
3.521547976072735064e+00 3.521693446264581251e+00 3.521453245907906648e+00 3.521454858869542459e+00 3.521766337108159561e+00
3.515278496783991624e+00 3.515426705717272338e+00 3.515182034355067930e+00 3.515183696053939322e+00 3.515500871827974105e+00
3.508992106120029764e+00 3.509143087384563930e+00 3.508893891695492151e+00 3.508895603688236609e+00 3.509218540654339247e+00
3.502689496375291256e+00 3.502843283721869483e+00 3.502589510156297159e+00 3.502591274032234026e+00 3.502920036016869521e+00
3.496371352158972989e+00 3.496527979496788063e+00 3.496269574280257864e+00 3.496271391660854544e+00 3.496606042656896118e+00
3.490038350460087369e+00 3.490197851857461231e+00 3.489934760990889728e+00 3.489936633530013932e+00 3.490277237693767631e+00
3.483691160726964497e+00 3.483853570407390965e+00 3.483585739671630321e+00 3.483587669055900449e+00 3.483934290704008951e+00
3.477330444931524323e+00 3.477495797275608425e+00 3.477223172230566650e+00 3.477225160178992969e+00 3.477577863785366930e+00
3.470956857646718241e+00 3.471125187186896000e+00 3.470847713177238170e+00 3.470849761441936465e+00 3.471208611634806651e+00
3.464571046110926922e+00 3.464742387534722745e+00 3.464460009687835296e+00 3.464462120053328320e+00 3.464827181612226248e+00
3.458173650302692970e+00 3.458348038446368289e+00 3.458060701678920434e+00 3.458062875963192173e+00 3.458434213816118152e+00
3.451765303005978947e+00 3.451942772858283881e+00 3.451650421873890373e+00 3.451652661927287813e+00 3.452030341147734216e+00
3.445346629881438805e+00 3.445527216577797702e+00 3.445229795872799095e+00 3.445232103579491945e+00 3.445616189383739592e+00
3.438918249533385652e+00 3.439101988358082895e+00 3.438799442221001090e+00 3.438801819497411039e+00 3.439192377241587995e+00
3.432480773576731092e+00 3.432667699959280672e+00 3.432359972474133603e+00 3.432362421270877650e+00 3.432759516448387060e+00
3.426034806706530045e+00 3.426224956221370466e+00 3.425911991269686929e+00 3.425914513569746855e+00 3.426318211808361713e+00
3.419580946760073736e+00 3.419774355125594578e+00 3.419456096387536004e+00 3.419458694207602623e+00 3.419869061267029497e+00
3.413119784788822830e+00 3.413316487864558990e+00 3.412992878822501908e+00 3.412995554212441274e+00 3.413412655981485244e+00
3.406651905117134671e+00 3.406851938904722488e+00 3.406522922843118195e+00 3.406525677886056869e+00 3.406949580380163489e+00
3.400177885413906420e+00 3.400381286052934549e+00 3.400046806062945404e+00 3.400049642875561329e+00 3.400480412234267114e+00
3.393698296750676136e+00 3.393905100520883344e+00 3.393565099499127324e+00 3.393568020231181759e+00 3.394005722715592199e+00
3.387213703671358100e+00 3.387423946987150991e+00 3.387078367641492616e+00 3.387081374476473616e+00 3.387526076466857106e+00
3.380724664250521094e+00 3.380938383664388258e+00 3.380587168511617335e+00 3.380590263665929296e+00 3.381042031659253766e+00
3.374231730160614617e+00 3.374448962357053716e+00 3.374092053729067509e+00 3.374095239453022366e+00 3.374554140060665564e+00
3.367735446731104254e+00 3.367956228529828344e+00 3.367593568571697560e+00 3.367596847148298433e+00 3.368062947093636073e+00
3.361236353012502232e+00 3.361460721363366488e+00 3.361092252038281991e+00 3.361095625784628727e+00 3.361568991900869552e+00
3.354734981837128149e+00 3.354962973821701944e+00 3.354588636910887711e+00 3.354592108176485343e+00 3.355072807404307245e+00
3.348231859879150285e+00 3.348463512707764878e+00 3.348083249813037732e+00 3.348086820981689193e+00 3.348574920367199947e+00
3.341727507717731083e+00 3.341962858728695807e+00 3.341576611274791109e+00 3.341580284762663222e+00 3.342075851455083235e+00
3.335222439892785218e+00 3.335461526551855904e+00 3.335069235787016417e+00 3.335073014043862027e+00 3.335576115293615640e+00
3.328717164970010245e+00 3.328960024867409828e+00 3.328561631867004156e+00 3.328565517375628335e+00 3.329076220532099395e+00
3.322212185593919731e+00 3.322458856445559938e+00 3.322054302111561164e+00 3.322058297387757708e+00 3.322576669897377766e+00
3.315707998552435143e+00 3.315958518195639471e+00 3.315547743261259672e+00 3.315551850854051352e+00 3.316077960258314139e+00
3.309205094829436256e+00 3.309459501225412659e+00 3.309042446253446901e+00 3.309046668744516584e+00 3.309580582678022687e+00
3.302703959667574463e+00 3.302962290895810060e+00 3.302538896284434422e+00 3.302543236288708606e+00 3.303085022477317612e+00
3.296205072621050558e+00 3.296467366882904759e+00 3.296037572863037113e+00 3.296042033027778206e+00 3.296591759286715106e+00
3.289708907616107680e+00 3.289975203229046130e+00 3.289538949870111750e+00 3.289543532875849774e+00 3.290101267107971239e+00
3.283215933004645315e+00 3.283486268404996800e+00 3.283043495613295892e+00 3.283048204172516638e+00 3.283614014366473377e+00
3.276726611621766150e+00 3.277001025360366082e+00 3.276551672883206479e+00 3.276556509741699763e+00 3.277130463970320484e+00
3.270241400840933732e+00 3.270519931584194406e+00 3.270063939010143361e+00 3.270068906945218234e+00 3.270651073363726624e+00
3.263760752627844042e+00 3.264043439155453363e+00 3.263580745916163206e+00 3.263585847738482926e+00 3.264176294583001070e+00
3.257285113597788051e+00 3.257571994801547355e+00 3.257102540174288130e+00 3.257107778725864655e+00 3.257706574311679759e+00
3.250814925065741878e+00 3.251106039949480220e+00 3.250629763057183652e+00 3.250635141212482093e+00 3.251242353932674689e+00
3.244350623105179743e+00 3.244646010781660816e+00 3.244162850596514325e+00 3.244168371261926698e+00 3.244784069585711084e+00
3.237892638595995187e+00 3.238192338288426786e+00 3.237702233630938231e+00 3.237707899744590279e+00 3.238332152215949389e+00
3.231441397282749595e+00 3.231745448320435532e+00 3.231248337864012665e+00 3.231254152395961921e+00 3.231887027632221354e+00
3.224997319822234143e+00 3.225305761643245450e+00 3.224801583912207281e+00 3.224807549863792477e+00 3.225449116554228723e+00
3.218560821840066755e+00 3.218873693985964124e+00 3.218362387360891752e+00 3.218368507765263509e+00 3.219018834669805429e+00
3.212132313978511622e+00 3.212449656097553063e+00 3.211931158812895593e+00 3.211937436734029649e+00 3.212596592681929764e+00
3.205712201950932982e+00 3.206034053793028971e+00 3.205508303942035120e+00 3.205514742475612522e+00 3.206182796364256848e+00
3.199300886590429549e+00 3.199627288009433190e+00 3.199094223542836346e+00 3.199100825814856996e+00 3.199777846608493181e+00
3.192898763901567794e+00 3.193229754851619973e+00 3.192689313580967525e+00 3.192696082749044706e+00 3.193382139477705106e+00
3.186506225110483204e+00 3.186841845646665838e+00 3.186293965244793469e+00 3.186300904496333963e+00 3.186996066254614401e+00
3.180123656713223834e+00 3.180463946989894097e+00 3.179908564992152797e+00 3.179915677546010233e+00 3.180620013492108544e+00
