1.973147539923287752e+01 1.973147535904175953e+01 1.973147539303291609e+01 1.973147536256324486e+01 1.973147542705502033e+01
1.966323511032605964e+01 1.966323494981806164e+01 1.966323508556216737e+01 1.966323496387492753e+01 1.966323522147128955e+01
1.959527806519797721e+01 1.959527770465538055e+01 1.959527800956379551e+01 1.959527773621672608e+01 1.959527831493427286e+01
1.952760320747979250e+01 1.952760256762382696e+01 1.952760310873144789e+01 1.952760262361162802e+01 1.952760365081901739e+01
1.946020949189525950e+01 1.946020849391537766e+01 1.946020933785601414e+01 1.946020858120247965e+01 1.946021018357105348e+01
1.939309588368268322e+01 1.939309444926457360e+01 1.939309566224738290e+01 1.939309457467267350e+01 1.939309687812927407e+01
1.932626135805714895e+01 1.932625940940940978e+01 1.932626105719645082e+01 1.932625957970718744e+01 1.932626270938911262e+01
1.925970489971196997e+01 1.925970235959147914e+01 1.925970450747636065e+01 1.925970258149285641e+01 1.925970666170492152e+01
1.919342550235728950e+01 1.919342229409342693e+01 1.919342500688092201e+01 1.919342257425585174e+01 1.919342772842944100e+01
1.912742216829211372e+01 1.912741821580968704e+01 1.912742155779647391e+01 1.912741856083260217e+01 1.912742491148668833e+01
1.906169390800775787e+01 1.906168913584885871e+01 1.906169317080511050e+01 1.906168955227218476e+01 1.906169722097624586e+01
1.899623973982037128e+01 1.899623407316507340e+01 1.899623886431705699e+01 1.899623456746780903e+01 1.899624367480656772e+01
1.893105868953035298e+01 1.893105205421635517e+01 1.893105766422991110e+01 1.893105263281526263e+01 1.893106329835522672e+01
1.886614979010681026e+01 1.886614211264800289e+01 1.886614860361292756e+01 1.886614278189635741e+01 1.886615512415406926e+01
1.880151208139507446e+01 1.880150328899911116e+01 1.880151072241436694e+01 1.880150405518555345e+01 1.880151819159753401e+01
1.873714460984567864e+01 1.873713463043057459e+01 1.873714306719035605e+01 1.873713549977800952e+01 1.873715154667229754e+01
1.867304642826321270e+01 1.867303519047294458e+01 1.867304469085355123e+01 1.867303616913753217e+01 1.867305424170685058e+01
1.860921659557351049e+01 1.860920402879273894e+01 1.860921465244019046e+01 1.860920512286293516e+01 1.860922533513935306e+01
1.854565417660790061e+01 1.854564021097577609e+01 1.854565201689421983e+01 1.854564142647148373e+01 1.854566389130254933e+01
1.848235824190323129e+01 1.848234280832632237e+01 1.848235585486715138e+01 1.848234415119804908e+01 1.848236898022441821e+01
1.841932786751644358e+01 1.841931089768085528e+01 1.841932524253253334e+01 1.841931237380897812e+01 1.841933967744337863e+01
1.835656213485272659e+01 1.835654356123536246e+01 1.835655926141394900e+01 1.835654517642942807e+01 1.835657506383702398e+01
1.829406013050612145e+01 1.829403988638518541e+01 1.829405699822552833e+01 1.829404164638327757e+01 1.829407422546334061e+01
1.823182094611171777e+01 1.823179896557644852e+01 1.823181754472399163e+01 1.823180087604463040e+01 1.823183625341344793e+01
1.816984367820862190e+01 1.816981989616824933e+01 1.816983999757150769e+01 1.816982196270001637e+01 1.816986024367511376e+01
1.810812742811272003e+01 1.810810178030474304e+01 1.810812345820836455e+01 1.810810400842057533e+01 1.810814529700606457e+01
1.804667130179873169e+01 1.804664372479648549e+01 1.804666703273488793e+01 1.804664611994341783e+01 1.804669051881654340e+01
1.798547440979066181e+01 1.798544484101022078e+01 1.798546983180179737e+01 1.798544740856148039e+01 1.798549501906028780e+01
1.792453586706017532e+01 1.792450424476656323e+01 1.792453097050847788e+01 1.792450699002124281e+01 1.792455791213334848e+01
1.786385479293216960e+01 1.786382105624498706e+01 1.786384956830844928e+01 1.786382398442777486e+01 1.786387831678016980e+01
1.780343031099709350e+01 1.780339439989549888e+01 1.780342474892159288e+01 1.780339751615645127e+01 1.780345535600634932e+01
1.774326154902949071e+01 1.774322340435661260e+01 1.774325564025259183e+01 1.774322671377094096e+01 1.774328815699762885e+01
1.768334763891221684e+01 1.768330720237896259e+01 1.768334137431506647e+01 1.768331070994691601e+01 1.768337585104453780e+01
1.762368771656598909e+01 1.762364493075432392e+01 1.762368108716103166e+01 1.762364864140105070e+01 1.762371757347236212e+01
1.756428092188396306e+01 1.756423573024965989e+01 1.756427391881539890e+01 1.756423964882515776e+01 1.756431246357612252e+01
1.750512639867068998e+01 1.750507874554551790e+01 1.750511901321483066e+01 1.750508287682459496e+01 1.750515966455990835e+01
1.744622329458528398e+01 1.744617312517875618e+01 1.744621551815085070e+01 1.744617747386100604e+01 1.744625832348044270e+01
1.738757076108855060e+01 1.738751802148913228e+01 1.738756258521688380e+01 1.738752259219900154e+01 1.738760759119455201e+01
1.732916795339360050e+01 1.732911259056949049e+01 1.732915936975880555e+01 1.732911738785633204e+01 1.732920662231016706e+01
1.727101403041984540e+01 1.727095599221929945e+01 1.727100503082884586e+01 1.727096102055745064e+01 1.727105457514061015e+01
1.721310815474997469e+01 1.721304738990115979e+01 1.721309873114252653e+01 1.721305265369010229e+01 1.721315061166192706e+01
1.715544949258979557e+01 1.715538595070028194e+01 1.715543963703840546e+01 1.715539145426476253e+01 1.715549389747306464e+01
1.709803721373068086e+01 1.709797084528648625e+01 1.709802691844048894e+01 1.709797659287673000e+01 1.709808360175858155e+01
1.704087049151440425e+01 1.704080124787866524e+01 1.704085974882298515e+01 1.704080724367056376e+01 1.704091889725380682e+01
1.698394850280019241e+01 1.698387633621145909e+01 1.698393730517729949e+01 1.698388258430681219e+01 1.698399896021216193e+01
1.692727042793383774e+01 1.692719529150400959e+01 1.692725876798109752e+01 1.692720179593078811e+01 1.692732297037455069e+01
1.687083545071867619e+01 1.687075729843060046e+01 1.687082332116921890e+01 1.687076406314320920e+01 1.687089011094062840e+01
1.681464275838834155e+01 1.681456154509305989e+01 1.681463015210640677e+01 1.681456857397266802e+01 1.681469956854177283e+01
1.675869154158111130e+01 1.675860722299479733e+01 1.675867845156156122e+01 1.675861451984964745e+01 1.675875053321567876e+01
1.670298099431572325e+01 1.670289352701632524e+01 1.670296741368353466e+01 1.670290109558207803e+01 1.670304219838242688e+01
1.664751031396858494e+01 1.664741965539213808e+01 1.664749623597827721e+01 1.664742749933224175e+01 1.664757376082190277e+01
1.659227870125220861e+01 1.659218480968891285e+01 1.659226411928725753e+01 1.659219293259498684e+01 1.659234442065246995e+01
1.653728536019485063e+01 1.653718819478483937e+01 1.653727026776702758e+01 1.653719660017706872e+01 1.653735338131079047e+01
1.648252949812118118e+01 1.648242901885005196e+01 1.648251388886986035e+01 1.648243771017760295e+01 1.648259984953270418e+01
1.642801032563394870e+01 1.642790649332804520e+01 1.642799419332538946e+01 1.642791547396950236e+01 1.642808303533508862e+01
1.637372705659657868e+01 1.637361983291802403e+01 1.637371039512315107e+01 1.637362910618183065e+01 1.637380215199863542e+01
1.631967890811655053e+01 1.631956825555807811e+01 1.631966171149593947e+01 1.631957782468300167e+01 1.631975641605140837e+01
1.626586510052960932e+01 1.626575098240915906e+01 1.626584736290398681e+01 1.626576085056476373e+01 1.626594504725321499e+01
1.621228485738464187e+01 1.621216723783973990e+01 1.621226657301977525e+01 1.621217740812688746e+01 1.621236726858063548e+01
1.615893740542920298e+01 1.615881624941119554e+01 1.615891856871358101e+01 1.615882672486251437e+01 1.615902230621270164e+01
1.610582197459564568e+01 1.610569724786370216e+01 1.610580258003954413e+01 1.610570803144412011e+01 1.610590938951719409e+01
1.605293779798781273e+01 1.605280946710277590e+01 1.605291784022234225e+01 1.605282056171003546e+01 1.605302775103744040e+01
1.600028411186821131e+01 1.600015214418626996e+01 1.600026358564432982e+01 1.600016355265145052e+01 1.600037662647964964e+01
1.594786015564567805e+01 1.594772451931188684e+01 1.594783905583319239e+01 1.594773624439995885e+01 1.594795525470066266e+01
1.589566517186342764e+01 1.589552583580509193e+01 1.589564349344996863e+01 1.589553788021544278e+01 1.589576287769615348e+01
1.584369840618750480e+01 1.584355534010738786e+01 1.584367614427745963e+01 1.584356770647439916e+01 1.584379874058917359e+01
1.579195910739560205e+01 1.579181228176505059e+01 1.579193625720906446e+01 1.579182497265864704e+01 1.579206209161908703e+01
1.574044652736624705e+01 1.574029591341816214e+01 1.574042308423791781e+01 1.574030893134438003e+01 1.574055218213084473e+01
1.568915992106821555e+01 1.568900549078990636e+01 1.568913588044628860e+01 1.568901883819147258e+01 1.568926826656448803e+01
1.563809854655023912e+01 1.563794027267618425e+01 1.563807390399528607e+01 1.563795395193309723e+01 1.563820960244495772e+01
1.558726166493097587e+01 1.558709952093546569e+01 1.558723641611480026e+01 1.558711353436558333e+01 1.558737545037213934e+01
1.553664854038922627e+01 1.553648250047892709e+01 1.553662268109370359e+01 1.553649685033855299e+01 1.553676507401114826e+01
1.548625844015431241e+01 1.548608847926073118e+01 1.548623196627022480e+01 1.548610316774521500e+01 1.548637774008278534e+01
1.543609063449668639e+01 1.543591672826857142e+01 1.543606354202254494e+01 1.543593175751289515e+01 1.543621271835422348e+01
1.538614439671870748e+01 1.538596652151435862e+01 1.538611668175955671e+01 1.538598189359374757e+01 1.538626928162982921e+01
1.533641900314557383e+01 1.533623713602508332e+01 1.533639066191178202e+01 1.533625285295560658e+01 1.533654670574215118e+01
1.528691373311638557e+01 1.528672785183383276e+01 1.528688476192243684e+01 1.528674391557301071e+01 1.528704426954304729e+01
1.523762786897535726e+01 1.523743795197093931e+01 1.523759826423863117e+01 1.523745436441834933e+01 1.523776125489493971e+01
1.518856069606315273e+01 1.518836672245526564e+01 1.518853045430269155e+01 1.518838348545314787e+01 1.518869694666218706e+01
1.513971150270830535e+01 1.513951345228557699e+01 1.513968062054358121e+01 1.513953056761945604e+01 1.513985063270255083e+01
1.509107958021876961e+01 1.509087743343205368e+01 1.509104805436843755e+01 1.509089490283133905e+01 1.509122160385877365e+01
1.504266422287352789e+01 1.504245796082787834e+01 1.504263205015418414e+01 1.504247578596647905e+01 1.504280915395023221e+01
1.499446472791431439e+01 1.499425433236090832e+01 1.499443190523924407e+01 1.499427251485783863e+01 1.499461257976466833e+01
1.494648039553737817e+01 1.494626584886543164e+01 1.494644691991530472e+01 1.494628439028543099e+01 1.494663118104999633e+01
1.489871052888534031e+01 1.489849181411399215e+01 1.489867639741915539e+01 1.489851071596813092e+01 1.489886426050616741e+01
1.485115443403909374e+01 1.485093153480928407e+01 1.485111964392461203e+01 1.485095079855557287e+01 1.485131112377708718e+01
1.480381142000976702e+01 1.480358432057609974e+01 1.480377596853445610e+01 1.480360394762009513e+01 1.480397107944259361e+01
1.475668079873072891e+01 1.475644948395333067e+01 1.475664468327245338e+01 1.475646947564874090e+01 1.475684343901047768e+01
1.470976188504964810e+01 1.470952634038601659e+01 1.470972510307540304e+01 1.470954669803530557e+01 1.470992751690854305e+01
1.466305399672057774e+01 1.466281420821744597e+01 1.466301654578523461e+01 1.466283493307243901e+01 1.466322263047670305e+01
1.461655645439608975e+01 1.461631240868127612e+01 1.461651833214112983e+01 1.461633350194375858e+01 1.461672809995910249e+01
1.457026858161943572e+01 1.457002026589371901e+01 1.457022978577169603e+01 1.457004172871602599e+01 1.457044324849629291e+01
1.452418970481673277e+01 1.452393710684572881e+01 1.452415023318714837e+01 1.452395894033134560e+01 1.452436740211740407e+01
1.447831915328917951e+01 1.447806226139523567e+01 1.447827900377152943e+01 1.447808446659938575e+01 1.447849988973235469e+01
1.443265625920528983e+01 1.443239506225939905e+01 1.443261542977495360e+01 1.443241764018963735e+01 1.443284004312408619e+01
1.438720035759315863e+01 1.438693484500690367e+01 1.438715884630586395e+01 1.438695779662368679e+01 1.438738719694080892e+01
1.434195078633273646e+01 1.434168094805023230e+01 1.434190859132331752e+01 1.434170427426751004e+01 1.434214068868826075e+01
1.429690688614810945e+01 1.429663271263799196e+01 1.429686400562927240e+01 1.429665641432378642e+01 1.429709985872197464e+01
1.425206800059981660e+01 1.425178948284727021e+01 1.425202443286090670e+01 1.425181356082423179e+01 1.425226405023959053e+01
1.420743347607717944e+01 1.420715060557596843e+01 1.420738921948295719e+01 1.420717506062196200e+01 1.420763260927313709e+01
1.416300266179061929e+01 1.416271543053518300e+01 1.416295771478004006e+01 1.416274026338383685e+01 1.416320488468135963e+01
1.411877490976401539e+01 1.411848331024157943e+01 1.411872927084900908e+01 1.411850852158284475e+01 1.411898022814202669e+01
1.407474957482703992e+01 1.407445360000977885e+01 1.407470324259131367e+01 1.407447919049049112e+01 1.407495799414426330e+01
1.403092601460752498e+01 1.403062565794475880e+01 1.403087898770535347e+01 1.403065162816917777e+01 1.403113753998087176e+01
1.398730358952383312e+01 1.398699884493426637e+01 1.398725586667886844e+01 1.398702519546462852e+01 1.398751822574068449e+01
1.394388166277722618e+01 1.394357252464124564e+01 1.394383324278131653e+01 1.394359925599829531e+01 1.394409941430090605e+01
1.390065960034425885e+01 1.390034606349626145e+01 1.390061048205626726e+01 1.390037317615978552e+01 1.390088047131946780e+01
1.385763677096915991e+01 1.385731883068993220e+01 1.385758695331379364e+01 1.385734632509928765e+01 1.385786076522736998e+01
1.381481254615621346e+01 1.381449019816537493e+01 1.381476202812286402e+01 1.381451807472001114e+01 1.381503966722104515e+01
1.377218630016217027e+01 1.377185954061065409e+01 1.377213508080376414e+01 1.377188779967063326e+01 1.377241655125473052e+01
1.372975740998864325e+01 1.372942623545123375e+01 1.372970548842049610e+01 1.372945487733773184e+01 1.372999079403281542e+01
1.368752525537451170e+01 1.368718966284244765e+01 1.368747263077319687e+01 1.368721868783826601e+01 1.368776177500221891e+01
1.364548921878833987e+01 1.364514920566195322e+01 1.364543589039055682e+01 1.364517861401201415e+01 1.364572887634476750e+01
1.360364868542078831e+01 1.360330424950221406e+01 1.360359465252225597e+01 1.360333404141405822e+01 1.360389148296955852e+01
1.356200304317702710e+01 1.356165418266297529e+01 1.356194830513137362e+01 1.356168435830724128e+01 1.356224898250535205e+01
1.352055168266916674e+01 1.352019839614374241e+01 1.352049623888683350e+01 1.352022895565465177e+01 1.352080076529293962e+01
1.347929399720868027e+01 1.347893628363626917e+01 1.347923784715583828e+01 1.347896722711210060e+01 1.347954622437753258e+01
1.343822938279883594e+01 1.343786724151705236e+01 1.343817252599630763e+01 1.343789856902060720e+01 1.343848475550115040e+01
1.339735723812712820e+01 1.339699066883982681e+01 1.339729967414932865e+01 1.339702238039889615e+01 1.339761575709501606e+01
1.335667696455772280e+01 1.335630596732807440e+01 1.335661869303159754e+01 1.335633806293587966e+01 1.335693863027194439e+01
1.331618796612389666e+01 1.331581254136751546e+01 1.331612898672788603e+01 1.331584502098317735e+01 1.331645277881874279e+01
1.327588964952048833e+01 1.327550979799864095e+01 1.327582996198348830e+01 1.327554266154760576e+01 1.327615760918861199e+01
1.323578142409635205e+01 1.323539714690921798e+01 1.323572102819669105e+01 1.323543039428369816e+01 1.323605253049356101e+01
1.319586270184680110e+01 1.319547400042681673e+01 1.319580159741123460e+01 1.319550763148622252e+01 1.319613695449680257e+01
1.315613289740609204e+01 1.315573977351133550e+01 1.315607108430879890e+01 1.315577378808269415e+01 1.315641029560517516e+01
1.311659142803987699e+01 1.311619388374753647e+01 1.311652890620146472e+01 1.311622828162591148e+01 1.311687197086156864e+01
1.307723771363767540e+01 1.307683575133759035e+01 1.307717448302421737e+01 1.307687053228648466e+01 1.307752139993733564e+01
1.303807117670536364e+01 1.303766479909361564e+01 1.303800723732741496e+01 1.303769996284537847e+01 1.303835800512473853e+01
1.299909124235764679e+01 1.299868045243023396e+01 1.299902659426929930e+01 1.299871599868645511e+01 1.299938121132936608e+01
1.296029733831055886e+01 1.295988213935711997e+01 1.296023198160848899e+01 1.295991806778902600e+01 1.296059044606258581e+01
1.292168889487394701e+01 1.292126929047159400e+01 1.292162282969649567e+01 1.292130560072040879e+01 1.292198513943398375e+01
1.288326534494398778e+01 1.288284133895113293e+01 1.288319857147022063e+01 1.288287803062849157e+01 1.288356472414382914e+01
1.284502612399567845e+01 1.284459772054602666e+01 1.284495864244449237e+01 1.284463479323429524e+01 1.284532863547551251e+01
1.280697067007534606e+01 1.280653787357185713e+01 1.280690248070455617e+01 1.280657532682454836e+01 1.280727631128800859e+01
1.276909842379320992e+01 1.276866123890221516e+01 1.276902952689867554e+01 1.276869907224430101e+01 1.276940719200838714e+01
1.273140882831584442e+01 1.273096725996117762e+01 1.273133922423058095e+01 1.273100547288945883e+01 1.273172072062422444e+01
1.269390132935880366e+01 1.269345538271601725e+01 1.269383101845212458e+01 1.269349397469946261e+01 1.269421634267617804e+01
1.265657537517906661e+01 1.265612505566973134e+01 1.265650435785573436e+01 1.265616402614980807e+01 1.265689350625038934e+01
1.261943041656768116e+01 1.261897572985371596e+01 1.261935869326705451e+01 1.261901507824472723e+01 1.261975166197106013e+01
1.258246590684224131e+01 1.258200685882036751e+01 1.258239347803744934e+01 1.258204658450975444e+01 1.258279026299289072e+01
1.254568130183954366e+01 1.254521789863574988e+01 1.254560816803667400e+01 1.254525800098443966e+01 1.254600876499369733e+01
1.250907605990808058e+01 1.250860830787221012e+01 1.250900222164536757e+01 1.250864878621488430e+01 1.250940662616682708e+01
1.247264964190068781e+01 1.247217754760102437e+01 1.247257509974770429e+01 1.247221840124646874e+01 1.247298330721377546e+01
1.243640151116708026e+01 1.243592508138510233e+01 1.243632626572397371e+01 1.243596630961644856e+01 1.243673827133667409e+01
1.240033113354649430e+01 1.239985037527157274e+01 1.240025518544319638e+01 1.239989197734665005e+01 1.240067098423086378e+01
1.236443797736028749e+01 1.236395289778458029e+01 1.236436132725576087e+01 1.236399487293613220e+01 1.236478091407746405e+01
1.232872151340453293e+01 1.232823211991784085e+01 1.232864416198601631e+01 1.232827446735385379e+01 1.232906753153591239e+01
1.229318121494271487e+01 1.229268751512746150e+01 1.229310316292498229e+01 1.229273023403140641e+01 1.229353030973659244e+01
1.225781655769826273e+01 1.225731855932453307e+01 1.225773780582290051e+01 1.225736164885563539e+01 1.225816872427335369e+01
1.222262701984732125e+01 1.222212473086795015e+01 1.222254756888200333e+01 1.222216819016144917e+01 1.222298225319620002e+01
1.218761208201129165e+01 1.218710551055703917e+01 1.218753193274907787e+01 1.218714933872442963e+01 1.218797037700378816e+01
1.215277122724960357e+01 1.215226038162436772e+01 1.215269038050823625e+01 1.215230457775365913e+01 1.215313257863617125e+01
1.211810394105229172e+01 1.211758882972842954e+01 1.211802239767352241e+01 1.211763339288435937e+01 1.211846834346729551e+01
1.208360971133278028e+01 1.208309034294642892e+01 1.208352747218168410e+01 1.208313527217072725e+01 1.208397715929775984e+01
1.204928802842048441e+01 1.204876441176703672e+01 1.204920509438480813e+01 1.204880970607861101e+01 1.204965851634735863e+01
1.201513838505359999e+01 1.201461052908313221e+01 1.201505475704309767e+01 1.201465618747833553e+01 1.201551190724782892e+01
1.198116027637176018e+01 1.198062819018464964e+01 1.198107595531756076e+01 1.198067421163742985e+01 1.198153682703544654e+01
1.194735319990879496e+01 1.194681689275126502e+01 1.194726818676276636e+01 1.194686327621344724e+01 1.194773277314376081e+01
1.191371665558546589e+01 1.191317613684531906e+01 1.191363095131960037e+01 1.191322288124673179e+01 1.191409924539624932e+01
1.188025014570218119e+01 1.187970542490450576e+01 1.188016375130797364e+01 1.187975252915323310e+01 1.188063574599902594e+01
1.184695317493182998e+01 1.184640426173479710e+01 1.184686609141968816e+01 1.184645172471733687e+01 1.184734177953358092e+01
1.181382525031243169e+01 1.181327215450318313e+01 1.181373747871108293e+01 1.181331997508463516e+01 1.181421685294943558e+01
1.178086588124005196e+01 1.178030861273058960e+01 1.178077742259596405e+01 1.178035678975484224e+01 1.178126047555697475e+01
1.174807457946146094e+01 1.174751314828466064e+01 1.174798543483827373e+01 1.174756168057453820e+01 1.174847215902006603e+01
1.171545085906705452e+01 1.171488527537266044e+01 1.171536102954501857e+01 1.171493416173012747e+01 1.171585141734894897e+01
1.168299423648354818e+01 1.168242451053432696e+01 1.168290372315898296e+01 1.168247374974059305e+01 1.168339776689286857e+01
1.165070423046690884e+01 1.165013037263474160e+01 1.165061303445164853e+01 1.165017996345048346e+01 1.165111072633296807e+01
1.161858036209508249e+01 1.161800238285725406e+01 1.161848848451596616e+01 1.161805232402268473e+01 1.161898981667497388e+01
1.158662215476092427e+01 1.158604006469631287e+01 1.158652959675925764e+01 1.158609035493140915e+01 1.158703456124208309e+01
1.155482913416498292e+01 1.155424294395046836e+01 1.155473589689604985e+01 1.155429358195502232e+01 1.155524448566769635e+01
1.152320082830840953e+01 1.152261054871518198e+01 1.152310691294094624e+01 1.152266153316901232e+01 1.152361911788828763e+01
1.149173676748581130e+01 1.149114240937586651e+01 1.149164217520153919e+01 1.149119373893888074e+01 1.149215798813621170e+01
1.146043648427811412e+01 1.145983805860071492e+01 1.146034121627124591e+01 1.145988973191307458e+01 1.146086062893253832e+01
1.142929951354552287e+01 1.142869703133375303e+01 1.142920357102229367e+01 1.142874904701596606e+01 1.142972657507994150e+01
1.139832539242032183e+01 1.139771886478769680e+01 1.139822877659852551e+01 1.139777122144072941e+01 1.139875536365548570e+01
1.136751366029990962e+01 1.136690309843701208e+01 1.136741637240844760e+01 1.136695579464240957e+01 1.136794653400360744e+01
1.133686385883959957e+01 1.133624927401081095e+01 1.133676590011803675e+01 1.133630230833076524e+01 1.133729962772886601e+01
1.130637553194567424e+01 1.130575693548589378e+01 1.130627690364380022e+01 1.130581030646338547e+01 1.130681418868897836e+01
1.127604822576821952e+01 1.127542562907972012e+01 1.127594892914562941e+01 1.127547933523855228e+01 1.127648976298758043e+01
1.124588148869417381e+01 1.124525490324340282e+01 1.124578152501984185e+01 1.124530894308835016e+01 1.124632589896727630e+01
1.121587487134021188e+01 1.121524430865477129e+01 1.121577424189209360e+01 1.121529868067158731e+01 1.121632214720244747e+01
1.118602792654578693e+01 1.118539339821130874e+01 1.118592663261040876e+01 1.118544810086687846e+01 1.118647806049227356e+01
1.115634020936606063e+01 1.115570172702329366e+01 1.115623825223813981e+01 1.115575675876562478e+01 1.115679319385361268e+01
1.112681127706492923e+01 1.112616885240672104e+01 1.112670865804697762e+01 1.112622421166508602e+01 1.112726710451400258e+01
1.109744068910802284e+01 1.109679433387647229e+01 1.109733740950998993e+01 1.109685001906140833e+01 1.109789935190459786e+01
1.106822800715568178e+01 1.106757773313926485e+01 1.106812406829457274e+01 1.106763374264266808e+01 1.106868949765314625e+01
1.103917279505605364e+01 1.103851861408680968e+01 1.103906819825558117e+01 1.103857494628197422e+01 1.103963710557700217e+01
1.101027461883801983e+01 1.100961654278881596e+01 1.101016936542825242e+01 1.100967319603047301e+01 1.101074174167604802e+01
1.098153304670434771e+01 1.098087108748613261e+01 1.098142713802137038e+01 1.098092806011051437e+01 1.098200297412580362e+01
1.095294764902462781e+01 1.095228181858379557e+01 1.095284108641020993e+01 1.095233910890864415e+01 1.095342037327031370e+01
1.092451799832844195e+01 1.092384830864415690e+01 1.092441078312970504e+01 1.092390591496879537e+01 1.092499351161529297e+01
1.089624366929831822e+01 1.089557013237998895e+01 1.089613580286743044e+01 1.089562805298530535e+01 1.089672196382103841e+01
1.086812423876290801e+01 1.086744686664757253e+01 1.086801572245676439e+01 1.086750509979610690e+01 1.086860530669557789e+01
1.084015928568998177e+01 1.083947809043988464e+01 1.084005012086990938e+01 1.083953663437577575e+01 1.084064311918761625e+01
1.081234839117958479e+01 1.081166338487964040e+01 1.081223857921104603e+01 1.081172223782872521e+01 1.081283498237967677e+01
1.078469113845709515e+01 1.078400233321253587e+01 1.078458068070940357e+01 1.078406149338228026e+01 1.078518047948109704e+01
1.075718711286634033e+01 1.075649452080028468e+01 1.075707601071238351e+01 1.075655398637987226e+01 1.075767919582115084e+01
1.072983590186273695e+01 1.072913953511387852e+01 1.072972415667870294e+01 1.072919930427415380e+01 1.073033071884210443e+01
1.070263709500635230e+01 1.070193696572665587e+01 1.070252470817147028e+01 1.070199703662016155e+01 1.070313463809229226e+01
1.067559028395512399e+01 1.067488640430753755e+01 1.067547725685139426e+01 1.067494677506850564e+01 1.067609054521926382e+01
1.064869506245788777e+01 1.064798744461415225e+01 1.064858139646985080e+01 1.064804811335848633e+01 1.064919803396280784e+01
1.062195102634762378e+01 1.062123968248605088e+01 1.062183672286210623e+01 1.062130064731134205e+01 1.062245670014815246e+01
1.059535777353452346e+01 1.059464271583787109e+01 1.059524283394040722e+01 1.059470397482335180e+01 1.059586614167899299e+01
1.056891490399921096e+01 1.056819614465253920e+01 1.056879932968720937e+01 1.056825769585910635e+01 1.056942595853070443e+01
1.054262201978585090e+01 1.054189957097447561e+01 1.054250581214828131e+01 1.054196141244462304e+01 1.054313575274339243e+01
1.051647872499537151e+01 1.051575259890276826e+01 1.051636188542594219e+01 1.051581472866062050e+01 1.051699512841510398e+01
1.049048462577858842e+01 1.048975483458442959e+01 1.049036715567219957e+01 1.048981725063566017e+01 1.049100369169490321e+01
1.046463933032942784e+01 1.046390588620755935e+01 1.046452123108196197e+01 1.046396858653941209e+01 1.046516105077608216e+01
1.043894244887808753e+01 1.043820536399461751e+01 1.043882372188622121e+01 1.043826834657582836e+01 1.043946681588927383e+01
1.041339359368423700e+01 1.041265288019559243e+01 1.041327424034524896e+01 1.041271614297639125e+01 1.041392059929563985e+01
1.038799237903022465e+01 1.038724804908128441e+01 1.038787240074182350e+01 1.038731158999333104e+01 1.038852201528002794e+01
1.036273842121425481e+01 1.036199048693649694e+01 1.036261781937439430e+01 1.036205430389284743e+01 1.036327068014414010e+01
1.033763133854363225e+01 1.033687981205330431e+01 1.033751011455035673e+01 1.033694390294837540e+01 1.033816621219973442e+01
1.031267075132792499e+01 1.031191564472426769e+01 1.031254890657919887e+01 1.031198000743376930e+01 1.031320823176176660e+01
1.028785628187224432e+01 1.028709760723570810e+01 1.028773381776580109e+01 1.028716223961661669e+01 1.028839636114162737e+01
1.026318755447039699e+01 1.026242532386093309e+01 1.026306447240358999e+01 1.026249022375141351e+01 1.026373022464028573e+01
1.023866419539816341e+01 1.023789842085349733e+01 1.023854049676782374e+01 1.023796358607287438e+01 1.023920944854153348e+01
1.021428583290649073e+01 1.021351652644047192e+01 1.021416151910879044e+01 1.021358195478913800e+01 1.021483366110513380e+01
1.019005209721474614e+01 1.018927927081567120e+01 1.018992716964507395e+01 1.018934496007506318e+01 1.019060249256007644e+01
1.016596262050393840e+01 1.016518628613295405e+01 1.016583708055676816e+01 1.016525223406545386e+01 1.016651557509773873e+01
1.014201703690995870e+01 1.014123720649944538e+01 1.014189088597873756e+01 1.014130341084834619e+01 1.014257254286514076e+01
1.011821498251682705e+01 1.011743166796884452e+01 1.011808822199385993e+01 1.011749812645825308e+01 1.011877303195811884e+01
1.009455609534992249e+01 1.009376930853465382e+01 1.009442872662626911e+01 1.009383601886944781e+01 1.009511668041456289e+01
1.007104001536924187e+01 1.007024976812348172e+01 1.007091203983461369e+01 1.007031672798921207e+01 1.007160312820763259e+01
1.004766638446263016e+01 1.004687268858828908e+01 1.004753780350529802e+01 1.004693989565111778e+01 1.004823201723897874e+01
1.002443484643904625e+01 1.002363771370167811e+01 1.002430566144575685e+01 1.002370516560829827e+01 1.002500299133196116e+01
1.000134504702179861e+01 1.000054448914914929e+01 1.000121525937768041e+01 1.000061218352671055e+01 1.000191569622487187e+01
9.978396633841809304e+00 9.977592662522392075e+00 9.978266244930305007e+00 9.977660596978411789e+00 9.978969779564177855e+00
9.955589256430849687e+00 9.954781883312548985e+00 9.955458267633639835e+00 9.954850055434828704e+00 9.956164890897717612e+00
9.932922566214807958e+00 9.932111802903490272e+00 9.932790978911748780e+00 9.932180210260037612e+00 9.933500681667961629e+00
9.910396216506935474e+00 9.909582074565090437e+00 9.910264032075993157e+00 9.909650714704024921e+00 9.910976805205212514e+00
9.888009862501094815e+00 9.887192353446502935e+00 9.887877082318299315e+00 9.887261223895972506e+00 9.888592916720856607e+00
9.865763161265023840e+00 9.864942296569431335e+00 9.865629786704410265e+00 9.865011394837519987e+00 9.866348673300576522e+00
9.843655771733580195e+00 9.842831562821400482e+00 9.843521804167153277e+00 9.842900886396034110e+00 9.844243733897592108e+00
9.821687354701994721e+00 9.820859812949032985e+00 9.821552795499679078e+00 9.820929359297890571e+00 9.822277759325876545e+00
9.799857572819119511e+00 9.799026709551315051e+00 9.799722423348738332e+00 9.799096476121727406e+00 9.800450412253391974e+00
9.778166090580683090e+00 9.777331917072858758e+00 9.778030352207920828e+00 9.777401901291716158e+00 9.778761357195310921e+00
